3
10
c
94.36234709791276
94.04685881579825
93.93244075292037
94.23668614158028
93.8530057571357
93.94145405851424
94.42414833369426
93.25645034792576
90.44194834320191
86.27413250258084
79.98795095231795
75.42626535427048
69.51581899565659
63.21333463647545
58.49140138940144
50.87536294245478
44.54505408642742
40.063344415311704
38.290713056676836
39.9548425042775
39.46926988251069
41.54703163861638
44.464406443937435
46.0546681619766
49.14576860306134
49.03377730097718
49.75711803082256
49.38769100785376
49.658107704412004
49.4501546907858
49.86448049842532
50.05491245646996
50.353206554597506
52.33847247375225
52.47941838899448
52.73941440532646
54.17557455500964
54.38973180834636
54.75329643858965
56.985909227917794
57.15062374586158
57.63256341360377
57.94849670786848
57.557685867392664
57.66214367398729
57.251122115061385
56.15245321398879
56.2849889749969
55.69975236651495
55.39406817653431
54.09975259557046
54.40286174679703
55.15174293091143
53.14384910123645
53.89507156935138
53.48005229077682
53.23883634956639
52.36207598786323
51.532841213013356
52.0661470610953
52.08298524993271
50.83169793480557
50.039608175561405
49.093387753304356
48.31220475624756
47.33814538752976
46.3596773624868
46.77881180032607
48.515594328178885
52.81718194726432
58.376581169220806
60.78979743855532
65.7525818182359
70.3891606519009
72.5266150161405
75.46814617242637
78.17227164339694
81.2034578255887
83.11752437396233
84.20939134745699
88.42343296545481
91.1270013359556
95.38861061619312
99.27062654067487
104.041907589873
109.29463090433295
114.62685172530529
122.31284830289579
128.6609658766891
133.08598915667807
134.2119846105872
133.63348374583228
133.32922257352052
131.91888812580424
129.6158631006519
127.06443424602324
125.16475208281048
124.22581407700693
124.16491300866075
124.70376275797337
124.20062000262006
123.85890370745634
122.99301040109059
123.83288447747154
122.90773810835572
121.2050240689874
116.92570968265193
112.91014651111308
105.36873063627806
101.79610805361345
96.89990612388326
91.35289695032436
85.4439125654517
82.5013933270719
81.64780106105198
81.00713134297727
83.32431416982939
83.93253384631987
86.76808006687278
90.08651905646153
91.49026825964535
91.95912668466323
92.47472322695761
94.06854087933613
94.23094285960642
94.33954100066696
95.320274829615
95.62985666269898
95.0058311720175
96.0929278342161
95.98935299182902
96.82715645055212
96.02427319043407
96.18579424942438
96.63294964326843
96.03333046404657
97.0784698830456
97.5812045075394
97.21188414685835
96.74554510142615
97.75581251069633
99.19195972321823
102.07461596958687
103.28025260942496
107.9893056170335
109.70380455196701
111.59404587630209
114.44552122513
117.63198697063146
120.30112897030185
119.29460555034827
120.75407297808124
119.74287211104587
118.65265698571909
118.10461547641454
116.75742074734436
116.36646867845357
116.320913915615
116.29240703899507
115.20559351011974
114.5797203338251
114.63118796175102
114.09347212401279
114.58510620743427
116.0806006148046
119.08874170426809
122.84927904700785
126.57467382219937
130.68774170496283
134.33044271146645
138.28689105411635
143.98859573668716
146.7385631752578
149.64999576878677
150.62161900062807
149.42380307212295
148.7157004260438
147.8325807618587
146.60151579744553
144.81781154032126
142.87923641156726
143.93461094384378
141.84407269977388
142.48882664911233
142.5094622020143
141.84406053825225
142.38967363403128
141.12792928718594
141.18423102808845
140.54254948549547
139.73979088960832
138.88875739171692
138.9110872729785
137.67413628597268
137.8965063218449
137.24961893735397
137.57862090600167
136.4710878294065
135.07166917668104
134.63223218683117
134.2069229013167
132.97451160434434
131.57557391293204
130.13137870026506
126.49964957566512
125.33367816497233
123.58226050663384
119.83367288246707
117.16544012469974
115.37602704494026
114.35189483592174
114.8385561722091
116.27098490240927
120.8336626250484
126.15991919796659
129.26647640427495
133.33286562209005
138.65607265304692
142.00279742933677
146.37457395023455
150.60960203899234
153.69707706597598
155.66630734330255
154.7185019007788
153.38230986924742
149.67412729425783
145.7425613986408
141.0029450185818
138.23132380171984
136.30101531525563
134.4118089112288
131.68098962233012
130.74529717658413
128.4467829970411
126.8566118402105
126.27927451056443
126.1188376190433
124.22536589122056
123.20345232954865
121.68978503144938
122.45441591811425
118.83442538565258
117.96819817322503
114.16985121199396
113.68866511384437
111.9158196439611
110.84989977237134
110.84001273134744
110.42448069936577
110.5400788805045
109.83299887891134
109.04137371076693
109.33512884635974
107.23222346237218
106.2512675883765
104.12980375094732
101.99383971144385
100.36625665154277
100.11444133808929
101.41490669480307
102.30382351790338
104.91232624773231
107.7760547496705
110.43917035256172
113.17507800584188
116.09421752420138
118.66449389026299
122.85661075905618
125.51993261078825
127.38412100699074
127.78633811447634
129.46504096955672
127.20000819965824
122.71637323732234
118.48924181068303
114.91567108776995
110.59647775465822
107.1482839560927
104.54055641547885
100.0118789004376
96.47723942038628
94.49271693569435
94.95647177945743
93.94767490387784
94.90109154438136
95.927622735725
95.5958581676314
94.67473809947313
