5
10
a
76.82669609408381
78.48806317121894
78.80429867758691
78.04763645335873
77.59284531393062
78.0423976497996
77.36901947388243
77.60036154390065
75.24463018777355
72.25313902616257
66.33258718366011
62.0353773764023
58.20784378525746
52.09688575707844
48.20094671807557
42.095958116666225
36.02308647174718
32.43762465506032
32.37343561782907
31.933856191642125
33.05486601943048
35.3455311595365
37.29732127841599
39.001962416512555
39.99537478390406
40.448675537131074
40.85290180908977
40.064603985439575
41.82369825601742
41.63486442666778
42.50041730684923
41.401719078360266
41.859301370409014
42.539551600855745
43.46904148187513
43.46206391017047
43.73558840770189
43.954411871801526
46.56619448544906
46.30647817111625
46.90656134091686
47.956485444237664
47.84312620806877
48.34168981145265
47.365057715125594
47.53688548242554
47.26171078902001
46.491117587823005
45.85562899582667
45.44072917792533
45.011932306826
45.354452950041114
43.98196204227145
44.00578200847801
44.29027338922368
44.32362285087105
43.32485126039851
44.11963702651111
42.636539869934126
43.05646054019326
42.7050792279181
42.92796335475441
42.01158271183017
41.109437396729746
39.910182517165254
38.95635680505503
38.176615037945304
39.19945167142295
40.851804678275656
44.4537506937542
47.978157052031555
50.0586488590648
54.86977996826214
57.219386316668746
60.01104105324222
62.4510019356406
63.83261413493983
66.84198251495665
68.58954810764699
69.98573132430082
72.3873796468804
75.80907923518228
79.67335650470746
82.96438571400935
86.4167937399079
89.96742485831663
94.56275101949453
101.21689109262078
106.49318844752933
109.98245316076986
110.50385951456633
110.88882346065871
109.86052085519445
107.35888793797056
106.63262658275069
104.6107458186175
103.14699670869305
103.56406454868593
102.76708133380606
102.39470733056082
102.21313076909965
103.06671431338748
102.07902757320281
101.75405263524429
99.70660056054231
100.39001878595695
95.90302199767368
91.71660828907511
86.94888455011622
83.73762569797871
80.39989428438767
74.8702231253198
70.96969173186825
67.44792313724628
67.25949975347964
67.64316426237687
69.13957075910928
69.87927068499772
72.25022941806452
72.79005127737254
75.5978995967307
76.4971653104408
77.49741817464003
77.86747585579087
78.55402981063929
78.36688588877608
78.19256061665185
78.7859252783343
79.60135008212127
77.55492363250472
78.68097156327921
79.11457948520992
79.9117719688837
79.27718931999853
79.31895555133481
79.07571067567285
79.18930057765763
80.24720441193102
79.39012319943606
79.66204494565295
80.81479305731104
82.1733265621114
83.8236551279182
86.71116929681368
88.92641277710753
90.58864035272902
92.20902963296669
95.50225076375197
96.89923796478928
98.77076201982457
98.89967897630702
99.05309392153758
98.4844018663402
98.57890879956797
97.07250485932136
96.64179797324545
96.42277147235919
94.96717077069599
95.54057298014447
96.00412991312399
94.00346995698231
93.86825981221794
94.91237999012662
94.28128826306168
96.18280605686992
99.11713496449167
102.5800024190336
104.01200641228975
107.93585688393107
111.95513797218217
113.11551201151718
118.7458205874326
120.64790893163934
123.42211008357508
124.13944670575377
125.19798719901691
123.34926367214238
122.08718734523266
121.11013915250514
119.39644806521235
118.66324679218144
117.4298989521094
117.0569036217352
117.82566493365232
117.49033039498315
117.18219723152065
117.74506260861438
117.29020215296102
117.03048818074893
115.78889114172514
114.7085468173085
114.92961445116765
113.75114693652525
114.21391495349683
114.05389033077552
112.22027592828157
112.77836943093479
112.9502546956425
112.01712244353118
111.07911869528422
110.55639964518103
109.07066758359939
107.92628411791652
106.6095900612438
104.6666228301199
102.94644406719554
101.76516392147443
98.80788180568494
96.2224009583634
95.01105780018938
93.88745093395677
94.10234151087236
96.58839668989901
97.98741735705453
103.91776055327543
106.56466993227345
110.2128621877791
114.2222304956267
116.58762918634169
120.49039314513205
124.84658100407793
127.3680369130857
127.18297920157308
127.86712586277075
126.35872596994615
123.60313342728125
120.4015068417418
117.07333385840175
114.02620328530682
112.81489825552099
111.3857580475685
108.27837871667671
106.71996215504572
105.91807149595704
105.59298705910062
104.78078813008375
104.63545263246657
102.63246024652062
101.9951030976402
101.02538982690096
101.18715225315529
98.55886194660512
96.60366886285796
95.08000853877743
93.1224549223072
92.26087923327046
92.77106377246028
92.30023817511207
91.89895908136033
90.58322758239824
90.1021617762063
90.29190135170661
90.04423499841769
88.40170001338163
87.26573765083415
84.2894317501391
84.41135631707404
82.91388612585175
83.94192909515382
82.82608903655249
84.27436287437645
86.52227442513673
88.7652458434958
91.5693072789469
93.26389522917759
94.90218500687976
97.9488133902109
100.76039837844958
103.7464341745643
106.74057366543458
106.11286041967121
106.33996223537163
103.73095195121823
101.45412477026642
97.54124283721544
95.07655781149228
91.06700537675884
87.95158503470104
85.66008588441473
83.09544738242253
80.3526751253205
78.85942613469959
77.95094077169246
77.63282924174504
77.96893181372465
78.44817312470074
78.32447933644944
78.44326013119613
