8
6
d
73.10730863473991
72.85894994603598
72.24911959412145
72.12620726527075
72.19973540320717
71.44583167262137
71.9090719218194
71.06951754936414
67.80349392289232
62.62470486663237
56.257166319570395
50.148369360995204
44.384488970978005
37.00551580250875
31.031438577085005
22.06495923868879
16.442765009900313
10.316475244474992
8.590093634428518
9.30632674491544
10.43289605846255
11.491823067091937
14.089566607841437
16.843592848681556
17.95741317966677
18.453019783390875
17.82719767427369
17.45310630197845
17.12686376401353
17.043076351464155
17.140797794868167
17.134718445346227
17.6635137919712
19.343319666118457
20.944598681355576
23.765920412619593
25.03166081191661
28.25760373342159
28.700122967702722
32.74329371172194
33.29397738403644
34.17612643033254
34.941482615289694
34.48860884027591
33.74301188988754
34.191605806921594
32.159525141890775
31.64160219223757
29.89754497420443
28.91002876904118
27.739181676004467
25.051580289573458
23.608126149135696
21.167230075267202
20.60481200796549
20.907012162969625
24.563959102097737
31.93666668846793
43.769607049069336
51.5784688458197
59.84490320971791
71.39480640117638
82.58129538792927
94.67550765065951
96.75545310343519
97.56788480679957
97.19118049438873
97.7723534320452
98.02666650408308
97.76893969541909
98.29015648922137
99.10189605893663
98.91249914205012
100.1294611185637
101.60147144471959
101.8871189975995
103.43384850571893
103.9954057479668
105.48449131387699
106.1714848841572
108.26938335814286
111.17536094156705
115.39328072668324
118.01757420412189
121.55112775285745
126.44960670178976
128.7997693858795
135.42135678552748
140.6239027035064
142.37301317554906
143.2752807011303
143.48674586418952
143.1238690685166
141.454984443352
140.43877637364372
139.8106869657578
137.4298026598462
137.37300075556092
137.6024740317981
137.3160283098535
137.4162904860204
136.41300460024337
135.77954189567555
136.7300398162123
137.49191377729673
139.85416733095553
143.11596238871115
145.4577153989529
147.2799866658028
149.80860548648815
152.083459819442
155.28856416158735
158.4640688666386
161.08325253121555
161.217503576613
161.43703084478335
160.29402148858844
157.05351376808375
153.41482045682253
150.03357650670713
146.69648683432573
144.73143722549142
142.25044088295044
138.32478514528202
134.09193162288364
132.27809090799232
132.67965786174906
132.45445308653194
134.78205485119986
138.3037735787612
143.2291814021536
147.2112448274068
151.942733363841
158.16276466605783
161.50141292459338
167.25013325838296
168.11084745701933
167.51050172379902
167.5747362022092
168.31780787344024
167.2829604371405
168.2705973558701
167.3960528285454
167.83804022442735
167.3642630568297
168.15960063137976
168.59731290931788
168.61348623189429
168.96099214388803
168.5910642874608
168.77247264205758
170.12907255450625
169.84437995726495
172.4895690525192
176.95530422669464
181.0032853137351
186.75770653948788
191.30890502131984
195.00013259787045
200.7865557235963
204.00181349878915
204.52450925092938
205.78752712270895
206.31042055447514
207.51392337059997
207.8819055936404
208.75531092966168
209.19992087098746
209.23765535325072
210.92279172143776
212.26814380234845
213.15470187277748
213.32675151690052
216.04036752766467
216.45530539108583
216.00073699232846
218.7015098973932
221.37805623405245
225.798512615267
226.59076649488355
229.60563626704666
233.1291544089131
236.38194466819922
242.40770630430544
246.24903027477075
248.04129297322962
249.663086043558
249.17547045570643
248.7043696880473
246.5895850339984
244.1338070486787
243.5605812612386
241.95130440927477
241.28636335049643
240.158130125895
240.2753984377089
239.22993258397835
238.66881808097313
238.45884957564496
238.18786970938342
238.8536858467933
238.29522877887194
239.16478789584454
239.49863666430429
239.3739053837454
239.36443507657944
240.94580193245025
239.44803739464948
240.40095114659508
241.598943083229
239.8687829121103
240.66074737968458
238.9960172496717
238.03987157930322
234.444558450405
232.08052871085772
230.14286008067157
228.7324233827107
227.42119949164004
226.900877257136
225.77132907236998
223.24848536486166
223.01222394962593
221.49072922341603
217.35486980898298
213.03416883954228
203.84228425752733
196.8808436308729
188.4670870370888
177.23893553870153
168.77681499751685
156.01653177186222
153.75471715115907
151.09496147568052
150.50707763982376
149.83176553043396
148.7510024440587
148.21921170747163
147.98127454226696
148.17646680368284
146.41225071717665
144.4397768595059
142.6639269274525
139.01292035296692
136.98733488630234
134.5456914546269
133.20026211025035
134.6337722235831
135.37438972809466
136.35955548838402
138.70959637548853
140.09033964974205
142.39403306326045
143.41416731963733
145.94399972808026
146.47191399248226
150.068828752273
148.89957514951868
151.3097072979353
150.20273355637983
148.85711551405484
146.58984027199293
143.26343769954923
141.25191902744388
137.96972228329432
134.66752804595146
133.45355024751328
130.30674463400612
127.16263451561333
126.99231006713062
127.71200611410963
125.75051116885403
125.19230854765863
125.66738818994062
124.73657953008504
124.81772839009055
123.50115012820376
123.63998234278392
121.15633817015436
121.0074027417767
119.71445548555803
119.01280024470003
118.14465465527576
118.8375665979105
118.6001621534125
119.27565831823284
119.04938321269944
117.83384281555932
