8
4
b
35.93607498277764
35.4455211366534
35.23309642947039
35.34625547956023
35.47315113075414
35.812194403289695
35.320422541691244
34.74325076070514
35.130332441038995
34.43852220103378
33.52012617399292
34.104020266526696
32.28059964718281
33.48980273125082
32.36451561997733
31.537046239115575
29.66377447473208
29.909067242558116
30.499064933151498
30.38646578974643
30.413809374825362
30.876316152149908
31.719351201449484
32.49594811825104
33.02740672283397
33.488395490066814
34.03572430742539
35.72931797652392
37.1762414456803
38.086499836003206
37.310250162685236
37.05328322709825
35.38813281683773
33.22314747401243
31.58510212024825
29.02388982399212
25.278012116458996
22.385104383809157
20.709707285825502
16.73870640572435
13.513938120791805
12.300258276679575
10.81886365568287
11.36007608973148
11.997298465010674
14.119680095822757
15.82076813469447
18.222070895970102
18.981688387161917
20.02034379988507
20.40080227148645
20.825300232325354
21.045899380617897
20.858289712354868
21.864884809267988
22.280051397321724
24.20355308371214
26.810011134672656
34.190236091965524
39.272051987585435
47.675319275556184
53.01223548220091
57.99140257228025
67.07386528329941
72.68720180993714
77.35594217562924
78.9233682389597
78.88658889173742
78.21993580838893
75.55512803013436
74.17083293438424
71.24356607470996
69.71214160605008
69.46361581960521
69.70311593051994
69.25013649885678
68.708545880132
66.89116666467595
67.96407899260034
66.54861284540875
69.45605179025314
72.44100301067245
77.78983062673407
81.71791230694575
85.0127901236735
89.80422768505522
93.70962908679158
97.15016075271446
100.15611850692905
103.79029649797688
104.58248487023566
104.96702081824571
106.36454699698517
109.03264824658291
110.72824980231599
112.96169713607945
115.2445657416957
119.21371228954547
122.83550493228331
127.8251117271892
133.3346357137647
136.57510927944725
137.24736278222136
137.19772584669658
133.9419045387948
128.10899950492148
120.98862442107854
115.33545588592604
109.25108469645704
104.12245304272713
99.07175145337867
91.5914465278552
83.99999392335316
80.77283030284735
79.13452496424058
79.58790777701199
81.52111521445536
87.6188064336483
95.39029566630909
101.0055574740433
107.28979776625327
111.54594470853306
116.43609809624104
122.42551995308929
127.09789514438403
131.40375023702447
130.47297713732166
131.08177526873644
130.3068679069737
128.68341655730327
126.68098356094583
126.11125555160064
125.17580372323563
124.37860158138155
124.8575458464311
125.26143092795913
125.42231878148226
125.20394909139183
125.36348197004257
126.6974003750943
125.09704217796633
124.11713612739605
122.0020360401471
121.82177724257873
120.95908810407992
119.7230290248791
118.32639409890272
114.75551128030234
113.23221507025714
111.51048294633166
110.36138654460666
109.72994684747663
114.3511309137697
120.02402404010651
127.86716186973753
133.6663484775368
140.21952720933473
146.33740740934653
153.62856113024307
163.0587672232884
169.19600604403809
175.25852337727852
176.9162838435827
176.83709972665986
172.05893066304515
165.04757922560182
154.74472615943324
146.42866129487663
138.26421202470814
132.23815082900393
125.77219703283966
116.75669958735753
109.28542038998064
104.18860636990897
103.58849745551451
103.24777792612821
104.38953699332089
108.00371407932752
111.90905490253512
115.93692826235768
118.03076362453174
120.45052574832042
121.4518704908011
124.66250111635146
127.01215196780751
127.84421297544999
127.75735325698624
128.19833606395144
126.5152096901537
125.24005909271172
121.83318852555853
121.0257714282729
119.29309359816591
116.88431908222135
113.18821873638441
109.50565230558081
106.31307338310249
102.95072238965282
102.12210189468323
102.81205761595129
108.89311078953821
119.53975325730804
134.2805310433787
143.96008108403956
155.83104277526922
166.83631355927346
178.97403042140414
195.63085333156747
210.2487972163256
219.9010472452612
222.55885343031113
223.14287455104096
215.28792326744897
201.58786311344508
182.87267867672588
168.90531106159844
154.4438663744373
143.02329001621715
130.04512984814284
112.84674617290155
98.4590354890542
88.53019693085544
85.11103381811388
85.22791075312524
93.92216016926362
105.59258936963981
122.88584139098774
135.08741741362522
149.66701060401843
160.99860779747377
171.94135856847663
188.05485742208413
199.15948011444178
209.36841779933397
211.9441318739977
211.93260943469085
204.7831649934833
195.3659843272395
180.95537378177428
169.3118951124537
158.33472784361948
148.47727281513616
142.3103041110692
133.43738933571527
126.91586349310934
120.23181991910751
118.075213018239
117.41140104588123
113.85292243787872
110.77155681411024
107.68566701037652
105.4647973345504
100.20071422607111
95.2026974444511
89.70269822352874
80.41374425068096
73.84831861908485
68.76169240752678
66.38371747317085
66.49708247560265
69.79356731248136
74.97278686367528
80.7757690942324
86.28860923291809
91.28879089851196
94.7260286186468
98.8834756815496
103.65119787752859
107.89427792548052
111.77836738089277
112.29009246374628
112.15777019542715
109.84752374845678
107.88365496349685
101.51904247228234
97.82688429990247
93.96734960991051
90.89516322511301
88.50784440402086
83.90806888089264
81.47720830711924
78.95167928266295
78.8035297073615
79.77046938552193
77.7112252337792
80.039542701266
79.68985706846006
79.95014807475859
