0
7
e
135.5508911602942
135.2453778989843
134.41296631787637
135.31363288611712
135.54056178800087
134.82233419820304
135.6294971853005
134.7567510532741
129.37001415001595
122.95302356157485
110.98580411853065
104.16163894592125
95.86410317758863
79.6162472433103
66.81986082308971
55.28864893066054
54.45004821882539
53.92364653697909
53.486203869046165
53.4694673579666
54.19191419985396
52.91455230071891
53.9997814683038
53.56624668043758
52.74320770547237
52.12167922355734
50.68506232129285
48.61447592258432
47.424856823559004
46.301192210630965
44.332624875207294
45.38093099421055
46.12902815064934
45.995702533582815
46.36028258238514
46.23575588941457
47.468680644866964
48.137324199135975
48.390844376463335
47.922081126622295
49.15358241763956
50.71214159968549
50.81811508803251
49.570990957337926
47.940700212417894
44.65203792708922
39.97756234188286
36.552425926856145
32.12540477971824
29.16104579921801
23.747548559798815
18.14308545639304
13.308452933598577
10.76340614663558
9.695891113711594
8.908014766133878
11.85833652094838
17.49431867935939
24.108008445154333
29.33857623981184
35.17759642667474
39.49576763153902
43.94005033956307
50.73537055146652
56.09751034982953
59.59298463881677
60.80213872837998
59.2434001696811
59.33319008491646
57.63694620823527
55.496871290141
53.74267525560029
50.35654345314544
50.04520085761448
48.28639495306725
48.12480195773039
46.697384761204866
46.210941247473016
45.3042947861249
46.07345358068959
46.906381769027846
47.887802800498044
50.31928301310797
51.508173579560356
53.69236010667139
54.597828553872674
55.61158928220298
56.16661305648913
57.10636132913202
58.03420472793707
58.67559555110346
60.370532167883546
61.472472674985134
63.65323742802243
68.33140435853979
70.87363945773363
73.82203921932536
78.30761566946501
82.38424501266013
87.75063019562064
92.1652749312003
94.53662917273041
95.9533164309183
95.66014086304644
93.2345564719417
92.08532948422146
87.66999088732885
85.83548579844509
82.97668912979003
82.02784308252974
80.60444661179581
78.09183815668663
76.26068537347363
75.83832601725423
74.45188408500542
75.33926298534338
74.67584722453677
77.143514597777
77.41347509651102
79.53979484953835
80.6812013010049
80.71906320293182
80.86434050320167
79.99725816098427
81.58780018064002
82.027823146706
81.68353147373068
82.16596909605529
83.34977019922744
85.92522204128547
92.94801996273263
98.77742622228853
107.3421859312189
113.95432454505058
120.24112835845641
127.7279607435024
131.98626057344563
134.37511796919912
134.46438406674525
136.11650499735205
137.7613626547459
138.77081983188017
140.82208428605176
140.01888537442167
142.44221314711822
144.36284830373611
145.61526466222054
145.68623551157927
146.87077773351385
148.92270857694393
150.8024599970497
153.6234239357673
159.0438040110877
165.50521082537216
182.1473606512614
194.59037677281657
210.3989341688508
225.15858710695326
240.75503340472483
262.8745217801791
278.48571068550837
291.5234661988294
295.6535679207149
294.53063599515906
286.855400546248
275.3910840117149
259.32221215307095
246.04750425376187
231.56739591043274
213.70210300525704
198.8683460960504
188.30246838706998
189.78447335727725
191.80646914289383
192.45328516441526
192.96987227773766
193.891397134838
193.07806773104727
192.35300964539402
192.5500975182081
193.12969308570476
192.1125522393231
191.55029258629392
187.12527784695627
186.148050528576
184.23697829946485
182.94839710963865
183.30824875017382
187.5685906981798
194.1153778397012
204.76556556567328
212.60711712507592
220.95769743082903
227.68154866354467
233.6370988940378
239.948421815789
245.70261250801352
252.27770280503339
254.77398870512695
255.82488051025314
260.06142779700974
264.0974611467111
268.72624457569145
271.8431976684966
276.05527280372434
284.92753824905327
290.6924289344983
304.1676506436383
312.9466272270587
321.54321997712253
323.06641785631786
322.8906826246405
314.3188793228168
300.81927376708836
282.99173599051176
269.752225889451
252.695512945326
239.4531814713641
228.3819108052436
213.53963543585553
203.05381760789274
194.59151506204242
193.14436140837088
189.40981031477813
185.36533176342965
182.1935126008754
177.76091093196305
174.80786514678618
169.24233846456983
161.5962133480791
152.78516989791115
141.61180440377518
132.46980029706495
126.09034029249976
124.2563530154718
124.46498785558667
126.30755859031257
129.8397014379943
133.0380765789595
136.68280644949542
140.1558928242514
141.28160979625778
141.91015428593172
144.19310137412177
144.48580533380076
146.1881503810165
146.4128382589508
147.09610896494127
144.42537557953077
140.80898736336715
135.4601700579453
132.89501142271632
128.4549300627501
123.65412405254649
120.92172847806229
115.84864950506402
113.19533349323615
110.8714236823009
109.9187390664455
110.13721331403036
109.31422131413703
107.68394998151939
106.76108768116941
105.57385853212448
104.82372487238156
101.68039489027817
97.75632073126877
95.21250742666665
91.89987509217511
90.08041191861915
88.9183872080721
88.61629200082491
91.33410316765139
96.31470577901437
100.92873318516106
106.18403722484088
110.24141095266936
113.89208424655284
117.21781477577666
122.52738216959574
125.51070309878165
127.03928082447649
128.26814560570205
128.23918089440514
128.59614114593052
128.06239352165156
128.17557029516215
128.98916594358795
