11
4
c
70.95113319131082
71.09437637095452
71.69356948669014
70.35019717160836
72.55701943484418
71.35260407336379
71.29169450494224
71.00467413882207
68.20032413703622
61.70099616706231
54.089452316326316
49.291113513315416
44.98826090265574
37.262923371428165
31.53587259682476
22.208545194832894
15.447218651600972
10.000867231275713
9.411822189215126
10.359704540072723
10.714461884992952
12.733513058194445
15.359640659411252
16.439284910096926
17.566942470465072
18.06667526166315
18.553885178934284
17.50807045895915
17.622751702931495
16.73048851641483
16.80176819683238
16.98277017758022
17.476906616567415
19.12413473455903
20.784380358883197
23.06058374708761
25.241057453920632
27.383339231897136
28.22546252530402
30.70553003358961
32.539725093822554
34.858814171213325
33.71018672826863
34.08035700303547
33.709342528743235
33.267060481871
32.09738402669515
30.648706737957852
28.8860199258637
28.180958628618114
26.760407471065477
25.221089870461093
22.845740475235218
20.834971694147544
19.916932773893066
20.83330051281516
24.465973340914402
31.456611411842466
43.36415109437494
50.10477577425281
59.0198229088809
72.1663607625795
81.47315949045257
93.49462677521407
94.23099428418946
96.43907181837073
97.02122384448799
96.51769107111939
97.29253876107218
97.62311778821349
97.60680157541894
97.58573101404053
98.1175049264562
99.05501716936928
100.38039206591637
100.96296410124799
102.21861748403278
103.17364110622093
103.80181217422626
104.36620219260503
106.60777342211863
110.53025448491036
114.09742786483437
116.67235678642793
121.47130036657128
124.42605731188351
128.0969290806961
133.8377751633332
138.77960370805226
140.79222620374725
142.067937106986
141.3092004080762
141.60345054839314
141.22948589240727
138.9164499332096
137.0065484649093
136.44589525004298
136.08754625254082
135.9998140773322
135.23874773705006
135.2504713240681
135.02672452543595
136.19290504154839
135.08661218039708
136.44829481424964
138.52224647882517
140.62724212707212
142.92708189064882
146.3918392564349
147.71464637696764
150.42205854012084
154.1615494649334
157.52195550996143
158.50309533013007
159.01851070492089
160.2411139093095
158.78688122613724
155.39273523645903
151.14027378938772
149.0182308173604
145.66720952456564
141.87580677597782
141.10590355719785
136.95830401784278
133.66718227174965
131.27908841756553
130.99686429919473
130.30099994455676
133.38431284669917
136.6755973637789
141.62903981581238
146.12262179315132
149.55601840932025
155.23175544926588
160.0052807069097
165.19802346579885
165.531600933884
166.0409393617783
166.88824706371102
165.78076114425093
165.48533938736233
166.09377376616123
165.6399045993661
165.73149682715277
166.19882526535366
165.51512474699976
166.61528570745085
166.52465485081046
166.06190922824106
166.41572904700865
167.24458683746403
167.9497035490318
169.1462431757791
170.34408929731745
175.10045397188492
179.18439111661243
184.54307187909745
188.83524516074485
193.38277426103187
198.47860918909095
201.3165705667775
202.95739863306426
203.24957797524021
202.61891522047267
204.84589764619625
205.0165825179793
205.38839099920617
206.5082023316496
206.21668590251724
208.2575685127814
208.09737873232507
210.43636622356087
212.29522315946235
214.20890620693163
214.14645677460726
215.0874254840827
216.27212723571503
219.58084906132677
223.1774262298664
225.53800006465795
227.79642106688902
230.05450306543693
234.29481770418695
239.84272412995662
243.4937306260525
245.50910048882892
246.8558166567692
245.40715645872382
245.66324837656336
244.1722652989099
242.13524700581524
240.2750337800951
239.18071570876356
237.943193989371
237.4606515686904
236.0129906651466
236.33938190717427
235.71307886635665
235.59414426015957
236.13410722005463
235.70452173576064
235.56042036407527
236.45827404962296
236.23004743301345
236.442399082865
237.7859160566719
237.03841811031987
238.02689129923658
237.05489777845605
238.5414491721774
238.38061037135935
238.27121445728477
236.8368930766654
234.83123281017635
231.71199736135628
230.79278415698013
227.33861580610855
225.3625077755156
225.04294820449314
224.12445160707142
223.26256040281035
222.71019412226792
220.4850059327655
219.87270201768044
214.21988369891687
210.68063844952619
201.4241481332174
194.9486136310874
186.6587560239425
175.18322664659556
166.71069202494448
154.8604563401163
151.48925345852464
148.98941650653168
149.86236025251011
148.54081794396492
148.66216391723853
146.4526896259078
146.9957787779702
145.80528384040724
146.44668727514338
142.2534622882372
140.9011369250907
138.3503337224556
134.49256288784247
133.1881734541835
132.86224655499677
132.14360631991875
133.39721854071806
134.98474748212124
138.27083871547848
139.0743520173816
142.0850508121346
142.61794217907328
144.52407819000373
145.02331538579432
147.21662136136015
148.93340774727506
149.1993308431066
148.891490040468
147.39979157333377
145.2998624030342
141.31093480228358
138.17742644379274
136.19988809866294
134.22927845269334
132.0773569061092
129.81623124400235
127.80619724869504
126.16498992185781
125.37296520433823
124.74461081820986
124.28935454469318
124.70556014874485
124.15765767983746
123.4261826739001
122.81708849936079
121.94213441439501
119.69115821152859
119.86597059496007
117.91059093312379
117.43151027976516
117.21214634839592
117.03052645602237
116.85649440229919
117.32152113909373
117.54891250059543
116.6372206852457
