2
9
c
86.6203109800259
86.97580614753868
86.65837642496095
87.38158669209867
87.30351678966096
87.91307719851214
87.47403425272329
86.63564121439171
84.26531836532338
77.89462909031343
71.04328980557904
66.77538282744116
58.798366151624414
48.48406375754382
40.36804420177014
31.58620842668503
30.98928356454476
29.30873785022817
29.968945612112794
28.90113934442465
28.814508478284157
28.704471742629412
28.306067190131316
28.35914798785421
27.971817968836945
26.003531525198333
24.667729364184044
22.480367187692522
21.163399781783742
19.87298305746447
20.38418711553412
20.13460865095524
21.57741888720089
21.866447456940055
23.01264620468241
24.531844811860985
23.974305761939863
26.370754381787556
25.60761654163361
26.25569058508034
27.01858296157949
28.096126101703202
27.21179361490869
28.64800985027698
28.45591750429635
30.27905932631097
31.724762975525003
33.461290381861346
36.41555466178723
37.922063440774615
39.234072364143266
39.63322541510221
40.102366619385435
42.147333486181424
44.29749143144542
44.48123315636698
48.564132317470204
52.35857990364152
57.330563316106485
61.15992571181736
67.31091631595173
74.84847653676086
80.24713944282605
87.90437142490966
91.50832329947467
92.57507520006715
93.83187750079414
95.73450926621457
95.07195786528962
95.80603286711255
96.27442683723423
97.12929079148486
97.32258660375739
99.31042695286003
99.69472414860817
100.51002806005145
102.73084039131832
103.8669101327166
104.56113268591767
106.94008076761443
109.87668910323139
113.31976346516352
118.76482358520856
123.27620554946282
128.25861889231084
139.36773175068336
147.06052073505506
155.1301221643794
154.46691258750772
156.0002894982316
154.60653521441364
154.26411550348678
154.0291394000681
154.54220130624032
153.74256784218187
153.3784194343362
154.14028484089422
154.90994591796505
154.44253604447968
154.3008061079369
155.31343551519373
155.81609733369555
155.7487569848079
155.85539781944206
158.0204446643353
159.04941939334168
161.89311023456844
163.75767501008715
168.63146670265687
170.92805916741628
174.01825628903666
178.33992101928402
181.6499682229753
184.0293372053611
183.39424959789915
183.85939242304008
182.12032300431358
181.87363369145766
179.4840579429923
177.9138823837292
176.79691166658603
176.71724409070364
175.41591223228994
175.32568504078571
174.6467431879914
174.63524347056702
173.89796603570676
173.30000909124098
171.95334610601915
172.57578910395807
170.34274182107384
169.57031622292428
168.6994115284476
166.60397402758352
164.95170317691205
161.99245284968106
159.91554857514376
157.8410500325577
157.21448321767613
157.53935607056883
160.5324311454668
164.46900340973033
168.5168306159037
172.06437456462785
175.81833343088832
178.83037939705622
181.7587927620923
184.28163948522763
186.28665340104357
188.7954721673001
190.4431757762612
191.66061611674402
195.3469273745625
200.34673767244342
205.1391570692993
210.34573696483906
215.2289726183344
220.89164917851312
228.16070795196953
237.35611295961803
244.98199221978595
249.4233989449597
249.744716652444
250.06404321812906
249.15514691481607
245.7429274852319
243.65560637505808
239.9272314823754
238.43893358281696
236.93059004955546
237.20583076260974
235.5661973958166
234.12609087346385
234.12629033030697
233.6986301948735
233.7316298119334
234.29814567677843
235.89908791461895
234.82666290676121
236.5516680905669
237.29963006647748
239.65404773831102
239.70806296894256
239.71307125864823
241.4466664132147
242.15447552885558
241.89043064569992
243.45332048094312
242.34267667069042
241.1101524539435
239.94110418417023
239.39725370897673
238.05369077026631
237.1106580765912
235.43034263093205
234.14860944395983
232.29466223450487
230.56099370769203
229.42557194723682
229.61878894889318
233.05382604979684
240.02792348128463
246.59871829887987
250.84298608960123
257.9778341042994
264.37629349134244
271.60728166229194
282.11865467654854
289.7841018151055
296.0361685627997
297.89303742454274
297.2614740769035
288.5387979124215
277.381535670024
257.2979712546094
245.33520678597034
230.00837841962576
203.74980952225
183.2442862527209
167.42657993525714
170.85497463424883
173.0933562676704
173.83945879994116
175.33443081847454
175.25333773610106
174.58212502184978
175.5689966974604
174.76714933985994
175.56013006282004
174.54770394691272
175.95375348987363
174.91439409841792
175.15876265711935
174.68483522781182
174.53026974120584
173.87221423822922
173.3518208284557
170.39445988037428
167.61702974466496
165.4916371800793
162.7790524941596
158.26932516918114
154.65454633882936
150.82948613287246
150.4030097463277
149.08829446561074
149.48557840012248
149.44076027305707
148.60560273186528
148.94840240720097
148.3739988747456
148.52847476169114
148.43289460221035
147.92552643193255
147.59905396105194
147.13252299541074
146.70150305742018
145.7201226050169
146.26079769608586
146.84884020817694
145.44123874420328
143.2279559748631
140.34469008320795
138.00956106597
134.87421689751497
131.0185883685286
129.2245518227704
127.63014971446931
124.95645225190286
122.54711192624576
121.55684199782841
120.85664431259286
120.2671133649699
117.91652047906798
116.1477722354587
114.0115121620871
111.11582053636508
108.67374935003838
106.24803239075385
101.76183280257715
101.01546875444383
98.76317760998444
98.20289843043166
97.8635701399018
98.84476054522007
99.02235665733096
97.6366922232428
98.6808095808015
