5
9
a
12.484717140253986
12.110374911700026
12.00920232658782
11.72114049113048
11.50102242509693
11.444743988367481
12.049752989081119
12.905147676606147
10.388535140481057
10.860273612916007
8.38176016995188
8.249540003340442
5.70664413594184
4.455174008016128
3.3829348072892858
1.687887971988882
0.04192980786683322
0.0
0.0
0.0
0.0
2.1051915351364308
8.8430137973307
12.944932444343761
15.865393267150914
21.920900452284023
26.969083501188457
32.74330591647723
37.62294416946974
40.81151112878976
42.2069274403617
42.604073786730275
39.86706695677572
34.59055136917419
28.533592714321685
22.959871255349725
15.084493677591414
11.563712205054188
7.8240423920333155
2.2997482322997835
0.751953472899398
0.0
0.0
0.2889322366582836
0.0
1.0541149743734095
0.0
0.1755640439881031
1.5967031200477828
3.238244792898124
3.336079847221844
4.4763007642440895
4.1054731843994
2.939449546423443
5.139430991237388
4.58935548440214
5.757004613925212
9.183493859093112
13.81243892142278
17.182316598022673
23.103892532226457
25.72647051654399
27.35470950964183
29.079822638884416
31.091160939133335
34.13942917682176
35.66183085089761
39.426360186205734
46.09473833457262
53.44626233551336
67.14144807646842
77.37374417340376
89.69253104831613
102.29741899290245
116.3827136449247
137.2746739996116
152.61603091844648
164.64887489628725
168.18986626624022
167.964027472613
158.57516326784946
143.27223615221448
120.24143393715131
105.8637264554371
87.44461178115127
72.91883372373572
60.26586304495175
40.7888008620229
25.542498084850802
14.909921594333282
11.812225022739424
12.762094653812998
15.959938653473298
23.666334547978753
31.576884054663758
39.04259867420584
47.14140368715936
51.721513977568826
54.618031152931295
60.22509258096169
64.39338699162985
65.34022947742085
67.00545050010135
66.42803912676044
65.72294914203192
64.63203543157906
64.69901749377647
62.67260351082206
61.82818808070024
60.81953437028382
57.20026334193378
54.71590292848141
50.46411039276684
45.823592378388746
45.74835982349516
45.08361756233816
57.6846170745932
76.19221342202756
103.88593486531627
121.89005380155385
144.95445762944587
173.35539253292515
194.57599334074746
224.434543821041
237.27270513182972
242.67336173502832
246.89193974563796
247.55109683355977
250.6318480553489
254.21811509868817
255.30657205288185
256.81205844113384
260.7573079377558
268.68086538903844
277.2242586835432
290.6392601174966
301.3055373367633
309.72267324455663
312.3539518091787
312.3467073655765
302.66226386563346
290.12001927963456
270.8280697310382
257.6244435645768
240.0747284558991
226.8545269732346
214.0663109426404
198.3932488581865
188.82642227635526
182.67111342168602
180.53656007217828
178.555978865436
175.9433120638325
173.45991847047725
170.757269595424
168.9530122695901
164.48398027964683
158.23222909042224
152.70807565911917
146.70447071619236
140.81750955578224
137.2315599682646
134.86901581747148
133.77087130509483
131.5264602001169
130.708600676409
127.7917314790531
126.3449309841522
123.8178702915604
118.70456972124613
112.88079384052021
105.01573653682428
99.57077187990697
93.75379892514844
92.0313313872644
92.40439965018142
99.54994551437284
109.49854370567773
124.70578809130221
135.97681229862732
149.26637351279888
159.8219372127888
171.87446690307175
190.03433478302082
203.5470261800536
215.05257648330345
218.2299555004286
219.54317688055943
207.0805227704932
188.23284433663866
162.82265171959904
144.51588143562913
121.84445556967633
104.63326953908985
88.70567215882866
63.63442042504831
43.581860324823595
28.858274628318522
26.423705164866945
25.946120702955902
34.010632371215365
45.12499742636906
61.07905702864056
72.98887478664264
86.32103423721642
94.47491911101156
102.4065619706758
116.03523080748504
124.74608105482905
131.546521403686
133.18975738966546
133.25527615175878
128.1791665974091
120.4792812001653
110.36784253461967
100.61475251403543
92.05377990476188
85.34065391273897
76.40120399033191
63.774587559607305
52.19455164693099
44.96507826156834
41.81754381355282
40.9533949537978
55.0642697616887
75.47718884470771
104.50415488969972
125.83720240768488
150.7282591609094
172.6961700337727
194.2123944414055
224.55447621195412
248.59040279010188
266.70373955190615
270.56095174763254
270.2387613210618
263.10335864706417
251.3790025760894
233.40532947243622
220.64659277497884
207.19025419763142
202.70109746441474
199.71456887489322
195.04615488531255
191.24873669101777
187.00894072227914
182.845695143214
178.9714135418814
169.01805134086632
155.4511980888864
136.53505905379942
122.74402474931334
104.0677533269259
85.54610073321035
67.24438522504774
39.28971855258205
19.23035314003265
3.5319257297360456
1.4508196107025837
1.198513443271867
5.052442632903636
9.099241247121403
15.313014288163599
22.26145727516778
28.952311402444764
27.281168150295382
27.356104393380104
27.675959223592283
27.284970166034356
28.202566687754327
27.372997121544923
28.289537419295073
27.84839978596928
28.288255516510848
29.13166826963407
29.939800954313192
31.26443814918995
31.265532604796885
31.847155583201737
34.14176645986453
33.821786022270835
33.19687264250482
34.22105140337366
34.76027365990381
34.53868788684962
34.794489429682386
34.88210106095576
34.34087411195192
