4
3
e
89.43462063736294
89.81705983001956
89.76006794224206
90.22393576833993
89.6337703089105
90.41715473108322
90.49852417678696
88.9411766984916
84.18098473110749
78.08407096120729
68.65629363468021
63.756743908452556
54.48699626311357
46.25220001405153
37.971020459700405
27.120524132471918
19.1357785002039
13.092702451962493
11.4929259043298
11.220508064310392
12.978803471868103
14.733287440788516
17.776199142578104
20.438142099084363
22.909791597866505
23.201049967439012
22.724957793750818
21.642335344286273
21.523101385890385
20.65933383475756
21.37942101012015
20.907377326501354
23.061107647926452
24.014118179735252
27.262956731357786
28.727494083458456
32.760424006027996
34.099316816983965
35.70799784847532
38.62945581584209
41.52816812403906
43.96426321794634
44.52353163644077
43.662677700667054
43.01541503736346
41.69207408447941
39.841838460531335
38.85837621570155
37.69904478687994
35.91829060869254
33.33294344185694
30.811492025352404
28.252906490383236
26.35487745267742
25.207719159997314
25.23330169844422
31.937722172139182
40.676914616831574
53.64467171787047
63.564438950963705
74.59880914919111
90.51923831460283
101.66855624328782
117.06077566169932
119.71429823501938
120.04295087554867
121.16550329680435
121.54205855641302
121.43795974202462
122.44023257844727
121.53555201211482
121.34685868033878
122.01280631767713
123.68175486346257
124.45892770761117
126.12953958548681
127.38069644460802
129.3004563544274
130.99171008118356
131.41453550955703
134.4046685566317
137.85858814281278
143.28103343934754
147.0983700284926
151.25312969617534
155.97891916161163
160.96188605624266
168.01241619389768
173.13365438303424
177.31966369236054
178.59716489416428
177.37855300367156
176.98660669338318
175.6755100500924
174.91589151279666
172.85166766850745
170.98726512187622
171.2867403045543
170.70096840550244
170.36697337852152
169.4106379630018
168.51058869435002
168.99783464772344
168.4372885979088
170.7885151932047
173.1029267441056
176.07996365269133
178.70738264088837
182.5172158390069
184.5450282003659
188.813743494025
193.14257011820533
196.6827656626027
198.83158825404772
200.37021622896307
200.26920424160622
198.32448767991102
194.45685549059564
189.85793130640326
185.9717313700552
182.7439224488257
179.83901042551128
176.18180052440385
170.8748994893685
166.84926853245858
164.34937496163647
163.2556242925714
164.25240360713505
166.28766492287394
172.16695536486174
178.36313070444308
182.18350678023515
187.91591411421055
194.69581709363587
201.78425727672968
206.98977036591072
207.7711716193426
208.09199260522985
208.0773428387668
208.33043535499252
208.1953842004631
207.53506408804475
208.19672807388767
208.24416699291777
208.12712418408398
207.51860196880003
208.77022151403366
208.99051529591569
208.1692127455893
208.3762835194286
209.98756723575585
210.47488867218874
211.1682956619868
213.88459156752322
218.80200800127693
224.89180347802937
231.29324430714178
237.60619920453115
241.52965537265584
248.53171905176362
252.07991185507606
253.2086315689234
253.7027056211153
254.64727648545605
256.4232838958898
256.6308663892178
257.89122776218557
258.2615737890694
258.5609551568198
260.80922026315903
262.4814127100296
263.4760383579834
265.5108607689458
266.1299937039408
268.0326625848775
269.19736804373497
271.5381548957116
273.4834995136211
278.1830534734308
280.7344919907962
285.5364555582568
289.8007644070711
293.5035267088197
300.66615878638555
304.12145599313794
308.14313974119165
309.2459721807932
308.912531193166
307.9314008538638
306.1362516212416
303.2991694361453
301.0428946655183
300.1582507453607
298.597269735356
298.01410727498285
297.985418845559
296.38357970350995
295.9174763848093
295.453548387485
295.61680145767116
295.95214255521427
295.8353829503198
295.96013256623803
296.64120755928985
296.96437903368076
296.7928297035718
296.9307275612792
297.29096035880224
298.1779906990086
297.88432132724023
298.92860740829866
298.6069034401268
298.05046153219877
294.67097928928797
290.96446263772833
288.25216562192844
284.3984660333566
283.88506815260905
282.0461137510436
280.7762575792583
279.5115155099248
278.204947706852
275.17783695327097
275.11342267777434
268.7631913841751
264.0716045838016
251.92975564054188
243.30297282435515
233.6715369865326
219.4449184479584
209.1857037310144
193.2351775768929
189.8376879968187
187.1386506144236
186.94031888283226
185.9027665140883
184.41462961937643
183.32211764353556
183.92596549274074
182.48387469638607
182.8207939319862
179.969608297314
176.07921441330367
172.85340334116447
169.73283911203316
167.04842415690396
165.5460297144255
165.20832158537718
166.4216395896463
169.19726027432324
172.20822166243613
173.70334299708995
177.19813372957313
178.39932232689836
179.48942616835785
182.79106382982846
184.65922803463116
186.5908345642413
186.1485296205796
186.85906163051663
183.89741552377387
181.79246222690148
177.62132380706103
176.31449246669368
171.38801638554915
167.8236742344936
164.9672896859406
161.88919851227485
159.1892205396221
158.56461835635739
157.1085280970291
157.3339672060272
156.25197089591322
156.31067951050832
154.41598640805805
153.90835219326348
153.91141553996502
152.29088919663408
150.84592178314676
148.74011133916258
148.16300655459946
147.44790732705317
146.18222382393844
146.71996853604006
145.67332849573455
146.81791863380369
146.7502144736921
146.67470258162373
