10
7
b
100.14229762854822
100.2971796823954
99.87580107612972
100.15202659698438
99.60895331262672
100.06005654120546
100.23667104993916
100.55303443184464
95.92764222222986
90.04907376230668
81.53361282880624
75.16366884490043
68.14347107374988
55.82137072547514
45.82287243100772
35.75909798342099
34.87730740301699
33.20858242490304
33.85159278795998
32.77187116901181
33.1749575334242
32.14557048664723
32.668373381086624
32.10158304314831
32.24159038854501
30.226981880717688
28.946459518653548
25.75131419657135
24.547072616249434
22.954115905598535
23.254786425729343
22.719756652585776
22.659094804431234
24.83694465761402
26.15498972623903
27.634766238976734
29.822439562900556
29.252290731576913
29.08328339880324
29.59770795428927
30.938849401411282
30.737349263826655
31.241269726371527
32.788034752296284
34.13510087841742
35.38632846972975
36.53497284957459
39.58241642197863
41.48676096567645
42.656524986858315
45.14043907697816
45.37942444011224
47.21713316402677
48.95925951391718
50.73873348653091
51.22705157221084
55.318876017904806
59.03487824593194
65.81154813891814
70.35707723360754
76.39686888912958
85.39275791626082
91.8264944536288
101.0659592982306
105.00454953369622
106.64001547478412
107.48998773172609
108.76437930021713
109.1762836729881
109.73751060574702
109.76937023883247
111.06364424562128
112.69996738070276
113.08979262916391
115.06163200030589
116.68546802981629
117.77000468308458
119.36618909201434
120.27523214923526
121.38044958417753
125.66370739840617
129.14670094844726
135.71633250779954
140.8100191703891
146.79251531848698
158.65440141108223
169.09769969613333
178.4010767502914
176.61977404819794
176.6344780253219
176.5112698763179
176.14948919646656
177.10960750233826
175.84461962362755
175.3186158244794
176.1104292916921
175.37144006865827
176.42252072781335
176.28397297391228
176.72603003483746
177.11907205785877
177.59885089668586
178.58505762275064
179.03024426244994
179.85959495999649
181.88698933066968
186.2584769544705
187.542069520068
191.43276852241468
195.29919772946897
197.97053156081287
203.6951630006933
206.43028422441236
208.8971546909798
210.1841490695136
209.46283894937568
208.7346558003851
206.62330065754134
205.0132991040114
203.6524725056962
202.78406806043336
200.91071157180843
200.37577965164454
200.24765075805752
199.0255840748802
199.35232828291885
198.50373644288553
197.76233887904326
198.21617639021395
195.30483396128474
194.7745388273377
193.7770025016473
192.33496819453677
189.85442264080083
188.16980160236926
185.1570513617431
182.38565997647183
180.4397995280935
180.99097327511205
180.13677934856065
182.59902380630206
186.38620467384612
191.92398976528906
197.45182513337994
201.47409886713012
204.38825901722873
207.00921010649392
210.6021323636027
212.7861655721026
215.68268072770059
218.5836394948677
219.48985410062036
224.17021622135033
228.880536213516
235.18814684824017
240.10717078269738
246.14942101167014
252.51805519832877
260.3616951442055
271.18646928250956
278.3197903092617
285.1710103735983
286.24469195195525
286.13565401580746
284.5820429485856
281.22205938828495
278.991127211744
276.52162638129687
271.9535816880288
270.7196771891018
269.89086978525637
268.5680117895247
268.81300345738396
267.90170025712007
267.4036047783143
267.2362720960764
267.8730618609123
268.38896564007837
269.85262850891144
271.13920600194245
272.06227311998435
273.215038395225
273.8303438054078
274.67037982333915
275.12476475814714
276.20010727115624
277.01086873471394
275.98363911837345
276.37125624805907
275.2543494191469
274.2149438700506
273.53381531010854
272.49131959749883
271.15614175339584
269.39324239150613
266.1404273847569
263.7981360266684
262.70405307101015
262.0013272668946
263.62919847183673
267.2677247885375
272.39807777166175
281.5272829660376
287.1761129673455
294.96875196132436
301.3434338989836
309.67939578849774
322.0158331242823
330.87435461747407
337.9413975334915
339.86697492190115
340.88780987650995
330.66065360660565
316.0823112618203
294.6246885768039
280.49306434895925
261.9515684415638
232.16855500222184
208.64891769220762
191.35110691467614
194.8232759061632
197.49836307686803
198.5209787835696
199.73966672779284
200.03569908395244
200.01802229073272
199.7035910961945
199.36001440499012
200.24236224506126
201.4923610821792
200.7666566918071
200.2952779255198
199.69194671033884
199.08101024212192
198.71107689476537
197.75387203758447
197.66006560851355
196.1241304040822
192.5853221176696
188.83458255110276
186.20291667658097
181.1107025308947
176.898188203503
172.99433652400612
170.59471750170684
170.52068825158503
171.29536134036985
169.39764549195323
171.32647651236493
170.10026947408429
168.5365304960778
170.28126356625089
169.86809472375413
169.21616742350233
168.25126467804768
167.93800815160614
168.30795827339193
166.69802090464844
167.24526745968993
166.3732212219503
164.56645396299663
163.0365010479131
160.19326598976858
156.8945079274732
153.63303799516711
150.20983902596822
148.21781487856737
145.13759897465667
143.20569614393403
140.19148851413402
138.5961319178155
138.13303345315532
135.8088494301301
134.5062403701815
132.49624976177
129.43078170813305
127.30879390904988
124.6224307342116
122.45916611129307
117.55187681639154
115.11087544074323
113.52779026449467
111.73708094039135
112.53949889402399
110.77354614485316
112.53606456760161
111.90987435883002
112.16912719024744
