10
1
b
164.14867990135306
163.01209123513556
163.7416103419033
164.98741384504524
164.19796006901373
164.01646252556955
163.84334778428013
163.10007873842815
160.48214257726457
157.18745430007098
152.55307139517288
147.96055306941048
142.07994863777108
136.61218756468807
131.56645645212416
126.55574766547578
122.19774778448947
120.71116257342031
120.28947229534712
118.9052998339797
118.3242687592897
116.83124620370157
116.66459638581361
116.02659327237255
114.36961465471947
111.81813658889425
111.1257016738549
109.49187472341127
106.9059851082148
106.23005562810465
105.38422392508686
104.16254660705928
104.16593088501564
102.25974975649702
101.06310478216811
98.42670830592371
97.90481075543013
94.30420499082534
93.84759909493985
89.73174831161083
88.78824817586123
84.8867513565899
85.43167273599695
86.45851911163126
86.48908091552835
87.0691698116014
88.9382006409955
90.24136389917122
90.71152543852615
91.29923006097361
91.8544562422652
92.55803104685914
93.48311871039068
92.87237968612676
93.14697639107872
93.36223888312415
94.63851158337458
94.49593188370048
95.79495140290857
96.79465716637183
98.14137693088887
98.30233509528931
98.38522519099921
99.37441623091989
100.62996145237697
101.329786701383
101.87306855034434
102.31708312307285
104.17665592314799
104.97501788120553
108.70934641192154
108.84543527371025
110.40277012712977
111.96584724320896
113.20087119842158
115.47600383371349
116.42561356441452
117.795776169519
120.0119919253758
119.86077593730036
121.58238286978857
125.3578051515879
128.5847647175168
129.70524144157432
134.33356279360362
137.61234400276942
141.10876789988336
142.8373264574827
145.92391880191204
148.80431559677973
150.88777887982266
152.3836703047552
154.3068332247983
156.69378755917876
159.92093586895754
163.18245989392344
165.38500778347134
169.91983701939634
174.94594993110266
178.31391338170516
181.1203709002967
185.67675658328096
186.4423146015119
185.81659082960795
188.40608852264518
190.61810519216309
192.72051716522145
193.87594244775326
194.5393074960835
200.21810803082894
203.79337111994434
207.75822167994394
209.4291210870581
209.76735371878326
210.03587784139708
211.31536728183994
212.02905769798213
211.88742424860652
211.71510118165008
212.6788963828111
212.18607479559606
212.44647002129412
216.10254047194573
216.98944542382486
217.4946578550031
218.224227170572
218.90870989637875
218.41782743392892
217.889909518931
217.4254037183069
216.72180917625343
216.25913118664766
214.2980782931365
214.49912616968516
212.8606859624885
212.34988508897536
211.60869718489613
211.11825359628597
210.39801332843516
210.7793709753363
211.6535826338141
212.6671670258422
215.96397568904888
216.68936785690553
219.1800747034298
221.33357444392354
222.7719055801722
223.93405280284975
226.5231843881684
227.86606288107197
227.7170120918882
227.4059797464017
227.56537888906163
226.5959465717285
226.2847670817314
225.27782083766093
224.67416938163126
226.27331964192132
225.59171338566082
226.17856175160819
226.1697103138086
225.58603664458857
226.40902731987273
225.50412832786085
225.80456914256558
224.41871297643314
223.97391518703222
223.65285547389902
223.99665977788624
222.47292365325322
222.73286883865234
221.36054309826483
222.20787000288246
220.38754470336082
221.36160563805396
220.2858092943226
220.27611341558756
220.22231175320888
218.01725670803927
217.30985047855458
217.4131425999333
214.99556351484904
214.52235743386206
213.41555770638846
211.7177840873104
210.90995126404968
212.21462826586202
212.5359464304132
211.47452617962375
211.08830318386288
211.41538470464505
210.91034469709749
209.70103519366992
209.35689708630684
209.41524460964055
209.15940876808057
208.12407966994823
208.3009390874709
208.38566229330843
208.37705704742845
207.47430393353523
207.7325474821901
206.67674313813262
206.84848195806984
205.89360803999068
205.6342164133626
205.65799636645997
203.4043866620644
203.5841988545344
202.72222685827313
202.28474623539654
203.06014387546588
203.3371346167846
203.7335556908635
204.8797028149165
204.72495613709674
206.60611915950048
206.5193038815764
206.70643718196112
207.90436631434707
209.54712290544788
208.60640439078537
209.5108653959028
208.7275408953874
209.27678461664124
209.47364879281247
208.6672032290744
207.98892469948464
208.29578714912617
207.99329312159912
208.49559491458308
207.39865945798974
206.70691862785569
206.012917647699
207.22934844846307
207.11323529978964
208.4894904666683
209.7838697851115
212.27778950750758
214.50412102919103
217.42458303124323
220.1124633215043
222.29491593187387
225.47488677273898
226.4553340495303
226.0986046767811
226.2325503522774
226.53285206311878
226.7529149269035
227.06138474161463
227.74899589287804
227.36813717448766
227.15970042372888
228.55220558470666
229.06029095370465
229.51228588804383
230.47950638355593
231.47183967000888
230.0407120792897
231.02409425783415
230.6194848512441
229.27310973367128
228.13727211098637
226.38603948249997
224.44292757161205
223.77853350297391
224.1473421429157
223.67439573173172
223.17870655591557
222.98540760786236
222.17995715592872
221.10001715675276
219.61840326921265
217.06998026159079
213.09247580331683
211.92305625044006
208.3699430517674
204.75495313055328
201.75524686810272
198.0128934520109
195.28111142458752
192.94591731366575
191.8324842524228
191.85624427433788
192.21245141566507
191.98971142774803
191.87574422324312
191.83703009567364
