5
8
e
88.78569153109399
88.44719044248819
88.07663314487182
88.40919137043944
88.9289129646092
88.52266860698288
89.62754920049211
88.29201073780982
83.8911261745952
77.3436631372382
68.09807511437677
61.48913234383646
54.29980259464532
45.413870889178085
37.973774798962644
26.111386273110103
19.452361166198244
12.227830221727
12.249837744751895
11.768877105828379
12.923084373346281
14.75207331243384
18.732551133397983
20.390760977580495
22.416239955473156
22.228194715208016
21.979415612968364
21.132299766625668
21.47392441596056
21.29560440766867
20.863567031369858
20.229571421416324
21.612756158910546
24.240490232184676
25.923064336884938
29.845922006090156
31.04317691995158
32.24025578944742
36.0223527433834
37.35650775559415
41.11295285587652
42.98434398770307
43.07106835962451
42.98435812768703
42.24821964203688
41.622609403250856
39.28967981261537
37.9717574163095
37.35153243529556
35.67238501491993
32.88432416027271
31.009377689134425
28.30671638347911
25.312785487717385
25.65492712549129
24.79090353614161
31.259184871189913
40.46286946855227
52.111397599859664
61.98009259169826
73.37374521707629
89.33466985562009
100.55795952437896
117.6410898489838
117.65307128675663
119.51694470566134
119.51462780567472
120.4747518593516
120.4809591799047
121.10096466180973
121.44387446658654
120.85086493469618
121.25677227667713
122.35359281302395
125.00772102491422
125.39394022412924
127.23521881936838
128.0238770895665
129.3071518319701
129.6575702647391
133.10192232251197
136.89969818600233
141.38218169027044
145.4472564587873
149.64128096238335
154.09487960521275
159.12630267266638
166.78208453052954
172.16465430703926
175.9250033685021
176.07126067405756
176.49748533161866
175.93340305064558
173.7626112118247
172.4305844962701
171.3002933331972
170.52891818223878
169.1825044284611
169.0153287230354
168.82880303711585
168.4689351417592
167.71103260924392
166.70848425599303
167.34408765477514
168.51991891689173
172.07916362641515
174.68922387212498
178.18718922155952
180.23090912496164
183.79717775334728
186.6850302179789
192.18798109018798
196.2102790980164
197.61381351635822
197.57361114089093
198.5204119084597
196.6115721920027
193.0457945212379
188.8550570788171
186.48090799341963
180.10803762312347
178.15537727594145
174.66794699517106
169.75804862291412
166.2879284879671
162.6791396399597
162.61443275075467
162.59009209319058
165.13406374290327
169.86594009784667
175.40107918480015
179.64404719814237
186.50613678496734
192.5811559641312
198.78316809325344
206.50884292035224
205.42131789833806
205.4752990058022
205.96480440957293
206.29490701152264
206.57095639479763
206.50357881895908
205.46295456656597
206.2462313206409
205.59587370929012
206.17354484650065
207.33982749710893
207.08937092423315
206.83998221006203
206.38887788536314
207.50005071194536
208.48326868187337
209.79439485873144
210.66711750863197
217.07501473479994
221.95755083207746
228.9703770273423
236.26468066327791
239.86043602769792
246.3915912599905
249.35285325105426
252.1351486823524
252.38573558395112
253.61521387844365
253.36682544105082
254.6665822260317
255.53021064789053
256.47942666403276
257.3566651624067
258.5774447447321
260.04513383456725
260.9837328323526
262.3406405307679
263.99498698709607
265.55672858999117
266.0105564922369
269.3512543742183
271.02296764761235
275.89265730697434
278.52168453760464
282.2767333149991
286.8660421983846
291.7444922098643
297.5978826548956
301.07364798605374
305.0850975649429
306.2658592581214
305.6901714980636
304.69875224676576
302.72378890985635
300.5188877724338
298.91564726534887
297.1482904934842
296.5731791627092
295.4537184499048
294.18714564320254
293.7865998938755
291.5996404310601
293.0507807833634
293.53963387188867
293.36308716438725
293.73910994496686
292.806532990827
293.61835134650033
293.3159587611512
295.02859087185277
294.2786580279655
295.9130220880578
295.59908791196216
296.24975422299696
295.21775559420485
295.9437902453406
294.58973226391464
291.65649620044877
288.64108825301776
285.8637087662298
281.9870574159326
280.3440511650476
280.79874449587163
278.19251868750285
276.8016008970817
275.3781650471579
274.1804792123225
271.5660489366124
265.4780472527322
262.40097160645274
250.09571026858274
242.17962227531441
230.85969490683448
218.14991928368224
206.16699688644914
191.74515710013307
187.34700753763232
185.28658067517196
185.04883514252012
183.86615844810095
182.86928922957748
182.70126479619708
182.38074074932825
181.77891674864492
180.17054297142926
178.13647926162562
175.05934985021173
171.79156625086404
167.06641975441914
164.81814612677425
164.5300123185026
164.37147937372237
166.17744985707577
168.10320297167124
170.32096790467028
172.82498148210325
174.8097468674579
176.7366936619472
178.39979145935203
181.23639566784067
183.94602963041285
184.42675228953877
184.29130972279188
184.2104670561444
183.1509079133693
180.54469513371896
175.9754910709313
172.7440021080737
169.87186562739225
166.1655606014583
163.56922619290887
159.35704736005962
157.97451585555058
157.19153010006536
155.73371209063276
155.03166429647695
154.8684241682175
154.5619867898746
155.5278213169738
153.0656011360751
152.57469973897048
150.45206577447593
149.57744614789522
148.20914832827916
146.87984451501688
145.3272431205811
145.53380933479843
144.95038018234433
145.63389340508348
145.09260661356475
145.5701117388867
145.71941023610125
