0
7
c
124.9946901190578
124.7357237536963
125.03577767006315
123.93455660613436
124.8221354858249
124.96032769418244
124.9288503559697
124.52112353012375
120.34257963263008
115.13179012053756
107.22805496096612
101.44987946764967
96.12729068879436
88.71871807578596
82.50240439395998
72.30337848529372
65.41476633976869
59.32226372581127
58.80698951813445
59.408167447516924
61.00877140455766
62.52189272423453
66.31916753432725
69.34393772619242
73.0026469184468
74.1722430490037
74.61057612064464
75.29003531904402
77.73313820294833
77.95414798725366
77.32200297947689
79.15673372060124
78.8030637438276
77.96143043409948
78.87218397546002
78.56434711439358
79.90014778807452
79.24293387068722
80.05439618306087
81.04581795873437
81.95640086806617
82.27632266997185
81.69900503492026
81.6704956445055
81.41946070834912
81.8525807633083
81.60022706220002
81.5959363527464
81.19352862726102
80.84966545406535
81.03479461351714
81.51680250694127
81.12450671476152
81.48555719645408
81.43242925921977
80.67070086968026
80.08686623031473
80.83080918058062
82.06529879760467
81.1552191142098
80.84250189297379
80.87083269516995
80.3677150974103
81.01502450955384
79.91672069151457
79.34844721664714
79.12935326051503
78.2147778349974
80.47440920796745
82.7386376874677
85.84328919323852
87.35343499465195
90.51902622365452
94.97165951953147
97.80166112103944
103.49601724697163
102.86326040304535
102.71666376351928
102.18381589580625
103.59456429447506
103.82355414827056
103.57255294554679
102.61256734675531
103.27239068137222
103.10917015394935
103.22461650104103
103.3713380121031
102.64276357146824
102.82152626453558
103.30006322605585
104.44775134860825
103.43607876077031
105.52155545558291
107.36276172268633
112.84836250130591
119.74839056685556
130.2029141099483
135.95642485229314
141.29458784237264
149.16231615571627
157.35241085855617
162.2639823304413
162.50658103220843
162.01685912451728
161.3537223314514
160.09801231363593
157.14923936515794
156.27821053379475
153.27857045572358
154.19517401947476
153.86525718772882
155.0805876139647
154.42426608625598
155.22417068958538
155.26027841412179
155.7522881058735
154.18707691445286
152.29875423129704
149.5487013945254
147.76746684483354
146.6100713236048
144.4897154544509
141.8888450407747
139.5630391676982
137.14436814374116
134.9894581533346
134.97173056335154
134.31582352478515
135.70252442912144
135.87460772947335
135.92804090065962
137.77496085201133
138.09183254610053
137.8168449219249
137.09829161885042
136.20865769474688
136.53207861640277
134.93580481391623
134.26520090073026
135.6368684333807
137.1984056668991
141.14391505147597
143.0538925911457
147.4743286793543
150.25874213042349
153.3388539165893
156.8110948719568
161.92911547368217
164.71464146049445
168.24755656983163
168.8621504272994
168.58149788665338
166.71873703721238
163.0666786427037
158.20252628825958
155.74561897646268
151.66957769070646
149.17717606170868
145.78387217293573
142.90418527622276
138.96568707573778
136.4212153943249
135.2411814801194
135.84630345905853
137.4681790351115
140.99045453682683
147.12026098603084
150.03214426737495
153.83006713130342
157.02246847180245
159.1207707860072
161.50676117725038
163.65886481631446
165.91560902249935
167.22641970297664
168.72613954777648
170.91374384151507
172.43422370701907
174.77965516533706
177.65507110776272
180.7812018899301
183.7140884031107
186.0263794566218
192.44048849601245
196.00285447536973
199.65012880305073
199.75874180187665
199.58120493059866
199.57255958655864
197.22122262208188
194.3063336828296
192.87061461856385
189.94772787491513
189.3017273319439
187.8724472648333
186.32131915505147
185.0673626094988
182.86292477440432
183.53420838252748
182.61784815733242
183.8042961252863
186.88092840251238
190.81133304799445
192.79860861699717
196.32674128991516
199.81285849887064
201.1452696290574
205.39677172884345
208.8826389487416
209.61612054857136
210.17850573462462
210.76917494867723
209.30172614920346
208.75982283786144
207.09852537139716
206.11365638923226
204.26547020896768
204.14636802797034
204.55680412179936
204.23948030155356
203.53480749307792
203.3777631257567
202.8399138088359
202.9548395047238
202.29197397556047
200.56243372646782
197.20255249764028
193.5891729242491
190.48057619654168
185.94682006286
182.2192205774833
178.82630719351462
177.3273955541699
177.0182287714911
176.3524298951131
175.40270242973642
176.34901251004507
173.86350204422948
174.9686903500796
174.08358864003506
174.21497071857948
172.79276325926816
172.06604116065066
170.43994988393516
170.79100818132218
170.44551355452282
168.5334077539275
169.17186923748653
168.86335144117893
167.71929780845275
167.11765458746353
166.7548309476815
166.3547128869573
165.14312414601903
164.3046890425653
162.59842550034563
162.06319011020477
159.84537697041458
160.25053795438487
160.62883678732157
160.57192160467784
161.56806951283025
161.75466534576736
161.9962242228838
161.3823772885727
162.51384029544587
163.49412057587304
163.6661803709187
164.70023705763094
164.463396341918
164.8805936046277
163.6553629106573
163.50367438828272
160.4096818209601
155.94126410328963
153.69187267002988
149.81435372231252
146.64821063033088
144.57360925558947
139.978254430591
137.57650250632767
135.43563232692316
134.99732493311961
133.9718637894237
134.35714630674713
135.33615825436016
134.9988533726253
135.3548446491272
