7
3
e
141.90711563200432
142.1522650540299
141.5895897436826
142.07009923154723
142.06632911165337
142.2035220810448
142.30039757798056
141.96192358822861
136.2938965893111
128.12634644771217
118.20741124631013
109.06272974504049
100.6623203720234
82.96577151539411
71.84675913836271
57.656795288275575
57.79835212796037
56.45738400917679
56.57838829500663
56.8199102031023
57.16898184260715
56.063208580001266
56.1641915463014
56.78337873478246
56.174716459588296
54.490274779904816
53.28986600386068
51.48756526911318
49.522333354261605
47.793761934752965
47.86284016386298
48.07266992980285
47.75718090365177
49.20630898965979
50.0239071361483
49.45894368474886
50.49442596366277
50.03836307340978
50.16395667419155
51.719106133348454
52.23224057810453
53.06530113620873
53.00261430818777
52.98141686014648
50.24510339318399
47.67026178782399
42.49883869880012
39.18099667825702
34.07439205122523
29.759250648348427
25.16179341544372
19.32189252484439
15.157460541242665
10.95262853921179
9.392549174980948
9.052907329890324
12.845030224847275
17.569154149757207
24.908163531549988
31.11269481560152
38.07062886121868
41.60322031365059
46.74419413318367
54.32183263440338
58.46356281881963
61.60430520934734
63.40386372126616
63.443074946227554
61.87335345924859
60.68873904861201
58.6840087760545
56.457997050992205
52.41231339775628
52.335190489938405
51.2025176463631
50.435410073799666
48.26763992499045
48.186474175520594
47.29199420759269
47.15872647119618
49.09426821918811
51.51925252134691
52.93578197458624
53.90275157756687
56.21597098695049
57.85038032579881
58.306922126314134
59.86718929594636
59.36755584879677
61.38892957417981
62.09254557517666
62.60143109977482
65.32071365461654
67.86579078417275
71.64377373529088
74.84347474653839
78.05516496201895
82.27935341661512
87.01595283211122
91.07686677569555
96.05577749646956
100.01717065131723
99.93995148036814
100.56671968057809
98.08524285334602
97.16405666667757
93.14500869075168
91.11031889572251
87.51854910236928
85.64341357875792
84.73299281022933
82.03963969383508
79.96383823404364
79.03398620328501
78.6806606827485
78.56202973442335
79.10219204525946
80.61885200139669
82.15202308943002
83.11064684794273
84.98487960116277
85.0759401066888
85.61800700043584
85.55643398252792
85.49114368290971
84.9323265630981
85.44232504960326
86.34174474834981
88.58722243574628
90.19406479674184
97.15491906682455
104.68796616112026
113.18439077728848
120.33038191867206
125.70152316610755
132.97492940169562
137.63268023893585
141.5039491752361
142.5822875993828
143.3281182226945
145.3078841082261
145.635591858127
146.84220548014397
148.537784888116
148.99606338945367
151.45423337653426
152.41909827272084
152.41632982479513
153.51407261310956
156.0242683916808
158.557178892812
159.1245980025176
167.13452666104226
173.6874765045262
191.83943329639368
204.55538421201476
221.55676367444116
237.2452795079006
252.00600552290618
274.9180193459707
293.15457753193255
306.92969477722545
309.64519852868136
309.8822223555059
301.85667058965106
289.61278150756266
272.0336168371101
259.63991250156147
243.45318423572945
224.28411393036922
209.49502202910458
196.79294285035738
199.31649742364561
200.79447373266242
200.99916278780398
202.0704789108401
202.14302640251063
203.18043214145302
202.53035759283043
203.28548882467166
202.83520118337137
202.04939368003602
200.3107882375916
197.80597408870054
196.57047577487126
193.26416009444736
193.70312242360424
193.02026534485975
196.88376819364706
204.99693443419443
215.49192400075142
222.56238877444238
230.70344315591962
238.5143184893604
244.49717919959684
252.06999831382208
259.0839044937347
266.00761231187556
267.4763183440372
269.5335843908013
273.6949092967045
276.4397097079557
282.08223349043953
286.1023027078399
290.02923544470093
298.2489187888875
307.01923371041903
318.57505578324043
329.22440822563317
337.18406579374505
339.7926385540185
339.209537179292
330.4196629714684
315.93782995016034
297.2114161733352
282.44722231015174
265.43470598473283
249.95586669697786
240.31199672398137
224.76834294680134
214.12161882207903
205.71393685067926
202.3325171414738
200.38458590950813
195.5575646369018
191.0879931729541
186.93520091727254
182.91921695387808
179.11569508962998
169.525991545225
161.58525363177975
148.93773075444787
139.13608137108324
133.56167137498082
130.78097280093994
130.19790346946064
132.09352238690684
135.74538820077726
140.22536729689574
143.9707501688979
147.39802971259948
147.4501408444205
149.271195083703
150.79050147961485
152.88167192348243
153.3873825114391
153.70799080046692
154.7360179405052
151.34110336992245
148.13458345518978
141.94564586234532
138.69596826144667
134.28052207923716
130.0430366212213
125.4142275714066
121.81927078531245
119.03833209468804
116.95097292936737
116.47566735583754
115.55080705425931
113.83467230471109
113.55457577606921
111.58424873909807
111.1456137229554
109.27584602534245
107.02261160148949
104.21829975424579
100.45962098276102
96.19660071660981
94.53788081900338
93.42277695630894
93.18012100942336
97.40898920451745
100.19293650323107
106.11968375511348
110.2923289388374
115.4912455131041
119.72003441529066
122.51978287274412
128.8635648243493
132.2377111001049
134.0202218755692
134.59416899938205
135.18227616773876
134.46773913356984
135.17760004506047
136.54647215170652
134.92375711290038
