2
4
a
5.579144769172106
5.858825659668513
6.3828365233909
7.1967239054503
4.746840194367239
6.005980350201045
5.444447082644292
6.17089058618682
6.414426855715926
5.784538559845962
4.673811940695371
3.8257785081869327
2.5723387830747324
2.896827786896072
1.1631852928500364
0.18395240570118312
0.5322786096488622
0.0
0.0
0.312386230381252
0.48910175705652104
1.160175090192073
4.687599269102153
6.269457306947232
8.59409622548652
11.656157988083237
13.718593776174929
16.575556167428253
19.090390102064173
21.18084716579667
22.405878374339434
22.396183980770246
20.668602376454533
17.579200953837635
13.865358158253173
12.190002883222986
7.832500574042032
6.53683960769306
3.6941305247057086
1.0654889393746996
0.0
0.0
0.23065353620497353
0.013211046961009852
0.266990178131963
0.0
0.0
0.6892846779229191
0.32234573528366317
1.7199122799169586
1.7004449321789588
1.83343157310782
1.394881644303832
2.6594767526146743
3.2241567680895784
2.4715914446891296
2.654342130582913
4.625627894920501
7.113649291750562
9.335100596090808
10.91418328141299
12.084769541491646
13.684532727377345
14.504314142581853
16.64632270728363
18.093362007822492
18.73492847492123
20.283364808178863
22.707913764917187
27.251758803813406
33.97271989754733
39.80077360140392
45.38581313039727
52.570809550404874
59.12300207443131
69.61207487785123
77.49073396756133
84.04643179713568
86.58425589731905
85.39197241231359
80.6940650683965
73.08000046446033
61.79352706791379
53.830327342279276
44.70770641855166
37.2716524659109
31.52829121623985
20.36597433533959
12.288852167889731
7.970609935919642
5.878708555085599
6.1885065262949865
9.297228623989552
11.09288554984873
15.973101348237066
19.536745860096094
24.49694290824011
25.435558249193768
27.36769978760387
29.543037951903695
31.64433984739439
32.78278270514422
33.65253934790691
34.041175979247576
33.75541326898597
32.640347485322096
32.49048571404309
32.00731783571117
31.515589141673686
31.316090949292896
28.992913630682636
26.776395069149125
25.007886156648322
23.85341979421521
23.2109081059692
23.006131660888943
28.9318986726789
38.02370208649004
52.62545987044647
62.390142395925025
74.06470941732506
87.76448509651415
99.03473804779111
114.27290959316443
120.71536215900097
124.06894249177677
124.52497696098378
126.44066320079918
127.270283649928
129.17778483782268
129.59268831452943
131.1092124164633
132.9812897035087
136.27250840183117
141.2318626428809
148.39862075616017
153.17178604810937
157.3069912338986
157.94510118082158
158.82667109853554
154.3543676195384
148.1114654992339
138.28488843950925
131.71006619485513
123.05088289664701
115.03425551393612
108.80889507167562
101.7006806732745
95.54559172604667
92.95508213678413
91.7213213678526
90.78412788384749
89.3400620867477
87.13587672466338
87.09011030896323
85.03416337419931
84.1831728196416
80.69599500178138
77.0247887543471
74.22240533611999
70.76348535739508
69.78482485595485
69.38649275807178
69.8520894364909
66.01483827432111
66.12304650453095
64.61336646936309
64.21019656749996
62.49932841027849
60.5785098919757
57.10426805566455
53.329859969545836
50.10400181407151
47.60641650793072
46.38310927211687
46.61662203847727
50.57163328517492
56.445056311333566
62.74304324224177
68.5307197953387
75.85660639836084
81.62798648581388
87.65248920834367
95.87471453674398
103.81326278355296
109.16250135753585
110.69575241109092
111.66158462297707
105.35836390091593
95.38625073768226
82.65518698581441
73.2540235348087
64.09603587478088
54.337425247820356
45.296357210274124
32.7246904279342
23.04745520976948
14.839536429475698
13.459327040629724
13.24084025500115
17.81001436562376
22.326986475353582
31.298508852727657
37.7649295312673
43.720046718869646
47.874233601700794
52.567277020780566
58.707884287851705
62.94874608643405
66.67536907767374
67.84469943347086
68.29831823688299
65.09531871763127
61.64701054080429
56.33457156494533
50.57115629078978
48.77973792054585
43.65646799282037
38.34670292193318
31.879965485983394
27.126907410679255
23.293804464335263
20.966959885788484
21.051689598037967
28.342019551696954
38.192372090973784
53.44509440472308
63.22625253289294
76.14641718546567
87.19045314223594
97.73652640604486
114.84754905606471
126.66062810130525
135.48193959274738
138.51000639577907
137.7380629334118
133.89252430932504
127.49165484757708
119.84029815816987
112.20113494283073
104.47688001453204
102.38794520824304
101.57018300362792
99.01243961865272
97.43919911503107
95.78015535811238
93.08135694163465
91.101801586756
85.73076227047311
78.30509237454066
70.13916958310189
61.92783581898321
53.53207506155656
43.067258818990176
34.506076337390276
19.9013232316517
9.687233359179478
2.454039248712281
0.8771434227634455
0.6968609551454092
2.3281735991848245
5.466084203793385
7.686276277034651
10.858631289383872
14.21443539311567
13.73828872813363
14.550651679327885
14.013176220866567
13.44020138671989
13.53664456943286
13.798432956839822
14.035937963364962
14.890080787051382
13.861064573445697
14.768018720959525
15.319279260171834
15.471133347127545
16.539882546536266
16.106479205381504
16.743663733971378
17.363186829002853
18.101582514476547
17.11649925133028
18.450053430258812
17.769484507888208
17.07386968727486
16.81352015380485
17.1983048564628
