11
8
b
13.05995260291728
12.681076044951231
11.973786491000698
13.032744461283638
13.155385297383031
12.546902226116945
12.269980492421324
12.694841116946005
12.369834011444606
10.773194696999212
10.165761134437245
8.643076106758654
6.730184160069773
4.499688542571181
2.786413460363622
0.2546994384816992
0.5253122912922465
0.9523782245229399
0.0
0.0
0.0
2.769752503042175
9.124987103536487
13.466192431407032
19.033138256096375
24.032554225704956
27.68035240796161
35.39368301536504
40.048488137354774
44.69346844336842
46.27551350762344
45.50415548094698
41.85172120959199
38.38617271027621
30.883955885988577
25.89463573942761
16.97097304498442
12.714739782215043
8.305112838399317
2.6832302907979773
0.03304949867042144
0.0
1.0797490367686684
0.6236124808584728
0.8838239609006328
0.0
0.6669604148708618
0.7900538751582357
1.9168221169068143
3.6624234010543875
3.4457594024959706
3.5414369108393196
4.710589215525816
4.178958486644165
4.393591680185701
5.636424233897551
7.65418463360496
9.011397567850821
14.369899728052006
17.900388261683812
24.482184093091092
26.813475625125534
29.688707356345557
30.71272594291025
33.94141385865671
36.922126535918956
39.95486871807718
42.7999696093971
48.40222073685536
57.124764684867316
71.93243770074007
83.45784059102607
96.94063396242447
110.2591364691298
125.32959979417977
148.34982779541366
166.06927445430074
178.86815133380614
181.50081927709846
182.470013038433
170.1621803282521
155.06177682016738
131.04611463700346
113.5513782064084
94.58590732809442
78.43251884355449
65.18621729423289
43.135066660263895
27.034265965246533
15.129010315283102
13.122806197956411
12.875742131216157
17.24296525609094
26.18235014468138
34.46960680568205
42.79526126239926
50.789310647889884
54.90942116220034
59.18020818127689
64.29942408796418
67.78841974923742
71.75346514616908
71.6374582503659
71.3535505572446
71.67167978535669
70.34974209521992
68.96833801814077
67.99355654342268
66.24314460826001
64.782925550284
62.25366732240302
57.371898423491174
53.86420367999694
50.717546986973275
49.02127064871308
48.0198059039965
62.656482545940584
82.40991512762675
110.67886597931418
131.73631957322849
157.007898191897
187.70485981374665
210.70289951872954
241.57006447647132
256.1420040008479
261.88447108282315
265.62153975313
267.66056108476647
271.1783449166935
274.2335579882626
274.60050685662173
278.18862806443457
282.60391281831835
290.8885912353487
299.86918225555166
313.64593975304854
327.16982374923936
334.45327608906314
336.3407096999576
336.5889278825229
326.80769069787175
312.5735568786896
292.75480798153734
276.9733583818757
259.22569420390266
244.40535001615308
231.96978474047899
213.65596047486179
203.33716182728315
197.78660342775262
194.88684191234972
193.3160655406747
189.57202320199966
187.70613571405082
184.47458385307797
181.707221248409
178.54728468320582
170.77632459494134
165.64995617519074
157.16473680153172
152.51614306394936
147.29561547397205
145.48715231332437
145.37794234417248
142.7757172104038
140.81307909837767
137.8134133104795
135.36007602710373
133.74031668789902
129.13191562003902
122.01785752608988
114.38993330282594
106.94007851544505
101.40338999825987
99.67456637467009
100.12924084232964
106.9416843035054
118.56027593292934
134.98307997002001
145.87923880177667
159.45243237447585
172.10468010047566
185.4339455108331
205.36649668695705
220.85376798937023
232.16758188889247
236.77269313640048
234.87465932348113
223.2673974242668
203.27965680927622
174.97524898602654
156.01501401029918
133.324998003568
114.68147977556909
96.8341860801042
69.06756588653921
47.90087045700216
32.43414526440726
29.47352174478922
27.74703342379794
35.90919087611876
48.535584243473465
65.4610329643404
79.59103574230518
93.28275366507414
103.08604572038465
110.13910756973083
123.81632725080925
135.07421605465774
142.78264538368708
144.69532972772456
143.664389128682
139.16842489191458
129.98474218565906
117.99525265750151
110.10641365966396
100.01299763626672
92.21614918343548
82.59407084200264
69.46301765938934
57.089238073362026
47.581140165142564
45.47561351542594
45.54177309282363
59.66444550810207
81.74049658234796
114.46202991702889
136.6153911320458
164.11776156696095
185.99864672860767
208.87976335397147
242.8872402567016
268.7710313018289
287.36799223093215
291.5877436185082
292.34690639529316
283.90348617970454
270.9264848158732
253.8613296641519
239.04873094520863
223.37152535360306
218.1722330254788
214.87833266502724
210.93292591677908
207.08073772432243
201.651340558733
197.4498144207508
192.964062107308
182.16572167747427
168.70640477986936
148.08225865052873
131.08250989108552
111.75545798465707
91.14780151925548
71.70623887515171
42.83750498596791
21.246449033764495
4.808401763065306
0.8022569586594228
0.7402274741416478
5.651934036182773
10.90524582064883
17.13679871141658
23.740657835166363
30.575817625797004
31.040729363034014
29.62253232206382
29.601172054141887
29.904332854612857
30.061620663211023
28.958274316984337
29.52010111596814
29.542598894453693
30.580399781799265
30.928354295852046
31.6054003930061
32.695387733272014
33.93509497565448
34.34383824463516
35.755487118260994
35.82575705170976
36.76670754135799
37.156499958904426
36.87094638040409
36.82233337555953
36.07534503122661
36.645406280999936
36.7767029248546
