3
2
b
88.0881931509611
87.91836556539926
88.25450189786554
87.87117599703939
87.33149828845761
87.5852027601638
88.32764692730794
88.33062062100366
84.8446279099257
82.24720124744844
76.25276752700616
72.09127006785094
66.82066299895939
61.944880687518236
58.30033648461428
50.58538758144313
46.61699150259887
42.188647440116746
41.592572942830714
40.72735214811004
43.10517445658451
45.300371670253085
47.38390645542829
49.881266021970205
51.46827857126607
52.90871695094451
53.635323246474584
53.22333856191755
54.59030054194726
54.94883586482478
55.10853549088883
55.63213363070097
54.11915910155987
56.068193660825166
54.532598075930494
56.58835066861831
56.746812425836794
54.89469200062808
55.608315300211025
56.47809391379937
56.8445956915692
58.460983200023406
57.03170283546662
57.43835302726811
57.54784080024916
58.15525055307356
57.624345946588925
57.48506912721016
57.35822001929919
57.3881438188918
57.08340508254
56.845576423161916
55.98436500256064
57.61938447150665
57.32321381229421
56.77083128670123
57.48055678183153
56.786022668016656
57.28096053251507
56.563077984905654
56.80129045616306
56.886984042636456
56.506638612229004
57.79968067511209
56.25298306980597
55.55788445736938
55.33859293319599
55.47339172463277
57.834319279653
58.55253377067976
61.219568048091915
61.118852524745556
63.97860984177506
66.10100895654617
69.71610594498357
72.0784911332213
72.31557976686291
72.43594397136457
72.47503501809386
73.0586441686907
72.03447901171357
73.01907124914402
72.81111327914958
72.7194173846805
72.47876536762698
72.3455797460514
72.85562340510221
72.6492336570754
72.21245792745948
72.90577942906201
72.96632950619305
73.86676132206304
75.08245469709358
75.11177204523662
80.38709923716443
84.81351471181853
91.45375490240767
95.35985440648834
99.59693423706422
106.17323705936424
110.84905443534706
114.0422944317842
114.00852558808589
115.30126074192164
113.38052298644477
112.60836109366124
111.24839121384139
109.79776208606606
108.1608162397093
108.24187404614337
108.35103947834094
109.39937714283833
109.5744574074935
109.28420741240066
109.03038968253759
110.15738477679383
108.89721783663889
107.19771334153138
105.11650161311776
103.8573771053566
103.45478812767676
100.78769477753113
99.42473607676534
97.6387137984535
96.26890773676708
95.12875255783143
94.71053554714751
94.31012885574108
94.52438396414155
95.78872185418531
95.48897140363589
96.20008183961485
96.38096881061684
97.15301140199956
96.168777218649
96.49962085778004
95.37089448150671
95.12342258264283
94.95618881781313
95.34969277977848
97.13517483188285
98.8319260073709
100.60734771500587
103.23349084353526
104.64891290664633
108.00114217072972
110.07107574504971
112.34535912677958
116.00407410536003
118.1237031998367
118.5652942807694
117.76786207999865
116.58147613366863
114.49269991089882
111.17941637345106
109.75032292951481
107.04708131534478
104.36685772792508
103.03221637543211
99.43393430955464
97.42199955022147
95.23303674401078
95.67439369476159
95.32666394177855
97.46055625659366
99.94109027871335
103.61139046048801
105.9884935197456
108.10038070585756
110.70233863481873
110.82782947408577
114.18623617646867
115.93229115910904
116.52930041114273
118.04370600364786
118.72693307220177
120.41852224295953
122.43038609704067
123.33833595377499
125.07995366853437
126.64226074812589
129.12291025727515
132.13687259489927
135.3745320537466
138.0959487027445
140.3060330344697
141.34846219967312
141.27439461969115
139.38840527846622
138.59233465285925
137.4202042869649
135.9834886326489
133.63801684938315
133.9205544575483
133.12641092586628
130.30650914131374
129.58107322011213
128.93427602928068
128.75363926042206
129.18388730079684
130.02591204820305
131.55303639524132
134.0992720973889
135.17925960975066
138.17222951301372
140.22083343415505
141.3224609904445
144.15692941895887
146.07473548821048
148.17367648423777
147.89229642281583
148.57015070321677
146.92817318245943
145.93024213568427
145.0751361422318
144.98175294383532
143.4037683317529
144.54100878882556
144.00271196227857
144.01395554623207
143.47637992791624
143.60606364115267
143.48905037656326
141.4237059985383
141.9897984888491
141.34332311092422
139.28969530681346
136.46384333347604
135.4587456254947
131.15821544883087
128.59458430309843
125.48585437419432
123.87685299846798
124.23799945459474
122.96969929043257
123.53412032247347
122.05617161220842
122.22502068970155
122.9555487723778
122.32038679817867
122.80723262612543
121.58808025682507
120.88830447483033
121.68012829862418
120.80885304082454
119.68114134078786
119.36534253239438
119.14542611325072
118.75613224159248
118.00103235969388
117.51881983773681
116.75242173324877
116.64562903849651
116.31311523921038
116.67420935373062
114.0304962525234
113.12083389539579
112.9185709605051
113.3460892733826
113.36761987067418
112.75804938669367
113.14031621841468
113.42751049156449
112.54138901311401
114.74520592860051
114.51032037153823
114.45091290722159
114.23370050656297
114.84094436832147
114.93367531560477
115.55356021635085
115.47786156929939
114.47394500431395
113.0346883328004
109.26640873512814
108.00168475472869
105.49890571412084
103.09806313275058
102.21437471972702
98.43958936761179
97.17358769552033
94.86999037033537
95.10799644139567
94.3450336187891
94.59276946320692
94.7256351106314
95.075712898738
94.65797699589064
