6
2
c
106.63813043557205
105.45337722090785
106.4086783683577
106.54424416156952
107.96778436038565
106.61703673784756
106.85812456279263
105.74578432241657
101.91465172762666
94.62415447276067
86.27702870877928
80.1937336138439
71.78421160391606
58.88729406354379
50.394918660015556
38.67557464034317
37.253462357473396
35.722846066731535
35.806457037561316
34.548235247348515
35.74820166578452
34.537328480400944
34.721156916834175
34.74393652229509
34.244386702941576
33.45516460323351
31.458266058072102
27.398389058079236
25.742726341399884
24.91986491095323
25.351142490213164
23.693230333922827
24.748321549367358
25.69184645232953
27.90996952189016
29.93565939141803
31.05349193184155
31.89504058597994
30.87794747482583
32.68754647145462
33.029479522331876
33.00608596917508
33.62153256881138
34.05332314064658
35.23359411212662
36.92436723565566
40.158176988342426
42.48662714896341
44.56551476350932
46.46117613878192
47.738289022973355
48.85386236921135
49.479748156417934
52.28139818586683
52.980927246685646
55.087192384780444
58.4062933617122
64.11577828211314
70.49892049185334
75.50280587976117
82.47489214424081
90.81333856046152
97.54455318393019
107.66285777019925
112.6452670728345
113.35669995611725
114.29048997214007
115.08395469602624
116.0272857804431
117.01469748375939
118.46897436233179
118.97612040268187
118.4898226142565
121.16874438092832
123.42884837790432
124.16128738477141
126.07786935288557
127.25806249254465
129.4046483403755
130.1038023958821
135.19199749668434
138.3723417811622
146.48149500034842
151.22467446347613
157.1359670734684
170.5058275073354
179.12487460373237
189.5710214883712
188.77460401879028
189.14222099595494
188.99006619108846
187.98682605730164
187.94423866494657
188.64943543768672
188.96801780871496
188.57185619370964
189.09394127660974
189.4163071243066
189.14611557404032
189.32490500516846
189.49411857576112
189.83044278512267
190.7025729795232
191.58077307244736
192.95611492051296
194.38312632611974
198.0810664491638
201.6322899345611
205.5277436892945
209.52900302498458
212.4022626735854
217.47760066589797
220.9661454812146
224.23844290544463
224.8723343955349
225.3558808999549
222.93632273841519
221.87636067885643
220.07825592318244
218.44177317778147
215.62392788770865
215.35450459976806
214.86356893402228
213.24853520751364
213.0237292804932
213.20512827712216
211.96308508454112
212.0698011343744
210.41589546749788
209.54041064968058
207.7741357083267
207.81540907906702
205.42076896671696
203.88771720020475
201.06222105580926
198.95575055958923
196.49287368994632
194.1098940453287
192.44297816073743
192.8595143018155
195.19586770038697
199.2158236975909
206.82444135262838
210.90620353097523
215.66113468048806
219.27601661866433
221.99977626655982
224.51145026837472
227.52266920125297
231.56964996334574
233.13153820913217
234.37078962298398
239.80044752047317
244.75918616550445
251.65604587640541
256.93699308755765
263.852209694247
271.6774616434342
279.31262131819835
290.81802026855416
298.8166217470801
304.71202565716897
306.1997924759366
305.97910331254536
304.01831159232415
301.52025392726307
298.0314225140501
294.1513480190468
291.35572208559915
290.84554922570624
288.8194171123835
288.12547870630056
286.1635578998503
286.0855010954005
286.10996114459624
285.2103754935588
285.7042215492553
287.5165665524359
288.6103403886384
289.8062442334451
292.07737337102407
292.515429180193
291.5436153447938
294.04366165997084
295.57581956939
296.35923827862524
296.59174752412025
296.9400723417856
294.85490421114866
294.293414691828
292.6074074952482
292.088954755227
291.4754967792341
289.8979337597237
287.56076323198187
286.34636765760547
283.3719634119553
281.6659337083161
279.8856463650805
281.504583076126
284.6598629482496
292.2267979301017
301.2394351556072
307.59203320540695
314.74126250940293
323.38625510885913
331.08733649762695
342.59702949749175
354.64153306130083
362.2859989964758
364.8695838700944
364.1235044868356
353.6297455674524
337.98169883074087
315.24645195632985
298.6653273571618
281.0677175784829
248.72411143699546
223.37576813635573
204.1654525133178
208.9650164872161
212.52026837467113
213.52700631087876
213.9163939550445
213.3362360005923
214.77975631533675
214.9351632301213
214.24936373948134
213.94345073183587
215.3309172774617
214.55536491890268
215.14546316136344
214.2138015755744
214.14018137964655
212.57772030293688
213.35911135049432
211.60639642144127
209.5293961584906
206.10169212827134
201.83014979631884
198.58314144349757
193.1658731862853
189.63614339288827
183.73103423963792
183.01182502566198
182.63030212450403
182.41374092487158
181.97569576513683
181.95468708198374
182.21339182986225
181.24648643925164
181.33274341495112
180.51954972672988
180.86412192394513
180.56286630555658
180.8331076549695
180.0950256339389
179.63920993216828
179.76084804261714
178.54981011224584
175.96000898944078
175.12960127788526
171.1019661574235
168.52091368879456
165.0961732361644
160.45078825166811
158.4647746015603
155.14982662304826
153.4798121157136
151.32519790964577
149.11761848972884
146.85814486327408
145.9295081516195
143.2270240646766
140.93841402499137
138.6680103294084
137.52124859925718
133.12704733055602
130.6123189412863
125.16372720202963
123.90976754429569
120.77714272222184
120.44188625588109
120.50963588840447
120.0798494280269
120.0121353987344
119.41828558321444
119.49063296511743
