1
4
d
7.72815949788258
6.308517669459074
6.662649163274989
6.0902616614936385
6.1795890702381815
5.738450071100289
6.058538930155776
6.085878479129358
5.312805780976893
5.579177382710215
4.666273918228554
3.968278087081999
2.9493992053922082
2.3330374661472932
1.6344245927775796
0.7560240522048589
0.5993889052509125
0.0
0.0
0.0
0.0
1.5126073118575356
4.751505959122238
7.172512031850093
8.188498480100552
11.121868295410946
13.573633762440569
16.807497289710494
18.636985423563786
20.844467519573435
22.09316965837837
22.688032686611162
19.81303201914733
17.95074247708273
14.074011849432889
11.885913386262812
9.123638958179557
6.6582627721820975
3.9991913731354747
1.2834290410621918
0.0
0.31066050902437725
0.0
1.2471200652216117
0.17928804799732714
0.0
0.0
0.06662035171352977
0.4826542991638006
2.153793454812443
0.35720145492348876
1.2272239775919926
1.687405631119855
1.6698898703454315
1.2656149009169666
2.3276321570345284
3.237116373726079
4.117183538381046
6.8029310120134365
8.833294805824629
10.956432161623507
13.016527133137664
13.547358867708203
15.21306666861304
16.046538454674682
17.523362570377135
18.627896121145533
18.972661770498036
23.07531498372031
26.752756221221546
33.619701376523956
39.76496739626991
45.67880258706796
53.001597571168865
57.566344945094926
69.32050892979048
77.26048711226092
84.10982541051575
85.42136877873949
85.99899257366783
79.88578307079972
72.51450256753373
61.30186908751963
53.30896556109267
43.08019520458079
37.25737877320315
31.501785771579
19.908071201378608
13.704785107534432
7.0222891342021265
6.204337609218371
5.9415931326877605
7.722834822330407
12.531219290866568
16.479804338174034
20.763365288594024
23.65962530212505
25.91188740603178
28.31390431221354
30.501281850356825
32.88809822174287
32.534344570319256
34.135965716898056
33.882174034239604
33.18953188734817
33.29387626158397
32.11649946669135
31.792048249790433
31.589124131421567
30.576849096561006
30.208231069644924
27.078919641789437
25.60862335282699
24.504056456896098
22.048961433557448
22.57828321848237
28.30359626362368
38.704251954447074
53.16605092537692
62.7935508588155
74.19814759663058
88.55046938372996
98.14610392159912
113.52192657747862
120.34240409183938
123.36971385760742
125.21462870435813
125.94184267439732
127.34529108600563
128.9241539830241
130.7383852742049
131.73162917136133
132.3649444863597
136.35466529776926
141.10802038322507
148.129075672518
153.18868008306353
157.99481124168568
159.02532843283655
158.3716040729666
153.65579600717854
147.60357696728394
138.04692792619426
130.4155407288744
122.29718437645728
114.50121648763258
109.03456258105304
100.78261092481414
95.08421481574698
93.16039179944022
92.72099079664318
91.50505392998663
90.22602473263676
88.83452970468849
87.05558948808722
85.09890845495754
85.0619015514052
80.3341844669608
77.58927312647458
74.04337214543074
72.1040321343248
70.20624477213963
68.45997285530059
68.67739389030702
67.6466525129662
65.819141964884
64.38911377057934
64.6760657243979
62.40214246405134
60.754557112820244
58.69137895115463
53.128762183727204
50.39375386911306
47.32184744578698
47.2869103964556
45.543300118396566
49.48529874413334
55.69420560434921
64.33118249069814
69.42909079939314
74.83635253106432
80.60840661076807
87.45524393718367
97.24176340597326
103.34481514886947
109.96652810442326
110.73961071789104
111.03315984662761
105.28343182255448
95.199002459001
84.04264775260128
74.30826038841155
62.09526572832008
53.038299694863404
45.97880398601348
32.71369371981877
22.682919645713618
14.8548771971787
13.467451072520458
14.209052878930507
17.079751939873233
23.757953883298548
30.483848619891607
36.44339376788256
44.02821702733836
48.362579566314736
52.283087522311554
58.89286610976522
63.308467777759624
67.14725948918424
67.95550631821699
68.19436147420774
64.93026668981193
61.69084868714647
55.74002877176864
50.72810420965658
47.388104089767914
44.32622903610701
38.13744099960289
31.437373185784374
27.117574427077066
23.245438125352997
21.447035480742443
21.331796370971922
28.46962886474767
38.587752493192454
53.57787992993817
64.42500267718391
77.96894635714817
87.73504443182772
98.83439379391234
113.93906010991937
126.6639509888077
134.796061603518
138.19704637271144
137.6380799298826
133.44612967772787
127.4222595517006
119.55845297828273
112.50979591338515
105.89389900230094
103.41772530303362
100.86740372608052
99.07141668602507
96.36077124072794
95.3214667755205
92.99044056359266
91.90978018116799
84.78938607314265
79.77797960144335
69.9603261390491
61.87063012116775
52.69993109819591
42.90491045422289
33.717611196504016
20.93772646426275
10.496053071377423
2.2284241574564394
1.1295595511451377
0.6391490430402249
2.22323554697447
5.253948892779638
8.054720315161985
11.571355792310872
14.566165300318302
14.358365447635366
14.99942423837771
14.138936852744246
13.684890427019523
13.945072204823758
14.59561518514182
13.880307930331064
14.384029922177444
14.768903210235113
14.862067188286595
16.072148859570248
15.72560663737209
15.397615770925063
16.7296778462772
16.629595668862297
17.30654685003537
17.044612880577
17.650848099084804
18.630446582812922
17.441997447820512
16.86270952290022
17.44568517684244
17.054702980675874
