6
11
e
186.58410064140722
186.7982488018523
186.73807099370518
186.4529313442844
186.3984172682401
186.57795788481684
187.33388361332607
185.36790717922653
180.75915257380265
172.4297880390545
160.409010169879
152.40856076999816
142.65174914472766
131.5573238707687
122.35979914512384
107.58061206120033
97.29197231234313
90.06212143182343
87.62373367897231
87.86683487060068
89.53319375726402
95.15150701979346
100.1325957744257
103.63888123040283
108.68561758431922
111.18768709783936
111.40247102464363
113.21654895751325
115.97298158313744
115.43644119668075
116.71868634179543
115.79345597227599
116.74368566955809
117.37552105757975
118.3606468232848
117.51914835660455
117.19175258387077
118.00312153875822
119.64908937320357
120.86402004210258
121.21866529376739
122.18627723857752
122.2555775651229
122.04924825701993
121.57010510050605
121.41999292878359
121.5841719364772
121.26636795342802
120.60970362408688
120.92681421346425
121.51179281666366
121.19602989823457
121.82384548417103
120.72064999284332
121.55902046476284
121.8467101197181
121.30871535143007
121.72297608231318
120.53940506426545
120.40805685199325
120.99858475606788
121.08422663895348
119.78984413717322
119.30033023387898
118.78250700517201
118.48605143993592
117.23890921159807
116.79336789745538
120.3629470351198
123.87893536566446
128.19844677335135
131.92431027101475
136.01794676342124
142.11634696246335
146.90222981887112
153.68660039328145
153.28093176541876
153.2580481641635
154.4292453006948
153.57581557301347
153.73514958651376
154.2731870938211
154.02079126610766
154.34116640861254
154.62128449827864
154.3352244817008
155.04526988257888
154.19757043827875
153.70429623989526
154.77791251385278
155.17726194883318
155.21273605171262
158.2339732774207
158.74165784198715
169.34241055995676
180.7622216082316
192.87028459547807
202.51512098740548
210.629212240659
224.13521991904912
234.09492334091593
241.33229058544308
243.36202112388156
243.23983071147043
241.61223924439497
238.40757816824183
235.51078231403653
232.48074859780544
230.7558696827335
229.67731379379435
231.09298055396096
230.72900329393119
231.97444752595632
231.99712538460727
231.9691065204693
231.65494508758297
231.44354361565658
228.35256755779503
223.70709652766917
221.4160118283948
218.1127362917085
214.6867895328665
211.77694218701038
207.5576997808733
203.76348420878298
202.49178035919164
201.8312380027128
202.04975859012447
202.41118334559664
203.08433830402902
203.79311371171426
204.7640512831977
205.27113134062967
205.5214364465243
205.14003667873675
203.9813869683426
203.4583614511292
202.6362995138816
202.00375116274094
202.07815994366223
204.7729965464109
209.44004991082568
214.6123186072526
218.34389456826491
222.98963815980886
229.5635452088567
233.86041550094512
240.29747918661513
246.61762125343736
249.71114058177704
252.134408798393
251.85921643022
247.78161999535422
244.08385734812748
237.70244522966
232.27259111735685
227.23348486494018
221.83977219576914
217.9151383138072
211.6585858829203
207.20464664515677
202.98273413467123
202.89982962811212
203.40547301497713
205.53116738264626
211.1327672695348
218.6364719393879
223.76194552032902
229.58131875590675
234.0357728980478
237.27867177105617
241.66014979303782
244.58615903398155
248.98698621612257
250.01489546879424
251.26025309492758
255.3483871861722
257.6259593715975
262.691128964775
265.48280683956557
268.30349623031645
274.97196410175843
279.18359219418187
288.5172244519554
293.7806819190393
297.5617762452281
299.0793008009998
299.834940529762
296.67968679517975
294.4170942106774
290.7267208323677
287.42204697750435
284.32199233379157
281.92989963013827
280.8457782277618
277.49899924090545
274.8211924137743
273.79308104526996
272.39311041233213
272.8048998824659
275.1481143293673
279.0989512621441
285.4188726900855
289.0433803222521
293.99527475131083
297.1423358385004
300.71806331878366
306.5645731317952
310.93067233864554
313.3839654911089
314.32791670384626
314.2122896319036
313.2297442026495
310.98409793296423
309.48186976127687
307.50852639249285
305.4667904471879
305.9312704820405
304.3475723281403
304.91001355781816
306.51957049282316
304.4408451466854
303.13462681702424
303.186485750122
301.10327271601295
299.55506884132683
294.81128049802294
289.8620392944229
283.6740504225651
278.12798644913124
273.7106680363246
267.6769073216226
264.77261830905746
262.230408544852
262.0847554617187
262.3809341983002
261.9108958853912
261.17062675050926
260.76662219580925
260.19418960265523
260.76221737920343
259.0402327722119
257.6965707578478
256.45085908628727
255.1655649161104
253.19867285111232
253.9224976671525
253.268014812766
252.37464762346795
251.25271499721887
250.28772018223944
249.8626365743457
247.7562101929924
246.7202316843489
244.44173161845478
242.79573609825835
241.0116704810295
239.67227826123994
239.21008119144815
239.35222586657602
239.90019723288094
240.64867848566087
240.30789932300235
240.89174652146295
241.68777391324267
242.74661205137454
243.16255980715158
243.2295444866238
244.1159514075429
245.142737641549
245.73332736996892
246.07807712666153
243.09219787215267
238.27144310710386
233.8037952941198
228.8953842515632
222.9765343601114
219.08565151247143
214.86112721971023
209.7708870844846
205.6145959219599
201.80546079514664
201.161426664429
201.1828471519878
201.1682570471135
201.7033772122171
201.15257545503516
200.95262714922885
