3
7
e
94.8841775414731
94.95516002109389
95.50388371610597
95.59190543181894
96.26699203081992
95.02029769024277
95.75766580317573
95.05397687122799
91.1185406721914
83.69979502532823
73.37748934837941
67.43760159975743
58.57554249544338
49.905068377590574
41.44019601663758
28.261320731268416
21.06245489327067
13.897186411242416
12.917885523162388
12.808163960322013
14.491916413211845
16.46571657005674
19.450422632573737
21.84493757700646
24.392493969591857
25.194110100483194
23.50528480030008
23.60221181362862
23.627083589453616
23.007781864752893
22.80362701239706
22.80144517082043
24.006599972525365
26.18973295855609
28.832312474555206
30.958130289753232
33.38856982696065
35.50244701063368
37.392433314004506
41.03613133099158
43.20044583595264
46.05441458395343
46.56772172311186
46.39449372070455
45.05662487847174
45.024292856553764
42.56484074476302
40.5913220105847
39.37977724334837
38.617249047151915
35.761500291477105
33.699479218821295
30.95141998325605
27.69301205801577
27.10096295001967
26.068524431866674
33.53164219930482
42.773190096379885
57.148423912441466
68.4234392199876
79.52157120360343
95.92458845116369
108.96705912374065
126.9927067038874
127.13610250094241
129.47097733706124
129.8003568098907
130.41500184759758
129.45304059868874
130.07703569422347
130.87917320204235
131.0158087839719
129.86248326414093
132.6791146521721
134.12693915308606
135.2731765933433
137.136120408213
138.330528704524
139.58533411351792
140.22604734731615
144.46651261961642
146.55826846133806
151.9728472760599
157.2597813253004
160.8968406759937
167.34572010224508
171.40813519094417
180.34582671893853
185.2812610449697
189.76842357097746
190.44806684931942
190.931199550995
190.06469858646025
188.88697966225453
186.17236142800408
184.29598346438038
182.69798386172403
183.17678121601458
182.84036818222185
181.94885110410206
181.4003100388072
180.35776962110296
180.10507210105206
180.9731021027214
182.22522175639156
185.22130950921436
189.68420307494566
191.18899769329323
195.04325365369436
198.37894129357
201.4402631500973
206.47564492029113
210.54339567858472
213.46022345280977
214.68822407196933
213.77594600623368
212.63788336571727
208.04650726216767
202.71131513426556
198.5279455328915
194.1996066000736
193.05769964575248
189.01053479324975
183.80300846163163
178.9432422659009
176.02889505807883
176.1800342412628
175.7929063666417
178.46584926340415
183.42264069826027
190.44831816391195
195.73419033134152
201.0517898506614
208.58982161238043
214.47154502652106
221.89793962743965
222.08597758096872
222.67213177182973
222.1265388067506
222.85178257890294
222.69660050830294
221.99202297911702
222.891228902151
222.5043943007621
223.4779576767677
222.9554442605305
222.6146196788066
224.24802332164947
223.93278721265082
223.9482069087971
224.07081245970986
224.97205835346867
226.47521206268365
228.88745426491167
235.37511686934428
239.6879613804944
247.03218151196498
254.3162323470078
258.4577716155331
266.0691587908464
270.67311362507684
271.86121857377555
271.8279901920998
273.37445401617015
274.1331649222267
274.136658872645
275.24343220958576
275.4472796772092
277.463752203527
279.6075959931517
280.54771581910717
282.5670927274511
282.14324080237105
284.770999370906
286.225303789287
287.94282090711897
289.3097147049695
293.64562613896277
297.35074874636234
300.88472300046504
305.2719987343122
309.2575264917569
313.26324298221664
320.69087357094753
326.3362503786404
329.65562037983716
330.5594855954808
330.0116179926044
328.81407158642025
327.0907348723711
324.84140161748184
322.64792785367825
319.97681551513307
318.54940305157663
319.3802429645796
317.7649694420252
317.43728292313284
316.22592995076036
316.03874803913567
315.5474196626095
316.2323339909774
317.191880978668
315.67072007434507
317.2732484737885
317.6338412559124
317.2248582851283
317.652637815949
318.2486910684103
318.43656469272446
319.8576985428167
320.42837567188207
318.8906552908212
316.9464493952707
315.29920836606436
311.10614686528226
308.6420819225233
305.21626824382105
302.0994827721476
302.3575162936039
299.7580860777598
298.6309534810882
297.7209759557549
295.2467554504787
292.50229168422317
287.85672581659077
282.1292962495419
270.30175900113613
261.86334117649017
249.24626281071343
233.62447173486544
223.48612110979326
206.69108181786723
203.57649709998606
199.56021857651422
200.2584153216557
198.8954158939126
195.8359115695551
197.60331155357812
197.15972334065856
197.27939429803473
195.81066416487587
191.8817727417677
189.6687878795456
184.51506673369119
181.00039375714607
177.74925652941226
177.06398122462417
178.04983788693661
178.7655096954773
181.03768195636448
184.7898525179754
186.92462874447472
189.3371341134165
192.16537486056782
193.37278630880334
195.33150308143374
197.8944001035619
199.41943755235414
200.36784470635547
199.59063175183397
197.18256366875627
194.59582135106166
189.1382559539884
186.6056641709078
182.8457711532778
178.81629577861835
176.26087423424582
172.53845098314514
170.70071063932588
168.68922275643857
167.90453200891423
167.3654491872188
167.958950775055
166.9336937992156
166.41559706710314
165.52760337762749
165.25969564036873
163.00784773509088
161.59554878376147
159.0626135035979
159.36643180613672
156.84142790827931
156.24956039476163
157.24096662992682
157.70776938325602
157.79092711944287
156.8084800764642
157.33867932822102
