5
1
c
174.29022656636943
174.7113032513562
174.92865064933275
174.70710853442594
173.98185751478965
175.20999031858256
174.44510378541597
174.62849033595995
168.67678842486987
159.24823549182602
148.34176597577937
139.66985308639872
130.0269986472174
118.63269358038144
108.51741338704615
93.68624270416855
82.4317540794903
74.14143992163424
72.05933861570944
72.38559078969327
74.95240114625683
79.29529197787734
82.63386991693082
87.1571848702234
90.39608916920068
91.1546221707867
91.2999861358646
92.49464867071643
92.29685077552645
93.20796788822344
93.98451144816997
94.84447617909223
94.45754793600113
96.15790692405874
97.63980218097629
97.66929032917253
99.89438324605898
101.24957928814743
102.3435517435385
104.72835121870608
106.00627995127488
107.95828908522451
107.4149575964582
107.52634780393367
106.68694508822497
106.18119407854813
105.37311908642812
103.75435721730774
102.43381045295645
101.2460538448192
100.28571863772521
100.49673017426099
99.97321697536319
99.46716412746517
99.07510738200456
99.13823534090746
97.83007988677693
97.74406110324799
97.14761252570227
97.4188301489787
96.29509542809518
95.73775937989207
93.15205921051752
91.13440912102979
88.69833675942476
88.1152928736553
86.43775380963007
85.79335137476137
90.93701273749112
97.52453806693359
108.6617429270094
114.36884305193702
123.06676789116189
127.9981751505664
134.32991380112765
139.9068495183767
144.9261818164665
150.2804080429766
153.92425483020236
157.89768306494787
164.66135310323156
170.09861774360635
178.1555263445746
184.52834888190216
192.17254972339407
203.10808848648182
213.3007271099359
228.72784044154474
238.36652148230522
246.85541318587795
248.32180321540397
249.2074946644326
247.160527820206
243.3636894854701
238.50742510571476
234.23776735587143
230.50334213070252
231.254641669564
230.5243221839373
231.9377986006154
230.45391578803125
231.29658477484696
230.34719401771187
229.32663260476164
227.5352863792521
225.21428195466765
217.87005676625316
207.3777418762668
195.97827019364988
187.63479719450237
179.5675076573741
168.386802856837
159.3240223509173
152.52338065794714
150.47184266850672
151.44208395743635
154.16980215027962
157.81306882261939
162.2510360306142
165.01577852634745
168.78733424553874
171.10240096332132
173.19356439902148
174.5345421749614
176.11103155637022
176.33371046736264
176.35881123099108
177.22235438752736
177.57658697650973
177.2762503034655
177.39281423886274
178.13222083798044
177.04021758501287
179.12508107601647
178.5702637108204
179.47619884197863
178.9504170678764
179.2125811040396
180.32972541445287
179.82994376652675
182.54900715021105
184.1655250902592
188.89113229924462
194.04415587757927
199.0219661775709
203.44087873651833
207.082944345514
213.13325278291774
218.28154674677907
222.55037447772216
222.30214602829744
222.17847783777296
221.72209562417746
220.8306473912545
218.88246432904458
217.25053158908779
216.71738925862041
215.7394591165411
214.30177779786592
214.05144428834186
212.97546871578118
211.36446571014935
210.7763029656396
211.15342986645865
215.67437230347917
220.80006587058577
229.4741574960116
235.79633888817386
242.3290463696029
249.70763212967006
255.7278563784628
265.33530668641384
272.99014783233713
277.75555370371876
279.4642631590591
279.0130682148722
277.6634178593169
274.6573045958854
271.7832948655918
269.39860489461984
266.1622538706454
265.4846606283662
265.7185194034147
263.80117179920654
264.6334840943961
263.00330772463957
263.77098684989346
262.86601354070353
261.8015675630518
261.1389852923529
259.7794445704861
258.6448198049041
257.1773710544727
256.54758953634496
256.0259608080531
255.31088318413873
254.14866863322382
252.7585549028881
252.37738733893232
252.00311185762726
249.1796544209256
245.93355608843913
243.58338003340006
239.7839173498071
236.3972285034671
233.20311058344438
228.43005935067066
222.51539341197025
217.18622753680663
212.80921350674788
212.07850786474134
211.51002166128626
216.7963493426158
223.92206890844938
233.7242515204906
240.54451601368888
248.21258927791786
254.21410334045785
262.06198098334585
272.8276357465372
279.52224656657955
285.99797293101676
287.8931391314639
288.26724953110136
284.15961957518783
278.6924742823649
270.0347711024082
263.9988154823968
257.19585242734706
254.02675851850813
249.21911247994618
245.83454752086095
241.1986282287606
238.1640099938258
236.05030203718078
235.43299181963954
233.5753613273162
231.57128286243812
230.33250596191726
227.28022974418045
224.6102187084625
221.19774800969319
217.46860896696182
214.5344305744179
211.32311942276692
207.5217425587194
208.02414245182212
206.77687903864074
204.81308613022546
205.53947391134454
204.68739132091986
202.7570087491644
201.26642923002996
199.73884763712564
196.8631508986439
192.71852860026917
188.96712775012634
187.26949299255938
187.38882193336283
186.92889703061329
189.66133516652448
194.01528101016996
199.46283052342292
204.62398529096322
210.96054903064112
214.96619559189142
219.9205114567783
226.45550526330362
233.38852857052092
237.39126425243057
238.7862469785883
239.88781322493512
235.10560574718193
228.40508812703746
219.81663653346143
212.70282099742155
205.42613539025086
198.4363105267179
193.26279973295317
186.14612660747838
181.67851139375583
177.723343431078
175.43261974534553
175.8935167240452
175.93944253773884
175.54275090092133
175.78464051340916
175.9938146398804
