2
6
d
76.75726796942747
75.12416743584305
76.15635521628757
76.29037249909477
76.34055783247737
76.22530540788978
76.09283375729908
76.02426202018616
73.4418269803705
69.67870431230925
63.565245332826024
58.549496209282474
54.12185374304907
45.32686905686571
37.646159918809246
30.12924022314702
31.13589017939591
30.193567216071422
30.29396856094584
30.253281737842624
30.528430271897125
30.4527350489085
29.863839483393008
30.904583869090857
29.77993112195881
29.131101173852763
28.12596782562913
26.627014195234278
26.72785453959971
25.6330048023442
24.770741908017023
26.088838470006685
25.36147827879499
26.246379890612136
26.82880495979602
26.364071946143905
26.788780001264595
26.96716656318819
27.57592094730252
28.454786622145782
27.00193998057292
28.032872790278404
28.12203513022562
28.715238895445868
26.87061922282104
25.50533253218335
21.85674705806288
20.44377757053565
17.65219863954854
16.282158308964988
13.98353588408974
10.70486854285381
8.155712887387292
6.150076610365906
5.268066571163905
4.648829030046893
7.282244862971212
9.664947424539767
14.527496409532604
16.242576957128495
21.00541493776791
22.68747151571689
24.706729755581918
28.63537679528124
31.81967615843481
33.18080080513164
33.45879464386371
33.76730620691197
32.85103534568789
31.911620880016397
31.405217624324738
30.097457796231673
27.77247634091954
28.423773431399958
27.874332880042783
26.248699839104116
26.371032895922294
25.359787140754115
25.293635666247592
26.00515564983067
25.982401114412742
27.42862832435802
27.97159968402105
29.078153994472306
30.23905061150912
30.972890038240134
32.318091611830354
31.496520132474856
32.411730810311255
31.974964168868958
33.194105190065855
32.8689626905543
34.429925435141335
36.25629834744931
37.81518923840901
40.453955444044944
41.15997555224152
43.313337093722254
46.7287088425061
49.031511370234064
51.76029996840642
54.33048753334487
52.96146714351724
54.51322006968254
52.91646102485137
51.9666278519642
49.84720606192811
48.01727024581584
47.04843405971285
46.4315119220531
44.671119112183206
44.96554353128446
43.49512022049979
42.30591662793407
42.62701239128561
42.820152988660226
42.431683847963605
43.270547262220596
43.760838962306266
44.35566331983569
44.87929902299321
45.76637118360098
45.70927234109807
46.217602042021234
45.08149197518346
46.84483958765138
46.90420566842505
45.8941989328796
47.04241912077911
47.71139724853079
52.720804279856395
55.955633025615384
60.24032622996236
64.58699320421836
67.07702166730147
71.37465134151746
74.64889824796315
76.19550127648851
76.03941283554397
76.41853008185596
77.83302995177102
78.50119262651201
78.58647085401697
79.64973614362327
80.34002766355171
80.84907251028011
82.10904183389431
83.0870241806655
82.06284936194541
84.0904295403787
84.65443601962546
85.6511446535537
89.51627336227516
92.69922470659021
102.48075073615144
109.31594767934692
119.0618212329132
126.04007397886103
135.1001321653855
147.15853922512542
156.74408828170306
163.94717204022183
165.64381584522766
165.54600072539426
161.53701920224424
154.9475377288366
146.2453193178802
138.5652013303283
130.2381628092866
120.43411780838663
111.68596431471695
106.07560354105216
106.73776963215091
107.6012681658196
109.27516386185519
108.66600032450162
108.09653253057438
108.98233328915605
108.59344947375853
108.91808565963807
108.03709123508689
108.90641674690563
107.22797478179325
106.2548420279645
104.4571819304214
103.59987760123548
103.65492308038789
103.3619837505019
105.79595790031536
109.36013931412577
115.37886589890363
119.4711914589746
123.56174241501036
127.43561562616958
131.12007571424388
136.24176162926702
139.7827557351782
142.20928572962603
143.17239382988186
143.6935145992082
147.2722680909681
148.29605559301564
152.05313072789068
152.70695529828726
156.42697608712254
159.05445249065224
164.46105672682256
171.24416803839307
175.85429733190838
180.66985860162552
181.00356654720386
181.14532712308107
176.389358627662
169.85989077640437
159.23687061791296
151.76384480424304
143.09823339643134
134.3653606038047
128.47920732414232
119.61428809459129
115.34290032617459
111.68531054851287
109.47072757536625
106.420041135974
105.120351664404
103.07284967775351
99.21015851370794
97.72329930337592
95.9026323233079
90.84193265868778
86.54046186999719
79.55431157530452
74.04577791044505
70.73486827606472
69.99209636254015
69.80361870657728
72.06887455123137
73.64994024249141
74.74971299412874
77.79014176431563
78.30965758906244
79.59279641175864
80.50579178016335
81.11910000126073
82.47438183050045
82.23467242663169
82.19560636347745
83.38104821895837
83.12263033487443
79.90332906265
76.32828232237208
74.01813888324017
73.01901659122296
69.79715093560127
68.03959438328282
65.90345981627115
63.398245059234654
62.209341808838346
62.10431613936645
61.07543008648841
61.902462558627086
59.63229088765263
59.95877593916452
59.48589362606319
59.920364886791
56.508890426710565
54.959478111470574
53.944017953062826
52.30079716606211
49.90058851962211
50.26836912616334
50.026025299918295
51.63325566073172
54.691285643856006
57.216107941585335
58.88745324357656
62.11348027962345
63.49252020009202
66.10572602060938
68.95002548859974
70.9518733877482
71.13073637722118
72.79731042330877
71.92398112027747
72.08807564287828
72.07606818091925
73.10147108814104
73.32086527266951
