0
9
d
111.56820899521894
113.45625718006087
112.2204267520417
112.51991203036356
112.40759726573292
112.82827622857869
112.17871418133507
112.66716323413095
106.1161859289622
98.815719090971
86.08329123556955
78.86307329092813
69.81448557495789
57.20645596087489
48.57764240112917
34.6813447147531
24.445673962531956
15.275697643385422
14.835440443910276
14.97492552469659
16.75307115963668
18.826810296404858
22.70927583108118
25.19792196687946
29.423068053515248
28.326339473706017
27.689062754965462
26.773706116494733
27.354919326091117
26.63101711128419
26.12511883893141
27.085811603204284
28.03833387471294
29.84404202851837
34.42537566642315
35.957125616458484
38.13335337515752
42.05682415260659
44.736467257087696
49.02489133871152
51.113364523860646
54.20423970429509
55.01446488574562
55.428474359718386
54.196314948949855
52.22934462306097
50.24948912237386
47.60877273056469
46.45030171781966
45.003163600090765
42.78467849361344
39.12114801145307
36.03606032307748
33.07711669536979
31.731907639881236
31.76403356249756
39.364211259686506
50.913068950539525
68.16914542265654
78.74907451174542
92.74358195392551
113.37630771677574
127.44989453406295
147.0245573779106
148.69175259119407
150.94166565303908
151.90644574071132
151.99376844583307
152.7095892427074
152.85532879325294
153.21017593371386
152.29752895809492
154.52606535342798
155.8624291264163
156.51698054424256
158.33016868987926
160.04934922154473
162.91343963310538
163.30578284033194
164.72947702668253
168.32089137933386
173.57697850035447
178.48318122919943
184.1181527713374
189.93726171080786
195.02236354593362
201.51807992935647
210.27573757401672
217.42874464744418
222.7058033182127
223.37065708401985
222.95648605882525
222.34515994511403
220.95083748785953
219.09192163267724
216.3054849097768
214.00705305185613
213.4310392138086
214.05140503380363
213.41405163349748
212.28133004245817
210.73468573314574
211.4446936870215
211.01043285091373
213.89674531406956
216.5796238145417
222.3161851103952
225.63191614498234
228.77194204237279
232.87398338857898
236.26930171814126
242.2981452039923
247.49327166635837
249.99852645102152
250.1838302393181
250.9048856898388
247.9300972014182
244.36891538028286
238.2122710399182
234.92330656481593
229.01493336223282
225.0760165581901
221.16192618838963
215.80655146929232
210.61658347205582
206.2093005157513
204.77556673683932
205.79377312925746
208.96034489943952
215.53711944577933
222.72641259171894
229.30422099258726
235.92533124934195
245.6653964080507
253.36226277157166
259.62308646654935
261.40111339839444
260.69779455585615
260.86844642564824
260.64997725495925
260.97573063276724
260.7560491169531
260.8674090799521
260.74168960796106
260.3946968179056
260.80267462947523
262.0093649849107
260.8685104332888
261.97204897053797
261.04996623884955
262.87727916786486
263.2100876779212
265.7493381407693
267.5042688679382
274.979669332001
282.386499732161
288.8780840715197
296.9009044109336
304.2092594837788
311.41213258954133
316.10105716283215
317.9668939645971
319.3387591409485
321.7097314540208
321.2157062231279
322.4195513701737
323.61091898174084
323.77961475044543
325.0155608064237
326.72019125329393
329.29306384527814
329.70718901570757
331.83175227177077
334.7840535034902
335.3587852027127
337.44692270067304
341.14882523967856
343.9246548320913
349.591924949219
351.54219283149024
357.4961682046368
362.713679349751
368.35158162490956
375.9304957504538
382.5635361193555
386.2283892131553
386.7613202410309
387.5103152599412
385.839026371711
384.02547635815665
380.48106023265865
377.7188416797744
375.2017671878842
374.08269699681
373.20309427638773
373.0392210494371
370.62562132450756
371.1194980823884
370.1110950783766
371.4953555452156
370.59996500132587
371.34236468909177
371.13824527917706
371.63555134369903
371.82725719490577
371.53242805290967
372.2886588049269
373.53465666078006
373.62631346699015
373.71561172719356
374.4771254584831
374.4621571198297
372.63109366538083
369.46002062981574
364.95410622446457
361.17650909135745
357.79103440725964
355.7499323511399
353.49509660756104
352.58125581353414
350.5837487387232
347.90760789527224
346.9906438498599
344.6674068527194
337.93126868614814
331.2967295695268
316.93004870587544
306.36765186592856
293.200727722186
275.0289708178144
262.267003791391
242.948795144587
237.0816949651669
234.6460631858279
234.3396473866654
233.2356782372452
232.1652824910144
231.27159637975222
230.54591543394167
229.55717215528733
228.46405065661506
224.6565292726848
221.29493402218742
214.67530800141725
211.94581911365248
208.4602755985408
208.10285495238855
208.3382211675874
209.9119774666039
211.40703364866104
216.34130781858903
218.69889005992167
221.59372144610694
224.25619528289585
225.55733161647908
229.13103719113798
232.38933852962433
233.02024130589356
233.29138194858635
233.77430435957535
231.8813061373915
227.77778167536832
222.84938457858073
219.19545486819172
213.89522317729714
210.41821739305905
206.60239286959606
202.63145121891387
199.8095390071643
197.82028312933178
197.02463007146068
197.21220716370985
196.9439008123707
195.81714571373732
195.36788384209345
193.8796700705673
192.933338687366
191.61723097140532
189.14783057460028
187.2295643130548
186.1642888965425
184.57158302089576
183.96505594737292
183.34317053811978
184.64113477550868
184.33821422973423
184.1298950153258
183.98087856920063
