1
0
c
83.52407243266585
83.81971207256247
84.5814914465623
83.99750006645947
83.46475981337875
83.32088087748745
84.26578660134875
84.33242916185048
79.2525760564477
73.34263644972727
64.77330495087546
58.98548584754419
50.89517654490425
43.46088043623118
35.99131049911092
26.213859696214545
18.643571664489844
11.456372107358078
11.871638702021304
11.730045474949303
12.983774977962762
14.208620836264402
16.39928419367305
18.61743086725536
21.593148244669838
20.926071680902446
21.048225864678855
20.989039938766634
19.223276267956287
20.24896683553898
20.250216996019056
19.045500947092695
21.066820583731886
22.36448170064655
25.122911782607705
27.520200043914773
29.33071125246601
31.06507317255526
32.55770144932688
36.42778605741331
40.058859425974376
40.64396756887399
40.666945465856394
40.84821155663011
39.3410072459999
39.13526369604248
38.19937481412853
36.28793594408217
34.626248500972785
33.50238847596494
31.937216329524908
29.838146628217473
26.178424934688167
24.930351099075423
23.81548174790125
23.090727219034356
29.70261205018734
38.225455384973706
49.935803010505516
58.954747880616985
69.38093543411175
84.39397762415288
94.58339556563891
110.79404426411939
111.34296939291129
113.7821084402085
113.8677570120824
114.06335543040773
114.34888175194959
115.17618406505964
114.1965088914379
114.58505508073233
115.35962658603874
116.16559726836392
118.54785837007812
118.71253925575822
119.24803988427
120.25112830851323
121.88766225070769
123.16351051417101
126.78662919049277
130.20113505923405
133.4424365126428
138.1885737462823
141.1899855192307
147.24329445884058
151.79767825399134
157.61560966667992
162.7572380668182
167.07791659169783
168.07887045995145
167.78390616536524
167.28683324719924
164.8249146643192
163.56442100694886
162.37972997961714
159.99016498947864
160.58142601494427
159.34806351975107
159.0179334064037
158.30681354624065
158.9470538034474
158.0915430135296
158.62810386374673
160.5240338471586
162.09472431348954
165.14456479997463
167.40629598381932
171.52560920204508
173.68174472158515
177.02267756111593
180.86202186649726
184.870525348829
187.16520794467164
187.1495875820939
187.16921646864918
185.5373799910931
182.37306545668835
177.75044366245805
175.36395189205263
171.11237179799147
168.47089994165148
166.13535392323638
160.35842788069405
158.1014463493819
153.7452789793787
152.53641674626977
153.8457501652937
155.82527705727574
160.837479701333
166.582702954812
171.12718350523969
176.91380339677448
184.49181961413404
188.95642489385017
194.62515117473933
194.44587186310994
195.1873677147791
194.578692782367
194.23011520272743
195.80938538575427
195.43729746581764
195.6633814624616
195.65369608579564
196.2779913631191
195.03641316728334
194.87981366641918
196.2607620557953
195.86560960719763
197.4910583466459
196.39130000236747
197.16589889416227
199.2272980083172
200.35312211102172
204.7772215952085
210.11909574105772
217.71847064834483
222.86589101523015
226.0802831890413
234.1975627590328
236.2010249271318
237.65167031670543
238.85725002087958
239.56184532974407
239.75374659544414
241.98264067314025
241.66004676670877
243.14613837654366
243.94695312169364
244.37681138832107
245.63299658258836
248.14615264370113
248.40985340988232
249.90610892601808
251.05921676864943
252.09546119808485
255.4966116004603
258.18542700291437
260.73786114731854
263.9340093910865
268.6067770121169
271.2562606714612
276.1100198330891
280.971015136702
286.376731192628
289.1553686210135
288.7118595592293
289.8834265584557
288.570056776442
286.3824046240829
284.28821997298826
282.4171830982154
281.07449648664925
280.00611128914727
279.5174709296692
279.60375320931513
277.52299934056975
278.0404727652208
277.29941838115803
277.29285964278597
277.16110974065003
278.00116434693587
277.2081752403215
278.32289935776043
277.9348333516769
278.851047516297
278.45518479598013
279.15243880836067
279.47024806815364
280.5120573522575
280.3335524319299
280.8707405471885
278.7193125798986
276.06430109617423
273.0754187708108
270.2126795684704
267.9119979052351
265.5896555402194
264.6059660308695
264.0475463582709
262.22764388470404
260.9448649128904
258.6608943639137
258.2209899203245
252.76043400362033
246.8072385412704
237.40246384035203
229.95199699545307
219.03895328554174
206.2195974858959
195.58938602893625
181.68229268548802
177.3478847446972
175.76536453502706
174.97004511910382
174.5562477433957
173.13890226769345
173.51376428244404
171.61942320050787
171.77190810591281
170.62195641048788
169.02113531228915
165.65174520958882
161.51341211555587
158.33095552322152
156.50390108455332
155.87499442290957
154.60361571248666
156.9624089155039
158.69726849176044
160.67694938915022
163.41918527344313
165.8646841577267
167.37793619067475
168.66493977428297
172.26678372699308
173.1157405224859
174.88594620591718
176.0793496238113
175.4499419173285
173.73656795819423
170.9198338704097
165.97528856673875
164.2095483538485
160.81594981325384
157.04605900100438
154.6514759043962
151.78025855398909
149.35113603747138
147.20794110042144
148.40118340615476
146.77053935248418
147.2536130737576
145.76226420257544
146.00614742227992
145.4186770330931
143.51471937660676
142.70911227558844
141.09046250000114
139.5351359579329
139.06332542359925
137.72717985862522
137.76784999014458
137.242039307146
138.17175830080413
137.51062464922157
137.42291126153637
137.71636278302952
