0
1
c
54.66880194070107
54.7555541585507
53.88413704994081
53.96723257010203
55.04371877439383
54.316590600656625
55.311097768300876
54.22384747298919
52.452590959538185
49.68456301617151
44.671770280720544
41.48439732982101
37.128909208097056
30.957997150926882
26.738235116319185
20.50672695978479
19.019595378406013
18.03440406275271
17.960823846338087
17.79369262473539
16.6976070247864
17.600314780646396
17.937571470802865
17.358711204047676
17.637041629935535
16.102432835041995
16.230617614060822
14.304007774095197
13.463049809739864
13.23733222225258
12.571987699121376
12.851671063741824
12.877034544741626
13.703526367683258
14.406812566617745
14.996854079011264
15.426938616998589
15.904127447362443
17.178105481137575
16.86812984027788
16.489535021012205
17.108921612906865
17.040706264411146
16.420598056285172
17.24093554706396
19.03707307853867
20.601264601265008
21.310686799379372
22.751004949750715
24.09838207155062
24.60367539222181
25.436668710835022
25.23503181416642
26.584449965703627
27.051349516109706
28.41139436368587
30.535428441131273
32.934340024956356
35.847844341089605
38.663711632789514
41.39995103383116
45.733442079797534
49.61846147007217
54.33685281093447
57.7742768938913
59.65085119544148
58.64999549727812
59.84563053667422
59.987381776776594
60.16062555087765
60.99380468370614
61.197517839331965
61.54090707903078
62.69088800236635
62.860064472169334
63.524782588228945
64.19527349565408
65.26777365056662
65.56310841976507
66.66043083543308
68.14314182355804
70.56586279605911
73.82601361746217
76.64660221067622
80.70954243948886
87.1660995921683
92.2541396354254
97.71153553514036
96.55385325876765
97.8246374582165
95.58191720949152
96.48972919247868
96.40272369874818
96.53660635558191
97.17212173891942
95.47848515195933
97.50050373939162
96.63284495974517
95.94901596211474
97.5948646060812
97.78775977540568
97.0685741804892
97.37085615988033
97.71294364916136
98.1505671973
99.22407004688945
102.01162659943175
103.72076622490844
104.57892932672239
106.3155386583074
108.1724993829687
110.51389353013855
112.50680585782396
115.18736146263126
114.92916931341469
114.33087431878342
113.84112259698595
113.87847450071571
112.51926313081378
111.21192306133247
111.27819519571634
109.35042703541573
110.57922025796215
108.64927205538329
109.72390594303066
109.71721393638971
107.65363563530941
108.19560978623429
107.91325347338548
107.1233128476098
106.2936260362918
105.70794631135851
104.99986640065246
104.50506092323646
102.93829179430179
101.61524367557081
100.43564941734019
98.5679865210307
98.65953629626442
98.62079076084953
100.61239867155804
100.87746958637261
104.1366200215807
107.33921700394181
110.10009836729539
111.60982167411227
113.86108364691665
115.76951502306835
116.30229762304107
118.54511317654699
118.55852496159322
119.40847852477008
122.55745181389119
125.41364776171552
129.02324533829116
130.88283502114052
134.6282502373895
138.72600166426236
142.2483479635217
148.22424367371485
152.59000579574393
155.24251757970399
156.50972632061215
155.63943759065265
155.72833986799654
154.4865173873901
152.24368567632442
149.77828312815356
148.83251893984416
148.9032112651133
148.75513099374157
147.70838077256496
147.149445615105
145.9546420316595
146.20690366585657
146.68989094884617
146.02200269909017
146.51171736410208
146.9586494716875
147.57872590465266
147.72726819199028
148.7875853888607
149.5008047888672
150.26173778869128
150.6569090976596
150.75444249620475
151.4567611166756
152.05322997837658
151.9180708360163
150.6166237871342
149.87816373804213
148.9351114638681
148.85937833616183
148.29074821933187
147.0869833421767
145.4999585260874
144.2136931141707
143.0956593931103
143.71358943462369
143.89816183541362
146.46577801975278
148.26935390264453
154.07858490914734
156.57669641834843
160.54404326836374
164.20240906931852
168.55760501570282
175.57358278236504
180.51681916197623
185.3104778666236
186.0569982556146
185.72634756396195
181.55982480288986
173.14694496377905
160.87397950580564
152.60249806451336
143.22990306483982
127.1818618355263
114.38811547748561
105.78844786958517
106.11296770944195
108.25533126710032
107.71471034406449
109.74278741182934
109.47481964664306
110.05982101943603
108.46848939039157
109.6059580547686
110.04320215514072
109.48507849396569
110.62543387097868
109.20812950572677
110.09412771868033
109.96013039041102
109.58577892459385
107.95255056010473
108.04909980036268
107.02064093290596
105.36151260443631
103.35196676835537
101.86455025421046
99.35973871501129
97.14328606963984
94.78975288579043
93.81468726535233
92.59511009220101
92.92039126913762
92.7048481907843
93.1418657577136
93.61450514878187
93.46718243103709
92.62946338448242
93.40755865844955
93.07552029520352
92.87401043345258
92.22278944662231
91.56185286217386
91.06444610435832
92.12343702404837
90.6814647375862
89.56260324424842
88.04767488310293
88.07175280336992
86.06344114697029
84.7359551923455
81.44043942078044
80.7305509138696
78.6041622160383
77.27861156816932
76.4868902150732
76.38659946383147
75.99704743629574
74.9490077629079
72.59463666135827
72.78913090347572
71.43641201744367
70.12647392745413
66.8445243241909
66.27654628473924
64.54466984058917
62.59679327494359
62.02519135404651
61.07026525901504
61.79496991787922
60.70129876818378
61.92674806244963
61.33472725215644
60.55144693545322
