4
1
d
103.63260402330849
102.45949731288377
101.85131436893174
103.70719162043532
103.19279014253988
102.10543637369393
102.74487961007002
101.26635891944308
96.75252580277792
90.74188516622213
79.02911264746953
72.76259804047045
62.610038118024214
52.45660447669011
44.569507145442
31.380292147042855
22.133635488867068
15.551964704074154
12.779274047746457
12.955814354459202
14.73769058322321
17.896137532654464
20.959074833096675
24.15247499199323
26.280567741428047
26.169744081750643
25.47943620498978
24.807002253447727
24.5093968182764
23.620799893613487
23.432210136985876
24.097623805833045
24.999010755076778
27.46249133109133
31.03129804128964
32.416873151986366
36.13146607580028
38.63704304528057
41.13639356454362
44.72082959649981
48.584214144678924
49.35948015296748
49.79965740780999
49.63727008415279
49.98239883504521
47.1993887651238
45.23872876576023
44.05377198186303
43.17316744233031
41.531752294199386
38.890357258223105
36.599410886439856
32.535793373283944
30.80086337878988
29.50314559093049
28.788781466378126
37.30500549665995
45.71937983194246
61.69828364488466
72.07219238633907
85.0840559438614
103.06961356855224
116.77355872545716
135.34028893613544
136.63733020548764
138.15421422041095
138.6772690527198
139.60212779778254
139.44905077344404
139.83656534814028
140.40624063150295
140.61531283117543
140.7946498509919
142.82350529241512
145.45938153763026
144.45320982599654
145.78539514275244
148.248619391776
149.09274153919017
151.7243403690825
154.56315649196185
158.1746063311924
164.14228299513854
167.90026541517312
172.98701266990764
179.59637652874406
185.44015733966415
193.5988568213774
199.06204069279403
203.65191736799522
204.37010516961547
204.56336326553864
203.9392026369693
202.01964250215966
199.86352446433835
197.88876784145987
197.55881809068163
196.4486140683877
196.4514035137763
194.34264430900578
194.38345269889965
194.05034336841976
194.02236307704155
193.3861946763171
196.32860820001753
198.5616425910329
202.82392739621582
206.13016690168223
209.79581914387245
212.3309487051339
216.6383723381596
221.5847443214007
225.98555807213594
229.59676326603824
229.30028437090172
230.157083311898
227.44442429518278
223.78083023550343
218.33725267971636
214.48591029555695
209.7430960703948
206.2584838599492
202.32567401290703
196.4387209605392
192.8206331326913
189.47559034211196
188.09612106671696
187.85582326336026
191.66070656023012
196.44776251011257
202.97580469088413
209.79783472372458
216.01066258989542
224.48937252762025
230.5079870954051
237.19920224923752
238.57728171424057
238.07954173442943
237.9458410041623
238.59710187013204
239.15812578402938
238.84643628137937
239.5989636742291
239.28088866998067
238.92559204760863
239.49248174974895
239.40735528584514
239.56801134276486
240.02880275257942
239.90100433399
241.47927626082333
240.47234354768696
244.15156159345776
246.798985063913
251.90895121855021
258.2682986797772
264.9588962856866
271.8198264127161
277.64680330550607
285.6594710781871
289.2999006839509
291.90144726502575
293.11092780655696
292.72525671335086
295.33588744584046
295.411739193856
296.3625868931734
297.76305448879555
298.53651490692175
300.0290218947495
301.3126423989766
302.6532605302604
304.55468009975766
305.8958380547739
307.9915898866094
309.2920858373237
311.92655311028136
315.5134055015487
320.06375835227044
323.6580715412713
328.0501154098434
332.5447043009425
336.7915565185443
344.84904505733164
349.2189145867361
353.3101501979211
354.99250917929396
355.2477945514782
353.71854552901306
350.83577826508787
348.29166437157363
346.5308734696821
344.21205376676426
343.4391664645023
342.82859573051496
341.20609185922825
340.09387711752913
340.2323163645007
339.7342662428439
338.9893492715337
338.56335164166904
339.52602584523186
340.13365378389733
340.1850230204849
340.9814689517217
340.1137639459591
342.1779760940067
341.4434186685968
342.48703839027013
342.80313871418593
343.7949234743788
343.55331147641687
340.78139311807587
338.19316904492007
334.5043554701883
331.2485368032032
326.83267156225685
325.2220758872567
323.20015995470396
323.0988460548541
321.7109167630713
319.50229203312
316.9773814661574
314.09393561690524
309.71023433897557
302.5402451621737
290.1655384446251
280.28873883810746
267.77676037449436
251.9973715567299
239.39018512716012
222.2109798479341
218.83381967405202
214.43048714125743
214.85626966545976
213.87603335616586
212.61720762486948
212.0578999590985
211.5579689343406
209.77695154118402
209.58486201376004
205.70776951654335
202.55902552690878
197.41261303815284
193.46080155328653
191.4997952448677
191.09235431620473
190.18631935768406
192.3435009990918
194.89843973661442
197.53911265105788
199.5602267240747
203.70005295773166
205.38714684432964
206.77432530174244
209.22889096870676
211.76743979740326
213.7224302276674
214.00569799686716
215.06762265594608
211.78877170998808
208.0447843098532
203.9878391282661
200.74624380320887
196.92893892912008
192.50608619783026
190.06120175460126
185.7386334024737
183.07006614958635
180.3629952174699
180.92421873136604
181.18577219412438
180.56371748396225
178.5879716286818
179.01279237805687
177.22642291876699
176.63692119497767
175.76686395008352
173.82398552812893
171.44193401737675
169.62252073454022
168.45282154354416
169.09836940486642
169.26940638538085
169.29707143861754
169.68023150365522
169.15068103083266
168.8451628528617
