6
2
b
48.767148386424644
49.233101296989005
48.7718009882562
49.69427288782694
50.30384672350831
50.215733990200825
49.652742491845125
49.57565799718631
47.270596354127335
44.30158993527349
40.26731555204128
37.493835606710334
33.743967245484264
27.133230738324762
24.155883913516938
17.773835920409574
18.129123378351977
16.959482423704106
15.789192141045506
16.904819389599147
16.201532165418175
15.68577250303453
16.565846718751235
16.085739745558612
15.672082047897316
14.726265189220323
14.70264734753518
13.532950094145377
12.30028629926117
11.645887242887444
12.33618094080335
10.856726889744342
11.562491192595203
12.389040153488418
14.029196219843442
13.67061776527502
13.662012927824534
14.104678504358164
15.065456753365284
14.912052650106776
15.466832151539384
14.916694828226248
15.036057180339442
15.85441502065897
15.924906417664742
17.27875102166347
18.968167071958987
19.267548618290533
20.95510285788471
21.81530887740799
22.06712715751558
21.752694292738777
23.62638390583615
24.711997267977896
24.826809064390343
26.331218281524272
27.095097083220974
28.956503595471837
32.43091721424548
35.538842960773955
38.41037918777348
42.38296650841592
45.2061677897698
50.580739739096835
52.065453852274324
53.33665680433438
53.735587948074595
54.307518145882376
55.01111114280475
55.57025861162848
55.769944517033096
56.295006224965505
55.7162971986829
57.16213562169761
57.49119912368833
58.03091280673585
58.52778021800543
60.08365191717265
59.9579583646838
60.94022550766829
62.895161455331056
63.88490310396023
68.72002121680161
71.10743929857452
73.51904140484133
79.86291680713947
83.04256723727701
88.6990734627897
88.6898983024634
88.21895250038618
87.34354765508142
87.68866378567023
87.84961214145024
88.79624275446672
87.12786234442261
88.14054336085589
88.34291830028018
88.6936592783558
88.54296998379621
88.493946666166
88.54207548033229
88.05302789880304
89.48190358939918
88.90355686054995
90.1488988126394
90.15289096904755
92.98898842751986
93.95026038324745
96.71852965869778
97.71292775693101
98.93468975469585
101.59342915119278
102.47530261810543
106.00344583587031
105.39878840563628
104.76137556812476
104.68080851555234
103.64196124319784
102.34248383952178
101.38460278209597
100.85476164563497
100.27262680457058
99.66333269906872
99.48766984579167
99.78630006970978
99.24305401688649
98.77761785929228
98.83068846446248
98.78981141733396
97.02057911726577
98.0109692045318
96.02774316736833
96.26004604761918
95.34175750812574
94.19304251503975
91.99548441823855
91.00512018370871
90.103086437341
90.32224598357305
89.22111662121256
91.30671205613737
93.95268502042981
96.6220932582089
98.1787760194975
100.08589692993233
102.27093707468975
102.52823126011364
104.50611360099754
105.7304741223959
107.64981614312603
108.51043275069506
110.30235549973116
111.98809378204257
114.0513546060778
117.60774655831075
120.09225173252386
122.80252119198602
127.93983365822622
129.67025506847492
135.65287371519793
139.501849270577
142.03647630872695
143.10887454629722
142.64314199638628
142.230381157213
141.49115807503878
138.77706917290152
137.37351810043177
136.49251378384872
135.3580197156319
135.85609504260523
133.92641933397493
134.19006164874352
133.63596896225263
133.50658403524403
133.5233816286797
133.83699536663596
135.2396992945777
134.1697133696036
134.84018117712986
136.25470777209415
136.3864537268427
136.57856900020673
138.600014401031
137.95308978894033
139.03572633164816
138.55752023997582
137.90324519713587
138.74861196310653
138.90997153680448
137.34396513375643
136.48918988359827
134.3087513382508
135.4354383322691
135.0151776254423
133.98993232339106
132.29505628700315
131.27943245499583
131.2541128422809
130.3812253584043
133.23020799924424
136.3452850288733
140.43482701102363
144.09402076132648
147.4966528482644
151.48890795308012
155.1540122411598
161.14961427535764
164.9756878616531
169.20034330844476
170.6405314073922
169.59780930702814
165.78457778586122
157.61680791470565
148.26824278065234
139.68598684115943
131.3102729300372
117.0431284602866
104.13567689687291
95.6138211074679
97.07905691352401
98.32122624129396
100.23124103570142
99.8688552089989
100.53797400534405
98.77790830214195
99.48599016045083
100.06121004462098
99.80746744933145
100.79143325046994
100.48310536662261
100.61905992873001
99.99301462390422
100.09272700313076
99.55171758437376
99.11152542238834
98.15649641320115
97.04926756985337
96.46710743517083
95.00926661197465
93.34376495649089
89.48485050338245
89.00142337610049
85.92545342665944
85.63314090390247
84.89771961106825
84.78124116118659
85.62796735905854
84.79299616536213
85.50767386719794
85.23143139335107
84.97007144949433
84.76625396673518
84.43304101145715
83.51613301462088
84.2298451346478
84.3434295102824
83.73096100022975
83.97162440660787
83.8461622674237
81.1462627650377
82.47688931791558
79.35881121055446
78.037579723256
76.54258187872662
75.77264533394995
74.47641015140749
72.40023322900667
71.72538224020843
70.09612561215856
69.93873991872957
69.04958945760588
68.75241478778779
67.22887931376758
66.46199842742814
65.42115212190637
63.20373752204516
62.23631036552454
60.60216200752055
58.9331449461114
57.44057890248023
56.73532082237868
55.82876977079825
56.55971334800337
55.931896452769465
56.126719760561635
56.28525610974723
56.08540662185848
