4
7
c
128.89686497892353
129.56792118514227
129.31868533863286
129.00080437790785
128.68778097091212
129.9233492088851
128.98627469246807
129.17364357721598
126.99532457718438
123.45685104416945
119.70822425599621
116.47255052368308
112.2813572715618
107.64794098516712
104.6229470619602
98.47125872409924
97.06903105367242
94.96294571391732
94.2442135890218
93.70869645568172
92.5589834142798
92.15728433341505
91.79757146179631
91.91714059154904
90.27128744732592
89.38787760039892
87.6458296054671
86.34296452249028
85.36392237297267
83.28852225081904
82.10877609052996
82.92777373285902
80.96594744841363
79.85037560712782
79.62107139419412
78.12687332598
77.1813885727889
75.79848806718468
73.1195301419627
71.5544851471248
69.54681403742048
68.19351113136291
67.66424171989073
68.30390051789914
68.22207048325487
69.74892999467599
70.11473388896474
69.91290464556891
72.04067334470878
72.85670457993267
72.40363927235246
72.2039324026813
73.62939441275398
73.77585186330309
73.83725470439298
74.12913950436854
73.709346503341
74.56018521471071
74.91520872437765
76.85500181044873
76.38408310598143
77.93850437893299
77.52342051579558
77.83121690647513
77.99324609770463
80.40283499874293
80.70052443840152
79.78901142681497
82.00091295607197
83.04789477625768
84.83229566840434
85.4533986183078
85.95729438684411
88.3491455416678
90.07672630477924
90.2817867985968
91.30218612864192
92.91443446967095
93.64698582912729
94.04573272415945
97.24022257045584
97.81925274290539
101.31542859742848
102.45617437051713
105.88915537266578
107.95927981317008
110.76589697803331
112.79512654783693
115.2001741022988
117.05833878321387
118.23533751087436
118.65194553019288
121.23544300720627
122.69951703493231
125.82374880805828
128.68556657373196
130.8527975760068
134.51238266764435
136.28271449137353
141.01383669813197
142.92370147292496
146.16965539555497
147.69860730488645
147.338941092427
148.40833918655554
149.09152920795773
151.85367090867783
151.957505680476
153.89559985148273
158.16850707308234
159.9443839741766
163.38905335332015
165.75662438546885
165.05266051513695
166.04754444241095
166.44950931540777
166.27480315540132
167.07585771973984
166.76455586894647
167.408633022256
167.35820706885158
167.7291759364753
169.55104167610355
170.28149373568354
171.75333324461178
172.59776492826637
172.58630430941759
172.03382414609908
171.90135400021683
170.4551613206938
170.57288713733155
169.93085919122274
168.0534379653464
168.83599839456147
167.76200788428244
167.62697017261763
165.85486243367114
165.45876600290495
165.0535185658515
165.593093717693
167.1830961398652
168.38886771003877
170.32366168820099
171.68783145267196
172.3367105499082
174.77717867605165
174.41089422221364
176.64454948480767
177.8780326768295
178.7995687953407
179.73484420809862
179.86250278997503
179.11810619835745
179.27979513409315
178.84110491379886
178.15401832478292
178.77450321359643
176.94668889951404
177.82391454127242
177.72406349325558
177.1592525548772
177.69764939954
178.1000644665832
177.86039793163832
177.5132908971686
177.74028765874314
177.25741349539564
176.68306886158288
176.4956349369672
175.7395803859399
174.78178754652433
174.76260935188537
174.2979653988903
174.336527497738
174.4102585259778
173.40814546170722
172.99386321157834
173.70440541956154
172.82544691219402
171.94484010556735
170.8901846157949
170.56576880663667
168.89749663201573
168.47833265068368
167.34853335361765
166.60420702079387
168.021443486404
166.92734505263823
165.90218599570312
166.6360583039403
167.22206549728227
165.6213510874249
166.3269704412864
165.5456644570222
165.02850587260065
164.68715587884293
164.52358811521466
164.3358426588694
164.26023150462976
164.13889913516087
163.98152045574352
163.53370913791434
162.01147287863614
163.01179846538574
161.670401599775
162.02791758646046
161.93479003936736
161.44106312945476
159.6219935038039
159.53411534962507
159.49864491935313
160.58222631620015
160.35846913879737
161.2649893706142
160.0460906897526
162.3985012848157
162.3571964794376
162.46553457208543
162.64993079185976
163.28334879054893
164.4907754198211
164.11747019111434
164.8075490897042
164.44735245592693
163.9294054809069
165.68267217592575
164.38119809590026
164.56629812519597
163.70660094101117
164.89114524951952
163.65036149141426
164.78132122779033
164.06036760701565
163.19042477549527
162.85418717396323
162.89081488942193
163.3562704364449
165.15101321583415
167.82815804765457
169.86299784167957
170.3747989951436
173.543906020555
176.15702723730777
177.8890965631501
178.41469742538118
178.84365776972248
178.72481012658227
178.37817662929174
178.687852514324
178.3712495095599
178.94128690833458
179.32538966295263
179.1046721280506
179.96411015648408
180.0538429613202
181.3636676298509
180.84801220806278
181.0903211509992
182.60926668977987
181.88455241634517
181.04175726413155
180.72327052580385
178.23524292859565
179.50307018802448
178.0411821026031
176.9430306894266
176.39018204392303
176.42092712772177
175.8852257736958
175.27919986805477
174.45348046019478
174.54749637943002
172.9098983879587
171.3299374890108
167.93640047323785
166.69912033840632
164.05705651888098
161.87885938230284
159.34261259574086
155.90957644441244
154.17198885175011
152.46090973748653
151.75060134821013
151.17459494103906
151.3856826993379
152.0820934808344
151.1737498706675
151.41679523061674
