3
11
a
111.80014852004321
110.75483182115512
111.28677005311651
110.42480630049161
110.81511970742457
110.76821668014439
111.93812785293312
110.6804871282129
106.23143384200317
103.17925699545772
95.48645185461346
91.05099626064172
85.03407335266823
79.21845772204297
72.72208978245811
64.20847990772752
59.21483284221357
52.909779234559196
52.09542304473433
52.15007293454831
54.29782388612767
54.87767592071842
59.74044582472996
61.45358729974369
64.11295404767468
66.4615417339393
66.16759877507536
68.65254819536962
68.41834527122897
69.55013793523854
69.29788064106341
68.92589534111495
69.4268556250178
70.89273641765158
69.55376015061579
70.00874132437795
69.62812567669015
70.28284033361714
71.33010806321865
71.37768698067276
72.43268453472278
73.10735759407605
71.95858249509348
72.81070952046257
72.1075661268766
71.98613303789996
72.17380320576218
72.01558822667731
71.8148156431851
72.05463413877409
72.3006514428182
72.15263592885233
72.33997603071772
72.23457998495846
71.50710254827791
71.0917141327595
71.71083267422844
72.52953606122536
72.28718165495114
72.33010147334407
72.37846278597509
71.44214305269486
71.30688484340587
70.8465261084612
70.97351382228906
71.39656921510826
69.98884437095845
70.50741758866076
71.53387609370411
72.73738303460293
76.30427526527727
78.20797306348182
80.7880873360588
84.46059300201607
88.20207112358595
91.59546039086527
91.79549590708291
92.06898060891425
91.4367605174012
92.22497731892203
91.59506892412234
91.51822495668883
91.40737328982763
91.93221362625775
91.15259637464783
91.56157794671948
92.05417862578074
92.8501372375867
92.38230054886172
92.43395216299214
92.60385944262867
92.40590637763624
93.64467993673033
95.39454211713303
101.83227627001412
106.34027786683517
115.17221784601081
120.29620766781603
126.42739300572454
133.30253749460607
139.17463958592637
144.32976176609426
143.67377386777426
144.41987433808464
144.53135612939036
141.71122560087576
140.92497283047842
139.89508337815417
137.5344573741601
136.57776453161142
137.29960757409265
136.60102505283834
138.55613423528825
138.62566439349314
137.3200503921699
138.57962602438513
137.3986394332215
135.72059638489563
132.52015892417094
131.8314275694238
129.55973606953546
127.95337618174061
126.11308140305374
123.15681614608135
122.38119319209846
119.83987519520755
120.15936091853912
119.95892317031547
119.58547381863386
119.97367930322295
120.37198573635207
122.6050449365528
122.38439675262345
122.04094248112949
122.6828835172779
121.11448385079365
120.53511666170505
119.75510646806866
120.81633700116465
120.4552925641281
121.9109534977075
123.00268508552044
128.1337966647029
130.28866779848582
133.3919276586808
135.85426234027994
138.06514276750076
143.66897768016744
145.96091314251848
149.4654754985862
149.31649905360135
149.97719193465915
148.33423049112957
145.30633865293817
140.7576847111851
137.2326936186298
133.8483584577783
132.70973510865701
129.82812622031216
126.55258943512844
123.02993386761307
121.0165963630566
120.31917804478961
120.24137746944382
122.13560793338995
125.40289405114844
130.97994925910172
133.38499323401462
136.48492257460586
139.63520855104767
140.50864956057288
143.49110760433987
146.0131774591047
147.18659685171934
148.2384019314669
149.65342193022528
151.75133596890228
153.8401047174573
156.51487353025237
158.67662205935784
160.2285813675094
163.31067316989893
167.12897685186294
171.43637367386123
174.14618975356026
177.48373199732487
178.15001584964497
178.4672878507105
176.78763555757595
175.18790681746142
173.0381917769185
171.42775972476323
169.3114408362178
168.93720921964513
167.40469736444808
164.8638192334923
165.30718122273217
163.145359738526
162.78230289032157
163.13661644902612
164.73830748473142
166.72288333730523
170.12779178052207
172.45123463290997
174.9778597849702
177.33720253420918
178.78199015222827
182.88181038814642
185.10477125979426
187.02021633459978
186.7530551420686
186.80889455915866
186.63282158867258
186.15399336971154
184.29767794524818
183.64791433033756
182.25838859082143
181.38637859541356
181.93559127704611
182.14808259783302
181.29171716727794
181.45379693281265
180.42744143204982
179.95951486277903
179.10019135111878
178.60169459665926
175.30799760985082
173.05068096874766
169.14930218193535
165.7125592965048
163.05978071294953
158.91844613113815
157.6795458119242
155.30654417075294
156.68528688736495
156.6189724874737
155.46229363771843
155.92816075257224
155.9250530394522
154.25125923644845
154.83695488963167
153.53291144063863
153.25703783597282
152.82183047539655
151.48275168351537
150.47965244650413
150.85826717928694
150.31181516335658
149.97842191390458
149.62900597623633
148.80666304357268
148.6223331867184
147.86262773902212
147.06871817037828
146.14076192070436
144.82299832222787
143.20700714020734
143.23234259811696
142.50594908558094
143.72280107703713
143.08180742607905
143.08970334572413
143.60526215547165
143.4895550756369
144.38840095895532
143.84878228825193
143.0512057459359
144.8270402445908
145.91422417679402
146.01330643755236
145.67530732972395
146.27032019247144
143.8197047538264
142.96563155358612
138.89811397099908
135.58334495640565
133.61336443866202
130.55356744168182
128.2946597095586
124.67791464986034
122.16449596704948
119.65184825236179
120.0871467590929
119.83489359867642
119.92001814953237
119.75957986488096
120.27013753559773
120.26952737518513
