1
10
a
102.07345709398902
102.7971998995449
101.74570005398492
103.03671781074722
102.05087926714492
102.52655521533022
102.2551818262721
101.75167697652688
96.93466233848844
91.67508265043188
82.64036205192015
76.15249686006167
69.93466211385817
56.942472160073955
47.76948418075828
36.18186265143246
35.715947065628164
34.84641645110319
34.344321467551765
34.58485057891273
32.8042091911659
33.525896667187865
32.788861960374064
32.399089007068206
32.50376896281969
31.584956945651783
29.79618064944063
27.81199459938991
24.69913255625074
23.16892821294309
23.310782292666474
23.674496028452293
24.344045000595337
25.343314531662408
27.43323479789916
27.639861215558863
30.018091940047885
30.724481431078377
29.91415894992834
30.190353683537385
31.40830650663409
31.585817192248903
32.264422394096684
32.42635562187153
33.8979870129977
34.905332441365154
37.987677998488415
41.17057189198059
42.72579658150277
45.09925231565856
45.769915675018936
46.55030125321792
47.38206506870515
50.2394203491177
50.61859780298512
52.372366002446284
55.795695257758474
60.68119418346488
67.38916490457187
72.48492643244319
79.14376222998219
86.59104050367033
93.81022261899787
102.90785812943231
107.4085901049715
108.19965993323379
110.14195377192009
110.58970886968457
111.43123399448598
112.41437310903802
113.3465984345619
114.19828618991396
114.75239755241195
116.40258796815372
117.78438722601304
118.70058087240214
119.98477604540479
122.39234203245711
123.34689619673486
124.58314149661683
127.79514157340238
132.01648978857344
138.6820235565989
143.92196167463203
150.14901542685786
162.1023225374564
172.06117595198555
180.98360279889928
181.8743441994483
181.05857968526595
180.17367241818872
180.83985374833048
178.94773688138827
180.73365131703653
179.47779668255464
179.35197674665747
180.4653578392624
180.41976561988847
181.4881800996882
181.46748212037724
180.92129841360554
182.7411262239835
182.5259906160092
183.7386584962801
184.88391803878693
185.7301801644767
189.94552630257212
193.07586731191472
196.1987464731734
200.50136861398227
203.1352581180533
208.6757746937667
211.2729846805948
214.94833414094967
214.4312822078602
214.8474409994539
213.24290026204667
212.44498496611078
210.68336827334016
208.22801583299358
205.94537670397781
205.75811631159058
205.2524430925801
204.1901020642616
203.83671951895585
203.49361863855356
202.13011957194212
202.52101110490975
202.42998618317307
200.68808565942084
199.73700779985123
197.97672699398285
196.58307358375095
195.01641692782326
192.48518230460854
189.62645651117455
187.23964270164825
185.50430573447247
185.2649513476396
185.1803358413213
186.84690099324789
190.55508369208056
196.72931567977025
200.8360349264786
205.96612837042503
209.65697238503486
213.0066523748543
215.23894746050524
217.7345921560006
221.77538670347604
222.87015204561254
225.04130483166037
229.8544884793618
234.75559162401066
240.21970037482853
246.52162377716928
252.7278901235229
259.37125949616683
266.95512815384126
277.2625971648006
285.59944705858544
292.02647103755606
292.45676405919016
293.36644134141676
291.5192595894707
288.1417439372399
284.70028407196116
280.2048724979404
279.0445736762243
277.5829439364057
276.5861626109849
275.5521832332815
274.47255644894756
273.38327974037725
274.5952868637053
273.3887453033135
273.64925493642374
274.4663705098048
276.12705802046344
276.89145086071966
278.5425211099905
279.13823559617765
279.6730296696271
281.75167659021605
283.0380709862976
282.41139872267576
282.8688599312879
283.79900333976786
283.01723057504546
281.52919130184813
280.47870500266663
279.62384313235793
278.95133140614973
277.1203612199278
274.4574636083331
272.349611085895
272.23338923894687
270.5249135229777
268.98603320661874
268.23231890874274
273.1977353341972
278.66457831966636
287.6062867443182
293.30822351107724
302.16086267212796
308.21032335261094
316.5882276823529
329.0807031995523
338.46668102027155
346.286803745091
348.137645297794
348.5738001801682
338.81574860123175
323.64054095990815
300.9342876118253
286.104121365148
268.0889760067895
238.02070872763525
213.9497751332287
195.2365587601601
199.13964285908867
201.98561734721835
202.83506307725588
204.59612294590553
204.82285737306202
204.72126950548946
204.0789262668037
203.6572008941208
204.77451042011182
205.73905631339792
204.93676465110326
206.14630295056062
204.7613149026047
204.61783944336216
203.84831259166774
203.2779978110247
201.41430512710417
199.0401219255855
196.2807967349228
193.5638427700848
189.54875573860022
185.68774819412224
181.706965187948
175.56181990719853
175.19716446516648
174.98366528055294
175.5746629044967
173.7937169247956
174.65040212187785
173.84256531548047
173.92472860902478
174.40502497118243
174.0287417726325
173.5415056482371
172.70384126778444
172.98177877078854
172.79448430019238
171.75588898134583
170.740846273968
170.2820683132676
169.77022131615539
167.88404323593033
163.0309314861369
160.6559811282541
156.7996766636087
155.25543704066882
151.05500742023042
148.60398812923046
145.86573882765762
143.20359284964928
142.12597311129272
140.81934381724594
138.81848618705575
137.77606709225824
134.96307760018865
133.54271705848697
130.87870778241606
127.3589087032876
123.75148023420707
119.7012649173827
117.9238872212959
114.15050709363562
114.82020785050041
114.74790679918212
115.24403364579749
115.3148651571976
115.03582685840712
114.76319158394583
