9
3
d
268.4833306721599
268.43013607030076
267.9505457011431
267.42066103474633
268.12848203857027
268.3418997336072
268.01824617871233
268.18552851700144
262.4266691620187
257.3004440690443
247.07050665059134
240.92608588952325
233.5518761657207
222.2992079831201
214.503848955259
205.22700729050433
199.6047882993304
196.5606989853144
195.68529516047204
194.4311346990052
192.85565356604116
192.47931744193073
190.7038150113
189.5804291071173
187.34892197050092
185.0027459391757
181.87996687163388
178.1490862341407
175.85623584121993
173.61146543520042
171.8537866398846
171.73137873025402
168.8716755004908
166.71669811025342
164.32512585366314
163.1789459520656
160.24832943844652
156.33609443096375
152.7642474425107
147.3799397317198
143.94893664725367
139.97717419217096
139.6204925642423
140.92302192492926
142.27856855077468
143.21536908138796
145.2947643830049
147.9622632280315
148.90729975579103
151.4783491235287
149.90102043754183
152.03231195836452
151.7447333355091
152.97669453008544
153.35307199746558
152.75829104132902
154.47092114685645
154.94645857365884
155.43088493077084
158.43416511917127
159.10490878950532
161.52513311935385
162.13930044596324
163.16007497292054
164.03188811015025
165.62574488270945
166.58280933362258
167.2188110138907
169.62226171829172
171.46896504847584
174.14359886720044
177.2924655669958
180.87982621513422
183.687359169417
185.53585516728953
187.8978817077076
190.25981459500028
193.23017224944576
194.49994125049554
196.3929311910435
200.39117594215682
204.60872278601337
209.3687745839547
213.67898352609126
219.00331621471582
224.09465409192143
228.38822543160558
234.75211652335025
238.77227840389958
244.2838667071371
246.01113999386263
247.95771842835012
252.84513618300795
256.94605222572824
262.16025336154667
266.03441709793043
270.77301547939754
278.16645735308924
283.0524428265596
290.66588681444244
296.77603437132285
301.9486673313109
303.4097282466242
306.0438552029583
307.94161220299463
310.4701310644427
313.8334804805664
317.1485120205317
319.87167976880534
327.18627430918536
332.0795976977492
339.49468068291145
341.27035479200515
343.9323103363327
344.62946918689005
345.2024581638306
345.11184919030575
346.5607245960836
345.80993191229834
347.04324290431566
347.6229267487279
348.9597288643915
350.87842896104354
353.3978243529333
355.9145559267202
356.97899711833804
358.0488545115999
358.025185611337
356.05522279750227
355.5500399915868
353.78830530120183
351.799952913612
350.8179548629528
349.6081243414167
349.1485517430813
347.26690005131815
345.4766824268428
344.17841093355025
343.9504659677803
344.24592462092977
345.96167450052553
348.06435069647523
351.65460937445437
354.8270455261282
357.90974338052837
360.7076741233853
363.32522205552385
366.55179757139337
370.06694840642547
371.0421603857581
371.32521636334445
372.556256971351
370.76375170092734
370.6955356092497
369.47368098274166
369.3122098585977
368.59701618746163
368.74752981182905
368.83257664366187
369.58042637139243
367.7760352081914
369.5703930961223
368.6955620856263
369.30907407808223
369.005963537962
368.411228523724
367.2227113878708
365.301503424978
364.4005139573717
363.9935953344249
363.3609353586399
363.6198695738668
363.4131910796964
361.68403924109225
361.19089736439827
360.53631978472896
359.77641853013876
358.34851551056494
357.16243248551774
356.2621776683084
354.4201798422639
352.9719941469605
351.22872378541183
348.3939568978913
346.96605625368335
346.4643467603495
346.037517813
344.95935345686604
345.4561139245843
345.6875491175337
344.6520916659153
343.94142103185624
344.60091401222263
342.84891879291916
342.5596442029585
341.90023633038356
341.0516594794055
340.3100322395191
339.91344594757607
340.715219355895
339.286267715218
338.0368026810213
338.8236135041984
338.4619609742548
336.72426465550143
336.04449254708067
334.86295287080253
333.3963331377328
333.06218566412065
331.14163664249315
331.2269538547734
331.26594516120366
331.5251539389037
333.0755582219725
335.17698708161515
336.120614558334
336.84527899934386
337.7837071241292
338.78216571108885
340.2446154383129
341.2016906930722
341.6112480903424
341.69926113437054
341.3858683503136
341.48720631364887
341.36288258189
341.0416604152622
340.25177122067004
340.55764768588654
340.38219662446033
340.41635672536466
339.7512812474131
338.93737740860996
338.18532575710014
338.1882922848274
337.67233066678267
340.2167184453105
343.3721564868865
347.8109883127372
350.6542978872212
354.3699882201337
358.8771437109939
364.6147032549616
369.20926630405773
370.1612624827917
370.99209869324727
370.5082867945509
370.41762813197204
370.26942967356666
371.6899832227412
371.75130724964623
371.4125077688647
372.33999016104457
372.231462032872
373.6965617480537
375.6047661463638
376.8685878715133
377.5107326434844
377.84398214253775
378.2661579082052
376.3906248789995
375.2234838839184
372.1745218824671
369.55468268177157
368.30611353933097
367.68828499354464
366.20958220266823
366.1556950466972
364.58307965905067
363.0122695940311
361.74712648117156
361.1605431095775
358.00776579436877
354.75303160958555
349.2613651252629
345.5930108175769
340.92227745892444
335.3950893605714
330.6374465737964
323.1060923351448
319.9342418106344
315.72430203444395
314.5288578473047
314.83708992490466
314.26528753709925
314.7640980501518
314.0026163983694
315.1956312973532
