4
9
c
119.36856761918652
119.55739869151553
121.21491491015826
119.48374609089956
120.25545187148768
120.30785453078295
120.38515396206499
118.76513352540121
117.17659858325044
111.62481383118126
103.69838227936056
99.11806441543726
91.80151447521894
84.34723227123503
78.74116768947655
69.37933816709233
62.24955211894934
57.56408243327358
55.99628324833263
55.68119477137368
57.72713558724775
61.00734931238089
64.02894035795381
67.46491973016043
70.32962827761594
71.53995445676293
72.72759485286348
73.11591827592186
73.6065024341857
75.29994703376393
74.19728618380488
74.3265851709599
74.7397676134422
74.33421200177986
75.71078836985785
75.74006789540512
76.22849554564118
76.27817120278652
76.9967806977476
78.070725506888
77.77810515577569
79.15301298292694
78.35209016519093
77.68834495927955
78.65632070898455
79.2321808138667
78.43114327427232
78.4593367599664
77.8041684670855
77.64946769815384
78.548062470669
77.92928317578156
78.52677531276112
78.17198868452222
77.62705950209168
78.133369235792
78.02448446402683
78.05593323350409
77.33357147389931
78.51142949039385
78.06466951157523
77.38512454659937
77.57609935985018
77.78888937424729
76.82087124517307
76.43851566413171
75.79848435848515
75.96476463980616
77.42603958493676
80.04750327478787
82.83464820923807
85.96123307032768
87.53805932408709
90.63265288046685
94.18416488544779
98.98375715390483
99.67009983594538
99.36381377167362
98.35312085263831
98.33376534270417
99.51956544000227
100.0846768891328
99.59011182686382
99.20954654358518
98.82543135527996
99.56350318694514
99.64163260511476
99.48001790739609
98.82965275260126
99.72594068348761
99.65832620975908
101.09735107795782
101.3557980951773
102.97948288312917
109.94724676852586
115.94930154657418
125.53400705403415
130.57048389612746
136.4024340143416
144.16792812607284
151.1466302274497
155.1320355019709
156.00182999126363
157.0260620718532
154.79206602758126
154.53365548296588
150.95983812683156
150.0152945396583
148.62440845966245
148.45612346496057
148.48200928889273
148.8557842005851
149.03218920543088
149.6977505584919
149.53487396127616
150.64351168209043
148.53997763854017
147.56798499925708
144.2414308147372
142.76539573967563
139.97166386609214
138.3223848559114
136.74583181364525
134.16695000625919
131.4755022139875
130.32036859390098
129.93390609188344
130.7813923840448
130.1698325635012
130.39254826822673
130.97685944094388
131.95082649770103
132.28449295112176
132.49066056577934
132.7687797394819
131.15881063117428
130.57842661436186
131.08975959026438
130.46132775582862
130.5997516998199
132.07891021573877
134.97218389497885
138.37231776817157
141.1452974196347
144.4929415714779
146.93683737926557
150.33713260257738
155.43919630850115
158.50817064374547
160.8539334444214
162.2487041702135
162.14934373564802
159.86501468326108
157.1439546301876
152.96556293052006
148.95318052272933
145.88250080783004
144.5109271158611
141.68635870315256
136.5348046281469
133.65738529530952
131.64225858839143
130.03911900261613
130.66693101278221
132.9762112719936
136.48978798812445
139.59415388819798
143.55817359787795
148.44082336800327
151.4481375777044
152.22755051636858
155.955658497632
157.4865005708288
160.387273079133
160.75414894890898
162.51782084810347
164.84149409025653
167.064987033916
168.94287958366354
169.91098370416583
173.97196478464437
176.4443131968093
180.42617549712506
184.78028953923305
188.98289502642444
193.10668581598057
192.59067071353093
193.11746694998817
190.99959959929672
189.46763684661738
187.4137372034342
185.31861858462503
183.77037244270514
182.2629424006071
181.40868100832898
178.97770978435946
177.10882627796568
177.4952278317434
175.9692784011068
175.82306783275246
178.020074102525
180.31972316020446
183.84925523467092
186.888390203422
189.80437792591746
191.6914150170613
194.09673821930028
197.62474791968285
199.6295742395044
202.29339655214125
202.37239434093718
201.86898143672406
201.77607462238956
200.04537511037805
199.44511615432222
198.56394368205304
197.2655882107663
196.77684689513882
197.03825363848856
197.24515573094283
196.65824872867452
196.55004705365025
195.48285916899428
196.55024979532232
194.04421467659964
192.96010170566623
189.8557803809612
187.11785982116982
183.413340804622
179.8921465323192
175.36681916516477
171.64934644211013
170.6660943484042
169.69143915308064
170.11858240227085
169.5783223974823
169.2331964755059
168.09510653029957
168.35528797645486
168.29561676264623
167.82122332229935
167.13101881457612
166.2057277971563
164.43744489469168
163.63396615874393
164.27658331915177
163.19294246142474
162.16596750082735
163.12218162246063
161.77536267258753
161.06978566681073
161.20103019102478
160.64261540932966
158.89048478378697
157.6245618052017
156.18474389040836
156.47241499128333
155.06475600973005
154.3561696652895
154.23933791715174
154.48973188122363
154.68371369716291
156.52468586651204
155.613687142298
156.23387355803698
156.5728921951345
157.59127392046952
157.0783640837634
157.81416924346246
158.709622333831
158.4079631098174
158.56349873657123
156.859190349341
154.6623342883149
150.3255941401532
147.03610952954227
144.58337029239794
141.85084964279318
137.54563381044778
135.23598405785148
131.79313834773535
129.81210549450074
129.73782958664353
130.6406981278513
130.14215717033292
129.59689003155557
129.33526594467693
129.36985305403942
