10
9
e
137.93827956111414
137.87842779692366
137.487567705155
136.95813192944175
137.93986191654858
137.74928407617364
138.3746939555389
137.10178462688728
131.0043951660015
125.3549814659449
114.41827207619721
106.4750850250509
97.92173016988689
81.23990430685312
69.12667640800777
56.406060229745826
55.827132175781294
55.41692791178442
55.23424146469359
55.25473961330581
55.391201204801526
53.76105424172933
54.282553098872896
54.05346145436675
54.709443961501435
53.21585588009732
51.195518620808734
48.68127904777962
47.938136258648754
46.41070942621893
46.33743143298479
46.87174145606689
46.571538154482695
46.62810615641071
48.239058427644665
48.09150958216481
48.552576184061145
48.61488373453216
50.23175433244124
49.63914671684522
50.11599698301207
51.0743068163072
51.68482313777256
51.57242787159343
49.245488138032854
46.22254190283468
40.849499873493954
37.01648267047089
32.73208872210311
29.45345181906774
25.33017902747036
18.89606158101983
14.380645067595792
10.329109537443125
10.754228039375896
9.366389108757621
13.037364871044945
17.72425970080079
24.859749519396008
30.335694579577194
36.215075759044865
40.57459205821924
44.35255857558228
52.57958332068565
57.22002085822645
60.7176565021107
61.49025227909655
61.61465366177332
60.240549967445055
59.57553858911638
55.70117247411093
53.540122954573846
51.278778899542694
50.694573827547146
49.80777991785995
48.702345531862406
47.330818869836094
46.24374273584035
45.6298970266471
46.596344722340845
47.55623711256498
48.227960158155035
50.910098647614184
53.69599437986729
54.13482814667139
55.50527034688492
57.47945582191974
56.84346537638413
58.01018763777049
57.601310037099
59.994994830856506
60.7145926949632
62.7814275295018
65.78274871526854
69.13971176867857
72.03137569785166
75.2257784854464
78.92810440675352
83.33089028966376
89.04489545278238
93.44043611416548
95.94763882149286
97.31726950977693
97.44418637351642
95.11266453897105
93.17391318418646
89.32798429734083
87.87848146883098
85.13504639665878
82.93601765546906
82.10450323416882
79.30923512821423
76.99955332627911
75.96708108646963
76.1668931464418
76.42189018614955
77.31026185996436
77.37794884144533
79.2457892700851
80.56337315095075
81.76205205852858
81.88483612979093
82.02687109401971
81.95228907044519
82.34329020748801
82.3632980291992
83.18605674517254
84.13950771092001
85.22667536287378
87.41208178634953
94.22478638527008
100.99383292351982
109.14192387138759
116.45781979273274
121.86285022534322
129.28497301986172
134.75789708365338
136.727123548283
138.2137347128124
138.2442198224744
140.71112858844222
140.3060320376369
142.55320142965738
143.67658194520945
145.13739479460367
146.60055439142803
147.6840144159242
148.58194101701898
149.56402139405162
151.19702858913783
154.3109610234157
155.33673104775278
162.09920729035687
168.59608003809163
185.33197184389783
197.83075030362463
215.15282066274952
229.57584074122175
244.1639029740751
266.6056383806348
282.9229857843218
296.03110864684123
299.19034055602543
300.07362046490016
292.0488492130509
279.3244491302103
262.7729001061446
250.13164122390398
236.29258214402995
216.95898012746278
202.56671372353884
191.8958834358501
192.99419014588497
195.11518850622224
195.83991959141915
194.83857230163855
196.60741808395636
195.7003045740876
195.98739112861955
197.41735798789742
197.9632254854417
196.50110371894834
194.32680945623946
191.1360276515262
189.5244578224394
186.6332130286136
186.3186467595811
186.39033389025707
191.55861835087288
198.10279431973237
207.97069554896083
215.04217092027534
223.71111676147675
232.65663746632046
236.72700548649317
244.2803732120839
250.66655186566044
256.6260996463021
258.2040288130517
260.69942205920256
265.6666702052448
268.2042790807227
272.9177112188366
277.3636786078808
281.18570921223267
288.52382407741453
296.4506254425386
308.6327863582455
319.49412232920866
325.5615903542996
328.7760620188518
328.41130814087273
320.0342411118725
306.2483986081223
287.21384840499405
273.8018808425317
256.63860853344255
242.82948597948615
232.49757399291573
217.4943105432174
206.53183204550157
198.6383528639793
196.09800869240408
193.23223366661432
189.08826361617886
185.438495772492
180.82351000780798
177.93322884223358
173.17580822595465
165.21532248770413
156.12415861713347
144.14684167706727
134.65905429866424
128.174215123307
126.31803432352693
127.27507896264551
129.06701080869237
131.74821900673794
135.485646662418
139.3260354635205
141.82222499613536
142.60977777791118
144.3188052732605
146.64255585588182
147.45943185471796
149.50837322144423
148.91097474022544
149.06300960867358
146.84636370540233
143.75250166101637
137.92213065319135
133.94442715653992
129.56475268518068
126.19130016363563
122.65320321716189
118.4066844056439
114.87021460329794
113.0653204542616
111.62488801393268
111.3040177397679
110.68799162245928
109.55165931332381
107.65476682529334
106.34548187690794
107.02509858611384
103.75155356679771
100.89405648143747
96.54979479647007
93.41897005244124
92.17958198203199
90.89248588142858
89.92090660312513
93.35973139472904
98.14619737033082
102.89521945552937
107.5105508489855
111.8313880730002
114.8393619140127
118.42225405270388
124.01048121904755
127.50762515043093
130.45563596792095
130.09532187996717
130.81259224127086
131.1244529259298
131.07575186152576
131.06148392033472
131.09953297583746
