11
3
b
201.1023397385661
199.79430955260716
201.22234443525983
200.2209473073402
200.86258669065052
199.8904250677327
200.94448199685914
200.20191949378412
194.5654296565919
185.31801156867266
171.6553627413751
164.20364700300888
153.5673549457368
142.65621877436362
132.08688651138914
116.38817843226703
105.71701331102507
96.20258283049736
93.75935724954643
94.84803637893873
96.75237016979362
101.58743738727462
107.00586974825163
112.70105016387133
116.652490160998
118.2200378455572
119.46948565855239
122.36701936707625
124.07295558079034
124.13675512184912
124.99579670796342
125.50840641378751
124.94478533288647
125.27410226555206
126.91031345389113
125.55465364316012
126.31999586108914
127.12162697089934
128.46729639947714
129.48269164600222
131.44172563976286
130.50185200080705
131.1739521127299
130.81718757901945
130.74619471444018
131.48096348841102
130.27051886618574
130.0654949225216
129.7183504124994
129.90968580717683
130.09512188458066
129.85858167721466
130.3183654621767
129.61322540775964
129.45124907369672
129.6779093640907
130.551701459461
130.2308247057568
130.3583535146983
129.94519200275417
130.8326068110308
130.25855025100424
128.6108495379307
127.99871349001236
128.34571412704827
126.82869734237292
126.7984741077659
126.17438982818506
129.2185826361656
132.11598426369125
138.87566431142406
141.56931276876298
146.7374369332563
152.38901753470523
158.03350426705038
164.57525887397884
164.7256024541231
165.5912791700632
164.51749688734998
165.21555295652487
165.507748040969
166.2032821596793
164.87360316962096
165.19759851642675
165.41222750262034
165.67451541366358
165.14581645236282
165.19565224653616
166.09000224497328
165.5483969639403
166.76733819322033
167.68230403273634
169.7691311909827
171.97827843371724
182.6072735032913
194.17937978326134
207.95694529333326
217.57579088343104
226.9116129335888
240.9551582873532
251.1923281090771
259.7440063658533
260.392117941921
260.9621004017383
259.04445608550435
256.9697106608271
252.78127060481597
250.59596612933356
246.5576701337943
246.79933082316128
246.68844234587257
247.36826236630148
248.67115987851545
249.29148159276752
249.055206375272
248.56770368485425
247.29653891160868
244.74224121553064
240.0797357681777
238.32003080013845
234.12639247881907
231.3007460133818
227.31936913417672
223.36674242619745
220.0848125582984
217.45692277551785
216.48308847080486
216.30286354381673
216.63693717530128
218.39934428540545
218.52410137614396
219.84194907428187
221.51909419626742
220.6908211636137
220.86973997042836
218.8362126406904
218.38260087460912
217.42943315068499
217.51162001716568
217.22744711735646
219.48929244919594
224.4589155305688
230.45829724185577
234.80731688997164
240.57050929875672
245.5709202887621
251.34292047168125
258.18311518467647
264.1974869273387
268.8302319133945
270.125327114744
269.4392365004398
267.67746755456693
261.95712891377514
255.26931464583583
249.62077971127093
243.63275140559907
239.51661255072986
235.73125876485798
228.72285078239605
222.93995993718957
219.13726437071955
218.40153725478118
217.91094247977153
221.8939937648208
226.14317471569387
234.542348424469
240.01229009765999
247.67576673054387
250.9025680186163
255.75039193173856
259.3427061838841
262.9961821985843
266.42076973619345
268.24856471728503
270.5009811963177
273.9332616149838
278.07224318080927
281.75650470912865
285.57466205062457
289.49152642323753
293.7573295086466
301.1252467412475
309.59135642992675
315.0673334975311
319.9258024628534
321.06670624564225
321.3165511296967
318.6775888259176
316.0553990543257
312.40126806784946
308.72284110002767
305.0203974230133
302.7338042579847
301.3984174989253
298.4278509794052
295.5625398444546
294.36186143132636
294.3903525060155
294.2258307243498
294.42096115992547
300.9472965869986
305.88599718981453
309.9684974459078
314.83678706172213
318.57149565743657
322.87958932040834
329.2567844930233
333.9440125475963
337.1678940181301
337.2652038267046
337.2631219498268
337.54561974814067
335.16516454748023
332.65823962246856
329.82660751701667
328.31335106659947
328.5453415082403
327.51222444265886
327.2240612313186
326.74351908852884
326.82847779327517
326.99908419389754
324.87575313417534
324.36762283374827
322.2258202775689
316.367772593952
311.0535449618322
306.58097506486126
299.20919805601034
293.098712882561
286.13695934613077
284.8511602583094
283.51373622704835
282.2904727910341
281.46233414453434
281.86190302172776
280.8782275842146
281.1157017724792
279.92653360772323
279.8286910412502
277.44472449381084
276.17818315749736
275.5508558171906
273.88298701136995
273.2651869973787
272.33751345818183
271.4384855388215
270.7939195037948
269.9915133805395
268.3668213656464
267.57695064768126
267.2883405373371
265.2458299093995
263.54079522934023
261.2536265369928
259.2642438217292
258.3988232583003
257.0566594551796
257.63355088116015
258.8220007860718
260.05203720489766
259.51503473372634
260.1415295103289
260.21279360642734
260.54609725787316
261.205215775214
261.49457300930163
263.3144279758434
262.9712842317427
264.1574317396958
264.33224955703037
261.2026894440049
256.21179851984016
249.71019746788545
245.2856061788767
241.45967933781728
235.99192322060784
231.672932183482
224.28783842247012
221.20328900214702
217.53801455697516
215.74045436628674
215.77368502986192
215.88064202841286
215.60344330482
216.4992438330536
217.14472428424153
