10
2
c
118.89436421461062
119.1091988690782
119.72489295292004
119.5782560103324
119.08790237439631
120.14396374616952
120.49616619936874
119.54528589686772
114.38125021558375
108.77520925535306
98.33612218083252
92.31397066279818
84.43471481107622
69.73933166673969
59.69762552863785
47.75247286617887
47.939615669801064
48.28836831024293
47.782928882130555
47.70485448640433
47.541840578839675
47.55593980680686
47.20959941848945
47.67012031479621
47.10270936102969
46.34496601636086
44.07242187952825
43.57179321983232
40.95852618840554
40.32372193179907
40.09858834614158
39.603230912924815
40.773826523043624
40.63958867069336
40.928092094104244
41.76532661046645
41.5678690861247
41.73298379243996
42.61471582933909
42.60483146393407
44.32894668583097
43.86295328871304
44.32409668817473
44.31921166677173
42.31733776375469
39.45105533458097
35.75016535202024
32.20945154215177
29.05486183138465
25.642230878874642
22.75114674052653
17.002917753471745
11.644165412773463
8.631484775441594
8.251398888656002
7.58134050270011
11.221337444405426
15.335726539460905
21.64249779433505
26.68744799193208
31.164027368446185
35.86473769284843
38.61216681091096
44.88479894120315
49.90831917946613
52.969111230627796
53.335838835206445
52.89736847018205
52.32515147257992
50.43299455598253
48.079735587624974
47.106822725620816
44.381060286992685
43.95266441370653
43.7094843900461
42.416155001934705
40.677281371961655
40.473512530455295
40.37067456082952
40.224175717027286
41.44264576965339
42.226953812976056
43.94880712009685
45.92319927213436
46.770591765852565
48.66359844983014
48.649543251688705
50.03220509749913
50.0649178045187
51.47577755468084
51.7692497297676
52.59645355414174
55.47977781415956
57.539436315755566
59.54391600791104
62.39677364350757
65.3357349458802
70.02156025930363
73.09052017496465
77.5120411437814
81.23280543316429
83.55905798352494
85.34762704170785
84.66391160760291
82.24574938134515
80.54307067965392
77.52191744473888
76.00873197163116
73.93405818714189
72.59653009993524
70.86006775358453
69.26475677156748
68.28968989485763
66.37138086329689
66.66509157277744
65.919795181534
67.5938789138696
66.95260374570397
68.1665632392188
70.16645561528864
71.57983278419265
71.80691222976854
71.01434495889308
71.29519560893347
71.06677195880793
72.18803791686345
72.14789065495744
73.14346602990297
74.2901886276752
75.8575978131253
81.80188115909452
87.2151738459442
93.5245856090185
100.90355186237007
106.0033921166061
112.34142968616338
116.70458456475173
118.63413969294521
119.00616357128105
120.86105238332543
121.23897786995875
122.5803672238296
123.21817094533333
125.3887746660184
126.01583924445659
126.5394189314524
128.01677064437283
128.9396369993939
130.30841576699146
130.63589476202145
132.47717264857673
134.82417204120156
140.46128471977082
145.90220843643124
159.6398544502818
172.33910857903794
186.91276780643315
198.9126861510382
212.55409164373688
231.55667806093786
245.9961979356239
257.1482598150611
259.3608420876124
259.44249450685754
253.72733162637348
242.64755700461276
228.5052956257043
217.27995055613866
205.72187691959516
188.4494435321908
176.128570007242
165.57001488553001
167.77422289626531
169.2364295695532
169.87706462262548
170.15412260273044
170.79178221068466
171.1580838841744
170.68190997816265
170.49040735004868
170.26181523203041
169.03099924752172
167.53079967392873
166.21719066642157
163.70703407576076
162.49960450287878
162.52032934297281
161.77033308323286
165.46522552528293
171.40784345107255
180.3429654655796
186.83650438769135
193.96283565128718
199.9806617934968
205.54658865232886
212.47186783869125
217.76682548929676
222.6381186343879
225.28637178643095
226.97252623054223
229.245270491528
232.86953841171842
237.76123184680844
239.89345176542437
243.7680094679598
251.04337169075137
257.3258260181932
269.3370781880508
276.018258917398
282.58600225093755
283.50487932326797
284.84219907126334
277.8515384074201
266.14764603141407
249.9839036896483
237.24659578637215
223.30794636628835
211.3695684262447
201.1804586290806
189.27488626711667
178.8922994234954
173.27386411542025
169.93887483212634
168.07488234772342
163.79770422979433
160.80026628469042
157.50555256320823
153.64136207118872
149.04694766561136
142.73390372041138
135.56432590023138
124.94427873458973
117.03673539560471
110.7572926372858
110.04062033595608
110.41670154860772
112.20919959442399
114.82661818021522
117.9001203609358
120.58203776717905
123.07465636911755
124.3173179805938
125.9766091247806
127.35069149542998
128.73931741395367
129.19422948445296
128.79225742292547
129.4084095196543
127.39215890316613
124.1311537069759
120.29867227503433
116.81125878910194
112.44686101393484
109.70263485047812
106.46373999872273
102.77692047568581
98.85512111877382
97.8783578988073
96.74496021033939
96.46447646710814
95.78831761087146
94.45419363013004
94.06217110287218
92.73044895140154
92.22085890878654
90.25541853949137
87.82907667968907
84.05696719881722
81.23314552005557
79.0813913763784
78.3107393210546
78.84186634945733
81.94787603466267
84.39591564653736
89.75758742085708
93.62544102455873
97.72048048919441
99.92232208065533
103.38610869105729
107.90516733674193
110.64759613297068
113.08840501786284
114.02505123771323
113.6730681869924
113.90036415415179
113.5149084964649
113.24678549016916
114.24440811620337
