8
2
a
193.09550739960088
192.11257824635211
192.3877690552762
192.32713810239736
193.12940419475308
193.3658691221649
192.80276071658508
191.52564992209162
185.35082923718673
178.2367049097901
166.04973040968272
158.37717865514097
146.17275564179954
137.24529782329785
126.65206735417696
111.88911181349938
101.16112839867061
92.54088002472199
90.68163189462668
90.696457658954
93.31477469360794
97.46200997146946
103.27133068495168
107.56467282505866
113.1217788706428
114.6266568430857
117.368291286567
118.1000066188113
118.0460582831703
119.51589593321388
121.07308776874032
119.7569195027021
121.22307522378935
120.22758032991347
121.48350528468099
121.3060055310878
122.3339206239848
122.96425282368712
124.21623303321141
124.74485463091706
124.86897361131706
125.40803600415144
125.71626548258165
125.33790576645475
125.61300763666607
125.14555740972597
126.0189603242538
124.98535282151401
124.70444173711832
124.6498795550716
124.56867717688085
125.06261476696531
124.72319204369103
125.26667032386518
125.26255405288887
124.38591991341605
124.24270134270132
124.6172465682157
124.49625575683035
123.94023280931263
124.54938003375563
125.55775700018496
124.23575908829513
123.01950125058183
123.1362591739403
121.89581605985535
121.86947565326378
121.34530170938974
123.85194641344158
128.007266769356
132.54540076238962
136.06193289996222
141.0173966488978
147.3519676017378
151.56625989804704
159.17272428311153
158.45002415566998
159.00200729284842
158.23565904550944
158.76422950327577
159.2049534574832
159.60365710480838
158.94799585282902
158.9716999667314
159.4952746081835
158.515414741924
160.41699310472987
158.30606814292523
159.21531266085032
159.96022556655902
160.5186172588126
160.52459900067296
163.5195422273406
164.63844354878026
175.58038936468745
185.80024157391162
199.92327278047313
209.8172506239678
218.37242689575424
232.36142645814502
241.8422365594577
248.34546703896268
250.88437785879486
250.82777889975716
249.32001972316093
247.61353582412448
243.21024838101334
241.1519629512786
238.00700669189567
237.68132922028227
237.91406490545594
238.11992250050642
238.87059298328208
239.42970146450838
239.38208555853862
240.18891533865806
238.88889000445457
236.04600507090308
231.71323342285385
228.63618078002628
225.04002687940164
220.93245230690212
218.1282315656264
214.52815127893874
211.15912034588086
208.3465647629113
207.92395617209854
209.00937968415593
207.85207675914205
209.73042069007303
209.8555786276838
211.51860888328955
212.24280749324214
212.10003105635667
212.50913036731632
210.98391588419938
209.8700965270375
209.1895137135173
208.46868060443327
208.57758638936636
211.89880008281622
215.80936978573916
221.97976961607904
225.56369518837593
231.48378009663313
236.16205016789507
240.59984696005182
248.224659430494
254.06955134218416
258.1760117774531
259.6948141025688
260.15783949444693
257.22188489339004
252.04912778074964
245.3841622330421
240.23313060133327
234.05277030300567
230.00232720122978
225.65960158393813
219.33912092595284
214.24493217045693
210.27245607960407
209.0136350788771
209.8509143960046
212.04132946607442
217.48133038689042
226.118974619757
231.34468731513888
237.64719479125569
241.8989043347805
245.64593230318357
249.48708792403275
252.77495146162676
257.0891586894509
257.0604707916064
260.7063278037614
263.3922314758953
266.81796001970554
270.1952944189902
274.20957251469633
278.2984512781034
283.78743143613855
288.455112588222
297.65430700293985
303.234821863433
307.1775229114691
309.3752835349492
308.3928344887436
307.6831348796337
304.3365393166128
300.07199026590047
297.0675049194974
294.0545487509412
292.6691317773973
289.69996979065417
286.9635552959813
284.13735417239104
282.6899535120423
281.8482755643469
282.2054742614477
284.554089151869
288.5339336501837
294.5225681302654
297.9129120713166
302.51788280984476
307.07564321949644
310.4454985683616
316.36562574399187
321.37320903813986
323.89585826060863
324.75527003000815
325.0046445181959
323.8352426658731
321.8606646615441
319.33438961970757
317.6728179924895
316.02657101408914
315.2087094668358
314.3744345962012
313.9839068375498
315.31280332022624
314.0954421784711
313.55718262907396
312.81890972155554
311.7770391210962
309.77259722423867
304.2666248093124
299.6761985421148
293.81253786304336
286.81298222399977
282.4573039426675
275.5250429720605
273.2650900104253
271.8628702548899
271.4102873579787
270.3950721343164
269.9054960089569
269.78046922810694
269.5307276968709
269.3550701373505
267.89026690022723
267.1755824102886
265.5899333157436
263.8954426982442
263.5555244323642
262.2976173683633
260.98635568660364
260.2136495032378
260.15649367225166
259.2695742469734
258.02836896398975
257.7389349186616
255.73859636093133
253.99499693932526
252.9288534006487
251.07075717709264
248.94343246035967
248.3415623134208
247.45466385467972
246.36358545772745
248.0787054257427
247.53065806529375
249.35125640286213
250.36785725599773
250.27011716815906
250.1310699822827
251.52318510217023
252.1806352015165
252.17003371865013
252.78007866718696
253.67477540260577
253.93128449482188
251.49175884703698
246.81817448894387
240.76132659473026
236.32497385919868
230.7308871478601
226.26260844449837
222.354644224822
215.98724766856475
211.57967309048777
209.00235586562792
207.63653938382956
207.96944811310402
207.88026277531978
208.7383360268892
208.30139205617536
207.86058578344236
