10
1
e
46.84560421280426
46.51160581848649
46.018323974216976
46.486599067320164
46.498258002639076
46.24775219703222
46.39906487155583
46.51755125185857
46.224274596809344
44.960143329700635
45.010368523801205
44.88911606717386
44.145695815082455
42.43665535327526
42.54966901571811
40.58310768188135
40.87673596980651
40.052030929555464
39.485011457352684
40.21945427711419
40.52722823225219
40.78652291483522
42.41116005653607
43.05277029322666
43.936679838085574
44.973623397669236
46.03240137523323
47.57210461641893
48.69124395071117
49.971315286989714
49.26272881415663
49.558241909957644
48.172594741998964
45.25404477430785
40.60405388352793
35.969390776687696
34.03439318404513
29.93374301258636
26.40549823470472
21.47407726548541
18.27036541311778
16.523946744037747
15.67748046718052
15.027282005128846
17.178921902248586
18.877333179467215
21.766879810813975
23.255858828043337
25.58131837416047
26.978235245276068
27.604700676364974
25.999799628897822
26.530177535609337
27.674277188680975
27.941135413546746
29.743176304562542
32.47901919136656
36.84323978431338
44.15821931684606
51.90260202500973
62.034938904615174
70.38389523068653
77.43097896133544
87.77177054135909
95.98370978468782
102.11132678964395
103.29878914481061
103.18403660558837
102.62200711724407
99.77744669545834
97.346099003217
95.62048309250733
92.23627275616505
92.2474424273832
91.70937722393339
90.96539126935498
89.31013803120216
89.71011157131304
88.31828834528176
88.3056052889507
92.1390080354686
95.29198274993828
102.63459405442536
108.42480889808915
113.8237553208506
117.90498356457327
122.4844811214684
127.0680571892928
132.2522144003479
135.37127092539833
137.26333824743784
139.46680163686594
141.06240966595968
143.25158341968844
146.807202992892
148.53178224101882
151.71443157545679
157.1528562419532
161.72369099181685
169.98663520554902
176.18123349096612
180.57575316521326
181.95042271130106
182.56702910010083
176.86804306541916
170.7744944466786
159.86083682937553
153.03640028704052
144.51686641761552
138.11683911205208
130.70963760357773
119.80775379303414
112.46713758012002
105.80873000988377
104.82659032226204
104.4984393860967
109.3357509616093
116.66601401744819
126.27521435825501
133.37766557801777
142.63860129895428
148.88191194438608
153.18781727950005
160.73799716463805
168.17085409241247
172.2686833336268
173.54701436473727
173.54313043686227
172.30275067106288
170.76075732501363
167.3880522046535
166.87495979816725
163.45781028031632
164.3302712295275
164.84446728239453
164.75512039709173
165.17470468389845
165.3108650858314
164.7099024158672
165.85103987162776
164.7392895980931
164.97912743827666
161.37208659046104
161.4127443410536
160.09032519788744
157.92716862659154
156.85769417338537
151.78188237989087
149.96843386395344
147.0853506970444
146.85913726194883
147.00987187651327
151.9299570284458
156.70497473606872
169.01450518851507
176.9725547181335
185.06745299630708
193.66893101775656
201.77021863431548
213.88792135527876
224.60425745899195
232.48002020474595
235.06432851696675
233.6433994473894
228.08864681620105
218.07534163532404
204.16244002506184
194.25015244982444
182.77230637208163
174.526962259266
166.6933431867801
153.43055194131853
144.11954252795255
136.68997436032672
135.76616119639343
135.5955015389921
137.6417469678226
141.76723950878943
147.1524987470751
152.97376091032854
157.43846569418517
159.13046409384344
161.69851730858954
163.4361416840933
165.771486169177
168.9570179566987
170.14720435974021
169.05848769929057
168.00513110960293
165.21140006553088
161.65634631773204
159.92942496399496
157.90493445043634
154.65228843775344
151.14840283589555
145.70757271104532
140.7006213300685
136.32817490414624
136.17003794205337
134.69812795090363
144.64528656077977
157.65166777763957
176.7869948402172
189.56314362368317
205.75164752746568
221.11466598077175
236.37413667522586
258.6558762928189
276.48524539994105
290.98238513451884
294.4526730944422
293.976598725857
282.8283579190856
266.7261020794198
242.49711713857587
223.89323502630748
203.88925908403246
187.28437244565882
173.00116755852352
149.18419848233881
130.22539953325673
115.68228823459384
113.30158325956742
112.7755607418368
123.2761265594176
138.9892707991314
162.10923366214735
177.68878463823714
198.40244589823146
211.6872642347703
225.65478002277817
248.05972141888128
264.64781117377987
276.3663227913851
279.2806894576939
279.95815091686336
271.3465614590273
258.0914592710207
238.51470031993662
225.28944145271154
208.34320760514845
196.5189424125178
187.7896563220494
175.87282496174024
166.1430163147423
159.1956811873527
157.18127344247378
155.24046905817843
149.85262251895318
146.67314330018783
142.5503615495605
137.91437298841873
134.36526327876987
126.17518638060133
118.06475037298979
105.47906886070909
96.01912163105588
90.24514874140168
88.46127486832268
88.5474807349989
92.99167119212876
97.48201258946484
107.32947521077448
113.25055136569182
120.89518751516216
125.51083044153859
131.38150824570965
137.7353712182764
143.61532909885568
147.11673680714074
148.3723100458025
148.17919402119918
145.3406895698536
140.94400477197078
133.66461304364879
128.7831041508728
123.6567536638935
119.78930241246096
115.82069289868498
110.97467296572738
108.67600430523015
104.80385329311204
104.81396641956721
103.80539526240864
103.37602144573749
104.35795216006964
104.99809131799086
104.5337930738845
