6
0
e
102.3867741113763
102.51071850805042
102.39834174356618
102.5098711498476
102.07457223235171
102.47399517183489
103.03277421639253
102.04356509869832
97.24835272468732
93.31745107848987
83.98754752411205
79.3474446450892
72.41747391725218
60.288872409802806
51.78187278307905
41.859085537095076
40.3844165955666
41.66826955803968
41.43411188733592
41.009442771359176
40.21079544904678
39.816979545877466
40.642125494048166
40.97334692884796
40.62566116266232
40.42038152818421
37.426537791423
36.838268822049265
35.65638659317856
34.709298773348834
33.71276596251008
34.2581080770111
34.68560126013371
34.56862547095938
34.34541351586174
35.630070684696236
35.73656636246724
35.45439189324676
36.927063335560035
36.4298118421773
37.309893471040105
38.018954443483345
37.159574214530565
38.586232482140005
37.064306597421584
33.184220053012105
30.68687078105227
28.066849852338873
25.053319205436797
20.92211473955134
19.113815674426792
13.493420810032914
10.098715704678604
6.728489220737786
6.18843182671174
6.773830245811035
9.879704434204953
12.85043894533158
19.626776482538673
22.44460532151213
27.419883600729968
30.202878740514087
33.717928629368245
38.49808921720144
42.62712398675828
44.61353666504255
46.709849142411095
45.269054562795255
44.789970001410865
43.41958353524979
41.76384394589074
39.79960776340586
38.21414643211332
37.13686800682018
36.414617020869876
37.354191721356
36.24445062520757
34.54197999673046
34.218525482771
33.69480980115583
35.54004240575663
36.41468635757626
38.40937380752327
39.26245899370168
40.424918981440854
41.93994285323683
41.97775029913208
42.36931771571503
42.428842706368954
44.51367868256081
44.841109249732
45.475725878420704
46.46529246038444
48.81707430271864
51.447878678194805
54.360673450685695
56.28009801032289
59.13019867509043
61.54348910044029
66.82941039413122
69.39729142925121
71.59789893011644
71.732552235517
71.89676360822499
71.65778332956414
69.38756750219265
66.58848631036157
65.164380068895
62.96201313323644
61.562832796855524
60.70755138822072
59.18273684730391
57.56899005657322
56.290399385382116
56.394974128811015
56.40888855361347
57.90175270834609
57.322570734087186
58.51646569594555
59.48816054583757
60.82862919496895
60.85126405177136
60.5956513197453
60.24853349223544
59.55469967099974
61.412903011891736
61.159773716528676
62.09242324852446
63.57527883609994
64.43059047061064
70.08902210471503
74.89102085622326
82.22806295588117
86.07030379282897
89.59305020500223
96.09912481609267
99.74972818018696
102.06120339310354
102.13899942999102
102.97469503507146
104.39974693464586
105.73414272299996
106.23214393585451
106.74343113228885
107.67708145563482
109.67317863707261
109.36577872522825
111.33804026294074
110.34342226891603
111.66472014049721
114.4318204344555
115.06559976151185
120.01155291688478
124.72544767129257
138.35359868519814
148.05944617076554
159.30277421622418
170.75341585915584
182.0564975319604
198.06951665032966
210.2755305460246
221.16773617155974
222.80127388439206
222.61901283859206
216.70019135353252
207.6102437339979
194.93758508045244
186.8569926574714
174.9704921451064
162.02686026549563
150.67996020276465
141.65944578019815
143.6584182337256
144.77137759424585
145.5116700322535
145.7047046675336
146.74567620212878
145.0334352435531
146.53695615175758
145.96931680953355
146.12439514077872
145.35619614041164
144.6890560545707
142.16184178068022
140.63548101026953
139.55807596182785
138.3572384921179
137.6656989630079
141.6628477456282
146.83918087266673
154.96093927622834
159.70865515137862
166.81491337266593
172.85618423730438
176.95323132860187
182.89532429151882
185.9576428599052
191.30961761260892
192.26750203460125
194.11105360821128
196.22105381706808
199.87114635805415
202.2564035276941
206.03932186158076
208.87365028284896
215.91380852897686
220.33711882145641
229.48997588712072
237.4131683571602
241.9313463203146
244.32649696049208
243.96277263401288
238.41362566330253
227.91416150602913
213.8701256110462
203.38402196309042
190.61454501956652
180.13514712803865
171.78605625804394
161.75233741749793
153.5846499587965
147.17837585973578
146.4132313786389
144.0159316699464
140.4893975363081
137.91408300734258
135.2890862223595
132.10780768406227
128.5259074544099
121.43917620244345
116.90446635251965
107.05126808994177
100.09363641546342
95.41925076538102
94.55049216013855
94.43609237925666
96.47112963455726
98.5564924068432
100.47332175474581
102.40582589270102
105.35589305205276
105.59757298923705
107.40199583659547
107.85118115023222
109.03551138299504
110.96990479571646
110.21277273334509
110.39988044616459
108.91593883592253
106.75813839775911
103.00713468190024
100.24271543051437
97.04075398767388
93.53943132159637
91.30960580929319
88.05184975342782
84.52305679441592
83.39511211878157
83.34210908431085
81.86871390266745
83.07511010534203
81.5551751306778
80.81525921964499
79.59278966571077
78.6977600629319
76.18594961382755
74.38534607780448
71.78344996102797
70.44431319076052
68.42092733452378
67.22767449460942
68.86468216749165
69.67383982409099
72.08293798105598
76.92289363865858
79.42368004675376
82.77976429885803
86.58838977100558
88.83793167321917
93.17852859065266
94.78372184413477
95.92309717652107
96.89099044753051
97.41501450102828
97.19033312810221
96.95560372724175
96.72795165553
97.60174151579513
