0
11
a
91.53348984041695
91.04964690276994
90.71123474636984
90.72966689771778
91.04181587786401
90.90853372882242
91.24300011706299
90.77641585078857
88.50381800255632
82.63997277313351
75.76638163367959
70.7426955872989
64.8752603156228
53.100577981665836
45.40696857718869
37.33536957344997
36.12981195439124
36.49228425348518
36.82335773742181
35.94568004299808
35.972313316639514
36.010082769695316
36.772290146016815
36.62677672710874
36.80277315004218
35.238649847728844
33.40603444857938
32.65865375321604
31.327688396213162
30.86627122226398
31.238744152526294
30.864975210323312
30.958712112726282
30.20344182655662
31.576887143188483
32.90064696244047
32.13251029514966
31.512653582652337
32.20098322646936
33.67669761201347
32.346120474981866
34.050442061238165
34.44303316427131
33.72096123411062
31.82881905867873
30.30256292153021
26.54823325753354
24.79321896831274
21.49661496554615
18.526192581469484
16.9000501564704
12.51541759608256
9.605459444751656
6.932215574169457
5.543524735573504
5.8495347427515965
8.156392120865283
12.762182485852243
16.361715643894797
20.29196046872198
24.432538756446668
28.074102239618433
29.339081672017997
34.26795925375552
37.87429755908155
40.23034365207499
40.72508835584532
40.73457682135613
41.06937220685355
38.191603144145
37.001386594886576
34.74510418175359
34.341367280728804
33.26819826450288
32.507415210748924
32.048661469925655
31.09211380018003
30.04496602937251
30.41461971179357
30.38761609418409
31.13000546338401
31.954282566358614
33.99850464997092
34.379458166985025
35.501676402158175
37.78310068199128
37.88156731010969
38.40050857616038
38.07216101538771
39.44579492571327
39.287808561530944
39.59393414490346
41.30734353060038
43.903594259325736
45.72636909648114
47.834316156509935
49.73888208856967
52.90451148284003
54.53130463213068
58.73769496592911
62.67268285989414
64.58353914067118
65.14196283599544
65.14114946632404
63.244070057307134
61.26574788938573
60.67967790485021
58.34685859748829
55.13608609621712
54.898804899287995
54.55675985961837
53.07029350935011
50.97182201687638
50.91715800543597
50.512186540843985
50.605946980008255
51.32643643359042
51.5774259523324
52.23644876850712
53.413488276362756
54.53590499737892
54.371848157406326
54.53541577258302
53.612301206294134
53.456091213746966
53.97766121680703
54.9157831387945
55.46310440030558
55.729492907573345
58.017986438584956
62.45747601328136
66.50150903530769
71.53599536624276
77.20009966603888
79.90913929120985
85.99452668267826
88.76850464250536
90.75297260187843
90.47833029834737
92.10017580739436
93.47617442626368
92.82670062571815
93.95961714739379
94.68524876624876
96.56681513557412
97.39848628865771
97.68208982723218
97.93156556051736
98.84424010686803
100.6934371630557
101.10880387246827
103.12173120422693
107.15726036479386
110.81046930779837
123.33889207170084
130.86328155192203
142.6974349958849
151.50334220705383
161.53552976999558
176.55001805428796
187.9592956032793
195.9331750626891
197.71960381993762
198.68571964555395
192.4620010819237
185.59888278944322
173.2746415537495
165.3712435625561
156.0597231714863
144.16653179336868
133.8373498959257
126.12900693970283
127.71866106055899
128.40036862589338
129.57318419465216
129.83192430612647
130.86352206824543
129.9675996187172
130.5728445206
130.25975172756674
131.16202076615588
129.5367410498373
128.32338441674773
126.74837780790133
125.51692573682688
124.32420225112125
123.13114516451719
122.69403906255698
126.6982738149304
130.52322748684074
137.5322133623696
142.5477100300279
148.1794445761119
153.0268232681167
156.24671194635397
161.72632199246422
166.20567426716636
169.88092396819542
172.03541198665528
171.8412900717237
175.31843809249378
177.59203144279024
181.70106251187747
182.76049680037215
184.8791233792511
191.61013429351434
196.5892579184731
203.97017178293916
210.75613602568558
215.74440384787354
216.2927359120473
218.09739553327822
211.2343273732632
202.5504197870186
188.85526691140564
180.30396583858027
170.27742219408967
160.75483308845693
152.73787625835635
143.48496227898022
136.34669961791798
131.94592177129257
129.46174929606346
128.13439008463834
125.05604867932622
122.43878033741103
119.5783966766193
117.55939042961975
113.96804564753731
108.24217771580092
102.92452321799733
95.28958962493877
88.57864079535328
84.6424247449382
83.98554164304385
83.62088054623219
85.30448681536268
87.9012813682754
89.85411612156071
91.63117767624331
94.60947890484881
95.34964950274778
95.65526440186176
96.80471756792906
97.72358145328388
98.98832324220773
98.52838981193761
98.99672501287482
97.66135062990122
95.38278292607902
91.92177067499244
88.23337574313356
85.96800495541646
81.76819196254647
79.93304851762112
77.90746415869478
75.74666670866044
74.95672328194723
74.18917820177985
74.41811733749317
72.4040760266577
71.27822932269329
71.5407859172505
70.92193413799498
70.12903623226687
67.91917574719595
65.67040269280754
64.74168399431672
61.75708730468922
60.005481647311655
60.333206453572046
60.163909136386515
62.09097334854134
63.762203223758654
68.16499174223459
71.35522860507525
75.18226618053212
76.5290952914865
78.81250200743185
81.90267218742297
84.73648940851164
85.93706459804444
86.39841922627593
86.6033113599091
86.43608776263915
87.03260166597647
87.70807051281268
87.35337170245953
