1
11
a
113.1710301070701
111.51087533097053
113.01941476440884
112.35087670261285
112.11614270191795
111.83372833496917
111.19595935143505
112.0660711324019
105.69289231900267
101.06298446192682
90.23496178903177
83.9563250294861
76.06957881708338
61.841789601756005
52.38786283735424
40.21690376323801
39.58050881455296
38.4255236731291
38.09524689490543
37.46493135789894
36.34954707206484
37.32738961089809
36.88785517785542
35.90384864527937
36.919514317205476
34.40686519743887
32.65679643558623
29.322570087642394
27.428252743256547
25.99859478396161
25.897583705618917
26.102715099995816
26.637670967306796
27.47653931248408
29.277813459239063
31.358876611465824
32.1437697914753
32.643530111798675
33.333748930326436
33.37873096040873
33.92344261539585
35.04768069016474
35.82645833780029
35.928762033500924
37.80362985892032
39.40582165394848
42.00852858893525
44.00133547188356
47.37576114972062
48.557139561527826
51.0957993658083
50.35009450519317
52.50158069622235
55.6041847263001
55.96749864525131
59.43198402469576
62.20111483563316
67.49028442634774
73.78061503125242
79.30308903615595
85.39703749674757
95.43853234658287
102.95070844400047
113.44083004450042
116.48733977402766
119.71537813909156
119.92680372548242
121.23710997905357
122.01437640337534
123.86670858101822
123.95251317737076
125.40196953425243
126.17930049222926
127.28192205240308
129.68266152897064
130.6146051944513
131.1523095496864
134.08017622235107
135.76159467662154
137.24606612678866
141.33322195760226
145.41630030703078
153.02885983530896
158.2437885291857
166.28655060521066
179.42721903032705
189.2496562288188
198.45261564015277
198.3882645211292
197.77287904984752
198.11261574244224
198.33090854075368
197.645140081382
198.44966143520003
197.5230893494898
197.9567342913777
198.3536849239155
199.37014157726475
198.47203428725786
199.40719855394744
199.2666045177948
200.36579819974614
200.89806396024903
201.9460354261601
202.1224147659879
203.98881761803025
208.34801915626304
211.70892512992955
215.66924041381114
220.47335118196452
223.47879320515483
229.59546333318613
233.48702885242284
235.19148604350409
235.59245828122096
236.01938486591558
235.54525188428144
232.67668116503376
230.8968878143136
228.55065068785
227.07972916878245
226.24618703197825
225.25603807588362
225.62682551627708
224.95699033706717
223.42223407415517
223.22710731599952
222.71078831673088
222.3508681824165
221.49852372686183
218.6179072060255
217.04700042416184
215.50063769444944
213.13896551688424
211.99972903599573
208.23540456359646
205.27810652991542
203.64317130022445
202.5841462933965
201.66762091668141
205.2929787922877
209.9029492827423
215.89708166477052
221.1194845807162
226.27026911782852
230.34326351740947
233.20998008081355
236.28298511245512
238.7272717212963
242.59527396576235
244.37985098733026
246.3797051134538
252.69715997493913
257.65325950207244
264.72866169399737
269.3401551641624
277.55849152961935
285.66210194647545
293.04419625724483
305.85001850568733
313.5859298868412
319.9296852129847
322.2091721832051
321.4028245498807
319.60455845912946
318.1551062662683
313.25297267541333
310.4635388070218
306.38689571369696
305.6549306512455
305.25938040782256
302.75060661440375
301.70265951295465
300.8635570638528
300.60697903300695
299.50120051247876
300.77856828615495
303.06455854029167
303.76831710523714
305.09218878408427
305.5014364280937
307.6781600171491
307.50356884863
310.0749048770877
309.88311955478275
310.99760264982837
310.503483758637
310.62718916992657
311.28435281921253
309.07091356100386
308.0925437788889
307.08297471784726
305.49343397863413
304.80820588930214
302.9958651372015
299.76191795430236
298.20966379428205
295.26477206923374
295.3250393121077
295.73913575062716
299.19826866933636
306.072128920706
315.7222581747434
323.036043873454
330.8595225870549
339.170911474426
348.7212362662792
361.8732714996974
372.21053286196485
380.6939021187704
382.57838928833644
383.44678881610787
371.60239630212686
355.5931204813141
331.31946051877094
315.6421839288496
295.1086501717737
260.9716279755515
234.87778390203377
215.2352517408564
219.84472073370827
222.65303387866993
224.28338760550085
224.02252340152316
224.6881259426981
225.38273908246978
225.05026408353467
224.42584146087768
224.50566240331352
226.2579979307072
225.62591036760716
225.3751648889301
225.39274417046371
225.485285015399
223.31446435754302
223.58943368248055
222.3699701397455
220.20846658905353
216.67770907442184
212.23264896612463
209.27788001775468
203.13509590237152
198.78905318628253
193.09298971030074
193.5165959556782
191.2213139532393
191.20202643507247
190.34566799715265
191.3049848406193
191.327313846407
191.621500825803
190.86150474283795
190.41038869408564
189.60304326348546
190.52952706470853
190.42436868693113
188.85508800688905
188.47526279570272
187.19847020120787
187.44632359644197
186.1579061937698
183.79297549354683
179.86097087241777
176.24004253902447
173.79602062983506
168.82519329219357
166.17349604766727
163.61929705440005
161.0165853086891
158.92314687497924
156.2047367922096
156.07989851614155
153.42421869255924
150.77165881890943
148.63004033297338
146.14538398074592
143.69302819465798
138.9761147849484
136.25073813249475
132.24770979739878
128.3529185306671
126.84965736215253
125.30626306282214
125.60228809013302
125.52537365758887
126.03780325562323
126.01976143632253
125.48990305186281
