5
2
a
145.46266424852502
145.4483063621704
144.80687586502094
144.6901047641478
144.12518040930746
144.6378779018288
145.21797869384747
144.4106756540937
138.63749183813482
131.68970271946847
122.83208068485499
116.14190857269467
107.39788743610524
97.39568980720064
89.92383583780264
78.50714324414446
69.30235609226979
61.269616490386525
60.00241997476753
60.19207449253527
61.578418299261095
64.91599263815003
67.60220803213942
72.25029603403301
74.82968434605738
75.72209228139359
75.97556185394312
76.58049471546109
76.64923352608895
76.58813781405482
77.01433114806036
78.12342141042397
78.17511236984836
79.25737438239277
80.63173435968751
81.50545325885602
82.52993492103447
83.30214902965906
85.2293855844876
87.21479421746325
87.82652057056893
89.75935164792227
89.896228274596
89.52641950634626
89.77806752886069
87.76998034581761
86.66361642195123
86.42962117561132
84.77628691888034
84.04356360005694
83.21206651524281
83.22048573467237
83.39157527578664
82.08743792035474
81.60834514798673
81.40682072531341
81.53597669272524
80.95380062279058
80.58871029582167
81.58630180041857
79.4512211587655
78.52880067528368
77.0349651691382
75.81773097898467
74.55824853591791
73.16227082026373
71.83530841051916
72.26276040897363
76.04212665212182
80.5093340488481
90.08025166743073
94.87525680513828
102.21129324566357
106.95603576189168
112.38523043532477
115.72100489436347
121.04238890529777
124.59594056673636
127.90254155744809
131.03784102776652
135.70462390079334
141.49251982120433
149.45442300923517
152.18841329971627
159.9296657772384
168.85429176475378
175.757085648885
188.2488616152662
198.6936956791563
206.2305850621947
205.70959069795109
206.29506917835934
203.36632364980372
201.9124762540326
198.44063741216303
195.05840030215037
192.67062738412508
191.48885332712118
191.4144966292448
191.44872311400576
192.12636644301654
191.6965012299055
190.47736538715094
190.6410990830291
188.5786283923623
186.9304437307644
179.76567421643992
171.75715168712864
161.80209981626075
155.44788410568987
148.60420907523687
139.25803105171886
132.27302492053207
127.02032489537908
125.10244339052102
125.33857059255786
127.74828018041376
130.6509293405285
133.86445882256615
136.8610403891985
140.94595634896132
141.49084936768264
142.95733216681901
145.01593481474737
145.8159396501613
146.7195761992778
146.11885293852453
147.23716299177266
146.33878313507415
147.04001297878185
147.5175295686195
147.75826062708407
147.70792434109643
148.177907577316
148.25250344724313
148.05116859350537
148.04056437104654
149.29168256813637
150.00054798388734
149.69491653083654
151.0262906110273
152.46198607749253
156.72552835926948
160.8905460084269
164.82804445934315
169.22168340556198
172.54297141540775
177.48432126789854
181.80223569871623
184.05505002099775
184.07353415616768
184.32621336203317
184.1359685140466
182.73190671615964
181.2369384356348
180.71863943704727
178.80168664500454
179.73520910359662
179.29170450605892
177.6973900150486
176.4725766687219
175.93059148430987
175.07103481812555
175.430065199795
178.34469770163514
183.343579104637
190.0934046972381
195.62644361694515
201.387538208646
206.46744453141608
211.44217287382781
219.8820623362204
225.68411677509926
229.78664110947022
232.06755008616943
230.72574506862415
229.1406422508589
228.23603319264427
225.81666387589885
222.69523166672866
221.01367824919208
219.7671753345799
219.73983006477326
219.17415107419828
218.61992738531976
218.19016757690036
217.63225248319193
217.93271166577392
217.38201668638288
215.71003265819084
214.7624875883274
214.17377581945362
212.35082516027722
212.74885661231727
211.58968422775183
211.44514314289293
211.08041379564557
209.94172075369644
208.80665184186086
208.27155394424258
206.7497481288064
204.50423638208127
201.6596238469031
199.28471096185731
196.15498128061643
193.14491260745706
189.39220610216617
183.68080870527925
180.75302134551666
176.81464844106787
175.77544155578076
175.69199914007874
178.7210017801037
185.28715973754652
193.68373914282864
199.13377195471332
206.8104376581065
212.4564808327193
217.0943504285392
226.27198044665954
232.28654229077046
238.18365487949796
237.93635866540015
237.641377283443
234.93663002933167
230.58990824612232
223.59748773362978
219.2217798506205
213.7600110613267
209.07074639971225
206.3406974907434
202.49150724238413
199.85252897179345
197.04684669337848
195.44861568324907
195.5931898532687
193.37400350778688
192.68545892005693
190.2956730240014
188.6345373257
186.362302639605
183.80453414500138
180.61042768288385
177.10056695885885
173.88787433850794
172.79546291566513
171.62507188062864
171.6205408876041
170.6423894122068
170.30482406353832
168.73240691658108
168.96079807432835
167.14124050403902
165.14958959390282
163.28189211671418
159.89969465638532
157.42429654308938
154.50418356089355
154.16484015903254
154.7290410572693
157.31133792879967
161.34268291608385
166.93780190295436
169.88795157204132
174.73694941643768
177.95956557894925
182.3752336875676
188.89180677308397
193.365384633197
196.34910861441577
198.14008070410094
197.5939163760138
195.10513810257055
189.64791141555528
181.77631984165302
175.72397658047444
170.26046247694794
164.86253011561462
159.93764884799654
153.91773462714144
150.8831759730273
146.35597032950517
146.08624392470256
145.71249327918147
145.19766094635486
145.4018030452783
145.06569305084003
145.3115041731796
