7
4
d
79.36450200209012
78.6716149360513
77.84890882218733
78.16654349086465
79.09072115653099
79.17901022720771
78.73821234662411
79.94310254906217
74.60738454542918
71.0922481455338
63.64883663189878
59.598392554794735
53.206008181844616
44.17616371213665
37.1061576635346
28.302146122456634
27.251026633658434
26.595395697029293
26.670474464007444
26.25134469904414
26.22628189584357
24.92697594246159
24.258399557829065
25.810366210696063
25.247455123333744
23.839134038306348
22.57824569415667
20.191721563854127
18.728293125600235
18.61313001100582
17.92133487084984
17.89075564535108
18.452297485658487
19.224834256265193
20.406405927968233
22.33929509460178
23.011876717546226
22.453317591954555
22.82839587393311
23.965483456472732
24.00589596446381
23.7730942308203
25.00132824923188
24.958424630426794
27.347498165555706
27.461696388408082
29.07807491182241
30.753575154477275
32.6255949852225
33.75836485680683
35.08089930749632
35.86324180207773
36.573446019633415
38.76255644124065
40.03072149846523
41.51973922807072
42.99220296392363
46.92900679542007
52.25750173757627
54.99625046419103
60.53598247389901
67.45491124106368
72.48242681753769
78.35978589628493
83.16342070073057
83.19454621152909
83.94308663087041
84.90361047946746
85.5184741785364
87.30094719886067
86.98762056997126
87.20555418866184
88.65703308724463
90.45516047226968
90.25953195843313
91.31751243492614
91.78578887283295
94.72095398553341
94.56929127834222
96.17948652558738
99.34265088721807
101.37910368448091
106.6069203063407
110.60319119538019
116.0521060214649
125.71609322649192
133.0092717917664
140.44747967063992
140.42195496649268
139.62929983504716
138.30463568052656
138.7069207437515
139.1085248205171
139.31378720070919
138.5156076874217
138.609726790959
140.08935049683276
139.20032092018232
139.25465331273085
139.84684776838515
139.7130363718676
140.18215186173381
140.57309092817547
141.14419995935313
141.64339059301645
142.8434695880098
146.53811170591322
148.77481871335155
151.15405365550401
154.61669911143403
157.00819445718744
160.67946088122545
163.01493283582303
164.7688235908067
165.5807703278333
166.07478715101777
164.01464809183733
163.95115059456361
161.60958339962195
160.62498828156046
159.06743434968143
158.95167949832475
157.54681208966403
157.8671934893585
157.51205340233088
156.72995132098106
156.4221625051595
156.95921895155357
155.6120999820912
154.2692488093299
154.27122128018067
153.13920140244193
152.66165851212634
148.6450160127817
147.8164898068305
147.19360478736817
143.562531608726
143.39296899940186
141.4253613631792
141.27146912079564
145.18418226530943
147.97378953933602
152.0170594177739
155.39583761457942
158.43519333013873
161.77357599497427
163.43380457967507
166.24322178113616
167.2514708181734
169.86174461746918
170.87524058548857
172.92522025279018
176.55780038878103
181.03468132866487
184.92304146867244
189.71797996972924
194.1436821537664
200.43891855413355
206.25636987528418
214.3701255072087
220.39460775615225
224.51120205540846
226.27782015077992
225.70383913426824
224.83114988303578
222.0144372543556
219.25734770465093
216.76767563722305
214.12224126178324
213.70007677845018
213.92391765332385
212.83871126925115
211.6902688305108
211.6662418115018
210.28314858244102
211.24344411872295
211.09129225117226
212.27598679647576
212.58320735032697
213.7858637071061
214.36392626409045
214.19749450736037
215.15413416622798
217.33800915777528
217.4455437333977
218.2285693494319
217.9816309786864
218.63341055426685
217.53407502901877
217.47782446837584
216.16727882659572
216.68362293414071
214.18898504788905
214.2074243797603
212.9280332029862
211.0220434051559
208.20976570090065
207.10298263969494
206.95118808202378
206.29397371432825
210.65358567708785
214.94412317630113
221.04089768204489
226.72953065589095
231.71517107266465
237.26930392279232
244.38427416951245
253.75718498669036
261.1459497837261
266.1967626740759
267.9762046033587
267.87227474138587
260.31399749167076
249.6223872482761
233.35731322506274
220.4198456934494
207.1540007128172
182.78129882577488
164.98794968379693
151.3955185856606
153.69847893790492
154.58380775481473
156.65607690126313
157.18556821360053
157.3939798479302
158.802923200786
157.7300883663506
157.60737421903673
158.24124779284745
158.87711508138614
159.33948991401866
158.00842571478873
157.94598581009924
157.2438327469636
158.0363808704227
156.1358266025784
155.7147931865776
155.10313869920415
151.8120989337498
149.38555423875428
146.4732105312022
142.6812489739708
139.02896454534843
136.04284710711178
135.33428036194746
134.3424883372259
134.6880639213776
133.4586098271386
133.6610969079711
134.72179905824026
134.35438677786675
134.53293517115412
134.15135190147154
133.52838844040815
132.43780251181926
132.76177920053024
133.20727904454648
132.3398631368781
131.98575373554792
131.78367177880497
130.8351913842353
128.7463885886823
125.87057032765546
124.08199138915171
122.24434093692886
118.61798442713751
116.99478963451146
114.61453500657403
113.39332800702913
110.63462140044716
110.29124763967017
107.97497368441145
107.8762558806387
105.63715608321377
104.32418296932265
102.05705780497513
101.4394016962391
98.83188892151873
95.6234290202763
92.66956466278731
90.39704870305187
90.16723922826827
88.60702275921071
87.98261856802085
88.41492643591319
88.21379529344567
87.76020134080335
87.93852272661255
