10
2
a
10.13636349283892
11.215319575263164
11.621679686857311
10.175669195335956
11.096545766569733
11.137932850545802
10.880476848151869
10.065636710663059
9.167398471370523
9.215998812462773
7.499637510036548
8.241080043040151
6.529428555426943
4.051735098365442
3.7575870661718813
0.6819986685563922
0.03895375446202466
0.20287957372161033
1.144708572931353
0.710127049744446
0.0
2.515399296658375
8.15493021296134
11.500062942670112
15.04886128241908
19.603976480696804
23.12308183787651
29.968187547559527
34.41146105592696
38.36490521127755
39.880383613417585
38.504733277114035
35.30421154832892
32.465700358923094
26.496984636190312
22.001607202097208
14.481784144396928
9.996343665182351
7.242266119613123
1.900772846891214
0.0
0.26157138667949514
0.24167431422590635
0.03903349953947582
0.26395920744636736
0.6644052992448528
0.0
0.07149137457781597
1.0476305507950536
3.0192607278895425
3.4819118226376133
3.8519147223981376
3.3900857233517514
3.7146588782834193
4.195040076029695
5.193649031317681
5.860846819047541
7.576007363923838
12.834858372867659
16.126134717482593
20.64539064628723
22.696007384661737
25.48336392739532
26.506125719969457
28.323569498083035
30.952460558245168
33.141723968938265
36.03668665937128
41.49924735523562
49.522048290220006
60.4460217451886
70.79518119402799
82.6299230825947
95.09806373373415
107.38051073239657
126.37977690988343
140.83598087582467
151.773574127632
154.98076982034814
155.17005428971356
144.59231366000952
130.2870852903127
112.25942028818739
96.47500359362803
80.47994635846614
66.66234562070065
54.804220172298606
36.698212824565566
24.11258160042783
13.130986772342242
11.948028406969138
11.189744901002761
15.559470116528415
21.801196231098245
30.735955013323586
37.496340893462545
43.644178512243045
46.57698661856625
50.998572991890384
54.262689134998794
57.53196754174805
61.0217536633046
61.276831004084066
60.236977258742556
61.337104612388366
59.062709672492936
59.692629908910426
56.42404877178903
56.94436402546067
56.265311432780685
54.21199839852061
49.797705630832425
45.89361781276077
43.697145584297246
41.694272201884694
41.40923027623783
52.18631481289563
69.64165608331389
95.17006782424235
112.30289684612163
133.65192629877725
158.54487339331567
178.55400617240858
205.88720715866074
218.95271113030577
223.6785134142915
225.83246292772225
227.7205674612998
231.6898553366984
232.9657946220392
233.89727683122803
236.93799175593932
239.31257179745987
246.6225982161109
254.7435874023389
268.51267547444365
277.21571016512746
285.2105167724277
287.41722538266436
287.3443885190798
279.43512305649955
267.0699869203682
249.04440324730643
236.27652050765505
221.1293619742754
207.04210849401696
196.95343645246123
182.13417896578255
173.31438300590224
168.47657014146657
165.94430155247895
164.98122418177107
161.8270979338311
159.54867648362696
157.20943066944463
154.60108374310448
152.1962416475665
145.86983685972103
140.30620288885999
134.14705994006783
129.37490184520115
126.05573657534994
124.38477152939987
124.03584099262851
122.01511580829619
119.36560625162387
118.02138589141752
116.20547370125897
113.78041999608412
108.80839992301316
104.64530968976132
96.46959941671815
90.79814638406829
86.95042352542336
84.39615555273774
84.86007907951414
91.84606779440583
100.67930589558746
114.98577332264529
125.17784615022526
135.85439373776393
147.63973714814384
158.06415066046216
174.82837770390708
187.5883317096226
198.67739591314498
200.20992952224884
201.17236000536622
189.5307465705165
173.44391591182261
149.68029561919812
133.0600864655145
113.64394317625529
97.42054301391339
81.76173740220992
58.357865506683446
40.42573440657483
26.864424042502094
23.94475412185014
24.427611655007333
30.76407653877906
41.679312271526385
56.53108099369501
67.36116088007051
80.20847556104233
87.45678958567795
94.57976717294125
106.42187692922488
113.62754344952302
120.67596072703364
122.39139158621416
122.2182060092807
117.40419732421827
111.25028872273288
101.09577747104255
95.03058822085825
84.5412985910203
78.08529062655872
70.00136499137606
58.13761893039552
48.59918936628131
40.79024050976196
37.894405633433635
38.506671106722095
50.90568176267912
69.68589448359998
96.85534922803917
116.19834029593216
138.85125826638605
159.33527987431907
177.86672607623169
207.3351712721249
228.63535520344695
245.03650621172613
248.39325900804113
248.94531591913096
241.1341525875527
230.7060109460945
215.2641847627249
204.2923628774924
189.31273780250802
185.9232964463068
182.64897306367536
179.92308799543972
176.37867685200038
171.03770462456558
168.68639016920804
164.90006729306407
156.2693649733898
143.59269097790033
125.48530290338827
112.40174342084732
95.70797056856037
77.76055985940964
60.924641071777266
36.61157146372727
18.15029244780353
3.8262828699611675
1.5853045394432879
1.2640334824218813
3.6710000937840217
9.002410616694364
15.121166410687202
20.27969332303498
25.220506518010843
24.99610277368975
25.578234309734885
25.470694737939972
25.050915260891887
24.521328482012304
26.685687603494593
24.92290750021601
26.120721179451515
25.935364468592464
26.207128239872684
27.447769339522484
27.416858243680267
28.182607737506626
28.660406439350208
29.898269528596526
31.463574304913507
31.276230717581274
31.965642540715127
30.994502538953892
31.382483946486946
31.75115859310911
31.104755118346958
31.134252027370685
