9
6
c
7.640671956294877
7.6475986435873535
7.514071112219311
7.797086259566827
7.657640602747961
7.541240486496632
7.762578245483959
8.254693181204322
8.806803694349446
6.818474788240037
5.522311992425907
4.7762499057002605
3.8774269895552096
2.820061782742933
1.946014246118576
1.1191438743002213
0.0
0.0
0.23830911880962863
0.896502669737351
0.0
1.4629051648430291
4.5861837557871965
7.673263727215943
11.77157614552131
14.917773329880108
17.371987040680946
20.988761508005613
25.6069648387072
27.1519293421749
26.64186651528704
28.35673636612804
25.257475567252122
23.092725407751633
17.622340034004818
15.043072254950111
9.752480248368016
7.3019212953433374
5.557682079768973
1.5759909262426555
0.5088551852135681
0.3830119500390288
0.0
0.0
0.0
0.6758799885148862
0.2684242749756658
0.07521138491175627
1.1055212442246973
1.907867783181635
3.056237970837155
2.3373716502906285
1.9908836440056175
2.846470869882839
1.7889474514620434
3.0670513594396067
3.996095184713983
5.83533286742377
8.771238374968965
11.096988144536091
15.003316586501231
16.245831388270943
17.996685895018583
18.809339130719383
20.373516120544533
21.897398258823486
23.382058257091888
25.35764477649561
30.33171901251107
34.817107817015426
43.448165786942646
49.99125993827649
59.137043054883435
67.17508465394494
75.51930490569127
89.18208752096082
99.90864544900508
107.69615282713113
109.27677411503817
109.6628731729983
103.3728117373596
92.97241121986038
79.52923905840284
68.02454588784617
56.38955471771694
47.26487968868065
38.97970622640165
26.23239864237546
17.133795417564876
9.174218468368368
7.521465531073271
7.56770990437818
11.066875142339798
14.293769517014795
21.198921103484686
25.38212129151246
30.9345610700183
33.314078548684954
35.766959179409
38.49952598134357
41.126857909378714
43.25162956080621
43.302465870884255
42.85145054220069
43.44896602793742
42.03628124980039
41.178099752645814
40.523173722998564
40.04716092735853
38.27088883036284
37.33859876110414
34.980097069522046
32.07000771315911
30.86731475197456
29.571438970994592
29.95682365233116
36.52408429258864
49.46464446537306
68.46614147756993
79.96681653037611
94.6330418687126
113.3754264970536
127.24813442265977
146.03758466244295
153.00833546500695
158.73943184457676
160.86172724504402
161.85517475121824
163.0897672811272
164.85049577474373
166.46121025996746
167.2973738787523
169.61290198539885
175.0071693020547
180.58329437459633
189.39768926518002
196.07446093525064
200.7692768140467
203.7771690234315
203.29080214988227
197.58485738130395
188.65027650220304
175.9522456619187
167.1832212398922
157.38136397037056
146.97725934037217
139.71727338355146
128.5167697562807
122.16193679719122
119.40482686250091
118.21400053478214
116.04243308602665
114.21048052944995
113.32862552119971
111.30386500620232
109.83133861312083
108.03647854214036
102.80855058765728
100.14431805958634
95.38782162059448
91.9697816492592
88.63897396166816
89.09465058574835
87.75612400762485
85.41617213667955
84.98517498037685
83.40455374338077
81.96377598534727
81.40106761219083
77.26822159572323
74.14415373022705
69.10767464512469
64.4770484956458
60.93460552458939
60.22630303817742
60.002593996155454
64.51064738609867
71.58101633413979
81.59934622566593
88.01097809135464
96.7606552617784
103.86991280973987
111.60015785236479
124.18691445819695
133.15458439888323
140.17098946037214
141.24258806902324
142.21577259623524
134.4867004457551
123.23701197468174
107.31687605834105
93.21732763751281
81.27354931500156
68.33211689837881
58.55148547066464
41.49541966336537
28.32873311758991
19.15989652098915
17.03207187010342
17.76616262658261
21.28945118857838
29.17221744213479
40.43792457634546
48.32911636160692
56.64688175018446
61.11484185625358
67.60797939319033
75.14016888888521
80.79008694607761
86.5694242596669
88.36522414994052
86.86142124247307
83.46070720773933
78.20910939392144
71.92812347984591
66.30033391184415
60.565471821282905
55.49286808734501
49.84489838295984
41.514017652608004
34.383501704658826
29.59837330935821
26.90413661588052
26.541091376779608
36.25207970766327
49.24073632482418
68.70379468183968
81.5591864398453
99.03371841855854
112.35879306136586
126.27618430487848
146.3346113600334
162.33732818302315
173.41127921208414
176.33828915929973
175.73280147718486
171.43255280621574
162.80597973754186
153.03308683934046
144.3216080687182
134.6269945498305
131.34327341244685
129.1569117977679
126.57729079356484
124.92780779639769
121.06283156769736
119.11519726041442
116.34393363395341
109.52387560568143
102.07714773941763
88.57554983592044
78.53869517158304
67.61560834970226
55.223386343803234
42.65884143734891
25.44791127262122
12.426720898215814
2.981099764520686
1.0935088656948362
0.27313794129265934
2.780317328350318
7.488171177266177
10.519510422966613
14.943398047891195
18.445403054389878
18.359864917172622
18.25407542566676
18.098524304951827
19.38629706039135
17.82376672253536
17.33878135448099
17.95292979451507
17.82199846621169
18.629266316778253
18.819761972133477
19.743771220738285
19.384659824890868
21.503634895064142
21.180345418668253
21.243802920421004
21.59307067451378
21.84616578425293
22.009389209187606
22.112900461601768
22.76674093604482
22.734572374979216
22.831270198351277
22.93322602782011
