7
11
b
90.29663399476486
89.6148146399277
90.28373652050814
89.87161737520971
89.1391749151853
89.22226205125044
89.4099457890447
88.9770862777065
83.87502430040247
78.99522255012342
67.9446431663741
62.84238136424829
54.74323119881004
45.415493165309684
39.199597237605424
27.244503028172044
19.66178103733157
12.979923926632475
11.472526331776498
10.98604651953944
12.291203696058526
14.44792984603174
17.6325510313027
19.99383830780892
22.295803509866545
23.64070615903108
21.898302115011663
21.713299747238747
21.30590018631152
20.837112725110195
21.1658094464286
21.50350606991426
23.392102193539174
24.590973991289147
27.572141007871714
29.415099391756407
31.766057837330678
33.45733363467105
34.55670542928993
39.95287205626589
40.70255578078435
43.3407294158149
43.159457829289074
43.53144169671817
43.14951033301546
41.32894339415943
40.154489515266896
38.11710418227012
35.802052239445814
35.88449158112138
34.26889696120982
31.28104735399792
29.129582429480706
26.196933601389283
25.22712088500723
25.110113130465702
31.18852586927209
40.42743129967916
53.49874852137852
63.60118074024137
73.89476614163085
89.80137123166472
102.40710220992412
116.87715671637876
119.0592298007962
120.42575249254003
120.8721631628447
121.63582575420725
121.05910789441344
121.6113231422749
121.73668591840334
122.96329924426442
122.71961195274557
124.1480363519331
124.94744062747253
126.80750275063994
127.80551392505005
129.66480740436856
130.39799155607702
131.42754734644106
134.87593378940528
137.92023085374765
142.49085022845887
145.5906704334551
151.37085632299667
156.24788216931603
160.20579655591297
167.76206495755224
173.52077616417475
177.50465850124155
177.86583313219094
178.37845881642497
176.6988864891619
176.25275024607487
173.32938613227796
172.86147218922875
171.54010907622057
170.48004003797624
171.1433514436247
169.9389579052418
169.22226540837718
168.6747316031393
168.71752237908294
168.56293926479267
170.01891004381915
172.3443140762882
176.20831329857953
179.739249458503
182.2166089873881
184.81605556762744
189.06771264641475
193.30189330281158
196.83213208520024
199.07657666985907
200.2799366359175
199.6409130508075
198.68661248008854
193.73476555035268
190.7128893324612
186.77999415411287
182.19936103029207
178.99928879405778
176.25445563775236
171.25200920402744
167.0333529017675
164.54863858286305
163.76014613093528
162.80344453579497
166.39313817375967
171.2659290569466
177.31625988576914
183.03321723472905
187.9267352786827
195.48482377913356
199.9312284033348
207.17456826092751
207.72463831489395
207.79907874540066
208.16855289601628
208.298795845467
208.72869340518085
207.96818962128543
208.54503091696225
208.24920134801667
208.3337004774499
208.7509680874803
208.6344563779859
208.94665181220185
207.79390185897617
210.168395459595
210.4388826777459
210.24366418534945
211.5607012758773
214.2520415867306
218.9403987281845
224.5181583857507
230.24486884433466
237.7386326630497
242.57944074934593
248.50212842702706
251.8757939855746
253.13791270187338
253.9927978004318
255.17645152880715
255.74710175031447
256.46526826661017
257.9896906471918
258.3252859910958
259.37115773809114
260.1960594135909
262.63932374253943
263.5133789482974
265.15493354573476
267.4257858906639
267.0872898795779
269.2960308070324
271.74485636887727
274.65120427252754
278.5729436240893
281.0332051968743
285.63181898827605
289.2788904663262
292.6729332944928
298.8841912893009
304.05528115837626
307.60102058214954
308.55867257571236
308.597316438317
306.8262568074485
304.91747278603015
303.5636890240977
301.6085657814557
299.48088964357026
298.09073237802255
297.22255368656664
296.560190343818
296.24342521571293
295.9336299228933
295.2777103562716
294.878947951634
295.3669661455157
295.5275585381602
295.7799759330628
296.1197126859552
296.7347620171608
296.5787751810653
297.37989989184473
297.62924280726287
297.6081427838963
297.67834224812185
298.47376096008065
298.3460349142237
297.94805971811985
294.03056911629733
291.27700642156793
288.91885740117067
285.14812782285725
283.0094337834628
280.9507550454476
281.33388854928495
280.15509834218506
278.0372304594772
275.6227661383218
274.46204690924975
269.3477851565252
263.8368167172789
251.65244380006908
244.8795916016773
233.45225520152576
219.26752206457604
208.73448761316675
193.1816976193155
189.82035128069472
187.49817277788313
185.80178644681675
186.07716099921942
184.04258759174198
184.59995708319684
184.1046130029964
182.66045360866445
183.05469203439765
179.31822158285314
176.3853380424112
172.79939780127478
168.83391588386053
166.3361349823819
166.09817457680793
166.05676237019168
166.7616522865912
168.89876263218613
171.40178520115145
173.0444971581839
176.7864168275362
177.8711036476752
180.34429772517086
183.79904787715267
185.42972396833227
185.91926961867392
186.60607959117922
187.20606629461568
184.67899202333444
181.7472992753545
177.12438043682943
174.98441662973775
170.75588673682563
167.2124556496398
166.02695552188456
160.37220033457658
159.91296428865968
158.96136377568723
158.1725731586008
156.41437978078207
156.46488237051844
155.6298859487097
156.54411797663477
154.9981237492054
154.39703012307402
152.26395360466194
151.60783523151622
148.84106380719714
147.66569216877656
147.0065090786871
146.45324014762684
146.8524333943495
146.25866409032892
146.59071668392878
146.79808513635032
148.344724439877
