3
1
d
78.35575672939333
78.57764253996302
78.38175883786099
78.46118801386652
78.52767388287442
78.07595311828214
78.90335870004776
78.67197631314008
74.22758081968041
71.0553325207547
63.37805858971657
59.25578139213498
53.786815233237334
45.26297719244065
36.81652064059917
28.360655573110936
27.04987372849641
26.550788797008423
25.94036194496575
25.1297506713487
25.52602079169161
25.910814827972448
26.500319624324234
26.34101453570092
25.040603131016514
23.22486499219621
22.957527219722902
20.592486788670954
18.669578303414493
18.65982277032316
18.06247761190285
18.23791252272447
18.348785836762616
19.758306157811948
21.19172549420555
21.873506249549038
21.089840675426498
22.214561503650458
23.30596503765777
23.312832423830717
23.522645581145458
24.71741173303119
24.859682571079965
24.814893172579186
25.32621312628866
27.67421278232065
30.17872987892207
30.686712073606312
32.38764311403395
34.36746751147445
34.443798332991214
35.723042260177124
36.785723019025134
38.8535066339062
39.01283384880359
40.71359577753127
44.09628865551608
47.20516729053799
52.539703378857354
55.69099801903822
60.837241810430896
66.73790529228458
72.68388903332276
79.42732818319244
82.61297102256701
84.57977083522253
84.42780206547435
85.5650883775388
85.68752172047091
86.8364194851689
86.74027401590291
87.04628155188895
88.7417288716975
89.89728900529099
90.79341397722197
91.21135323619711
91.64630876264953
93.8080093619444
95.15015441593076
94.882716606444
98.68812656765014
102.16393065792275
107.19668361379804
111.34247974677515
115.6409220761517
125.36570518426528
133.3760090323145
140.33047021460484
139.8367983753636
139.64224485049343
139.26972601359057
139.1457032415271
138.67086908248586
138.84728514664147
139.43487414388332
139.01632551361502
137.62837125231374
139.15149233617737
139.73835219183195
138.96845973656826
139.75842887700554
140.56759858727665
141.1384422339088
141.02885425130177
142.4490407000501
143.96944039199937
146.82417527720423
149.15730578326273
152.03090851998425
154.08474354629243
156.87249967259967
160.93236497342033
163.3969255812085
166.08116147395376
165.5268483291091
166.0444530517692
164.61026374387134
162.76631028974523
160.82636553823116
160.75181848085612
158.52265929000276
159.39055546023357
158.12919179699105
158.64685565369535
157.6863839074038
157.13402931324921
156.02385120803223
156.1475965506147
155.57513171372617
155.19768208430042
153.7421789548116
152.2616883342469
152.21601625084685
150.45240371130203
148.19523145494682
146.84906714305637
143.7442626929733
143.0253502211795
142.41096434917176
141.76010583178726
143.87348347377727
147.69912485022593
152.38260448889864
155.41490896767172
158.86501154287313
161.98042206009842
163.11668764398385
166.22512698193134
167.44525009950394
169.86125132588108
171.67549527142523
173.05328924800497
176.9617842570072
181.036805882207
185.8358719050776
189.85352988351133
194.57039482212357
200.1212037711143
205.7081660720954
215.152366433444
220.27287203869045
224.40285617835175
225.48282450163205
225.58679578027562
224.24257640660878
221.03864124879328
218.00532045013156
217.21880437051155
213.1636924780849
213.8809669071245
214.05359096224115
211.79126331938943
211.38212685871034
210.7987211764565
210.13459425820307
210.43586444643367
211.40367563658774
211.03895448737353
212.93806275175896
213.33042285535242
214.45602508662287
216.22555275377135
215.76144257474553
217.34709385370587
217.61627939741297
218.46735311407596
217.95864823550525
218.4571175896879
217.67013469322896
216.50770136330758
215.4932265188567
216.5474698947174
213.87156163243856
213.8626557784744
212.20862751644526
210.42080218576424
209.12037538505874
207.4144872185451
206.9191007396171
207.19055999824155
209.1327089204715
214.4045738390781
221.9348466254408
227.44155092410503
231.92498050252243
237.29886973904294
244.29143221453913
253.873188448121
260.54431186433675
267.3001395920604
269.33903523371055
268.0109089341833
260.91076157934674
249.48136339163773
233.25863324331905
220.93451957381575
207.23533772067657
183.35636315218804
164.48469076303567
151.6826415706386
153.65880163960892
156.66659447932878
155.9910950253674
157.64540721075673
157.66024726646893
158.23986800283197
157.50609519881888
157.78110713451565
158.2282742139933
159.1043483491412
158.56864806982156
157.51360461834324
157.67432507552792
157.26441946003754
156.6539377155597
158.01578200627833
155.39457358071476
154.57264039391058
151.8036098221651
149.0096008795256
147.62665274055118
142.85668210927267
139.72698467776667
135.69932882865066
135.3250553845346
135.1510746650981
133.96174669435706
134.29777999091783
135.05692961446562
133.8595910136232
134.49739032684155
133.97328415356796
132.71119964691462
133.6998416936787
133.46455343199167
133.52714891546742
131.8498750433404
132.57663914580107
131.5675989104269
132.30146094323524
130.3706983643386
128.73638991440112
125.74956120257914
123.37103635449665
121.55357814056119
118.65602458909743
117.02570541086229
114.63868484335353
112.08858005159138
110.48387402617247
109.51080914103859
109.28080854936535
107.59956378632134
105.34214973928673
104.28247908335474
102.90425402661064
101.22804033716577
96.76812658057075
96.00824923964764
92.88354804369406
90.12736227077755
89.91255387235849
88.86991907703855
88.9301773728871
87.86626634145232
88.46446172507012
88.68677616277157
88.16674617972672
