7
1
d
12.764091514643978
13.306069306369391
12.731265072507542
12.413290190789947
13.577118851202018
13.303124856413403
13.058943323813642
12.651386787598364
11.159325106731742
10.039387500534865
9.621387161652729
8.816971816966133
6.625995937737056
5.013412003048353
4.137348217709841
1.1445245045376022
0.0
0.0
0.5455502157537161
0.0
0.0
3.8421783291523988
9.525415638211111
14.442383876652547
19.10319963327267
24.50011580542667
28.81315430590987
35.925040372602595
41.782062800456096
45.6342800140912
46.90597670224962
47.23361918451407
43.53170035061923
37.54743618109981
29.97161746823339
26.065452284607037
17.594121945766894
12.864523509714804
8.277736369390999
2.4965233179648134
0.0
0.5721584406092445
0.41389782499658856
0.0
0.0
0.0750776820911953
0.2829150038156267
0.0
2.4028640931232244
3.5077975548272935
4.087868351613007
2.8084753878334903
4.49835143379602
4.608815292383094
4.87705808891356
4.826422911915206
7.203084871064335
9.12616657074668
14.40757748639956
19.612892546037763
24.60762848896763
27.67025412551846
29.554116076396006
32.14886511909779
34.03252516372897
37.95133026769775
39.71050336751373
42.59503218135211
50.41906113061008
59.110764553206295
73.13170496831889
84.29318904757977
98.01206461519261
113.11722115426895
128.22088852861813
150.81679017099822
168.23184800849944
181.30046231190443
183.75845338882272
185.96766511334025
173.36557022902429
157.80409132771047
133.50118585050674
116.08165917335485
95.41806765672841
81.24998350665166
66.12134974899688
44.826997342420675
27.496742797207336
15.465957910677355
13.867925068223908
13.313738721572953
18.264887386215563
25.28825453055916
36.03638594450106
43.287017984007
52.20685031725587
55.56364940731894
59.24532777825105
65.12870901909018
69.94875805280739
72.27768507972833
73.5413978401869
72.6351317553378
72.71236344502243
71.24542656696077
71.01631819325198
69.4450539223582
67.16382341575796
66.13581239313206
63.86424979834326
58.901065217172416
55.62778938837277
51.05882229620566
49.37816107217663
49.18626151091845
64.22951927407486
83.51924644558682
114.29346034652147
134.05193788680083
159.71854168779987
190.14353884859713
213.63943537352966
246.12127127259387
259.76523184902214
267.34228269459066
269.3668468747257
271.82772310370103
274.6492541372195
278.8479484814131
279.82705531553296
282.5075591027429
285.4834799783456
294.8187834961268
304.21533313835005
319.0762734840302
331.6017306609074
340.6343246630607
343.40971667066856
341.98768532483007
332.6566376453131
317.8574945752461
296.90144062418443
282.74599731490014
263.91206143180057
248.50038216914572
235.06528736800436
217.212503463937
206.74246248474498
200.54600935706785
198.3651917030288
196.2571669159237
192.9381165860696
189.6664238247791
186.96558224902722
185.60847993660735
181.5690483909903
173.75914448778374
168.55732567532388
160.22613272527045
153.87144285904725
150.16917420736794
149.11120950999873
147.27116803967775
144.38829361146932
142.48731462476331
140.30787148004327
137.88203173016603
136.24300201478343
130.21899601420606
125.49739428993861
115.7601997511855
107.508760688423
102.70246475064515
100.9900290083612
101.00242424418443
108.60149332299537
120.99385028334356
137.54243176051327
148.21516247407803
163.31918741082254
174.96519055882365
188.75108172745743
208.21220890064598
224.91902390931944
236.6410109457006
240.64684780628755
240.0925086968576
227.4894819729381
207.83589591495962
179.5816215430474
158.642597081023
134.4973620907777
116.83329597624424
97.86758791553888
69.14826650378097
48.2392630142555
32.111961985630955
29.653669761567276
29.025966893346933
37.555680970289245
49.35731621787145
66.59236092105267
79.99832002717135
95.12695670929695
103.78327828943273
112.95077568213866
127.30223074198703
137.14781579848486
144.29997520037765
146.89736337666045
146.3494797661842
141.21842029596655
131.90866094818887
119.91143171576726
112.57248385674589
100.74065668697584
93.74775799975312
84.04408938703462
70.28230933550294
58.49954215711024
48.43964251015807
45.50020272190327
46.24789693622932
62.014047600322044
83.0285256696718
115.56882435742942
138.4403648482574
166.8470565894356
189.07302411422936
211.60099984089064
248.1148280920542
271.8683943250415
293.0558013806003
296.0779889535047
296.2555819557562
288.7408129790773
276.2163674503313
258.0081192733816
242.85245473062065
227.8354520933134
221.84328215262298
218.71574767714918
214.41947158575258
210.19639321530317
204.7052665220632
200.49304352611853
197.02586682977068
185.69141524136464
171.66609120901404
150.11262118476952
133.38972197503648
113.22506980855708
92.92030632895195
74.5812283687514
43.208062255421815
21.693357652888132
4.081617477702676
2.0834640192747056
1.2891453108199924
5.29779901820203
10.819770698670231
17.067476584264686
24.333116705600734
31.182959345410552
31.38318351036045
30.463527662812908
30.260420907741462
30.081086235697946
29.485685991233478
29.49054891250694
29.92387012214316
30.212016800345523
32.65915373422299
33.04398980756536
33.56033905259847
33.412137209235986
35.07836798489356
35.02045057992934
36.63194251881035
37.1022078483492
37.43903698889561
38.15727417332643
38.32964266144051
37.46424472328908
36.51870705331164
38.361017687242494
37.5441035277723
