1
7
a
9.463673879508903
9.004544573673487
9.283533014683904
9.983414983313672
9.162492499446282
9.147840537787415
9.390747010457897
9.489428535349353
8.96546692824523
8.050040120572085
6.966939267244134
6.38972928006662
4.994947786273747
2.330684971252351
3.4758735450546423
0.0
0.0
0.0
0.45483898690952174
0.0
0.024879825761430576
1.6691041170941663
6.48508381135151
10.920175828898032
14.023856717244355
18.472131262744277
21.082349267150448
26.274892436561558
29.869250079415245
32.73404947460218
32.8796561464513
34.68858475510772
31.292660529079942
27.883608317611387
22.724678988172876
18.674120802958363
12.603852540096684
10.07039823192778
6.147661630654909
1.6217189253564916
0.0
0.0
0.0
0.0
0.0
0.0
0.0
0.0
1.2636018776694284
1.9161219242780645
2.52535060802664
2.570615677461063
2.423327853426348
3.3007652481835072
3.7402028312613673
4.307309517481541
5.663492455317794
6.728717593583883
11.399455715840084
14.340559800107254
17.09162850074271
20.32271120132131
22.215273028906292
22.484219066126368
24.37125634943743
25.9605652109198
29.58243077572634
31.155683375761328
37.405173308342704
43.54886563756554
53.65075432405364
60.79211429298654
72.395603281108
82.62626125071887
93.93773989496113
110.03693453065733
123.05276932799543
133.67507878431172
135.86843738244303
135.56491115101568
127.47677973609031
114.69105837631288
97.7863710545107
85.0190912346626
69.66275051489073
58.94853309958262
48.151619220130456
31.891394473999885
20.60920298794042
11.830343916415304
9.130140117961435
10.010803821532607
13.410458955992723
18.684686553930266
26.474525560204093
31.311785406588086
38.34251572077822
41.35476187334906
43.49466093855908
47.82869957540039
50.549496412348724
52.42899414228644
53.21026408433209
53.19813158304888
53.65722735175683
51.955539217349354
51.641958003186105
49.82777833558294
48.23767907253771
48.974259508178065
46.46396529011861
43.212571784707926
39.4666834303516
37.74992601057218
36.14820654432807
36.308419338550735
46.49385555890785
61.29429473926455
83.21128412139723
98.83338091986117
116.69097863013612
139.6074687653684
157.1568025591046
179.41226047423135
190.09648128582268
195.43869499654915
197.44351823327656
199.30942233094805
202.0719781197555
203.29367495455477
204.84963362667668
208.2734840330149
209.17035429599588
215.89154987097155
222.11579425328827
233.98720251714298
242.6748455227064
248.78675970462677
250.53173675924617
250.63897918246195
242.84856364017327
232.32525986544073
218.07621324193315
206.45520757622378
193.26928801431416
181.80839151170693
171.40363004687313
160.34976109852732
151.00017561476935
146.7172947082704
145.04449031315548
144.25515140301246
140.18667061146647
138.19503245056782
137.5340364075591
135.6114007066199
133.25296753418863
127.90625971430687
122.69384718732968
117.47827096617719
113.16335165019217
110.63065388016807
108.5987636453192
108.12176402699912
104.66239173968617
104.65778530856693
102.05591292164057
101.10209693085208
99.02487997900215
94.89411174678898
90.70180498952948
84.31321521795964
79.76228787989169
75.47458555641852
74.36701333406599
74.60779553686687
79.65018348175529
86.97846516006416
100.41213919118393
108.50549031471068
119.00619785547912
128.46806657257073
138.0957772594919
153.08197493076642
164.04698964411702
172.7958292317055
175.57457382209842
174.87600427225698
166.821105530025
152.06751433402206
131.2606861283251
117.05384227877818
98.84826997917783
84.41675582985583
72.62636194040834
51.31744895796745
34.72599845902607
24.957998369484663
20.911702671862198
21.62502910205432
26.96634283065919
35.935056507873185
49.29186433140114
58.29263390331967
69.60516476746412
76.02045851334721
83.29974365391003
93.23020655789331
100.88186799740633
105.60253419530143
106.45872045564919
106.49812558059601
103.11393568246916
96.72341410521946
88.47202303341274
82.02910386335489
74.13423405679713
68.53728492482189
61.972777329335614
51.77068110889174
42.71012937110405
35.80228787940275
33.975957203620695
33.42711904981544
45.398701909031125
61.289305345391874
84.76212366680426
100.81533794629672
121.9589472326411
138.51343682643517
155.65945050345292
181.96035492895382
199.2474627104402
214.5854091699478
216.3725524263398
217.7050601293969
210.42745708787172
201.57036586904192
188.88053710865694
177.94956318868722
165.81936200510913
162.94711470323307
159.8889405077907
156.69020785554073
154.51730575120496
149.03909506869056
146.2173801357217
144.12968000647
134.8315402040088
125.23151404085075
108.95929149507296
97.77233334252588
83.45135419530136
68.68086639283102
53.45344962343275
31.991036730225993
15.015065094719862
3.407292132058739
1.8195260493729966
0.3291023450025513
4.521835587522305
8.17032086561666
12.64058779456812
17.922100170902155
22.210650053054554
22.20845995771801
22.429579105823667
22.463336131602656
22.37017800421076
21.66217568775989
21.0780469925158
22.084110994306712
22.069858666440066
22.098421615595555
23.512746663018135
24.868059797145094
25.34223336439771
25.99057506473926
26.50666410712455
26.74096060355291
26.839252842695398
27.92695924661417
27.148756976024686
27.173659669191725
27.391170618661384
26.919037849365193
27.24505628232622
26.850925534588427
