9
11
c
94.09148677638233
94.33423362036184
94.49093424652995
93.47139000611175
94.4366828961375
94.89895925050328
93.47010484098905
93.01586688499249
91.4941671637135
86.73232935492783
80.87428401304524
75.76832501681014
71.79997424333956
66.67654755960885
61.06247425942584
54.56035316327583
48.4420910814311
44.84695952650466
44.48826555775791
44.0332072507117
45.11787373897562
47.10188102630443
51.09141468028212
52.434466630745554
54.55359576674783
56.050480451153994
56.65535118124257
57.76381460684273
58.116766358625455
59.21025447627316
58.69340944186697
58.15391367588664
58.40122736311332
58.948210025783816
58.972923899584444
58.85453952027982
59.2640886696318
60.241249774846544
60.009574967900264
61.00196074128384
61.45830434651766
61.54974273115051
61.56324631757083
61.43719552116063
60.89568475909262
60.52938401344034
61.117759351793985
60.36131598941825
60.5549557423126
61.29744604413373
60.704544447827494
60.35496520866555
60.83874368856993
61.146024139216316
60.16842817503338
61.117046446956934
61.70703562413242
61.28093527891539
62.211064611414
61.11063856077511
61.06464111905127
60.89781069360335
60.64541921608923
60.23394879458042
60.471570889488305
59.44887389202507
59.97364255093535
59.279065054201276
60.98307684449434
61.847590340407706
64.73262513078375
66.63882218194873
68.29868893189906
71.08000703626378
74.00550263126587
76.29080813941411
76.66803026821569
76.29129561881606
77.99227616955912
77.73002514457895
77.9182403667327
77.70347378338997
77.49863531946004
77.52788485668633
77.36119460920445
78.6725232703059
78.17743050061662
77.80728724058834
78.17340711320678
78.25425768474976
78.3860421877126
78.52813275363344
79.4038750820668
80.39417265294435
85.86947982865667
91.46409537008103
97.79193817194809
101.77426314647903
106.68331069949159
114.14459135683916
118.17865332984475
122.30367508356676
122.39296830100405
122.22196986429844
121.5302963229837
119.9197442104978
117.77879123432679
117.91597964746165
115.77651652590943
116.29016909823672
117.0983825524655
116.32270080732383
116.99558830332133
117.00396944443617
116.87639341877087
116.06523734473612
116.34637319031427
114.88708381080454
112.62664116727626
111.56546419547487
109.77213077069261
108.53535709172534
106.96749654656581
104.99518791343617
104.02474947644954
102.05099383546283
102.23351293806772
101.49672956019411
102.1793308119065
102.79093697271132
102.30133411567355
103.272122443965
103.77892811621335
103.3827653834753
103.2680767352469
102.28778167265953
102.82240881844166
102.90421462918587
101.22407706237654
102.1066470864393
103.03805814941784
104.31254588973998
108.53825863886166
110.62476063548529
112.83466543638856
115.19082439598418
117.80351859708367
121.53897433313617
125.32570358380603
125.8759316136133
126.45663754685212
126.73851396798368
125.81692818983485
123.17987574569177
119.79796595277254
118.01208550938348
115.10926983351663
112.30512715376112
110.23080000357506
107.29484830880611
105.30716986437068
102.38966225777794
102.22046064557281
101.68658478856915
103.8870708388798
106.66685624130311
111.03743625077703
112.79295710542313
115.81155040781647
117.73336272366738
120.28072923505886
122.67461021817783
123.19994879358659
125.57632379831931
125.78757362236398
126.48481176553797
128.73347662762257
130.01356300088642
132.01266870016988
133.43619805189792
135.6574966186219
137.68490413897547
141.1894828910107
145.295701927867
148.34406790505503
150.16756140163997
151.55819614378876
150.93134095079955
150.88407128629748
148.8591371259756
147.81483131184513
144.53991315763986
143.33296828066898
142.46676038402347
142.13235547294946
140.1743467947036
138.4917610066325
137.789377406173
137.46665928837177
137.35265416810492
138.1007630835016
140.08607415938778
143.50579587896607
145.8240740153128
147.15249637466545
149.88948196595857
151.10975029197883
153.63067401959356
156.47125971247647
158.02832506079358
158.66170501523578
158.50813322563593
157.4072177140145
158.03826932740915
155.6849404978351
154.93095356140572
155.0772345780144
154.16725002371746
153.4147827459706
153.8487814162643
153.56138737154
153.85131213943703
153.21191170231063
152.67268257664466
151.4939912870548
151.37722487462852
148.78317808434156
146.2198259165891
143.11436614255837
140.89838539500565
137.85465676468473
134.784985871567
133.08182230569918
132.9462243073479
131.54248113973247
132.47208351152344
132.74688664769707
131.509787439111
131.63920595005226
131.0565816986554
130.72291184170604
130.10288337032085
129.75100803144957
129.116086454129
128.14854526111205
128.32051373773737
127.64715556598159
127.28558331056192
127.25149983102949
127.3002097731178
125.86874398841788
125.52947641183096
124.94485728883386
124.01140389244632
123.25569508504118
122.8651094399103
121.57306145057963
121.46708318285067
120.89783191133412
122.17658581810188
120.82699739344028
121.61038777772883
121.83495302814288
121.60615557856345
121.49470064264241
122.62885353739931
123.55902396012351
122.66213366869344
123.82793699134146
123.45219504482247
123.57497159043473
123.52905392763546
121.71394101836813
120.67434336375987
117.21927821535805
115.06032764320793
113.26911857149464
110.56819945091685
108.14732516933559
105.41545497205765
103.16309131956152
102.80861875435988
101.28798067374453
102.05035651721619
100.73767973524264
100.86805146172964
100.87172871522735
102.11177584571482
