3
7
c
63.685512409511595
64.27398292625097
63.72417015988682
63.997789149050824
63.06679415488375
63.516087650356816
64.03721027324009
63.74444142644914
62.17649172279219
57.17330962705849
51.665819977570834
49.735376298029266
45.217771348855685
38.229430214014194
31.215097278514047
25.482772841709405
25.70094694983771
25.164268076945547
25.571886266672962
25.649746618860682
25.04641524878487
24.655094226720376
25.2794917901284
26.280304952832076
25.033304908263396
24.494712561271058
23.686508876608
23.48748326701043
22.496560672196953
20.892039215676903
22.216472462177162
21.88836577664983
21.875689024736193
21.39742495574192
21.759754523772333
21.36256492663622
22.310808869965683
22.828764390137763
22.59411746828521
22.72883290297617
23.226955741104284
23.968612101753628
24.317657273840297
23.422774762634447
21.899110050377775
20.27820660387989
18.168189831298697
17.629072638842402
16.197091596379458
13.133824545379282
11.613281237622452
9.069044257603702
6.425952467386136
5.047445705095141
4.383006291696524
4.352499472944216
6.43340899776345
7.898783449152905
11.504157113435959
14.984878850171391
16.76479098203013
17.633229915509627
20.78538581830422
24.13373868342872
26.697861762922727
27.386071667757122
28.33114898474397
29.230329271647292
27.94444474657744
27.482641145787873
26.150551357231432
24.989263204994373
23.691676722773074
23.23671032325409
23.941822068909552
22.450697298084968
21.542737501321163
21.699328394289736
22.081460460246166
21.254247510112155
21.49011981999609
23.12203088388203
22.88368205834857
24.798225176791217
24.54757798012794
25.433190911421956
25.248054395045582
26.55093094801969
26.797167758258006
26.787682505508617
27.130428401927478
27.08933695792193
28.60715222354958
30.242126743887848
31.23364886824965
33.66288054819456
35.94652146679847
36.23648195488533
38.83419180869458
40.298084788476345
43.009284376294104
44.730002097404416
45.23373797912773
45.10573673764121
43.79661740234455
42.4951311646739
40.91024447317328
40.74913846555355
39.98704042121177
38.994934269973406
37.8329086626031
36.00826990210888
36.311392138783084
35.16785405075664
34.717510807965354
34.15653296407608
35.330525289484065
36.042577781627905
36.317397572708465
36.865962719890895
38.16678055329191
36.93816030050521
37.84501564939751
37.92743618256021
39.28533143195468
38.40085374719837
38.196538365582846
38.59143293379547
39.70863548995427
41.16556413735364
44.241314675158264
46.83104738532237
50.39430388102422
54.03902086778137
55.931898501593196
59.15358161961921
63.17608372595512
63.92365198386088
63.032778813057746
63.9358283669303
65.61395291017051
65.46797482304778
65.27127229401994
67.03172570567352
67.28137173895433
68.5651316248835
67.59155033727953
67.67468956775936
68.63712318425611
69.96711631264729
71.21270302412331
71.71831196652296
74.52746590779303
77.67165533352592
85.2798431906994
92.2674959802523
98.97289688045214
106.00611711658
112.69215831494961
124.51521629884472
132.45018934933822
137.13400338274224
138.33214196594776
137.7160374559692
134.8712424054508
130.12596726810287
122.34862729215958
116.45136836641365
108.81539639577431
101.67556006938806
94.20486564966124
88.96470789401579
88.62252375026718
90.27866057278268
90.04404721456405
91.4277498722718
91.31001649692817
90.48146842034103
91.201824639681
90.3825910372967
91.66780011043252
89.54188041338004
89.31598051051087
87.89496713093601
87.54030540961084
87.20215302364385
86.25708591556518
86.87966220939883
88.87782658778278
91.48606805084549
96.98127160143137
99.43433733700303
104.14626977675947
105.88626021676315
108.97030097512206
113.56912635717164
116.10927238197745
118.67297165777283
120.03163860598161
121.3475202726519
123.87373114272285
124.07955312401039
126.1683851664509
128.227406461511
130.44626500754853
133.12779663322846
136.89267452285304
143.91956778706293
146.9235266889328
151.0836930699423
151.3608009847566
151.21678549264865
147.85992187984903
141.5771594630066
132.6312507996937
126.99839346432664
119.72928928857338
112.448990598635
107.14182984115413
99.86007235410344
95.56215521541064
92.03302782839917
90.18081642966895
89.8586502465891
87.26405560829971
85.28452858604903
83.35474221307281
81.27202437235864
79.70234279424164
75.3097457428844
72.14441242086636
66.38015187167694
62.549406596248204
60.60248168153733
59.731963262850066
58.62496457603072
58.60331538873844
60.75803140820956
63.12055545232864
63.64282256625182
66.2750777566642
66.24972417786061
66.57716398384842
67.2898664535275
68.39774718875462
68.21278011428879
69.28931218088456
67.77777729469683
68.41274193011077
66.28505787439762
63.75492668323882
62.24780098249263
60.142029445461795
57.86042659992166
56.610503480537105
54.69926016529962
52.98033642074141
52.01095014395862
51.77891899256496
51.29827664580572
51.27456203175764
50.04446994341466
50.202128289087106
50.064363337131645
49.00921131688425
48.15192176725375
46.301310867795856
44.53023387733483
43.517701130103255
42.08222776258334
42.064329586749025
42.31028411771769
43.234630147231826
45.02506332658489
48.00170675298273
49.13841288215658
51.528692903179795
53.537848642028585
55.336176836209255
57.19013380190445
60.2508121532164
59.55608859892874
60.546613397986725
59.965851276970234
61.41401740928244
60.333055748504925
59.8790707963919
60.42445625650787
