3
11
a
58.578435788001464
58.28791821602645
58.46772474311148
57.57237283433188
58.06483257175413
57.45464072755125
57.24562828515754
56.61770355071889
57.061165370126744
57.389876310907006
56.228637354033566
56.314637899189854
55.1835275114129
54.18683676485264
52.600773195846614
51.1268504787409
50.47983269518892
50.13853934463075
49.33083750297695
50.417412856810856
49.04477418181348
50.9506579776925
52.39171133821382
52.88924766492672
54.223784527945384
55.27200613586344
55.69638427797925
59.20619113910177
60.181299784822464
61.53221509575045
61.57425170528186
62.10707614517652
59.25086604061528
54.87134770282224
49.66568033027565
46.630513007991446
41.82487461853535
36.23505005028547
33.34104665133374
27.581394959739246
22.889421001760702
19.099356564301157
18.611483613330076
19.104006463399582
19.49773917271071
21.82911396008979
25.90425992370075
27.982661775293646
32.122576613319225
31.677591940244447
33.34555805637352
33.64804129784127
34.760918742171725
35.227579323502994
36.341693205164255
35.68981202960905
40.8282839876836
44.51372634255699
56.198038511732214
64.3462315958923
77.14752712583018
87.353288395135
95.900075701251
109.59159801612905
119.39942365533136
127.09503270666178
128.15730341001128
128.82057137462655
127.38487314295391
124.16836110918624
120.56708886770112
117.80837034115113
115.17785629870677
114.57306944775102
113.47582475364734
112.80559146209123
111.59387736104328
110.85595149629467
110.14336086991628
110.50241956897807
113.43982930085284
118.43003277523697
128.0059428057824
133.84931394023488
141.5491839215216
148.01099495302728
152.2877343857963
159.00418931163304
163.70423228566665
169.56335565362576
169.3838510282301
171.96887175959708
175.41555763426814
178.14136306689363
182.77679809880843
184.45413985065144
189.0859406613762
195.20849038923905
200.9719903125935
209.46566631408962
218.70440739657303
224.05566937600227
225.51377286349114
225.4594381888786
220.63556078351496
212.076684249442
198.46738015640568
189.04090982636902
179.8639246723069
171.19326238917733
160.91847503205827
149.54977048529872
139.79286210692138
132.13009330763887
128.96500021293514
130.44467119411533
135.7204640912623
144.79230155297023
156.77272386893398
165.71247484534842
177.091698137023
183.11426317139134
190.41812650474654
201.07634377520444
207.28733725054238
213.98862988380677
214.5567339431494
214.324700536097
213.83623059836663
211.64003611071414
209.10938822182385
207.01184972840144
205.06314262789633
204.99683351814446
204.2129120404697
206.1448882576624
205.68167925218677
205.05370037621384
206.66363210032654
206.73168112274865
204.66700841220492
204.00422920080334
201.08968227706825
200.62663374189276
198.59139524025122
196.69198991627528
193.96188131967895
189.67057462113283
186.38703717063694
183.43996351765557
182.76933973839868
181.58849672269614
188.0140626077267
197.23980004050082
210.05597303343512
218.99448210271385
230.23421249526422
240.48053148787687
251.25566075176812
267.10388928536617
278.79811103418325
288.5480283458284
290.178821718088
290.22385935899274
282.89396694378155
270.8242414874216
253.91206616542107
240.70575074230328
226.98427077840714
216.63290947508597
206.8056950687707
191.7366228214682
178.84468994262772
170.74175056304554
169.64048129033188
168.42971704859255
172.3118745218783
177.5436295187209
184.16225839956343
189.33087404017724
195.46390102804955
196.65831348466833
200.83097393635344
204.38509975990542
206.72232529992948
209.12799649039837
209.96599310853202
210.11755718399016
208.26250339719527
206.19127410562942
200.65585362914422
198.02568015152713
194.8618543903305
192.6003787687409
187.59238281869926
180.56515465586583
174.30391794872102
170.04641588399576
168.6900521318311
168.28909736126494
179.05263521972495
195.314397225859
219.7377212710762
236.34177001420966
257.0282414683305
274.61735315783636
292.92604842116236
322.797400548258
344.15941998255477
361.0162267363756
365.48624454771004
365.67957204238525
352.2356504323799
330.78579980630616
299.7517435361859
277.74340510234686
251.40533008289464
233.55518502408862
214.64586825199788
184.19763141920362
162.0660387337691
144.62852867614626
139.51223352805542
140.3059208654647
153.92977513703696
173.1364419745665
202.06879238866625
222.10660144535208
245.9471989554432
264.4933305478482
281.90883654576623
308.4872367783228
329.1056734611635
343.5116569065562
347.9429209702776
347.25096635979384
336.4168879844835
320.8543190457269
296.0563293761768
279.45034996098155
258.89826206429166
244.50580567103486
232.02536561542968
218.78681778876523
206.968589607798
197.69912860719322
194.4126388116266
191.99287938722185
187.5834939764168
182.6075327270352
176.53491123944036
172.1188748791882
165.80864529192922
157.33633990920964
146.6767798100544
131.90568403945076
119.50042157717127
112.58782075169249
110.23509178827099
110.27311078473203
115.36328640371582
121.88278490457522
133.22249530718707
141.82532872620848
150.32852970706364
155.92693918985947
161.82465404843236
171.23642843984544
177.4149514963525
183.05175478591775
184.0619515997252
185.01343957585993
180.52697565783498
174.45211934487205
166.9028166728977
160.74530107428492
153.50821020912872
148.39150816778383
144.75986437124413
138.66898170328687
133.6806035876203
130.55808690356312
129.95980894657825
129.79947792612182
130.12665170723355
129.74523877487317
130.0203835513651
129.16349460862745
