6
0
e
217.564636943657
217.5669055602599
217.17671414801512
218.99676588234672
217.55238301308822
218.87082499334326
218.550196594547
217.2306713579273
209.7266074898848
200.7435637831471
184.00206467239866
174.29227856045276
162.21743508309962
146.82848670551545
134.15412754341762
116.76867194263748
102.22702569329927
93.5430330227102
90.0278085950265
90.36379562623765
92.97311360214086
98.11423932806596
103.52516954450849
108.45377650421625
112.88816128504143
113.80534154655072
113.98051466853332
115.25347611971956
115.72795237809783
116.07799501734226
116.83041672943986
117.56938545612424
118.36138848381664
118.70358057621091
121.78672957385093
123.27859242693845
124.73047330987515
125.77104670943686
126.97742780055944
130.6742760720787
132.52105826594166
133.79633594016693
134.12430563463118
135.32356098150208
134.30484084590756
132.21792474812983
130.80845342172415
127.65613453042555
127.6213660935211
126.48045927058455
125.1886602192389
125.23050842441432
123.88862141376849
123.33162658129342
123.81150715565322
123.73257995087447
123.62163289430384
122.65726364672982
121.75050380640907
121.85280307825869
120.97852979747978
119.47319301286385
117.32339637190056
113.89810767914567
110.96188798143702
109.0090060611954
107.09894914090644
108.52141607838146
114.06123722039307
120.9631916596158
134.26202175122464
142.71881324955856
153.51348978082726
161.4186874660268
168.14636264930792
174.39872295827695
181.06633191784687
187.64023447028492
192.33334376728018
196.07304895266057
203.74045987339562
212.29815119328606
222.74903960599423
230.0984079596068
241.11192428747952
254.30289393088606
266.26915713193716
284.86170910560946
298.88166017585013
307.939781901905
310.1702244847016
310.7692259270445
308.53116420043756
303.21763057116124
297.60151265206923
294.0918600878284
288.2425498366413
289.0098655616813
287.52205462003695
288.2171385360072
288.2633836293112
288.5809656752527
287.2292823968502
286.0989347988315
284.79197306860215
282.35806998516756
270.53278628918906
258.4152553839312
245.3369112038303
234.49800711088503
225.06713929099777
209.619011358789
198.46432592176842
191.18491076608132
189.46991184151523
190.1759657887659
192.904480005735
196.47958110908533
202.36048050713248
206.77435662447778
212.55707106138345
214.0741435831207
215.87131071791924
219.15548049370238
218.81602241530857
220.24961296753773
220.10375158181603
220.03447787746217
220.5172515410484
221.6964341793219
222.11159405444496
221.40702341755636
222.67745835846716
223.78525297774027
223.48213096243015
223.83977820756093
222.82159027138312
224.84320724216917
224.59431729156674
225.7714086454357
226.65347495755518
229.44654466091907
236.49530329115342
241.1714992332265
248.45268991039865
253.03627806692984
258.7695458997617
266.7595445191214
271.9354405355254
276.7419761161746
277.4572730928268
278.3967459310443
276.96866339322213
275.4299554055439
273.2720366523111
272.08177329904044
269.7997285211221
269.9716577762039
268.0395021105714
267.0849001016846
266.020893419707
264.59197328844203
263.44428476835554
263.4240685433839
268.172974870302
275.97807117049217
286.00316418988837
293.76298448433624
303.5091792475482
311.687482962275
318.7350693030705
331.0975528359362
340.1808237037354
346.72610189456395
349.2303002034636
347.89718733311025
346.5504638180913
342.1671655039508
339.144119476848
336.1978197998703
331.6211199321362
331.0546766714069
331.0803826470703
330.45201631770266
330.0808939532644
329.78344590972046
328.6109488637076
328.45980039039983
326.42344126700317
326.41440941044783
324.17748984152666
322.89882067436645
321.40152260722624
319.92361540677
319.5265270076937
318.17432310426034
317.6971463171462
315.22015355198437
315.1237315263236
313.3028728698361
311.02610158318794
307.5994730909178
303.0519742378112
300.01785061229566
294.62736478384437
290.29341911397694
283.98416772592554
277.8080925824283
270.0948321387364
266.0247349640596
264.94665278490953
264.14681023336396
270.35456358246824
278.84201619623195
290.634946024804
299.66178803842473
311.06766326371934
319.16188498248795
327.64561787753314
340.2057292895924
349.6297255379257
356.21963160686283
359.5196940803747
358.55150521000223
353.2622288280086
347.7186259929749
337.4368923563756
329.93453288368613
320.42856571504063
315.5389802580282
311.59129761324573
305.75102800469375
301.563477849391
296.9454875238715
295.38335975313373
294.0363024791939
291.5334738363484
289.6844375476281
286.35986719652107
284.3971550796101
281.37854395240794
275.13781821173575
272.87565638025796
266.6940966009019
262.45490963616606
259.9901276673057
260.25412178661975
258.43945325966405
257.35578978099977
255.93416393861452
254.08970239359653
253.74504808636163
251.5967606165417
248.80865667640128
246.53027497718273
240.45131734546894
235.9777113102202
234.59768455569574
232.4492603499689
233.09380966976107
235.7903358054618
242.12708814607186
249.91047008102584
256.8146323833251
263.63532821006373
269.2246679449024
274.76822777910564
283.16529228947405
291.4918234032422
297.4186548487922
298.63041593631624
298.73752496847686
292.43291020554346
284.4029986543691
272.8783828813631
264.7904068225674
255.47754516922373
247.86923297869455
241.20989729571752
232.6869180893489
225.65248361129517
220.47008523153664
218.76035323651422
219.79885818468017
218.70546714275548
219.50486993544044
218.39545763121103
220.01296819004176
