0
8
a
88.49064881779846
88.4436180656594
88.29048990509348
89.04239027183166
89.45392326733936
87.97803284574594
89.60888700028532
88.20211344172071
84.14457688595985
78.11071821836025
67.98496415714088
61.61233560180847
54.53851352361632
45.81089446562866
38.88611887967869
26.870554743496125
19.14910552135796
12.918019647652361
11.561472944267773
10.994491978574905
13.26126821174098
14.975692350395317
17.22456473071944
20.269251970660928
23.501111647545482
23.173332508665897
22.01165897609454
21.93192756537266
21.1310048563178
21.382018722978493
21.230164601313966
21.56122624677683
23.234853367532104
23.928001615149498
26.69146681163577
29.75798452528571
30.916926407627116
34.05071213158037
34.721249451086194
39.47336561181101
41.627718329487585
42.841582319555634
42.29841314183704
42.41389813583541
42.419492219391834
41.03585892457803
39.33654152607484
38.33858738412618
36.4213484335804
35.152563140305666
33.32186872056315
30.93681060121942
28.270646463059496
25.41651532593552
25.0654842789421
24.377287690020463
31.10491438478601
40.48508551092004
53.75400027224079
61.881709091702646
74.45508930427752
89.54429163345065
101.10883705300569
116.94670442442789
117.83181692787596
118.57930301985112
118.352751991268
119.89949665808527
120.69451844184478
121.25651300519111
121.1253034433267
121.40244921424637
120.95663435991774
123.20322734602354
123.85785979512006
125.40518542362497
126.22266792255827
128.94214374215684
128.45702002784984
130.5246477995485
133.65815992896674
136.26520751679766
141.32515464506454
145.51362755302054
149.82573772470172
154.3498648378241
159.22848786481367
166.5725591944454
172.2156404922035
175.86665070577325
175.11807781275286
176.65248937527778
175.2249687299958
174.02998992264025
172.23455511742785
171.59016432147547
169.85887497710482
169.11671057531214
169.55372090608276
168.52765871625203
168.23932728733408
167.91779587965775
166.4637997808532
167.32934765684533
168.76415561728203
171.65054971378967
175.94462290084468
177.489534125182
180.73570485268996
183.483375162022
186.2956514656041
191.67089783294867
195.65080140533914
197.7239327951469
198.10563449810385
197.83925439788104
195.70237439191735
192.91363284393802
188.59163236618704
185.11071836967878
180.82466730382973
178.0865255545189
174.46044739895837
169.1967949449504
166.7027969655811
162.36194670741435
162.23920579932874
161.86195524858414
164.6590641353526
169.1097087856155
175.96753300099678
181.27426168373105
187.21380214851817
193.93387472826072
198.8299877556436
205.36004605047273
205.55680902513515
205.54998993903962
205.97433534053602
206.29215560096645
206.28905740063342
205.52711515135871
206.4648803559821
206.47076045299897
206.50340644709001
206.5466888453373
207.16527008558774
206.6945982016616
206.57530707215835
206.49764465624375
207.6702850390391
208.53382706139598
210.17163690876447
211.35327724741748
217.80461095770193
223.35070453681547
228.2109159196595
234.57709170410652
239.4427154450916
246.46281380202868
249.79696237487443
251.42994111872315
252.7726467255186
254.0523774489112
254.31699936239184
254.69033069485928
255.3800317120269
255.99546963263947
257.17696097173734
258.95369625752454
259.8645303498784
262.3571609227915
262.77033006565387
264.69509489520834
265.12973559650635
266.313489498764
269.2452577646247
271.85505382656436
274.7556050205202
278.17706969172946
282.49829281345825
286.49231341861304
290.6865007766153
297.41142193453203
301.4589887924376
305.2058726308305
306.7312624794507
306.96167285477117
305.2219412965525
302.89377751122373
300.35225312904265
298.7647647923699
297.2490352566952
295.61865389373577
294.8474695103599
293.46298734890576
292.7259937409561
292.9757088835409
292.2073555538675
293.2844474027277
293.1497151453061
293.5800234485252
293.72999686691657
292.6495329022154
294.23181094526416
294.2817672686421
294.27386377251526
294.6456215738127
295.43796289230505
296.25785456955043
295.2586469482737
296.6908778499814
294.23044968244994
292.32619148318634
288.17890482716786
285.70398580549795
282.9916839197369
280.78030913662167
279.09231730928815
278.9464144261966
277.4907060896736
274.95768785736175
273.8770512829777
271.4560615534212
267.32742441893106
261.52886990255473
249.71708128790613
242.10554625918968
231.64373940879096
217.49317564699504
207.09709071981612
190.15021570500542
187.84660655077508
186.16717294997292
184.5884848974184
183.97358805026775
183.39970271338973
183.3448601287404
181.39432824848475
182.419299703028
180.70627648160914
178.12503944082562
175.52028350719056
170.46437460981437
166.64507809231355
165.29998505683787
163.96146592465067
164.38475609512076
165.9723404404911
167.51996022260735
170.4101811131771
173.04293278732217
174.81538779027494
177.19310875732995
178.3114657623781
180.28957360204913
183.05573549214927
184.581248618858
184.59251355380894
185.98643143195264
182.34169753068568
180.9573829599305
175.67881290045113
172.74270511270535
169.06167949671257
165.78496020044793
163.30228980430272
159.95129082583
157.27165549565373
156.86447945100002
155.9501186555049
155.84747752300748
155.10059958039017
154.92672333511973
153.89851666573057
153.8071188528717
152.21657399771385
151.895395164881
149.7591210990473
147.76450769065792
147.35498285505633
145.41704873698086
145.3254878433873
145.0642945836527
145.24370140591367
145.67168299751637
145.7539490842004
144.92270422355128
