2
10
b
154.56711030262215
154.50106275906015
155.34739534676376
154.80376818638706
154.42967903562007
154.28702369147499
154.72677855353592
154.67572025899722
147.6207791755452
139.737119503078
128.0735821195644
121.0202011139761
110.162451132489
90.08971680465439
77.26233396895687
62.56627919590897
62.04196005770085
61.41646177664727
61.0976543474678
61.85577123898856
61.35954137376194
61.57120795013805
62.49399268988841
60.45449367266266
61.18829848472183
59.02263831534445
57.866870974905986
55.94711083847482
53.37823699959673
52.30485843246225
52.73810559760877
51.89074693653194
51.846212349369004
52.544819644425814
53.62805091029847
53.34974609504314
55.442974295227856
53.96393656790921
55.05242558750058
56.04507171809954
57.03404925082843
56.67747739387589
57.23147570732943
57.952184404643795
55.39673973259455
52.375388967616104
45.799576882425626
42.45105648100086
37.7243110192393
33.3549565997537
29.615174962300948
21.19537527073046
16.140503068113123
11.773292838052535
11.067146037958478
9.982323424201097
14.78400955370672
19.19228256264476
27.898633383705057
32.79603474399558
39.63998342620274
45.52970037209777
51.39744934953595
58.16175673193036
64.49057648932501
67.98871235117271
69.11355444165766
68.625276703855
66.77827645000416
65.57594443169643
63.462982935705234
59.76694254446521
57.82794809081783
57.07644322027068
55.33965561403668
53.37782747919741
53.65927793976593
51.03474904889488
51.70549414620436
51.65071987649522
53.29054284611505
54.6534994439419
57.220725419375626
58.524159972163595
61.47399888657633
61.56078881062629
64.10046231026544
64.47903730149856
65.3436064522645
66.29909131956822
67.36970967546618
68.56974578531906
70.77529399527322
73.13951704839336
77.81066013806716
80.70012095041449
84.72240865887964
90.18905186508455
94.60105302051439
100.62216872748176
104.32218836184607
108.54826458054066
109.30185833980813
109.4764014525031
106.93635532303915
104.60673237960383
101.93215073636458
98.14727551135309
95.13569794642558
93.87514345867349
92.30857172128114
89.61678648868875
87.1390729585874
85.12807227335904
84.9166648859323
85.63734083755682
86.1895120865145
87.65823853170674
89.27990993457914
90.4964039592588
91.34417401098848
92.06776776013169
92.5889754931435
91.53958719441916
91.85137590908015
92.66840642267108
94.16522956744717
93.6443045739411
96.31958536654707
98.38181601301228
106.36014613261456
112.53488893714206
122.46231141786333
129.89773439620302
136.92386357910868
145.8284549993206
151.14962625880722
153.56137825064198
154.87478636355505
155.54100638652326
157.95250936941758
158.95082475329286
160.12725234711044
162.6665047363617
163.09636786526485
164.64807099978762
165.80639693563748
166.70147929968658
167.93164397864538
170.5476568348559
172.80776495017682
174.40762823075215
182.84720889813931
188.53272137972246
209.15628313088504
221.83975466297053
240.09862506033082
257.9139026868045
274.6809332673963
299.3825624506478
318.82306102199374
333.1295934378804
336.80767834708854
337.22782302966976
328.43433053769866
314.7856408460198
296.03196017190567
281.2155386835739
264.73551455031185
244.4035713925748
228.2857127621029
214.92172339203267
216.23574948352717
217.77723379231247
218.82966179240628
219.86102344778845
220.87945982575235
220.77436834965596
220.73562890090497
220.1743618419173
221.07300453475938
220.10841670586504
217.77095048230234
215.56580371725963
212.82403642613357
209.7945871234362
209.63047877598353
209.59014961963294
214.95518658025443
221.89387861511906
234.03811140463847
241.94714389741478
251.74490117549647
259.95222742490927
266.34514705513783
275.0006482659133
281.6792783086696
288.01687956526877
290.8245102107883
293.5882637243141
297.4952138923188
302.6616630482529
306.34286341324696
311.7226171633993
316.1187311391761
325.0095808976206
333.40338978528445
346.8888448653517
357.8617732782435
366.661026814168
369.02511202441
369.1671589270821
359.1086252942069
343.2751488001791
321.90323912724693
307.21761235266933
288.6801870661876
272.5656842281718
260.81060900655854
245.0101613078261
232.42776075754205
223.09130732288446
221.01605085928534
217.17828297616776
212.12530191804566
208.01678760971095
203.31386722644623
199.46926851315146
193.83296736415457
183.8543596456364
175.05706618070477
162.33261447751082
151.4933384967583
144.44342693069538
143.66035634442724
142.84947781134076
144.4223257955271
147.7527776071794
151.62833589344484
156.6681644822694
159.8380080049203
160.46672934147674
162.94053180615262
164.30152198589386
166.31779873421058
167.0819346883206
168.26580942041093
167.91317550617273
165.05267226176022
161.37277779754547
154.85616184761432
150.91076438533568
146.4365137679848
140.87113034964727
138.2564373973844
132.4424760019503
128.03531753001693
126.3558832566038
126.40257803280056
125.17964841686039
124.02547227622654
123.28914639685982
121.45852603208924
120.54282174481992
118.8328691017894
116.31576017422451
113.79293428332123
109.52408540551274
105.81055706421542
101.8948338865225
101.73022405681702
101.96993974550598
104.49095568309069
109.71366621186297
116.2852159609936
120.81792088477108
124.89672230110932
130.46712230552714
134.36628991227417
138.5125808796183
142.76622833224883
145.56479248165957
147.37292717212694
147.6067127997297
146.38041778994076
146.22649576067406
146.86217362292112
147.11756745372463
