1
5
e
159.1230269473013
158.72909287993878
159.00578111822557
159.62044376929617
159.7742817983368
159.31904059955818
160.14011881390542
158.65887236682352
152.31982765158355
144.1932436033467
131.69544670277782
123.6206708774542
112.6451282029151
92.0817441813805
79.66861726411057
63.96972837056414
64.34757867366197
63.14221106580474
63.47998302019779
64.10323197457554
62.901750814385416
63.11303855794016
62.750852661088146
62.33206287767504
63.37766652297615
61.90469874787652
60.108750504420875
57.00462976522233
55.256897575323705
54.17117927314212
52.887401936144215
52.45384514070557
53.83672181794534
54.76718260202266
55.22595845218063
55.66126632276811
56.13638646554893
56.43394830883029
56.57864020479932
57.74629509534559
58.41138325589645
58.849016010052786
59.64658937146409
60.202612461636
57.088975434791
52.63720641722381
47.014392999158076
43.192621316840615
38.607762462762054
34.2990533148698
28.9999811216218
20.7325932528626
15.995767797647849
11.943680037738101
11.857823857102634
10.106171339197946
14.635892343708084
21.040981635252212
28.592881666732502
34.69964701457343
42.014917775111286
47.680522716678766
52.35118396481884
59.23276721623693
65.76872809351052
69.81602579628412
70.36617851358218
71.06873471824754
69.99847943563807
67.8489456688122
65.03490473757452
62.78777737668335
59.672850468147736
58.29084716478852
57.326489347940985
56.340840582036705
54.33864945080888
53.39782688871645
52.674162545142444
53.0393689747055
54.00344898380752
56.29698593046727
58.97099867195564
60.87736658373583
63.61702922542073
64.65719170016355
65.29787123799285
66.66801638251532
66.94875473038192
68.43027913842296
69.95274194950683
69.4697376379821
72.92456655024604
76.30165124615768
79.89036457694247
82.89893981584665
87.60398445133997
91.45046659723423
96.07327410651375
102.4973093839543
107.97195665504157
111.5669361879463
112.4061731383732
111.283182920525
111.82531061932607
107.79560691789763
103.8028404337065
100.64376294118273
98.38401184676586
96.58557357157837
95.36991632637866
91.86642626602939
90.02764719840441
88.04370103727673
88.18290136744008
87.29974794878018
88.40642747205821
90.08738513038723
91.89945851291344
92.73558884392827
94.3840362221827
94.98067918118988
95.45247870933822
94.04982608034805
94.8928886019202
95.8683386797179
95.47090624840335
96.96522667138309
98.89432534350713
101.40342202975849
109.62986230830316
116.4739084724097
127.22542865776182
133.88318448555682
140.8286206257316
150.3408788679948
155.80348903084527
158.49081109769986
159.96240340537219
160.2504321008164
161.0531225654966
163.2537776561462
164.22790329374783
165.72551847499793
168.32086503910827
169.69424864988736
170.81303830114635
171.74863230339494
172.40924155751878
175.8389570260602
177.95805474367404
179.59748621302577
187.14985573058408
195.30037421841578
215.0896142355775
228.81879659751488
248.0293729062049
265.6165145904567
282.91636527149336
309.0644440924465
327.72763916629526
342.07996912945424
346.6677827144093
347.1115441145739
337.87835833007404
323.92098577991914
304.41514265716415
289.3444919238347
272.96461206474345
252.14206949972424
235.010809796047
222.0835348723917
223.4026004998059
225.0781021629464
226.35962146778385
227.01550847934817
226.9377360634095
227.53007481417953
227.24575806072684
227.58928349904437
227.4528499734989
226.2724085377197
223.8131987107359
221.61281286115414
218.3314630813512
217.89173838626226
215.80866023492862
215.14339288238708
221.58317024675432
230.41579494720068
241.17851414312577
248.70784616701036
259.58859673863276
267.69025397149534
276.02575907753095
283.163732726231
289.59135251353877
297.7175491022612
299.78109388174767
301.66301072089055
307.47117211177215
310.5462584095164
315.99832485663364
320.8238880296137
325.60810775708006
333.46012900523993
343.0835981352683
357.2897873594367
368.7242097387954
377.0390885032759
380.0183336576569
380.0535991233033
369.97183346475794
355.1939366669339
331.67710249957156
315.91033920667763
297.41939162116444
281.26280314685454
268.3563233969483
251.73197468831205
238.84264850485988
229.4250439522763
227.51887909367568
224.6454401984445
218.3399440659102
214.8646018571175
209.70371680380904
204.76842493549427
199.19440272222528
189.39445815434067
180.4576009599953
165.9791989519412
156.39471006202183
148.59427996885202
147.48452529752586
147.4909741940979
148.83411765215794
152.79276234253132
155.8952871579892
161.56741522602772
164.77606789925915
165.37679525592122
166.37553189418492
168.92180883908793
170.88688740877026
171.74064684998743
173.01101408337996
172.78219256429315
170.54628649773596
165.3740153275887
160.50726296376638
155.95936805244284
150.83555890571827
146.0258205744413
141.23283205863507
136.92839294704464
133.3818573504669
130.14635833874644
130.27081620500635
128.43190549722726
128.42086934547407
127.01490325454148
125.04412959117265
123.8720435341853
121.61797119914266
118.94744944190833
116.35961969672609
113.33146596736212
107.15484841833026
105.58339534460366
105.56561872535676
105.69970085001614
107.42876711962803
112.40974402468788
119.39433399571155
123.48499188268369
129.0057260456032
134.03376944569786
138.12458768360068
144.5231377464181
147.16941262759337
151.3025254289452
151.2636243916626
152.09065740909375
151.31978536340182
152.08241779822416
151.9486893780044
150.86016883273277
