9
10
d
12.384729810180202
12.545302728729933
13.074263425288216
12.686711776207751
13.035222441604791
13.691210778343368
13.362677319123401
13.078510159965003
12.206973723085378
11.195718054744786
10.684341401308291
8.410584495373811
7.3425942805592115
4.572383520572378
4.090950409111507
0.20413000605584442
0.22492209064725122
0.09453996505944182
0.23202924692716942
0.022541554247991768
0.0
3.9259897001243353
9.34009231141885
13.277200068588131
18.329451547646887
24.343150562246954
29.747914950941315
35.26823862807445
42.02043167736396
45.02984098888754
46.49409156007158
46.77879710161492
42.510605968393605
38.67734129594021
30.057236722746442
26.10029132670306
16.329634644424097
14.248267513734127
8.244808515777912
1.9083305694329367
0.6517657564802392
0.0
0.0
0.0
0.0
0.12230306111425307
0.42830790224304277
0.0
2.3793418751015354
3.4713693503647143
3.36058175406007
3.7082427573858285
3.817713191569865
4.208141624624814
4.911712929003412
4.7835957180613855
7.505509579721598
8.951189663687638
14.976385982697286
19.08370471032724
24.346511975586182
28.15431100610755
30.05993859106879
31.59085344341141
34.22447899622176
38.240001675698906
41.05903236634154
41.897353127225685
50.129719397752154
59.86822550642983
73.36422823359361
84.55445411061793
98.9228131599226
114.06157041360294
129.48446005100703
150.66144021555073
169.3612325040555
182.37502642120293
186.61315949029282
186.62183616697575
175.10093655594616
157.45691371895865
133.84974427064986
116.60900238950839
94.95945873069041
81.02175753344451
66.73658769865382
44.33403551379562
28.760906950105987
16.05973799519345
12.901995423450794
14.115400148349613
18.076374376306585
25.82195480446119
36.10823093216088
44.91231814429925
52.70495426928333
56.96104602002826
60.359615883394945
65.76935825790123
69.65037839743314
73.62186447558982
73.33013265306235
73.08632377803828
72.68298809526617
72.10480058606373
71.30128359619138
71.32206798789444
68.45684664002128
66.18896456288424
63.29849933949277
60.69347822007008
54.72297559437911
51.66350132728251
50.596855726151304
49.890285295757764
63.63487325064029
83.54795048354849
114.64972785216833
136.36572918608638
161.10519614277413
190.53944323881788
215.89506693515938
247.4301487447574
262.20892373107074
269.8748892785764
272.6621338201137
274.30528232425775
278.57510410587423
280.6249914055596
282.236784413779
284.59628105926043
288.6427289269459
298.58180748657156
307.37742568304714
321.9106831604693
334.0339622060186
342.24465950576456
345.58584579015
346.06676340733173
335.4585349045584
321.4182379114727
299.4600819480209
283.9251458701909
267.05425290151953
250.25797089224463
237.13484696055502
219.7102509381572
208.01545896507827
202.3362411881354
199.71219394767877
198.3081307775544
194.77027662448813
191.9203943801166
189.2553523928198
186.58008953502946
182.6014780416822
174.99262508238536
169.62496020798903
161.99127024789732
156.51227632513041
151.59989677216498
150.37849463325807
148.64702887009537
146.20220009344186
143.95124404344196
142.39885588646075
138.72178678113744
136.0024982340229
131.4881681242239
125.88161871707713
115.92790876792974
108.77108869379889
103.91519815094884
101.98276299384372
101.61693160761911
110.04383681418213
121.34521022733844
138.51398892160873
150.44956438907545
164.13299158705522
177.08278468848007
188.97520732709296
209.7184381061943
226.51822827974559
238.529984937067
242.0556401433515
241.80921920185315
228.45980576472243
208.8484606192852
180.45165836513993
160.28920836083506
136.65383182367273
117.15414334341317
99.71005903642181
70.04741658203005
48.34014211480797
33.03731775205654
29.175633608621027
29.443122122451864
36.91697331188665
50.327856255209774
67.28562680647944
82.7535504810106
95.70740949351367
105.359298787652
114.02693644766734
127.06316854197524
137.12478595397468
146.13367759829023
147.84228005826208
147.95644159750486
142.2384113466823
133.16661204823743
121.86092778507098
111.51615292968924
102.06741447117771
94.722586990869
84.35996982632516
69.83385013750552
59.19434025567006
50.25265476031072
46.75924606135713
46.286494804224525
61.05815441906796
83.335859397844
116.5486193747221
139.03081952132925
167.24427974967853
190.72784714808682
214.50524369686192
249.30955076775663
274.8971123460865
294.67890867471385
299.31048984367953
299.66528833807644
291.3907384353271
277.0898519973279
258.4399902117938
244.24248067872185
229.81712148455432
223.75788375420458
220.75525440663668
216.76997342725494
212.02381986759926
206.5398920373773
202.6354699983657
198.49006658378528
186.37925945539357
172.6651369612832
150.8032543006154
135.3165512705477
114.48344933703068
93.82517257578299
73.94295624481012
44.05302947159323
21.621651176776275
4.312717027224809
1.8962815108945552
1.7156945439414706
5.927450799921408
10.600784813180013
17.741163053662746
24.472215881877627
31.16068965129384
30.949302974715557
31.089374475246593
31.05381976415747
30.937899743135645
30.106721135100937
30.289226937566372
30.11179960747941
31.13488995759344
31.876625956705624
32.574588943650475
33.34909690395958
33.332257635991155
35.03080643251654
35.374959936941565
36.78977069675547
38.14225285790687
38.581294244873796
38.23504192042098
37.67986804060063
37.20010350246419
37.49504615437655
38.90266215381028
38.41526784840871
