11
4
b
45.271459500579276
43.77570517037835
44.57574382152431
44.81386637410128
44.766455103627834
45.2158569375722
44.17988716888179
45.15136584632716
41.77240157257075
39.72130833087784
34.774687008324705
31.02393663972272
27.17512120991044
23.303008651372995
19.05225119649719
13.772017361454171
9.64779813185315
7.150417656094041
5.691284162494142
6.142415572517153
6.566498142780761
7.2013731401982595
8.931220090442785
10.070290693212783
10.656465510089411
10.62982194096772
11.790912728517497
11.06554254372415
10.602113379931561
10.000413713886237
10.427920809254415
10.585267017762794
11.243841155624699
11.711670823113904
13.973581003075166
14.749629165172815
14.906559415432223
16.58405684082138
17.536334296805833
19.40994693413334
20.24160340580868
21.334277932870858
21.282203346055834
21.851371213470404
20.98277259340253
20.38243502281398
20.10679741151199
18.83864716837059
19.312502469486663
18.38271841633801
16.941601115586856
14.84457104455509
13.21570121714998
13.314566456167958
12.757868642500071
12.365793483313507
15.665598312018124
19.79140102689956
27.036176882818964
31.159120605616756
36.80750395777749
44.81915079975549
51.70974697648579
58.52879102150484
60.2146196976478
60.68961249569551
61.46549473710472
59.97981272191465
61.25573672285838
60.90695385259432
60.50027614292952
61.249609450907045
60.72029250474279
62.636267265338994
63.75634379047165
62.66829429566076
64.06786341638933
64.98423593078485
65.38773925496133
65.57528610188469
66.98366043320094
68.72764638772254
71.3995700834061
73.67145450554051
75.8499837435183
78.06476575681071
79.97918673006708
83.37719822401718
87.06771676957442
88.15712387973767
89.55532231933539
88.50631068918456
88.2763934349619
87.70109367157326
86.53065477294479
86.4603916565534
85.78725333235242
86.50644002492682
85.53521468196865
84.92267223993342
85.6702223215532
84.58716208875049
84.6084943331025
83.97123343679877
85.00721105486078
86.14603548629542
88.45461341686969
90.17578239061511
90.88501448198414
92.22545951859775
94.94949823091751
96.64991648249857
98.0691123065048
99.4767131997482
99.5959625359577
99.13000726005527
98.26518314600875
98.43718618177249
94.53862638274649
92.83133417983437
90.79057438622357
89.65308888275396
87.36915457559421
86.00628916321794
83.56943260596807
82.5033677268342
82.52589845264332
81.72706180906071
83.72779275740798
86.67551811126076
88.96556171104602
90.44922336864295
93.36590717751537
98.4482133676248
101.20852427024523
104.76124543082896
103.10224121293341
103.3284758324137
103.41600937583004
104.12272826892897
103.8748343154846
103.91581894595193
104.22365263917278
103.78693888927496
104.13874687147276
103.64011006908254
104.82754078627028
104.08869463847917
103.95131451351672
104.17276514370222
104.36435016736074
105.1798842492463
105.50686480407936
106.54783054844135
109.21972252349646
112.66869019142972
115.64358015137194
117.9755509541202
121.21030703416571
123.99683669849945
125.48698227613772
126.62154949113358
126.93503820031953
128.68623333945476
128.94327513849998
128.5720994742748
129.5766708228503
127.70226185008667
129.98400882798276
130.54552104020783
131.4809371182212
131.19121122161417
132.66074194471216
133.2353726622862
134.06047280079252
133.764365651779
135.56031405926646
135.66669302979432
139.76904371247963
141.31506187034873
142.7852600780313
143.9267621210897
147.4111140712322
151.04405448586343
151.7306608111641
152.23338655820896
154.21800729944403
154.95458377778192
154.13482399981453
153.4238362670236
151.7974170534692
149.85721780249546
149.53704084268637
148.75694906069418
149.62301197536422
148.2831736219211
148.11435423767443
148.1981232947237
148.796013049843
148.17122330135058
148.14616064047186
147.90799843090034
147.57347905754423
147.47170265857406
148.0561140729408
148.1756673427981
148.35074342036896
148.1704408398961
148.9829855893876
149.4364025597939
149.73285978937852
148.90972611492813
148.3855433470581
146.59767779864794
145.64170707102656
144.21901182513002
142.01891494577544
141.21781138217406
141.61668994213073
139.68517451453462
140.20640850045638
139.72396060958417
137.54209277268322
137.85700713274656
133.7078382831084
132.04772446077408
126.08207951031493
122.14999594057751
116.32209839504722
109.57212676210712
103.34434163613241
96.62248983474574
94.33995638184687
93.25404552354303
93.16265908244215
92.34977509810865
92.33837188815195
92.332845858427
92.25052831211737
91.47734235175551
91.01139735247517
90.29992450005932
87.31567929417781
85.59137804193836
84.15834943496598
82.77208651669363
82.81887392109047
83.06022841369693
84.65720644096106
84.16126696080983
85.8767538961136
87.12407930315116
88.48409145468118
88.6479609730026
89.4382801885853
91.92179228612106
92.19277583921168
93.83760099342253
93.68959653546372
93.44073568564478
91.55762957784493
92.45617852346568
88.8324914588786
86.74538664224337
86.52796888944043
83.31022934506004
82.5475540762939
80.64103598563126
79.5815832230847
79.08912672466084
78.52483384148405
78.8888248800207
77.77271702326335
77.79065641580488
77.18542395075063
77.38002678301672
76.68290342975968
77.11707500420502
75.68657346225001
75.2071036375888
73.3894176748467
73.42061124370893
72.77018240013892
73.29750077974768
73.52843179374756
73.35533245689807
73.07600220428643
72.61867233408346
