10
8
d
280.0143588182717
280.35373547674817
280.11300641163643
279.3262099575676
279.73441764211424
279.17264600515045
279.5458931378314
279.6614424399134
273.36835768872254
266.8730865908417
257.56765659668736
251.85210685441015
243.7572998005085
231.79077257342163
223.82611128795452
214.0442461017006
208.19873190335264
205.24500748457098
204.73160513997442
202.65683977231905
201.133627578225
199.0196782332482
198.17978459451984
196.95830468412942
195.65949776213347
192.27681339810235
189.49388830607688
186.31521695605568
183.3667955000527
180.88821097110156
180.03020018167697
177.3739176908186
176.68483660578968
173.7038352597188
171.14792226440042
168.80508474440734
166.82025016709852
162.61591501516557
159.51652799792586
154.71501328072887
150.2832869402104
146.626588669225
146.02351311226866
146.70541509480918
147.78745733221174
149.4962750938309
151.7994419053838
153.71150547680008
156.1136708054909
157.1195027011748
157.5540729995791
157.56249274318716
159.99293016279606
158.9890843973979
159.0061710517683
159.8060810079191
160.70290077557323
162.12429310772296
164.28698846897842
164.6927783855381
166.74569808524686
167.72056662079245
168.66203535249446
171.49841245098068
171.34255438175805
172.60108188566005
174.0820690061293
174.58806413178493
177.83582205516305
180.09535444696726
182.32907303790898
185.05678635158912
188.47921166771337
191.40500981114377
192.3752986358783
196.16288849086615
198.6750001947985
201.41037833717843
203.32681857142538
205.18952533446114
208.35960031548555
212.63287612828316
218.7255557331083
223.09201482720545
228.52622484317018
233.31911982003788
238.54781015447293
244.47947846320477
248.86913277449233
254.0915064532831
255.85232217855037
259.62493893469383
262.6201368104123
267.3922861538855
273.0313734003795
278.0676899815907
282.7420813259092
289.7417333737769
296.7927640348787
303.5012717388563
310.5657775612034
315.1580155523423
317.45470274149324
317.9231255354009
321.3492251355463
324.6631876139712
327.31872722126053
329.82251383139754
333.3230266108804
340.832932393678
346.6352296568285
354.6871445864811
356.73507155633655
358.0736625520342
359.7310595803376
359.9719575269581
361.0464033049227
360.0209644445539
362.20854453936613
361.757991875042
361.43329592159614
364.389047198064
366.6670259152182
368.6602616645857
371.15767531068775
373.3643908691486
372.54746554176637
373.42943780992795
372.2951793754867
371.320636964722
369.21781536535894
368.17520275871516
367.21877577580125
364.80967875431156
364.01652222718195
361.7883812610324
361.77159953873587
359.81514926156876
359.495414909368
360.09372303847067
361.2792208324723
363.1136288925924
367.3965077275755
370.8848085244899
373.6412687789499
376.87120292874323
378.6385966614844
382.5274970759874
384.88673566549255
387.77199794282126
388.2678797352499
387.85688378748137
388.24974185009887
386.607744698073
385.8249832976076
384.718514019802
384.75115934633493
385.25936138114236
383.8202869713377
384.52198605726977
385.94782948029444
384.73648492225743
385.263835779027
384.8839882338735
384.95102057098114
384.3608463562757
382.15399243371303
381.62275465612277
381.12472976354513
380.5109102871927
379.5683107184349
378.02684200220756
378.46468599997496
377.5742390977934
376.5343248392418
376.65046902640864
375.3541602662704
373.9004413989382
372.3254951820935
372.3077702409937
370.579159418763
367.488375302489
366.93311225032403
364.11820017430836
362.19984744854276
360.90050952499746
361.09843503474707
361.5430272499969
360.0811052368086
359.84630043413387
360.26131854265753
359.72457992091876
358.6428114372848
357.8705420318849
357.10307028637754
356.0637548564322
355.7581288265656
354.79195318467214
354.96905392127155
354.6338120958177
353.83722947087244
352.5078170854256
352.7424721206741
351.9189593677375
352.07802587005085
351.04928242944237
349.7721037038868
347.70027757067595
347.01558794889075
347.10717814658096
346.46308596155654
345.8004330784475
346.74587795807673
347.25227698368644
349.55547157466737
350.26077525777845
351.76943086039955
352.14257335790273
353.0051239671376
354.69665312876
355.67803214310015
355.8144015873387
356.4166238402053
356.8449892368659
356.55203269744027
356.36199527090685
356.1631210442541
355.22951379437
355.4579593566143
354.97471613121235
353.8129924966568
355.22964134239913
353.7064597016987
353.2846770160822
352.0652187621267
353.3086002846851
354.02325968626246
358.6908485684906
362.572533701916
365.50710694244617
370.14131291494857
376.3068654014202
379.60177365369736
385.21199730142746
386.19515917180235
384.75902442123015
387.11524992183496
386.47664121473815
387.0356817893519
386.50480415878945
387.3886560591828
387.55955323251555
388.17737660711
388.54540799087476
390.369536484535
391.4203579761047
392.3473786607584
393.6347188255915
393.61002888855745
394.10291520991785
394.20057866433456
390.9749486284835
388.1875702730634
386.4612474272873
383.4649294170168
383.8549667115476
382.74908121103095
381.5353224214695
380.459441088559
378.42501157248506
377.8911409858135
377.0372350888566
374.00597999651194
371.10791159563485
365.3153289874063
361.131252597621
354.87962118767337
348.48845527410754
344.83777099096346
337.75792946286003
333.0101528283325
329.2128938561336
328.1531920151182
327.37072366763095
328.82899834547015
328.1410624068584
327.08201505945675
328.2461075013513
