10
1
b
7.753644655202105
7.614162518736873
7.950098572721322
8.476438034468137
7.804963855239369
7.671242671348884
7.041126786224833
6.977464847975264
7.140059704172035
6.581842927356731
4.513712340164924
5.590660491760571
3.7269980161784764
2.7450907241777287
2.1758586030461786
0.0
0.16759443627014894
0.0
0.6414264592546732
0.02632867855765332
0.0
1.2516864505715377
5.375621824477348
7.398504028758784
11.058330132846088
14.008095530801683
17.164685667970943
20.794361018490402
23.918412655582323
26.222329968147466
27.07205478068992
28.124665615518243
24.97897066853703
21.887936634146573
19.072523101308963
15.018887260399463
10.018081058088052
7.745442306518908
5.949685452301946
1.1027219791569771
0.4657278486993731
0.2235577056808034
0.0
0.0
0.0
0.23035083993653702
0.0
0.0
0.9349433877300016
1.9044866206500892
2.446279359505095
2.307280313917535
2.046224449524102
1.5887110735371421
2.2851436643317817
2.3134684653916167
3.589768404456264
4.63666825413922
8.046212136505527
11.537797335836805
14.824068560705273
16.37709365942847
18.32954609424143
18.06482473319097
20.425366640729965
22.370387227608717
22.819927245301862
24.650028576687745
29.46357337835046
34.794783629633564
43.257832846617546
49.57527799524553
57.90390517395407
66.89619565687981
75.08804843241123
88.01501513095864
98.94554732570629
106.17686209590217
108.15818309916328
107.66809949843963
101.8240771708044
92.98564515703835
78.46051683752974
67.1122896525628
56.036328164236856
47.20819671330254
39.45210733144557
26.538910365256964
16.01143837540149
10.143165088326933
8.575531566378466
8.280180022139646
10.025677401630643
15.227941060858557
20.919283911044378
25.14599460685729
31.133925488136246
32.233855477018196
35.26606076706422
37.536172329856626
40.442996785116534
42.07645521627599
42.8937924464976
43.88597124685904
43.14064378258548
42.80090304101596
41.49021277217648
40.43301755510462
41.04397500315566
38.06570093151407
36.75854451585802
35.128907850491416
32.37013464245895
29.676195600159947
28.615222881324623
28.85566588968593
37.49156700880395
48.66646309847547
66.7681957429158
79.11366657984163
93.9123964387763
111.07303407142459
125.82658257808102
144.1391121132275
151.4792848504686
156.29872816147585
157.6477456024551
158.95348124268628
160.80660349408808
162.2741527043892
163.95664580131296
164.86614501071185
167.2078974455547
172.6250810360554
178.81859609811636
186.91450648747127
194.21383872554298
198.65543851321962
199.93343788758705
201.2349514760121
196.23056028237235
185.9884117123011
173.37141194503718
166.09874989675953
155.33666161416642
145.71574859206225
137.56554448412052
127.40769185308359
120.73364817299874
117.98155632068506
116.81345218275158
115.50128212458576
113.28503274811506
112.14445118089672
110.25386324937955
107.73591753620178
106.91314793084395
101.16253680658079
98.0637899594033
94.36506640158049
91.07497256418884
87.51643005589801
87.25035626036633
86.22998234566343
84.55901632409973
83.23115111429703
81.62381573532221
81.78637581599737
78.57997177666526
75.99625103372226
72.96003769659289
67.1053694262095
63.01821539894098
59.41193950784371
59.56301141557937
58.82349004643042
63.87642943172583
70.03453782397244
79.7740146416929
86.65819717489171
95.3198872735475
103.21234123375868
109.96229125284148
121.78989118577255
131.64257049555192
139.28580903553456
140.88046539029125
140.06110153777948
133.18551514256905
122.01330540226407
104.56891561931657
93.77823292337297
80.17052035537316
68.09618775875278
58.041375643936966
40.89436393340899
28.013652182786092
19.181963256838237
16.671594654171273
16.98621392443555
21.503696596151983
28.96739077864745
39.03502472112708
45.96085133902432
55.89071171333331
61.46595589545924
65.66551940763846
73.56492737286092
79.13631129399236
83.96677287913691
86.62792456371275
85.95076062079629
82.89354931210505
77.86056604157285
70.59289860841164
65.16777569218557
59.83005097392319
54.274351760874204
48.473053334348336
40.45359677987123
34.08772372891693
29.280190942630625
26.756867815559954
25.889312876419275
34.746182880853254
48.51433575376534
67.89913120905605
81.84800330659913
97.22712164529105
110.92509156179513
123.64503777866825
144.11077411452516
158.96338379065202
171.19090369585098
173.33112820731634
173.89899024222154
169.3185131050892
162.26802718852102
150.2010810511838
142.81533516189592
133.63588152864324
130.20832182572494
127.70950066840678
126.1474873349968
123.41629585883831
120.31957940614018
118.1538965178937
115.40845721512157
109.02896195053269
99.95717268849454
88.34228739699016
77.90153967445323
66.4070650211571
54.78805795198548
42.25656773960673
25.387481934449816
12.38595715931103
3.175890407499575
1.0137516085549914
1.376510565907124
2.2991831848650963
6.952926401341949
10.622996528797534
14.136369847968947
17.7411119700272
19.117626049412355
19.02387694051179
17.769080130474954
17.872112249491202
17.844563690459818
16.405395130003765
17.85522113872806
18.706270034869135
18.761960181271526
18.8974407054707
18.709242222268603
19.240280380118772
20.09325182424551
20.633396183449364
22.114861986331416
21.942720484743386
22.2737726573729
22.095157889980772
21.419347170997142
21.82085640959007
21.33033066676441
22.618546894307915
21.97798746330795
