9
4
a
54.921988055321364
55.332528091251724
54.81169846414489
54.61805768192569
55.42221171467374
55.05524604365963
55.151327969447394
56.04538353895192
51.4641996609983
47.792212817633136
43.122377095952345
38.46104431572366
34.2875832440427
28.02719521776047
24.074749645526342
16.101832893018887
11.132154389562501
8.69546191598985
6.81718530589406
7.40203988391324
8.514472491081403
8.748709984246613
10.540134313155606
11.438131076661481
13.634273712081193
14.623482745202187
13.638329691338004
13.968262823925842
12.175317275443224
12.638193646459928
13.370570146895245
13.140538081643223
13.568108862805655
15.258779406896018
16.59016736752304
18.009153173729125
18.366008499058584
20.339573562660075
22.38723874488637
24.698711337466282
25.865223040522054
25.116060351293154
26.54960850354101
26.457409082259137
26.284676642695427
25.611337710787666
24.30319108953298
22.451837525898853
23.628627625072426
21.6266103232442
20.76631058270274
19.147456860850575
17.29849741998025
16.593470707478076
15.767846745708864
15.48592294797277
19.848424839005897
25.916396437056157
32.47442075263767
39.62327895278843
45.71616985865807
55.496526942721005
62.54804377015328
72.08210390915038
73.06078951428323
72.86199395849184
74.06635609397539
74.34931886025467
75.00453396438097
74.92028790271587
74.78996233395787
74.37291271732222
74.13881807102126
75.61995540454726
77.24320550318313
77.49894025126225
78.42722138445409
79.6749621780358
80.2637540435308
81.38950844063142
82.89684198247099
84.64161011816469
87.89646142642445
89.72592223129082
92.70431892390016
95.69918647667427
98.9975037917817
103.44249815239584
106.69000238505959
108.82857639991934
109.31557448287953
108.95884111296904
108.61967087281393
108.31597815415515
107.51229458431952
106.24902276755105
104.7325217904131
104.42896588221947
104.32028048494526
103.68018962236029
104.51044762941281
102.76932345421179
103.38778085599864
104.26856396604384
103.67914494727209
106.07090249767113
107.81618432906869
109.7212987017569
111.97217934404108
114.31388200624234
115.3482053882249
118.34943124887485
121.03352137976464
122.79781872119702
121.975071179739
123.26110085434827
121.45019413101534
119.95571739675837
116.79103010598445
113.7935401535282
112.7190671779901
109.62582081078402
107.71170713813993
104.97787995421662
104.07826252471921
101.00008149523518
100.31768300880768
101.08356648554464
102.5727770799383
106.25725422776455
109.21898838747099
112.2607997768741
115.4230945275821
120.43476926276212
122.63884547990723
126.87083156158167
127.4821945221561
127.19042033353391
127.54816608615337
127.53034781247003
127.11731586087689
127.75244205418578
128.36611120582083
126.98140825403921
127.34284973636073
128.15151689640714
128.30210787309548
128.26908338704393
128.25374999886515
128.08943233003404
128.56943885837285
128.90087388280537
129.8063415805926
131.22524283659683
134.72327365617824
137.68638234511957
142.3855761826358
144.95336283857918
148.2092667487918
152.73582841087935
155.30206970427506
156.22691004258425
157.13800807511802
156.16002691868894
157.68468903539247
157.92829042254434
158.02899477588673
158.94014690103515
159.42575595236423
160.10761865687178
161.32963270044908
162.36525677215832
162.64406566059787
164.35892011943614
163.1884726089234
164.91411266612536
166.3591504626203
168.7178618879522
170.89885584908345
172.2461862262686
175.40958722327068
177.30812574616215
180.0540307502482
184.27678088990868
186.89018611136083
188.88075234147902
190.0441346556744
189.0212969644155
189.87572726922429
188.17878148833648
186.65237464388127
184.64156672170557
183.41481185607782
182.94503324644546
182.3101094307854
182.9630516262125
181.57775469843972
181.33908580953934
180.42806964380617
181.78523745691885
181.58972171534927
181.07086706008948
182.95273408611433
182.49856458104972
182.5344636250175
182.0783391789684
181.6921220602946
182.7315021394678
182.11189045446997
181.87528056910685
183.04006303122043
182.98540906393478
182.22850750568236
180.77677327733184
178.12855564769163
176.75843019691678
175.296218369407
173.54911357788674
172.9358583474978
172.25610416731905
172.41009818938315
169.7612498930983
169.83396685367313
168.96314875378653
165.53947388671477
162.11634130449556
154.43852179932463
150.12259521911218
143.6851831695975
134.01326220585838
128.9682712455633
119.29551181226321
115.40325674067915
116.07707988220054
114.14360327312981
114.11017021639088
113.81551913778225
112.49057252179134
112.74074689311391
112.652369173836
111.7134488849722
110.45255938544791
107.80303244299832
106.21586851451711
103.95619354415558
102.04987636508964
101.14524845117752
100.25779930920224
102.24166588753498
103.6903561318197
105.87088151259168
107.18820924770294
108.01046999745513
109.5308054083388
110.49992576847401
112.22311685138862
113.06714532427704
114.67175426220682
115.44194748098693
113.76314897054773
113.72055707616838
111.84341780096904
109.21114920185236
107.4319215862051
105.1595251607124
102.92684629344703
101.36053841639725
99.66767322855696
98.11238005424855
96.00180449172885
96.25072510677154
97.11901979186483
96.29298070644754
95.99057347614081
95.22961537057046
94.33276670019774
95.11736192766715
93.15077422380915
92.90314269974198
91.66074269950019
91.12939448031837
90.79435974573397
90.51968534501115
89.84962981446262
90.48651050505656
89.30997860124995
90.43137976195031
90.40641601976219
