0
4
b
11.729015841348314
12.371125764888394
10.904798344739014
12.32828405331444
11.54130746095722
11.965038389748546
11.295852210002607
12.390507197901334
11.08437532739935
10.60131108404687
8.734538026026524
8.463937896139761
5.734926238730284
4.23756867770518
2.7075633695734385
0.7635358574928377
0.24601896662106545
0.0
0.0
0.405887814086299
0.0713064342183724
3.1555341710828
9.666776947866712
12.403422244355646
17.19943071168838
21.71136428511312
26.05725871190534
31.891787652009736
38.010715338967024
41.15901475805819
42.575564171952664
42.39927040894964
39.9230241483918
34.68899048046015
28.126474309234055
23.26021504584485
15.565351835271986
11.489132354313432
7.171618908973926
2.951870719490701
0.1086422218051429
0.0
0.9419184377102742
0.09307018859342617
0.04306813875028072
0.29607446978611446
0.29175702191138125
1.0587795669214894
2.6827329976872485
3.230271665127223
3.784914813686113
3.5363814853935165
3.285142544025218
3.674322028815693
4.172486266457152
4.930480545951109
6.599974845195641
8.198631450407348
12.931486071637861
16.311206074788284
23.055849133851567
25.27641997762042
27.50294016233951
28.979659846184582
30.34396452134988
34.63040415610392
36.65371492920249
38.73419656755992
45.078459712440385
53.92051420748966
67.99425109668948
77.0125319699504
89.53744354621809
103.11426604794643
116.53443810510215
136.7698223504163
154.1022125686512
164.4310560028265
168.12390320341567
168.78641885393185
158.42954670424376
143.85237934894997
120.78927713880968
105.06219524390197
86.3114521541022
72.37160634070543
60.73552773299478
40.23449603411698
25.15697963209271
14.25299669282713
11.177260681642446
11.934521318849175
15.71526699294209
22.686371471731636
32.10180955761177
39.6302693825818
47.13210175716615
51.29168622148254
54.59982903738616
60.573398310484876
63.616984164647185
64.64767881431943
65.2744433296708
66.1409734674509
65.22090198784332
64.73477345621113
63.566771904669956
63.043990615417854
62.15215413604336
61.1941491566039
57.6315171633425
54.35229980002131
50.08592459625636
46.70080615013955
44.99112584217445
44.80943812412554
57.30026006062504
75.65125500686868
104.00376968652552
122.52782464024551
145.5113330285445
173.1638266996402
194.27612811767034
223.94777214147598
236.9019003283661
244.26545397318228
245.61791002912636
247.01907979514942
250.78979966597976
253.57369102114725
255.58682125247196
257.06218837262384
260.3872996596927
269.43106927342666
277.8922786940609
292.04063039903
301.61468748329463
309.57163667877137
311.9108120544744
311.9847080260945
301.83353949135744
290.12560187125763
271.0109517096635
256.1458533270868
241.04267635950163
225.3184751108875
214.6738320680063
198.4173433138015
187.59066059230474
182.37754585071445
180.51407763096097
179.10069036842322
175.84729833993913
173.6539814078164
171.48183290371756
168.4163939103401
165.41562973845126
158.27662327935977
152.92480685200425
145.98911570720716
140.72568191075234
136.6201471691432
135.1765460204732
134.62198486639167
132.95421297016304
128.95680508007413
127.62237203203863
126.02451203980154
123.49350196737231
117.74148958321776
112.55719566088635
105.24230439360025
98.98871783522664
93.87497672024446
93.52001494902076
91.16062467246394
99.02810039097957
109.80488378139755
125.15443663269826
136.28710024723603
148.28678876369466
160.52177868366934
171.79035108544548
190.57175734606457
203.5531264391118
214.2657581881995
218.8877628868283
218.53905555338503
206.2591390378932
190.0140465282708
163.24029854849175
145.81868476675592
123.49136860092885
105.93823535088765
89.37385387772592
63.44147644087961
43.10575505384543
29.23035804402906
26.880395887619674
27.056132188860364
32.883962543007456
44.76176873031663
59.87059734732496
72.33149931835821
87.13616244278083
94.25697001929977
102.26728793110802
114.44394761282275
125.10787968412961
132.5546398305166
133.99539317025096
133.46079685812413
129.2183410022866
120.63868206882204
109.12451654533619
101.98883436266142
92.41993247446553
84.72557866409193
76.44314969683012
63.77666070695749
53.79996044871073
43.774032630058876
41.64595670617153
40.961238519743446
55.24475493381281
75.96018890324609
105.67082375367445
126.07986147568005
151.01777537660064
172.70282672029194
193.32567950327112
225.6014364431497
248.17664825393518
266.0237676665116
269.64923591761436
270.36005882198106
262.8197167541094
249.735411849906
234.7382609920842
220.67730768897007
207.74045540513023
201.75325874113332
197.49792799977152
193.64716263525082
192.20903458338088
186.84476145006812
183.06060444671513
178.8461506573412
167.72100849447247
155.951073310745
136.425955221546
122.86989463463965
104.39426264262863
84.91596303506128
66.64934247960844
38.935835945801095
18.872203822124312
5.606718531394887
2.2312734095590883
1.1887623529120077
3.8614500438156285
9.73987725081252
15.969047101911286
21.95988524765016
28.366016486598905
28.395519637086558
27.118830376792964
28.083637342925773
27.62317747721173
27.01803256993897
28.258920641484917
26.69332863816862
27.485468583143174
27.848401776797193
29.233604081037882
30.38603709941466
31.006663102797063
30.957621081957125
32.29539579599222
33.20296197293793
34.264255702810935
33.49663306023193
34.11369882793299
34.598119638457035
34.00633939779402
33.50362422818296
34.35221662599126
33.83944991756143
