1
11
b
131.50311335573554
131.84203701454737
130.74951783343752
130.71049949245963
130.4820247045876
131.50889275806168
131.57178666273742
130.32137691817928
125.2255740581763
118.09064956530644
108.54517033592377
100.8300660192245
92.05780704124278
76.80041485165316
65.66753713743243
52.65313181230786
52.97456968560344
51.52868428552883
52.683255819167634
52.31917814365714
51.64068467898042
51.45289445037166
51.91595904861814
51.993971715681596
51.780318353912556
50.80350555729666
49.55077799827338
45.81712602146368
44.72238051884453
44.03138777488048
44.45413420843253
44.01225544752618
43.818737711215945
44.28015021221868
45.219920074934066
45.70420235161047
45.127315556354915
45.295030742602314
47.160478260918985
47.47807433435524
48.12649479987508
48.49194470353779
48.782995578462824
48.975903700495486
45.53634512548463
43.04081885883988
38.52146682096028
35.16867709281749
31.33789837860721
27.310481528865047
25.196684549499146
18.538267488289602
13.31571662927641
9.046918699612025
8.470154127797722
8.065464554308884
12.097769408015271
16.89552189952364
23.978700233182344
29.348727581280393
34.270882205175404
38.51012843660807
42.609900651470326
49.04649662077973
54.202440170512915
58.13953681897223
57.76664417552426
58.674385982939086
56.43517302708726
56.097971576285005
53.34362179276028
50.93705995198674
49.3692531876625
47.823288826612036
46.990395429814406
46.322813492128695
44.7177215017859
43.477265654931195
44.959646467243346
43.75859920310888
43.928202602235686
45.78254622774904
48.218407288583386
49.62828585659841
51.978319762169164
53.128240010991654
54.226668258318824
55.1245461490682
55.16375978430478
56.40374110664819
57.55619425134624
59.31816725357886
59.96008311214337
61.84233740378677
65.27650222305948
67.72061840421243
71.13552000283745
75.59144725049228
79.01218751598738
83.95234227110964
88.42935212611671
91.49685586831174
92.65706776610591
92.38994617000385
90.89906605833103
88.58964156351203
84.82161656893737
83.03829320446185
80.56787418262535
79.39851948853205
76.90637043667164
75.72453157043654
74.70306572813696
72.37746706320942
71.93308503521808
71.76375720608674
72.49198033023472
74.34486299002118
75.22130909951738
75.98207642664387
78.26597575634958
78.408729985392
77.2565492482161
77.35658531329615
78.2365564144253
78.37632440895656
78.54944024256416
79.66651893544098
80.09374061545991
82.4204358153009
89.59921749894637
95.21056452661503
103.5764599902815
110.22486930866822
115.94714059117389
123.57616772103489
127.5728740881331
129.92905821538355
131.05369116752038
132.06775546886092
133.5378003471141
133.90401981999258
135.0558119484567
135.94235207133298
138.35958525382628
138.61285092752422
140.57476960607806
141.16104786246714
142.23876401356497
143.29359611142536
144.98923426973502
147.72504570966933
152.90754627016437
159.66433922976708
175.33488596826984
189.3923814511798
204.66017374257152
218.57909517566785
233.26547901334666
253.6846962393018
269.4890570241915
281.0669663997028
285.4447811961561
283.59173950247396
276.8690616832644
265.7062449205015
249.2873704164796
237.91083467130724
224.04788630629162
205.82944082147512
192.98657091268453
181.57296130819802
184.5173889499046
185.740234894145
185.16730492007878
186.0496685703399
186.59216486405896
186.9642487575537
186.82398844300306
187.1204259766585
186.56082991782324
185.5130239384255
184.59296523011483
181.39838856706737
180.1125332148777
177.96918758578224
177.24740485664984
177.16046068345685
181.05070230985416
188.61904773519004
198.14835703959798
203.61121439312367
213.4647050110884
219.26211390495968
225.00213365229155
233.55101828068052
238.63126563733096
243.51422004402176
246.27009590946903
248.00994749615245
251.3915398562551
255.50186959580367
258.8955353411422
262.70428587302104
267.0373515434022
274.27970415849927
282.66297336240257
294.488016090004
303.33686074134164
310.1013274625757
312.04336896762845
311.7747966326543
303.9234927451157
290.4328410124446
273.0558927532929
261.0786078463186
245.2001067352152
230.63795074201238
219.9317034632525
206.96604537147167
196.67069036941098
189.57096258816367
187.20471747458194
183.53786961723117
179.76652886304683
176.0395065202295
172.31692528469895
168.24059460138932
164.30740557275115
155.94711181586788
146.64777236843616
136.53762011043077
128.33464988778084
121.28656824751279
121.2440739938046
120.22061824932491
122.79578310616328
125.18730263183423
128.86713954055259
131.80322655329587
134.72407473919327
136.22785229003543
136.6417375815333
139.23759836672397
139.87227402908832
141.15690832708106
141.782788463253
141.9733816250427
139.39291883842915
135.86690027550117
131.31970478046279
127.97879111219548
124.4410894323649
119.27321872463143
116.87698018621187
113.04906814826516
108.26168111923137
106.92362366327717
106.96378135301605
106.54100888311282
104.69909237371063
102.51300316664593
103.32016948661415
102.67274940467848
100.15537697615669
98.6933178777127
95.69926353675858
92.35271146180344
88.69502567264468
86.77801599034692
86.03370605625659
84.82868950756368
88.29562118441302
93.2405232071848
98.13624031058983
101.70467071017904
105.93591697601614
110.33091632827144
113.57439717412875
117.68494584796045
121.17683179791092
123.901263970884
124.37151723069591
124.31752493920096
123.38558934204907
123.88763301166331
124.14577581870725
124.23160719102869
