1
5
e
214.08644022943238
214.40874260756044
214.3179629358667
213.93038135107813
214.11072796066662
213.51058546957114
214.5590929523066
213.96680955296637
206.59952648288763
198.09641346290803
184.32989519080806
175.68754162907638
164.47624608966433
151.31985447304987
141.2554231260465
124.36386043041045
112.62546417831565
102.92059709400645
100.82642878614746
101.07594310274587
103.65770545887392
107.91237557905063
113.34823806498193
119.21214292198141
125.11562253768739
127.58686550705828
128.58002462105438
131.45686431838044
132.42420015245258
133.7061116748363
132.58234040785152
133.2240042003952
134.38343957102828
134.26174888658238
134.33075126600306
135.2166680180321
136.24952401020067
136.73486920190985
137.38643825924385
139.2729084644058
139.50155120257983
139.8008683557858
140.24591123058607
140.61053422219874
140.1597861611115
141.23809401760093
139.32271967684852
139.4931578026681
138.89246735145414
139.5635140205514
139.36953273489374
139.06636446040807
138.33779240397118
139.52980283770472
138.67097215977861
139.17402056613972
138.63880350689874
138.55837814925965
138.887672275461
138.75747745983713
139.31072999501228
138.4029229731144
138.30657812019464
137.69649323915203
137.81065343460352
136.0394887641799
135.4690494416862
135.616365636847
137.56915772185064
142.18780351565366
147.76680881689626
152.07601294354671
156.51514268157817
163.0339397431563
168.68777225257006
175.91386099153837
175.36468653132277
176.38641756704396
176.85915056175944
176.64547378195957
176.75738295574462
176.76952141566494
175.80423107191027
177.06339028789108
177.77785609618715
177.65744787570517
177.39109779510576
176.99365341169266
177.69986077160317
177.83350956412707
177.08495100142306
178.56228506887
182.07186826843576
183.09519922807849
194.23953066233196
207.15877756610644
222.54200265558796
232.08704554638192
242.65585278155902
258.14531357550686
267.92314840001416
275.5927980920792
279.0580720007719
278.4337824421244
277.78628982125235
274.22748038359396
271.3708973400399
266.11255593795875
264.92638942187983
264.7961497633742
263.44436525142737
265.66138852233564
265.464100470957
266.3677554363717
267.19610297736483
267.1283327019893
265.08941492543306
261.1691164611208
257.3396823885806
253.4111331154483
249.82769808793765
246.87023402730134
242.8834953959644
238.1695643636976
234.0418058067276
231.2359498145229
231.67279752097159
231.5553994802159
231.9885614454835
232.84149281432576
234.4764290818613
234.6731757987677
236.288623565969
236.29997652120306
236.09654463969895
234.14724989633183
233.92581864894998
232.13935754634636
231.24060974740578
232.229251605865
234.7715304567544
239.25729384131353
246.6855678399382
250.89173866535305
256.67790985581496
262.98696457370465
268.6882704009738
277.07932271795164
282.0276034640886
287.7256676202127
288.4906823127349
288.8849634897049
285.6397413228598
279.9957924971241
272.48736783994144
267.78228035022835
260.3360617154871
256.2329776979733
250.52104410289482
244.2467717643601
238.14886880508286
234.136136972268
233.64039779150255
232.6901496123114
237.40394436715428
242.7898802896177
250.92906406840106
257.1437356909537
265.02717909284297
269.24959239824267
272.26523066195597
277.15224365576387
281.1964539183092
285.23186969409966
285.894875060944
289.8425486521496
293.2444400487441
295.1570912474338
300.53554816799306
304.53242835865836
309.6660362660926
315.2113532846287
321.05941144838306
330.6446036740227
337.8601548539993
342.71137889204215
343.46674673947217
343.74639747631215
340.8868173829119
338.01664493972817
333.703425059424
329.4107652093504
327.1532833613882
324.7563887276646
322.81261687796035
319.33048495118965
315.74420768550294
314.8781647129211
313.4380501788765
313.5334903166488
317.126444460104
320.64076685327774
326.8691247902209
331.4093215068996
337.4888617601371
341.988343363565
345.1006093036975
351.32019321127245
357.74422406241484
360.5748665881747
360.3891659551237
360.9674251808098
360.3379099755718
358.0807442540661
355.33392012193457
353.5975215417333
350.9388764059125
350.31470970594677
350.30535691621805
349.7095005287073
350.2423803864083
349.1036753486594
349.02244992151986
348.4329629247218
346.11247591970726
344.06911634835495
337.679005893113
334.0750493699819
326.90715562314847
318.8222405471018
313.6113861901003
305.9767843537349
303.84623478277877
301.9276656506188
301.8132027224866
300.95134269696797
301.15509349368483
299.77766993583094
299.40800938691046
299.6477586951689
300.1109517258848
296.5781470063137
295.4462234179968
294.71501731660527
293.8741069532114
291.7749145860157
290.86173301017664
290.22591280025875
290.36832062206827
288.44458960361175
287.0343653633272
285.5671193928581
285.23335946640344
284.03263459073804
282.26786405810526
279.15202094257216
276.8572084478456
276.0008546422534
276.0877948423356
276.2634751469759
275.5116686491526
275.51480564395627
276.7904322441415
277.42672928705963
277.53322579740706
277.90921327397297
278.9100161544623
279.5523101592601
280.6846501689935
281.65735928277735
282.26898354664394
282.4287566092948
278.4135703726047
275.17007364136686
267.0391779034628
262.37794402631715
257.0567178780285
251.76738089778485
247.20179331020236
239.9834264144518
235.70594193149685
231.39544358842642
230.99379240231298
230.68778086771957
231.94328955546248
231.58988841226835
231.11396223923285
231.94598563147383
