10
11
c
69.10715274354091
68.78492085394807
68.65787756269403
69.33832078013974
68.93123265799399
69.54707741803772
69.58566118536189
68.85078538766514
65.33529943326452
59.756095221856576
52.82463340288005
48.1614349078558
41.91448863929566
35.14072037117443
31.00531927934213
21.898205209511385
14.418925308723498
9.942152573711061
8.350066611247417
9.428846514115612
9.857036692929787
11.25339166890623
14.053464225814242
15.835078924615988
17.922613928441027
17.59368763059307
16.87438015798793
16.995322900198367
16.19733816478482
16.830519757570002
16.989782420749602
16.583427107649804
18.039788475069408
19.128565455143303
21.391497956171353
22.279501405946913
23.822084307940827
25.337661872994882
28.076105187033992
29.42344636583622
32.92469193469023
33.15949212954389
33.65761223395057
33.49826459944573
32.48956306664905
31.203152386205424
30.979234832161865
30.132923035868938
27.113141749178574
27.81998293419068
26.1453305983401
23.005599112624484
22.53648403889505
20.830646850977942
19.409724445754488
19.677330422105243
23.885555183427652
32.06809981216711
42.04616979824814
48.599865978040505
56.868478720848714
69.88220438254184
78.82846842884003
90.22431684150821
91.8961261088987
94.06292113323448
91.91657809763603
94.23631287358987
93.88406016631144
94.41381931521775
94.29732432335982
93.89094868354479
93.73043281289544
96.52747459360708
96.411702040771
97.98172973088302
98.85848948679573
99.59656843049291
100.40234169448112
101.30559254129011
103.53386276928038
106.66914402547081
109.73077510484069
113.36911605288854
116.43974788069507
120.45159041876416
123.68440785991957
128.62283588535615
133.63806050240404
137.3985088578802
138.15729477737128
136.62701550954637
136.1637229823313
135.44279725128374
135.45756222764743
133.06613053479498
132.15965190670715
132.00605139880497
131.48062655792285
131.32016532692685
130.7829290079376
130.47600625160499
130.26745136976106
129.5327261340033
131.59362885255183
133.93052404932428
135.74435119799912
138.4432627039185
141.47454359721675
142.50784729344332
145.84271769899118
148.60861903266817
151.83637468157573
154.25903335511748
154.94184983054316
153.85084404015782
153.04699907825542
150.47399399046157
146.56513742993246
144.68887695573665
140.62706155769214
138.19477654920738
136.2205056342935
132.66686577645908
129.4844375986089
128.09704879094772
126.27847526534374
126.17209113606361
128.09646479080993
132.21742742497258
136.2996309754119
139.87133891323663
145.2729781770477
149.60196823951205
155.07680854196025
161.29432052680704
160.21126112243252
160.4507572916391
160.45546068637591
160.45644147956634
160.42217494429337
161.040165893488
160.17263370417845
160.2070848071431
160.13182700599614
161.11290069416611
160.54927589434809
160.67724903333556
160.97187133257972
161.233488393902
162.29148109564198
162.5030104361999
163.0258569306037
165.33895520524533
169.8792284719223
173.8954739366914
178.56304800557797
182.49867733131723
187.51143157329386
192.54729619335777
195.1379899959886
196.47329019299812
196.32367586771178
196.6221636770563
197.5736637136185
198.67254024925023
198.52346384716003
199.14685439168008
199.47083880318937
201.46614475761967
203.0081137964613
203.69992665055804
204.19037510706426
205.0537136577486
205.97349555588337
208.01784444329763
209.70813272827212
211.74921258759036
215.31676974445074
217.38536040942952
219.27868743940488
223.5539357196895
225.4097311539906
231.39447246563216
234.44555612581223
236.55860985963287
238.61451760571435
238.2000252759947
237.1569281103838
235.73859552753694
233.6001745052276
232.58944869705726
230.85317218950505
230.00869407507668
229.38290831598954
228.95131381989185
228.18016132888735
228.3123254861583
227.83940315992294
227.7890103856506
228.70095383908716
228.4452631201907
228.4850780071489
228.49820877399588
228.36272120093238
229.2062985905257
228.37825309887626
229.3442315509441
229.78558525169043
230.6639724721218
230.36714398880926
230.37619228673577
230.6625395875178
227.35788014568925
224.3083403669644
222.38566314783438
219.82272870790032
218.51403241153776
217.54349064436587
217.6412788288326
216.23946180218465
213.97048205084081
212.8770901514194
211.73900958876817
208.01937648435361
204.30014902870815
194.9397940612781
187.71303249593862
181.01420518972898
169.85191019175377
161.14956608635967
149.88161877440535
146.64496478861292
145.3340961440645
143.413701040072
142.64556606800895
141.93111327992827
142.56291085175133
140.68298778409238
141.59090284807067
140.2978860506888
138.29858639077983
136.4196291899501
133.4902604400162
130.11340307167458
127.72225376532154
127.69840312146553
128.28571827309455
128.75458429157374
131.0312915642027
132.89739250088522
135.4697699923705
136.87368516799071
138.2235169914065
137.83680403350485
140.5242677764308
143.44691843378686
144.38034369696084
143.91520167819553
144.88405343273465
142.11489839638622
140.53029072066323
136.93009802863065
134.01614162320024
131.95505285250803
129.53353111108387
127.02068049479738
124.56184641415898
122.15448492923213
122.73297872151824
121.60931707563927
121.68008560772086
120.28923413879279
120.13250969505602
119.79370598343604
119.13635865623326
118.98548167624753
116.39747818054008
116.88869465305059
115.48237629774019
114.10781150746685
112.81994823769196
113.12823169732097
112.98049184975078
113.16011303893562
114.4783715375047
112.74405256387516
113.29313854130453
