7
5
e
127.37069116321015
127.8870002735442
127.03581486479264
127.73164678892385
127.35765555857775
127.27017511435497
127.17518125665521
126.96655228260451
121.38424415510654
114.71629745329886
105.16169753120053
97.99959034423196
90.25870339536655
75.03289108344619
64.08846948663748
52.15993026896894
50.69318229899474
51.346745638820195
50.13481338063071
50.15671627428905
51.60500906027275
50.75917696421143
50.35744526854743
50.64893323934599
50.175123773510954
49.00543772410497
48.176450668614045
44.60380922682702
45.35918712237266
42.688332711982895
42.624292908859836
42.69445282423536
43.1533557437793
44.072538685419126
43.41905989038083
44.22852251195137
45.20124624096873
44.87249859148212
45.860744339274206
46.385457711006985
46.245180361128575
46.30634754893417
47.16012113023113
47.21959563276205
46.03820758398246
41.90203820492891
37.611248431042796
34.447802939286866
30.442733461555026
27.174616237080222
23.770538415167287
17.283994409299083
12.945021697129343
9.270918187379744
9.707047105048309
8.695874955168694
11.916350947347546
15.810889641622719
22.93399798259499
27.679908959323136
33.66189913218567
38.347353789733454
42.16620070234015
48.61938351366926
52.72460676090287
56.22807011793151
57.62507370559755
58.07943044721927
55.09227693836595
54.65172882334154
51.43156635341861
49.51708851968
47.90583712203632
48.056884892281076
46.527181878962665
44.922881839713256
43.88229018736893
43.072056921995085
42.56543441307247
43.49880060433223
44.79065770854238
45.78009599246608
47.08258303216781
50.01345686682192
50.38485811412992
51.32570539549003
51.83671121929414
52.721157145328846
53.553501401480275
55.136945921364266
55.22907234497605
56.81363550416713
57.44054522579746
60.19398564837285
64.59001778767211
66.87167429551559
70.29190323334456
73.42919676428505
77.65313649718007
81.70662877151152
85.60476168645016
89.20093026675809
89.64792549027004
90.00176814887804
87.89917681613048
86.9367376910468
83.27652971437865
81.15866225051748
78.85725328097202
76.26904893858018
75.76083610931356
72.98230398382698
72.05388255658931
71.44358678969351
69.38701671242599
69.69457886983083
70.83269266065487
71.25525376647846
73.33974346878739
74.11529062926621
75.74202467286068
75.86091774822097
76.73015977167539
76.00751411723223
76.30094014275122
75.50733070232457
77.08415065228115
77.3071936884916
78.66054829791746
80.68172181120049
86.53961678505684
92.86385776935249
100.9830039320569
107.81531598014789
112.50074258370078
120.05513691148836
124.00218149133626
127.12378835187201
127.41983494577492
128.3569288859918
129.27927609899135
130.8865800696611
131.56173202544124
133.39706970449177
134.04006025601674
136.67989277736982
135.7463487029466
137.8232581583876
138.3261395317348
139.98229331782477
142.08433116820896
144.40961713038118
150.83748728846896
156.2098057554013
171.4453026778686
183.54328433418124
198.32036053697558
212.74351469227287
226.75167144950396
248.27269310427235
263.23737721428046
273.529576130015
277.42025969539225
277.2948755899039
269.48312313287977
258.6111702061699
242.80480923115636
231.853374458443
218.16147114355059
201.2532001088101
187.41095548042722
176.51500504579707
179.3556047174905
180.90366513607128
181.02029553430702
180.85664070791762
182.01948321981735
181.02115307423603
182.24754545085673
182.112000580605
182.10895990273346
180.80636032785213
179.64478690843814
176.16422017620843
174.51716169742156
173.62693510273414
172.64723822692036
171.8311632404807
176.37059653237344
183.3609466367186
193.55724315721625
199.36534042874982
206.36094973617088
214.49066156667953
219.37405611051022
225.80740650262968
232.17962552297976
237.20317365425018
239.72282388984235
240.82401129446754
244.24848555784854
248.63765406477626
251.90953397771685
256.00018068167026
260.41079838920524
267.50917311841556
274.6478761587122
286.00570163861585
294.5348790249481
302.07795508210063
303.9171277155174
303.69438317887386
295.4877927570505
283.56600676475745
264.9839974319741
252.39929217700688
237.32986102236168
225.21269325096472
214.63537412603333
201.22571023512182
191.81360643430025
183.56743903407525
181.77873366979443
179.63498902998865
176.01858781706198
171.4275295414061
168.435367336637
164.86621748844817
159.92213602616323
151.39209219901417
145.46002318777664
133.76935293480608
125.27998540016077
118.86490759943585
117.39988596567456
117.50946395493476
119.25758226265407
121.90951712407977
125.3037485432503
128.5639449940381
130.48495853236875
132.02640382433006
134.10866146168
135.92564631344752
135.98858760861754
137.63170041504625
138.2566303860688
137.905420282902
136.32952083553778
132.9120924687358
127.0726839432577
124.5826944599975
120.78037408336846
116.75537275870606
113.21787113496266
108.92386066739995
106.82344450719646
104.94099920587878
104.25440976149852
103.5664535719306
102.1056741795221
101.44162585412687
100.21432829056458
98.34360385064456
97.34378836992862
95.59919451018585
93.86578212349613
88.87384119230795
86.32225245060751
84.8139520424274
83.63076883977376
83.9001645376053
86.2130882338184
89.2525754853162
95.5528321048259
99.76245274854644
102.93263899184794
107.5690958779466
109.64763107139562
115.08695916833256
117.85569414719477
120.02368646500317
121.5563464097781
120.82803282817973
121.51603876258093
121.41589023083027
121.03048997405708
120.9321202550213
