1
8
b
49.619598719207275
49.333083692032815
49.360835346253374
49.547595171383094
49.658601909105364
49.174612143258024
50.12328657316223
49.40866028669503
46.52023495430182
42.82055395247295
37.57503733829691
34.64413433887413
30.427632251574906
25.68860121773281
21.43150447109475
15.135009048485747
10.03347537413864
7.859573330371209
6.040417385200447
6.471608666102258
7.85716781257588
8.46267870441358
10.156161075104567
11.072677907758548
12.936495044745534
12.760655890260798
12.463743693413717
12.990026127320352
11.455067250455519
10.683773256866273
11.203528771341789
11.509322928968345
12.229345521472577
13.277464274459948
15.379085207964621
17.194613521924484
16.703612513784776
18.890202065032977
19.63742845177642
21.126947386785485
22.99578166026369
24.589120723353084
23.719450599062306
24.661722142207466
23.525520022851108
22.650436674155078
21.810642727732812
21.84076023263138
19.34536783582691
19.458458192660203
19.093347942257505
16.957400049735764
15.682198520667448
14.870659810120092
14.398112201019096
13.85178613041018
17.577016922615336
22.998623918984055
29.635518152134004
35.1941963048465
40.67460816785445
48.602074275354006
56.767539297926255
65.12587422622107
66.13843145559532
65.60845723432861
66.20434149964397
65.75039500841599
67.66023601908577
67.71314517335632
67.31551388077258
68.29340212771754
68.97481001392362
67.93627170178539
69.14972727344293
70.51680683158662
70.95880802000997
72.30028130620283
71.6623389043279
72.7666465942981
73.49148674732446
75.35772593014698
78.9662844609351
79.90966922292802
83.50785729747443
86.71536308578752
89.74564037391384
92.93782536817066
95.7183047510381
97.60235690122583
98.24521458178627
98.32130332842071
99.1260296987893
96.14982621228651
96.10415372500626
95.39863594646212
94.42967278635015
94.50858987633308
93.39947989020901
93.57230191542821
94.03550712826197
93.13092362009063
93.82187516004554
93.66847675114252
94.15101858088582
95.76336062527186
97.72041888351133
99.17676134686091
102.20066935700703
102.74426869669489
103.41185554382982
106.51307486940114
109.40352609349601
110.32328912039443
110.90498859212197
109.95311000439601
108.29229731511842
107.27173515734134
104.76918957327213
102.7873713574827
100.78270853428721
98.97695694423223
97.70309298977402
94.97604709517162
91.7393275051059
90.6981260324356
90.27683344757297
90.26310325359566
91.83325895214091
95.43059018406551
98.67467832098156
100.6400092978322
103.9264313364709
106.92225258662313
111.03889879312197
115.07677743653859
114.87233404111325
114.80379065722516
114.60867532328992
115.66942143356762
115.67299549489015
115.89371978868394
114.65486739819976
114.753920438937
114.50940194987824
114.73160172032013
114.8130932145019
115.16754381433331
114.57397559511357
116.10138287474726
117.40268870508378
115.01786271846373
117.48559530940156
118.6947212810865
120.96477489233655
123.63645964791951
127.28266344266322
130.64793472353946
132.86028017400832
138.3205154303367
139.58457854222283
140.1584086160471
140.05847215553896
140.904882054933
142.23722617688182
141.5397629045664
142.2333753960444
143.12345197784106
144.06274344583625
144.32367988799194
144.11460756366424
145.04326781272314
147.2845149191616
147.71323308849972
148.5172959352924
148.08892673135998
150.10224859744125
150.96633002848134
154.24652547904125
155.44360842430763
157.26295408908445
160.57321589305812
162.12794896741775
165.70333954228374
168.07761775444132
170.09740713133172
170.68792636111195
170.2616260277567
170.1920299467921
168.6797002949643
166.99404876686577
166.79054537191828
165.0977630017141
164.10304837142255
164.91059494300202
163.98964031253706
163.98677973286985
163.77480469615202
162.64121988754093
163.4917367498379
162.8699692005594
163.8942643544742
164.14081922344454
164.3207086345264
164.04505963167225
164.49979646707874
163.7654064523051
163.99211907908642
164.5766886494049
165.2411387377235
164.86332280963092
164.21706606105914
164.12402059089337
163.08794033734299
160.02096965581163
158.96575726931516
158.4687130375306
156.94527610289268
156.17395035542722
156.05833940962918
155.12239479073367
153.81974504528648
151.6684893829893
151.5700556887552
148.49180981785233
145.59300691600953
139.67377806694319
135.1487610117611
129.7940172170321
122.54408994246643
115.7359982983554
106.62170693026523
104.56573177317084
104.33276659349906
102.01175123319476
102.92767719030822
101.69608647243007
101.84395712119408
101.86668122476807
101.36826610939944
100.66606229809784
98.42059640414485
98.08953651549746
94.25399604281762
94.18641953254742
91.72514073416467
91.69744512982061
92.25519492847572
91.94864607315641
93.6675162172195
94.71755282175214
95.57256138512001
98.07965159441132
98.81760234817236
99.44106409132507
100.95531159932754
102.0396649642289
103.32885050685402
103.205288929243
102.81637329007438
102.13560294526451
100.57078254460332
99.11038608797607
96.48227793928538
94.66978073603035
93.37974961970966
90.99424968673753
89.13620419985469
88.08379052653622
86.59277336282727
87.47094054588732
86.86851028232968
85.72707692775676
84.9854918597296
85.58790659852605
85.02020243699636
84.90051461367514
84.27081763810402
84.01791089552208
82.51095485435319
81.31402957593387
81.40854278836305
81.8382916404923
80.99690205450368
81.32711965307021
81.04173396919288
80.87049581130434
81.06813965695689
