6
1
c
95.57679658078658
96.01602093871868
95.06655378730251
95.11746152513477
95.73554146718755
96.07236387015898
95.81104918581356
95.49703664812964
92.16104343422859
86.2926315031025
79.39879964134012
73.5987585634816
67.0257959907409
56.20341844611725
47.945933168641716
39.08686286114597
38.730383913085056
38.00708651406779
37.396278782917506
37.77898485954817
37.77971265002067
37.7160324502079
37.44771245327309
38.40425605027407
38.384232183504245
36.10073209345073
36.15742625787264
33.64201690883735
32.95482527571428
32.82878693496763
31.125656159722908
31.501006580281754
33.12779323058251
32.861092006081535
33.456167355608976
33.1178072859959
33.34662602612809
33.050994037387056
33.3308472282815
34.56625243239683
34.426329529797705
35.503636723487695
35.25497472627025
35.39377130942331
33.37522819270822
31.910129202534765
28.111699486177134
26.489181545254436
23.733063754654946
20.603236553030715
18.313428337142277
11.854532321142079
10.772900147221474
6.665512858447777
6.460907752732586
6.779348895064863
7.781846178869947
12.815700672017641
16.538894033631834
20.34274261056724
25.68426390277556
28.321756308644293
30.79106283207869
35.81450911306668
38.89230785872877
41.63846482375144
42.93954659868384
42.81957239026137
41.86236613325043
40.74954843831358
39.063674458061186
35.90341933983999
35.1601155703351
35.407266710741766
35.13917262827483
33.41917654857767
32.68732580981019
32.2428598860759
32.36661037649933
32.118362682243415
33.25588100626471
33.920118212506104
35.75120635264785
35.485580295267106
38.48766201246366
37.93949126865132
39.86528974146988
39.23188434183139
39.6645194938153
40.67132037648225
41.43190194418786
41.27724853626636
42.465193634879654
45.85880192022893
47.47527955523983
49.20597611523963
52.905506802327416
54.5415108598304
57.54033289457595
61.83623659393209
65.11516399656817
66.82944117497878
67.27377250938662
67.09504405796625
66.30897180884439
64.84659128197865
62.93941231225453
60.81802178686732
58.71081327509283
57.33456765391093
56.92784745919951
55.527428147841775
53.599255360816585
53.18800607595564
52.61981237005354
52.79026987015098
53.948037986900125
53.81862308105747
54.932400500118014
56.645742123685004
56.6498667244757
57.18995520224742
57.40571743212183
57.28174841324897
56.16405185184645
56.95792569135561
57.55419052137093
57.806045499385036
59.51448143287079
60.741595118120685
65.3865950432157
69.73018470825987
75.29872444154596
80.65334694174271
84.89252093993561
89.68331959539717
93.12948442681692
95.08430397070005
95.34892970841834
96.85387872682693
96.82184816137259
97.76840412237374
98.8764781534618
99.83722105524966
100.88715666469336
100.8305014401862
101.99610411839238
102.37683467360795
103.50336658395048
105.0608739235853
106.07184564478703
107.936896239156
111.88015118524288
116.45059897495457
128.29633167415278
137.68629645859497
149.57644726651716
159.75417913488332
169.4902554372241
184.3434601113236
196.67223396705495
206.06766334041646
207.56649250620973
207.88350953500156
203.1650540412853
193.83383138142827
182.8258106766939
174.79786655688468
164.29466665656633
150.71072893689072
141.09043708637998
132.27701009196437
134.40617326231933
135.81232824296444
134.86873543541535
135.70202166390246
136.98948143036557
136.27595413856517
135.3805824574081
136.50927276821182
136.11356782220642
135.4796698690437
134.1697177276553
132.83022702986264
130.703575001615
130.00843339107044
129.2831222214219
129.0028191198025
132.96164473859818
137.55793451600553
146.05527071935458
148.5048560899096
155.09457538663779
160.63508569642087
164.50026089950745
170.2713497340382
173.70809008234724
177.44672592722196
180.49168461369985
181.39374453309347
183.0164273680435
186.35605909736216
188.94911902566832
192.51251550828718
194.37592845929822
200.057730033963
205.32449304191076
214.50539088395794
221.9220115147135
227.06592228087771
229.0550094871068
227.67644705227227
221.0697330605905
212.62953678721237
200.06074950034395
190.82902916201436
178.75170943066047
168.33214658865717
161.40197385503348
150.96746521328163
142.77425429655904
138.60573146522225
135.56193435943362
134.09998317347234
131.24060088442766
128.33147048069256
125.86088610780783
123.17485908278024
119.90006934098265
114.24451206943192
107.86581615533478
100.06926338914965
93.97776357134137
88.31290764462872
87.83570502691809
87.95363414471781
89.22636549877086
91.875170704179
94.09755825898284
95.7010663554915
98.14302789363512
98.52411911176625
100.04601238670752
102.49380777029921
101.96565103478702
103.56754207149883
103.08078226828184
103.4762083257686
101.70432823129342
99.71582931081252
95.66800538981374
93.03686084738457
90.88600218818092
87.31325992989406
85.79385600358565
81.69239962752894
79.82522502283578
77.8357748871482
77.55193412264917
77.62112123663074
75.91522619177348
75.65655928743885
75.11756940859657
74.1828688192396
74.42869493135704
72.02564175584305
70.94252825381344
67.15235359931224
65.44286057747489
64.04934584012858
63.06166359679954
62.76415678591638
64.84544397408446
67.26967863555498
71.03906263312423
73.67399405696369
78.23076295883291
79.98822138743996
82.46313729624889
85.98181316972669
88.41521532506272
90.70675609310335
90.21527530714997
90.1350283915348
90.31195633445557
91.00936805922952
90.48792636770986
90.31906376449342
