6
11
e
150.72018350766763
150.90706266462948
150.5665127168568
150.39300206981616
150.61205834623857
150.82075667335545
150.71730943080104
151.08036895957994
145.30245998260497
138.54703599282203
128.21442702745094
120.90350819201002
111.91920088002696
101.37350594216186
94.44645833045696
80.47052461790804
71.73340642053014
64.41078293656874
62.4931587811926
63.13379559290633
64.90312199667268
67.20067464923521
71.47714531083183
74.37297570363872
78.67482069547204
79.86338060926913
79.31742340719768
79.32399639866776
80.20635035474082
80.32648932476894
81.05752820759717
80.59703123020651
82.11399614670486
81.63809802710576
84.8983859086829
85.49837749158579
85.37174181827314
87.3711177216507
88.94380381845514
89.84803377790105
91.67567377901739
92.63468862428358
93.93099202728914
93.05980396241834
92.63906481077925
93.1548275270077
89.99225888668614
90.10158978073535
88.47905117131664
87.90044692028178
86.73366801865097
86.28190057147705
85.6205521818871
86.2825600161547
85.46212375525687
85.01898156541564
84.87817901300842
83.99985833876347
84.3690566174578
83.835447884388
83.89095111124371
82.55167835877494
81.4583876341819
79.28463701493173
77.14735728848723
76.26555299909506
74.38683033437393
75.31070693751118
79.38980832819115
84.73185228649943
92.96897942381489
99.102554617961
106.87544116514273
111.48117736954212
115.65612584916829
120.75056436991034
125.70663385446147
131.1423381668681
133.38598914811888
135.43630927351202
141.47087135628925
146.87017018675022
154.05089924617204
159.04511107670447
166.9218565075124
174.8214924398317
184.44814045717524
197.22938777569289
206.66856414331573
213.94732242271243
215.55784881677386
215.04432231543575
212.5060998646291
210.3751844937803
206.19741745636907
203.21304226261068
199.63200193544924
199.340556717614
199.05686678903865
198.75820135013115
198.9735511148885
199.0306652939416
198.59434493596285
198.14236616377607
196.6614336245776
194.411161964982
187.282817718338
179.34206189257623
169.7057478221301
161.82922313805327
155.4117796347266
144.98627849325536
136.9656342508713
131.4207101353296
130.5890686063392
130.68983234387127
131.9018622029805
136.06150299533917
138.87839781554712
143.95334056051
147.4056399620283
147.37659442119764
148.96466259976265
150.06142304009367
151.67350221111784
152.3072367995264
152.47292181050582
152.51546688932086
153.45591138956635
153.61097188404963
153.6170791235579
153.4849588648818
153.74083959329207
154.81796998581282
153.53196673267797
154.25514468116995
153.88864044455767
155.11151659041658
155.26482615133287
155.8506653336674
156.77880390051976
159.5589544652704
162.20837248537873
167.21167837821164
171.53717281797424
174.8634869903758
179.40734279586044
184.84835257923953
189.87046880012377
191.48068396436315
192.12974554114194
192.18941321751313
191.59334723201712
190.37867512017763
189.49741220223072
188.2055622920983
186.3081804102339
186.85881665628185
185.4307950897602
185.7305101476535
183.77166088390467
182.53185171550692
182.61994201711292
181.3731186360577
185.38916249169841
191.29601797698635
198.29215165660847
203.45057422492107
209.6362497289777
215.60481452832758
220.70000346861366
229.0148933120363
234.76597856317318
239.8853409134107
240.9745676400779
240.96201466934713
239.23988678356164
236.06048533613617
233.74215048909988
232.64725587057004
230.26850739405631
230.22539800420049
228.8284931869005
228.80189458859581
228.66595247129766
226.34091255664956
227.99339006988674
227.06166676305793
226.2436282678566
225.80816611689207
223.62057236860323
224.30726332072632
222.20812227906254
220.39815891239832
220.87801484362737
219.3661929454953
219.55865495730964
218.34027435863172
217.589624307609
216.77775043376033
215.58604939248028
212.59710124851287
209.99055058436068
207.22166106778238
204.36649574817162
200.45309257991195
198.35271905288923
191.6796987476717
187.46459368634825
183.6772331701603
182.43426012604908
183.83271683134822
187.20842137032474
192.8691277623198
201.7515303962567
207.60284338072987
214.79874464562084
221.0877593732622
226.4473572795077
235.12959050069057
242.03294599299895
246.81484933512942
248.46552865626083
247.76443568960102
244.94495788777505
240.82565850501183
232.9726001234077
228.15052646291807
221.4206545810986
217.10509288773255
215.512549665376
211.86847950626097
208.8363112140384
205.37212442848033
204.2789110194276
203.83957161218942
202.09231726321423
199.88998059523146
198.2775902796865
196.4095067068403
193.4161975336669
190.68626678281166
188.87567711205676
184.1053436843051
181.6406173751956
179.71010529957672
178.13252425499175
179.16238728132788
177.4568603347182
177.0754289818545
176.68525149002915
175.8261573872186
174.42365260717438
172.63438530631754
170.22123317038916
166.90082978381955
163.413438953418
161.45171377748144
160.57723151027747
161.39762796292666
162.80571161232206
167.13331562300766
174.13263751455196
176.09154868912736
181.71354422359
186.93358098349458
189.85197790582396
196.2881952127121
200.94325535105372
204.91804635546728
206.64643175235915
207.17149777808112
202.1431619896627
197.0322193979029
189.22321685619465
183.26069994372827
177.086920573179
170.90520259341773
166.61655137899334
160.1764005404637
156.40808381459507
152.51150982367682
151.66722869370668
151.1902314482799
151.82799076822636
150.96982594066938
151.19486631386908
151.963845832462
