8
2
d
236.3647419270114
237.18480961112678
237.2003234558761
237.14393432402807
237.68490513034146
236.81829167252033
236.6331073369962
238.28739832571182
232.6312343049068
227.05700567891995
218.84425192208758
213.58900232356592
206.81113790820314
197.17315583911216
190.76132801319014
181.13415458715843
176.63716229978112
174.81687601978214
172.59059069070145
171.65305519549784
170.0388609325374
171.18990069913417
168.636576470541
166.65632158586578
166.5844296474796
162.09292138055645
160.5623538559764
157.63252099093626
155.86573157955718
152.84600714582425
151.33171106258888
149.97874442982538
149.110425138762
147.66870752437327
145.5014790405644
144.49545300369417
141.33434340401513
139.24797801477737
134.9890644452079
130.5040067285629
126.89186747742376
124.84342411470429
124.67450527078302
123.98548457618988
125.08744242971952
125.69802084997525
129.5715765532878
129.2003078063628
132.23962361790765
134.17667444403477
133.25860802675098
133.76675847945836
134.51640007631553
134.4406896338407
135.58606461483694
135.61526052753072
135.9269910310177
137.77833243461393
138.9677474750627
139.77929773541092
141.68706440896074
142.75078405904398
144.06157749379463
144.26401985923565
145.84764340199078
146.54349703751626
146.83682689631317
148.36788520805314
149.48770301444014
152.81403690335432
154.57794273751634
157.0940114138575
159.6893955789564
162.3561241397306
164.44754544211892
167.5978084473471
168.13874642634553
171.76452178410653
171.90186809934784
173.95524151832922
177.58064775848794
180.47403945017007
185.62910493989304
188.7463544583563
194.03973883432488
198.82422524529633
203.18128482974188
208.58317268984325
210.82905418198433
215.37600583701206
217.48282899522093
219.6877516753423
223.42630321664572
227.08052378955986
230.61145426235547
235.6879176414406
240.71993260492025
246.5459880264606
252.23209939812858
257.9984572017892
263.0952523896348
267.43436984888524
267.64425594831056
270.519886494759
272.4041601467416
274.99349377880316
278.6561305291649
280.33783835795145
284.14832612286153
289.51439583719264
294.0143259976854
299.6292690884347
302.8026379499992
304.2408241245411
304.9701820743537
305.26248246830096
306.10995592172196
306.3760682484366
306.2801888051652
306.23832598424286
307.8208569072715
308.75981709932466
311.5073574650675
314.30334895589317
315.20688079948576
316.1840805994623
316.7299795074592
316.3600733923585
315.1341183025368
313.732335627695
312.9731553037323
312.60494115675823
311.30554853328033
310.50527761141484
308.1122587873204
307.01039702733294
305.31154292653207
305.0758897827167
305.4177213290543
304.4775921105547
305.46595385771866
308.4677864837149
311.6912056818297
314.0304959271279
316.12055182020083
318.5078914592924
321.1248764526597
324.4592080800624
327.9257210472249
329.8883190171236
328.4681383239445
329.01065239910946
328.9037706351009
328.66160318537635
326.9584440602884
326.63311308049754
325.39172177103734
325.8730550226701
325.48337508322584
326.48276776540877
326.5447677502606
326.3429223578341
326.3477832514744
327.3236778068396
326.23486077954146
325.236608238707
324.7971642714914
322.97785076556426
322.4346239288245
322.59683086528787
321.6796012400813
321.6128512201864
321.09664760590647
320.03232008593216
320.056160739829
319.7985879676309
318.51456993871403
317.6157013921555
316.10866988438823
315.07810120844425
313.5385223438756
312.31555954830014
310.6246020633235
309.08778906923095
307.0092451444596
306.7801007816281
306.3759158242338
306.3633666352955
305.58230970064346
305.6117130663114
305.0312552927973
305.1828220198563
305.0128335095698
304.28534881435303
303.22244857465466
302.39074018280456
301.77691449560916
300.73642526012554
300.2652970489504
301.06364259103833
300.98648958869285
299.30930819593254
299.2161769170069
298.71104495486395
298.0449515430738
297.50509926721514
296.6801770001195
295.61144749725355
294.32324782332904
292.8771723394592
293.50027464947425
292.6362671702418
294.0997343243476
294.27946218077517
295.9908004329622
296.13430423162
297.17117219958214
298.5539047509136
300.3156678245877
300.82791873881047
302.03813463705234
302.4327405315558
301.47850374029633
302.6102359982586
302.29533701342365
302.28232209390694
302.218603651682
301.7965117118686
301.37203853004996
300.8244535507626
301.3006569825568
300.18606459427815
299.5388751764352
299.49387516051416
299.10355997241925
299.64285552360275
301.08559318822176
303.28110899548005
308.036169358987
309.7275263269351
314.2515511204617
319.36672356553913
322.1558506980764
326.456016123528
326.79496647179803
327.2794457419356
327.98125741858047
328.4423698821045
328.701464536553
328.57860051350684
328.0257060279796
329.88630261870736
329.93862405578204
330.61886434315653
331.07715460999646
331.85532018687604
333.6306602868521
334.804771722057
334.5181330972159
333.9183170756534
333.73590856588635
331.0754401622095
329.5988959332361
328.92400854152925
326.06380390989716
324.3691340223378
324.11342967140297
323.0150419535782
322.2217845695511
321.0691914434505
319.55114300639354
319.9075720150022
318.49405386045817
314.3727390896689
309.90831923282775
306.07958252909543
300.57983599990933
296.4975315978357
291.76999048682103
286.48399738314583
282.7535791469006
278.6414624989875
277.895578896799
278.67170984383523
278.4888928083446
278.4825597373995
278.6198749314023
277.5253294037575
