8
0
d
106.54206465583434
107.23989166032896
107.16057653862384
107.25907720892708
106.66028865840273
107.91418531201155
107.78687894764717
107.2632677536545
101.84669290314113
94.3883832981527
83.21806884796229
75.6375537901232
65.17021414839907
56.261558794339315
47.40970456232301
33.736982930465366
22.92094367175295
15.928466730835847
13.274787242280695
13.931001538958942
16.377012593315342
18.651611841069112
21.18800816399153
25.22958484873178
26.684051887377493
26.634846689027807
26.814510174967012
26.391745278145635
25.839989130428076
26.356207379317688
24.906400126563046
25.076565705185825
27.277771565920467
28.721859479515448
33.54623973332575
34.88868668895998
37.48501370818672
39.51904104485703
43.302046842301145
47.04925959168708
49.96183860798824
52.12743149595282
52.52594418050304
51.67179631336574
52.00844454893717
48.91554487105172
48.34713185138563
46.542571129843786
44.514620918847115
43.59660642896808
40.91623941089691
37.99198922708738
34.32594506970455
30.62079195910559
29.73978465455791
30.567475570558816
38.101460108132
47.94745171714094
64.71478402198349
75.84446906133081
89.31170666232902
107.43756490727549
120.98267773093704
142.02625454560928
142.2934388754518
144.8231549307375
145.30504616260643
145.92109428234644
145.7890719600217
146.1035517765036
146.21315664144316
147.49344337691818
147.64801504634445
148.80632851990347
151.49852359328548
151.85656742208923
153.63396652193825
155.761247439667
156.7156271718601
158.2627410044887
160.98051794067783
165.9245863249627
171.7345083236488
176.05909139169907
181.36617249662092
186.95117763312098
192.36999909888783
202.00397406792942
208.73720187143104
212.5946626528061
213.26986487134283
214.30101127575875
213.2258915724425
210.5407372175964
208.6393838083028
207.40042651509654
204.40828081031742
205.85129196970726
204.96635135348492
204.48282704755502
203.22368042046213
202.93649618847772
202.91427367326324
202.6561193472146
204.96886902816573
208.68642726095726
212.90452979857918
215.1546907868104
219.34475606565888
223.14768600306175
227.27581690611984
232.6845286838926
236.26763419441974
240.15972181347962
240.02325474806213
241.17133508531228
237.89099818269528
234.19264000909047
227.3620194494414
223.05583422494263
219.32482548545534
215.52515611124838
211.91726849464496
205.4222213351329
201.13884697140463
197.38328508435063
196.74815204747216
196.09578083892555
200.3173677580331
204.859351970421
212.49309267755265
219.16970387988118
225.96653396775397
235.62248884688282
241.90686967554308
248.898471433273
249.54469506441882
250.24811070187198
250.1447516101506
250.2191934210623
250.5422921065162
249.66181502436632
250.10313541636057
250.17286248655452
250.26367242538936
250.41525063965855
250.83100000682285
250.2597535984195
250.7752957796809
251.05022398699617
252.296005553406
252.01286146485893
254.2100892485925
256.71912636926373
264.44019805987654
269.57567786907833
276.8434266900637
285.66810190059084
292.10457206640694
298.9593527375689
303.1061926611985
305.695442757469
305.9239347755364
307.58909222087215
307.8001498230622
308.72523242538045
309.46169381402973
310.40836807641995
311.6454828151322
313.99285630143794
315.49589298089165
316.3061301564765
318.4459893124757
320.08054756769025
322.27495876680894
322.96751040432383
327.09802771643234
329.878010040179
334.3882675824913
338.8469266982235
342.4405737831113
347.9528367768098
353.43663639788235
360.45331829157493
366.15539977102424
371.1190348483627
370.4996620938888
370.9013957611477
369.2121576031154
367.52019618014197
363.3714447192431
363.3034279568858
359.4745785775231
358.79362243463555
357.6471959620101
356.81376344492867
356.0946833217333
356.0397093264417
354.039232849292
354.42501648083254
354.14365562144616
354.5596087988179
356.05036922998386
355.6083487027623
356.27457054725085
356.7273110594401
356.95846263078505
357.27021011534885
357.7861185856359
358.7097767586242
359.2375839711211
359.2081876940811
357.72197176891626
354.53347403115913
349.09689830297356
346.50425807813485
343.39338402710734
340.29540909731327
338.96905561710247
337.8560070593629
335.0210113034025
333.2785513336686
331.5370563384239
330.53755077205403
323.8818688505997
317.96691767197
302.3532392900568
293.97817838803894
280.5912522594238
263.92207446987754
250.53078036371372
232.3397849823919
227.7526139688745
224.51364486339224
225.14531882131007
222.99598497339608
221.38231598566335
221.413097365567
221.04317686677777
220.55016342018612
218.9930985499961
216.02155551331032
212.41072783889112
206.11082083890287
203.5919907455995
199.84996468452042
199.89467847868826
199.1459941938463
201.3898338749346
203.72293057694816
206.47929707554601
209.35295087965721
211.5012864592946
213.9283380199401
216.96336954600267
219.1843306470128
221.18028090687613
223.40371640829719
223.88556721225007
224.7327717951707
221.86992877114346
217.9443897332676
213.9251194099635
210.475924858202
205.5782431718456
201.2275059099304
197.6723160547702
193.72113247012533
191.82301690892942
189.89329425369039
188.98944298087432
188.1946465510146
187.7626453116997
186.7929706133602
186.10278564460776
185.59520459794604
184.7799555384367
183.05625178910523
181.82253809165599
179.96822228600203
177.51620785120426
177.08368924553668
175.6000580902918
176.99156076548877
176.8265174628538
176.68009827850742
176.95803823718265
176.16106756754675
