4
1
d
205.27709479129447
204.57507935964455
204.02142004872627
204.57792017594218
204.29923236112128
204.33150016989487
204.48162459512108
204.24089062581848
200.52164430872637
195.63829272151068
187.94203381473838
183.78883561925247
177.55658218096656
169.49158040967166
164.3168272599017
156.40844292049658
151.9792631747622
150.83531776428316
149.1577625257795
148.28672806168433
146.5541239012611
147.28178592765832
146.4568844438166
144.27337419202567
142.18636461082866
140.4828662122086
138.78878833774655
136.8484913965461
134.64914896390349
132.179347687546
130.958317556557
130.34538275713783
128.15981170646225
127.03791795930321
126.26224388151302
124.4133954318536
121.6809195172401
118.96645044594969
116.07096524283449
113.21404779212153
110.89228626400964
107.40853162472847
106.41462631837257
106.53123368699757
107.84984179249787
109.75469665193175
111.22228798356929
112.43572039921473
114.30757480645308
113.85633859911464
114.6799182805411
115.51884429581632
115.67621863321209
116.43856001251855
116.04402090386948
116.76246699384646
118.17017991930318
118.8901653271947
119.81615179962411
120.68629868836926
122.39270403058308
122.16937860733871
123.58603549513602
124.15483109181831
125.12154917803262
125.78761465163491
126.84491818643606
128.30316867676004
128.21388446741318
131.75429504076942
133.98058431243436
135.64493550829212
137.8530016282124
140.14723833114303
142.3052804710508
143.5004371722561
145.2898554457981
146.71213240044736
147.8288085252226
149.53721081612008
153.9051962588752
155.979228534529
160.1012083362307
163.31640872997133
166.23689918821623
172.52379818322456
173.73064698423428
179.45782212698018
181.75103352906706
185.75195749683252
188.43450842618253
189.30726920697316
192.9873228664566
194.9939776070873
199.56679483416596
203.56656973861448
206.69752737854787
212.91785358821244
216.48933585136024
222.4113337663388
226.706062495578
230.79752024064837
231.66789314343168
232.5955805744697
235.05123032713362
236.89889546478838
239.47466888914985
241.71308880737143
243.6621864848183
249.44326324946206
254.39489481173328
258.78740774856044
260.640708611495
261.930181701685
262.33125556114646
262.3695548866155
264.31614378804693
264.69337561962686
264.39888072559893
264.51734788740043
264.7547953401916
266.3102586375199
268.0447493478256
269.8182374601647
271.4362613231429
272.14802436215984
272.03334448515585
272.5120868206875
271.9125420053654
271.3722639760896
269.2949785940987
269.4466144690053
267.85422740821684
266.31488474088644
266.83423063001186
264.8148890646706
263.05304261590896
261.7806978586854
262.3489941849142
261.818807120706
264.3173760712786
266.42053865005414
268.37530313759913
270.52531437665635
272.6672195225658
275.2216183898772
277.47040329770294
280.3126195343146
281.46542781273155
283.3900727312071
283.659148560268
283.04860923074637
283.43170809164235
283.3330330271244
282.69902443996233
281.97429525530697
279.966967251899
281.68679875002204
281.1048949068509
281.2709404954229
281.0186646638524
280.9336141502219
282.419888375618
281.897599742089
281.6946887467561
279.87634788339494
278.9108631549834
278.00481351208236
278.9685496640154
277.5577692471351
277.01745854656633
277.5092822887875
276.7415537402555
275.8055662836304
275.2420289413303
275.31362468698376
274.66141033576184
273.4888840855721
272.8003479030653
271.69020713709904
270.040452976919
268.95190494348185
267.8217400426629
265.7890055433015
264.82492305882215
264.02225267093263
264.5589841671867
262.7035368239264
263.056069793079
263.62795368514907
262.35175801330695
261.21279987358764
261.75971931313126
263.0311135335986
261.3083807697988
260.858494548365
260.52112101283075
259.8436001801553
259.2213716591225
259.8754271723906
259.650105575741
258.0206455572542
257.68574272539934
257.8560915705976
257.40269428152914
255.68300454855648
256.1378366981713
254.78331095926063
254.2934722740435
252.68421517057422
253.22661075958356
252.25956092654152
252.98438936454457
254.14578434647638
256.0730132078691
255.25230051197516
256.8354501461903
257.94825730157214
258.3263972282494
258.8936082864797
258.76514809641037
260.55042307833594
260.36598671970705
261.1430440189177
260.4818694124693
260.2646448746696
260.1130436651697
260.1469719993761
259.23530588354
259.57408322723194
259.23354115709293
258.57272970632596
258.55307471303047
256.7833941202815
257.6825661762839
257.4705557405011
258.95983215248185
261.632727302512
265.32158989228435
267.65143904687346
269.95599198966096
274.76315998901447
277.35420557249137
280.65032037330525
282.21444842253777
281.8265927957225
283.2504331503365
281.8944492973822
283.6924824371206
283.0271148531051
282.72493439044104
283.8210087777259
283.64130475399213
285.4291052409632
284.6496992703752
285.08882443066534
286.73980595264084
287.50159161414535
288.6068837411386
288.26583191028
287.19779867601096
286.49204635395967
283.67214750677806
282.34329915413997
280.47495668627687
279.966451178291
278.7878204042019
279.10304046452484
277.7237230705867
277.05995332385805
276.3488546919605
275.6457474899247
273.0879034229862
271.2397478924337
266.51284710705573
264.15669042179906
260.1180113911986
255.39044807977723
251.56382215274738
247.6171828281396
242.80208640609362
241.093844292224
240.25609221038567
239.65640679357568
239.40272003596323
240.13524575802725
240.31254285082883
239.10434389451768
