9
7
e
160.48328402886492
159.38673237566002
159.80182680637702
160.35972127233606
159.3174843563907
159.86233986208964
160.1322464866922
160.04977885483
154.294333268118
145.96397915280173
134.5146999718713
127.56553898342548
118.60426580752701
107.58172437382215
99.24800769626759
85.24819120766342
74.90581186376662
68.74733026326983
66.2431715389988
65.84589290675483
68.25639342844893
71.22332499665171
75.58320090198676
79.96389338841709
82.74854360714102
84.22186441657371
83.91282219006682
83.99722834806752
84.73158166122201
85.82890408750467
85.5011548719682
86.08176693684331
87.30853012209501
87.11601199427912
88.88333805328058
89.82445597887711
91.42003790861422
92.43745384131256
93.7879401249134
95.29954532089234
96.57917671216877
97.55788057807797
97.43959066824578
99.08639394469456
98.30870335773137
96.45728981370385
95.27897278490155
94.73163499908198
94.1316310113822
93.30776227566125
92.64380249249596
91.80618331678694
90.64646378102296
89.93972554492632
90.97729222963262
90.22352528644699
90.50574329161603
89.70235540922933
90.14841567568921
89.15525264404596
88.79798951220462
86.99255451587982
85.91951567895784
83.69133956318076
81.28865376810705
80.28113269599528
79.04332570969873
78.87398712608152
83.21220549056319
89.99818555470533
97.72981633993764
104.89175023099358
112.6005779269171
119.06645704442629
123.25313747453504
128.43368566766418
132.491155832714
138.00456650501158
141.6168260409442
144.03999268570382
149.70776518933022
155.9766037036334
163.39695998143392
169.5071211580265
176.73445238105964
185.79425348637886
194.00056078816024
208.9778295189387
219.2157916414428
226.535159591888
227.37045164734295
227.35079662357913
225.48051424194173
222.4071178523839
218.3213625654504
214.8650826970075
211.1485292604417
211.86315356643468
210.29484294559865
211.23618864582426
211.77033600784623
210.9592212375889
209.8407744599412
210.11890571680541
207.49902393999508
207.0080176559545
198.21203949613536
190.42345117157166
178.6996216660481
172.53760805355174
164.52776981830743
154.36621392724712
146.08118420830286
139.63394386961807
138.7659716114534
137.9998282833232
140.41841241429086
144.10316796342434
148.2073863983588
151.52990273387962
154.30758429141264
155.41328393600125
158.8222771513267
159.81959526561172
160.96538200575426
161.89673943889082
161.2406526281528
160.75156086879466
162.54955889178956
162.40672725809105
163.16122386438116
162.83915663786746
162.51787454120827
162.82098135527133
163.90128573236288
163.43214367369234
164.4820562755033
164.66448370934376
165.1354856665137
165.07268222781437
166.9290243767748
169.60198546258806
172.79287158341157
176.39342944339424
181.9069610639663
185.83314868375186
188.92161396868195
195.11057895538326
199.86120774012488
202.2335822565105
203.49432106625295
203.20328655281614
203.19284223831005
201.63577206964467
200.46142516673308
198.8595614495756
198.48522358249576
197.9481361779927
197.07890791184903
195.72112312517118
194.90870256129756
194.14074196358868
192.66100377610408
192.76149821923823
198.10940221924068
202.21169625440444
209.84536011471843
215.80408087542907
221.84271393534743
228.61919681070376
233.81661866603037
243.69698952667997
249.27763644269487
254.39311842256922
255.08843229407458
254.63437704002354
254.60061557681905
250.88357578001555
248.77822713967333
245.52807396394664
242.57937352712938
242.88883633932878
242.84194874640295
241.7434313846872
242.05219083599067
240.76794510575908
240.73536302065233
240.48682273665347
240.27084223357056
238.50087699920078
236.8346040802021
236.75259580734786
235.59316394579207
233.79007457887164
233.9883333353575
233.58984901394115
231.9636202373324
231.04603726648295
229.69990485319315
229.40148858146424
228.20226524704395
225.02971991345677
221.85840245380783
220.273753224166
217.30041297080237
212.80270324153832
208.50698985772658
202.79777056462373
197.99361403415983
194.8911864618164
194.27330250766005
193.43387292017078
198.88134745674182
204.26793007305275
212.72188682437184
219.60760182545997
226.96424845198283
233.8546648491657
239.4027399570049
249.60875094763352
256.1523039347682
261.4601091196973
262.9733711345126
263.3045798203726
259.85720082718115
254.38344667272708
246.88476507432028
241.70602149664828
236.1338816450537
230.3682028135201
227.44498360277615
224.0657500593289
220.90355475727665
217.2810047597972
216.32183636324166
215.39396678012284
213.26041542068415
212.95918014921457
209.63771545712063
207.07085674914055
205.96825933800145
201.98398401565535
199.3260299202152
195.51858757285726
193.23833585120528
190.52212775665853
189.30443542654234
189.33087961616366
188.4811004581129
187.55247558858045
187.18779902785968
185.38058230640934
184.84359821366564
183.16321398112538
180.1098234141689
175.81270946826115
172.93064423705314
171.2346908382074
170.276670418553
170.52899686602123
173.62199473338234
177.1158512119629
184.45417052909738
187.54751112165152
192.65594274528385
196.52349306276014
201.5076880251197
207.83800531405376
213.85243121703883
216.58093506308495
217.83806219291955
218.5150393742325
215.2675488584673
208.28426508374176
200.51723775071466
194.26829506919609
187.68631974308735
181.11330406728231
176.89825608701176
170.62022252893203
165.32570673830364
162.11129970412458
160.31823118012824
159.97290260697312
161.25917985414057
160.3993447963229
159.80529042799685
160.7081738883997
