8
6
e
93.19492153261307
91.80696513516153
92.55629402652816
92.71926357169993
92.14881370679198
92.85590657205995
92.34765976911869
91.72068151433724
88.26572750610991
82.5441771314177
73.95476120728412
68.52782082835819
63.074244492850575
49.95223348460523
43.08961313279408
33.744794149131444
32.99363077713181
30.625876390352737
29.89147285529702
30.572827536317057
29.917044779771942
30.095461173678913
30.841609532055976
29.08709909644553
29.281890408734355
28.51769151592931
27.038383441099725
23.56171112138493
22.80323692413555
20.51914777141951
21.598587345267322
20.006616778523373
21.997295335394696
22.40788144766049
24.82156760026419
25.938607178560087
26.143402465080573
26.35891286467176
28.1088158383284
27.727089576808034
27.470753004618977
28.380073901230315
29.23076559433514
30.039566558753332
30.410521719441018
31.82642251521883
34.05000401564375
36.257238772397294
38.70118693741767
40.565059275442906
41.702594626184464
41.74741966329024
43.12640907939624
44.9415845223024
46.49218440683961
47.12497020479774
50.65487414099791
54.297112843326204
60.08979949129763
64.71216105393283
71.24692733616936
78.27785142103127
84.88608970054759
92.31883873155529
96.97342758457116
98.50215626421193
99.36532254515988
99.8932947836011
99.73219102529927
100.87624422990766
101.59695475497503
102.85576733676645
102.78377281960259
105.64402377813671
105.59246112752528
106.9999626414504
108.13037298204372
110.60451851242165
111.46904072332842
112.44918156092396
114.58991471339631
119.83160981824213
125.28032525253928
129.4811676317778
135.34867808461036
146.2773080600081
155.71088459935171
163.12287437371103
163.3439508633686
162.50529544123958
163.08805915685227
163.06364327898257
162.36169259857044
163.157133727961
162.3725002493572
162.96437600007775
162.62178284114245
162.3855403849076
163.0141159294244
162.96044970606138
163.6666067140147
163.6128909695655
163.98178918902283
164.75801134786477
166.30782311216797
167.48586385365562
170.78440206154184
174.22214667741702
176.85978217094913
179.89531377792505
183.4196844139424
186.8789975670827
190.42341186622966
192.6130057576486
193.33230502867934
193.3754938418581
192.93430487645168
190.88742624678812
189.01637631923344
188.00664610002613
185.70931612526093
186.20028947462424
185.25606090561828
183.3999176602216
184.02335220076955
183.27195542523427
183.9373041673943
182.70048034154914
182.21042114053142
180.60105848674687
178.744402232606
178.3201252889763
176.81525287463387
175.34161590379424
172.90326353093408
171.20058140344494
168.66193779625624
166.80283029403387
166.04021588834266
165.4840131248065
169.4610747895744
171.86768000393755
176.59898431877613
181.35026929603282
186.1540137095222
189.17712010378446
190.91098982049405
193.88307000227857
196.3057564977292
198.85662069061325
200.09184732966764
202.6321220116606
206.27232459493123
210.3178409345212
216.49591867346558
221.00945719620742
226.78923881505915
233.91536015572723
240.08452188953297
249.98270304585512
257.13521619616193
262.32734715781515
264.1557309927853
264.2501394108692
262.7484939444541
259.0176244751749
256.74449143283334
253.15653686338743
252.02447069057757
250.27446425301633
249.37301007717
247.46293941170947
246.89825940189925
247.43701232745408
246.0080635978071
246.43580484594168
246.67534016763906
248.08754713349973
248.51069867537532
249.38480923389346
250.82825082349862
252.03835776632803
251.93730439466657
253.18205046347626
254.05233384751259
253.847020361761
254.5278335734588
255.67977703467346
255.73968178009312
253.54235868389435
253.36903703642952
251.55736733462254
251.04616001643836
249.49332490359464
248.68493785201235
246.32342471686232
245.04426963460935
243.05658206497725
242.33893151264363
242.14694832672083
245.3847837007233
250.61268701561445
258.41999333478776
265.24544604020775
270.4730476410348
277.504383130034
284.7727588865918
296.0161140621377
305.00604988468353
311.5109996955194
313.3318696152651
314.0030042202886
305.1628247096435
291.5138723537127
272.34970341373395
258.4559642249283
241.51122264437313
213.69917073446936
192.6213047198595
175.94803512818862
178.67478417063884
181.99617773241738
183.30677619927064
184.61137302327043
183.83493637519297
184.56191266212284
184.34482879508036
184.71481166415268
183.98812998943174
185.3301579882412
184.9534204770745
184.45087880106271
184.75885233125103
184.83440877980473
184.2193245820694
183.42408680961026
182.54523286155498
180.19662701525576
176.28943144083476
174.22738244230112
170.982490647397
166.68580235989498
163.19883507377176
159.53176534248308
157.07053394753214
157.73628157250164
156.9399157041132
157.1852649276262
156.5736274855385
156.36435464238005
157.10752315922744
156.6923614058712
155.49158682348474
155.89714797527375
155.43075539660506
155.51823350846874
155.25222009419952
154.7388341738361
153.39751308176503
152.5172796433737
152.05461411474184
150.98966389651758
148.1162770086857
144.67979773148969
141.530796759559
138.39117090390877
136.1706707096605
134.01687586001984
131.73679643667222
129.21715209371587
128.6674354819708
127.34030639719205
126.05314346353993
123.06277056510187
121.5158717290177
120.15665118600882
118.14345612495963
115.35320160308522
112.15725161966208
108.430092622924
105.8652007519814
104.29124770628249
103.26503699603403
103.39051492280043
103.66720626981846
102.39546691798913
104.19344223021284
103.45337353364131
