5
6
a
111.99150468925842
112.26085979115905
112.38448997395348
113.17089277366387
112.8344160496317
112.2289255537968
112.26802102099279
112.8229312451003
107.02083022549283
97.445668421143
86.49493559411738
79.7523696496282
67.99876759579213
58.31217245914162
49.6316714725039
34.140565297723654
23.841325403024694
16.54288168275783
15.641017892397032
14.908199117679414
16.205539199887788
18.663089895805772
22.38493403126739
25.917309065244602
27.83268635176918
28.006342044061995
27.152604502111178
27.580946740663975
27.350293486791465
27.04309490740406
26.890416084428136
26.80907509111527
28.07958458989499
30.658879502725746
33.173832997093925
36.411373718425715
38.396919100969136
41.76938891814837
44.82742436436851
48.23069410161131
51.76200121798896
53.812041928502296
54.984631864191336
54.50316903857642
53.93931269899001
51.375895554499586
50.62086564350908
48.982054323143885
46.73195321287594
45.316456777374476
42.47762595592947
38.251992789399324
35.73854750831035
34.23469099523876
31.915307019137014
31.863531760965454
39.49778984869492
50.98455204191497
67.35418622621137
78.5436798800208
93.55985404451545
113.39902939438943
127.50000162000583
147.670107625519
148.7478065047925
151.73259655192797
151.45999317578963
151.72166552356785
153.17533701135403
153.83939976373884
152.89425091896237
153.73691625232817
153.40941137293484
155.6305788431116
157.2922436905495
158.84040134076017
159.83859837960807
161.8369327869228
163.78871618442142
164.269282933847
167.89079018740898
172.01579569825498
179.44237531751034
183.91898215238427
189.47551772883696
195.46130972835218
201.28569273860143
210.09946689346415
217.12104104371934
222.1003328751505
223.12430792222682
224.06881877404265
223.1316137281262
220.92646731501193
219.55008541655488
217.0049762796368
213.7822295005185
213.7694563434203
213.11786901989987
213.28152627574633
212.0064127515405
211.81078987958128
212.00115828008288
211.6981332201822
213.33409243728124
216.88264770114657
221.41355468893553
225.58882618365007
228.33718893342856
232.24668130819362
235.87256858705328
242.64664005419078
246.27789353651585
249.80390451965067
250.46681742749158
251.89479264824342
248.24952280321696
244.59767020146083
239.1720075128253
232.37527421041074
228.97522630407414
225.14326008380544
220.0444165575734
215.23098568314413
209.15306865313352
206.09457067931146
205.30254068711216
205.52726963946827
209.9321078327487
214.4633054295613
223.44822265034898
229.39301660416416
236.59710189297894
244.27789356945144
252.752470756562
259.98481412185225
260.523151356634
261.3229251363704
261.4404383534336
261.1047686848474
261.0124917558481
260.6577512609102
260.63237827472807
260.7997862222872
261.0361141553629
260.7418590165939
260.2769414801445
260.61504891219516
261.25781674242864
262.5983187629791
263.2880867107757
263.917151866238
265.47123238336496
268.14724418514726
275.2089800622941
281.4622175489925
289.98521817463126
297.16992181344744
303.9550843403017
312.69600873917716
316.2689008565763
318.600654000019
318.5794402630821
320.1583706251515
320.94383321826507
322.6353412884775
322.36136284403426
324.1217721555699
326.68761939033936
327.42634004567003
328.96869320798834
330.6554101391363
332.6602708546749
334.75903535267724
335.92408005588214
336.7840282468429
339.6769292740726
344.4410804282202
349.78664900049114
352.632911660756
357.9348108316357
363.48569443261647
367.8219157726299
376.0677191262893
382.6194549613128
386.7275475562401
386.9147261912046
387.8011478363215
385.70562408818745
382.94062864442753
380.4918333621492
378.2240569509694
375.30705496006254
374.02214441605366
373.81481878438854
372.0469327283137
371.13585961427384
370.4193467887167
371.0796234112601
369.8022787869843
369.7438850405385
370.8723485931113
371.2867984053167
372.0485797445776
371.10737585044797
371.3850755255982
373.07932597199994
372.3808529260452
374.3923660809444
374.6566504549784
374.3519515970791
374.78279268413047
371.36922278247073
369.1940611744464
364.2682343457295
361.92317816297924
356.809973313519
355.7833535873156
354.6302745762725
352.3816341751773
349.9316563324538
348.48490486793105
346.71084909119185
344.4747142946922
337.542696897242
330.8910801146324
316.93080977917435
306.3867650600821
292.96192919698797
275.0111253655604
261.6472708452083
243.12776751630204
238.01789003278031
234.27739027230663
233.2631146198833
232.66281590654344
232.1893789553552
230.15945489781924
230.3312928191134
229.10753460827777
229.13460806396472
225.67334228870112
221.43750170534514
216.3655870885207
212.25006251344075
208.84063606193175
207.87770012667534
207.6935189621238
210.06170711580543
212.34826348472947
215.59395856299025
217.8430453895162
221.0435193719442
224.83489556504847
225.15406292219245
228.1832080162824
231.4948919190803
233.18139477241323
234.72139488693088
233.56414610011237
231.82994401611657
227.8382528912662
222.2588930136191
218.62443690253608
214.7120556464335
211.05687774083233
207.8423045757205
202.72248843236983
200.012534075318
197.6601260829814
197.5281661361525
197.3221109396423
196.00012749032655
195.8457287691461
194.67824569780737
192.94589423463248
192.87352013829363
190.99151932477147
190.03917356368268
187.5171106589521
185.09876983063603
184.2741333089943
183.83177495039567
184.43999647147422
184.1689085014786
184.0805625593087
183.92840118617
183.3697376994118
