9
5
b
57.04013044572389
57.395246650617345
57.18579278854141
56.45866505072513
57.59582916961678
56.9919893803068
56.47709514955067
56.79323931752058
55.25291077257058
50.64090639385855
46.10851660442129
43.19454741489954
38.28482999044471
32.98911351228731
26.071636739072364
21.112733401179902
20.445420601029017
18.655349372677225
19.369835950046358
17.993416997439674
18.85720311312549
18.823837916951256
17.48197713959798
18.80669620228203
17.819110568281943
17.440509840158445
16.367176932140023
15.044362310196151
13.401051826976921
12.683257627734474
13.388764640152777
13.890070755401513
13.351735805027191
14.28014848437951
15.547711581589672
15.796443924107754
16.44992450725061
16.518056299934123
16.646083379271943
16.70035573603442
16.88188035390811
17.88056890400379
17.990282215840956
19.159030467465588
18.960239609916243
19.91807077437317
21.68258156087783
21.244573111426487
23.073368292635514
24.05428469491054
25.98775817743756
25.906887204013504
27.769301820813055
27.83120803170663
27.364179745655925
29.702820846483863
31.229422506262328
33.57490622401583
37.501517028096536
40.10285907672205
43.247503438784896
48.171733014453224
52.207293210026904
56.65962699916618
59.67181908444267
61.2317137814199
61.32008889577584
61.55153965148705
61.67100730602273
62.024123844811285
63.53407904496335
64.17208458969247
64.44635542807403
64.59834427839954
66.41581814546416
66.09421458960256
67.91072586935643
68.49338089570496
68.81023649609456
68.94116429798004
70.85707755833161
74.24406647057447
77.79936558292027
80.61009478689036
84.20458625224664
91.65229866922806
96.32733180850316
101.4243588380993
101.40566629006067
100.3699663489605
101.65019580060215
99.79806058120006
101.57831191498337
100.06406690070163
100.25810571879371
101.00486574084387
99.12462095828849
101.08508636369793
100.33677740950013
101.67796640286595
101.71808967516404
102.1594229564702
102.30056715244537
101.83593347394402
102.57527169117937
103.33130669871026
106.13897458743
106.77392712061923
108.57471300412509
110.71248098372187
112.51340006444289
115.27323442708959
118.61550399311116
119.44692993220414
119.34191658615676
120.33670945680957
119.2375176413533
118.25365343535601
117.51548146717926
116.05549640588272
115.55346321970126
114.56434355837507
114.93810917667223
114.32768861599011
112.4202633491864
112.89029650904963
112.91742588305355
112.66249948292253
112.41361022957838
111.15057821357956
110.87663185252734
110.0534561414361
109.79813778086417
108.10253628631425
107.00854508067762
105.5242936267409
104.7933688305104
102.59062473760906
102.09402717958322
103.00612640663381
104.51396196416214
106.20287261239066
109.03068428694591
112.66496590772331
114.83751452659533
115.5590219917418
118.5170469644468
119.75611800519495
120.97238307839669
122.25401497482932
123.45773897234389
124.890991933676
128.01219173073702
130.29591943065512
134.2672922068378
137.21027217328222
140.55495562026167
143.67447282453801
148.46673637760935
153.87256782611055
158.8548514070697
163.03890927955644
162.66381360637052
162.9343072466395
162.7459416063616
160.53922374328553
159.35756758400169
156.2639806501707
155.35605547081795
154.3318597415627
154.33192850460745
153.47417117592747
152.5012207531835
152.74986778295622
152.19206179206705
151.71028557765635
152.80688156894942
153.15140618509074
154.16938686651332
153.97343633566703
154.97356685703238
155.1838841707829
156.1679539476105
156.77571196469253
157.73827156510808
157.79403367273258
158.0328849436044
157.76961839018895
158.25964197060904
157.29619496549412
156.54476141435097
155.75674317752782
155.1165088078156
154.04501757579396
153.1635113583417
152.29319004978808
150.26296626596292
149.64939191758697
149.6201885271022
149.64349695204993
151.95910491476803
156.64500269364683
160.97295465946397
163.53924063256554
167.85152267846343
171.55808861435239
176.1624269877501
183.44781335719176
188.5733290828821
192.9701976983519
193.7393699235953
194.47345283329787
188.78383959646598
180.00584107841362
167.60140649176384
159.39279279647823
149.92584103818018
133.21773316119624
119.2796158713869
108.59700466028262
110.54029688318842
113.68258729458039
113.24592124176264
114.26759956297562
113.59996172104815
114.04396076047878
114.08839049044828
114.64108627265942
114.24358611701577
115.28719936725561
114.83863787961734
113.91029671458065
114.68886793008753
113.98556709162017
112.96880205730035
113.52612582762933
112.43338176794695
111.46909780197049
109.16828951527967
107.79606198052096
106.20187288986615
104.03255583744055
100.023572860885
97.62723046119737
98.3567490850048
96.79378338973208
97.06387079835348
97.09418502051047
96.55725340552962
96.58511779626211
96.61766604267837
96.04319820527253
96.41233400483293
96.41565217987653
97.69205932895565
96.41615451229822
95.7942498757264
96.09298470970897
95.89855067049338
95.08710422248392
93.78846386455753
93.1324154447281
91.91506605797775
89.86344209171749
87.32260887927055
84.63929060878759
84.19264931568061
82.70800346478192
81.34564938978407
79.73592615038271
79.50314974295567
78.39896524916821
78.18412105316808
76.35132412233867
76.06849736788185
74.56318755099798
73.25326640320934
71.1325193162473
69.48488206973555
67.89450479112675
65.54184661902637
64.46123028022653
64.12591748177412
63.80818318442656
64.2722527823918
64.19489284861388
63.75966852839012
63.805315103637895
