6
10
d
129.53934165998643
129.16168676439625
129.25557323450516
129.49667822111044
129.57675557415467
129.29378571991873
129.42725055559
128.9878833766248
125.21879554821813
119.28755206494073
111.40467413644085
105.05034025783038
99.67569407991692
91.62578095512471
84.98844895497041
74.73568007474506
67.24333213427983
62.11046260923897
60.352885075416005
61.15008122197844
61.44931034287646
65.9000916349446
69.53221552183466
72.50615915937676
76.06618771884486
76.66032763052483
77.53756200113662
78.97779432341699
80.00146776092636
80.31948717147216
80.56095976042685
80.2506399205662
81.21714974561225
80.91951021854534
81.7043567869548
82.05549025863087
81.01586520104149
82.01302666666965
82.17853391275173
83.42751202331033
83.66537726845438
84.1677553932238
84.7096152192878
84.4527555590173
85.41657700383819
84.19548835401403
84.51762583333515
84.39384602200143
84.5017285587734
84.05667649737757
84.35675268275047
83.92422108769057
83.73458500548107
83.9908203844695
83.94777961451764
83.1103813212726
84.88707694744156
83.70646486618122
83.58571992027775
83.49943863235
83.1562285287421
83.212064197081
83.01410859891065
83.27384281516862
83.03803365824966
81.99132924289324
82.56176365881481
81.45162101710083
83.18221952515009
85.64360459997764
88.93009771391418
90.78593103577201
94.29648581498742
98.73052134319096
102.6309841419834
105.31594223047867
107.37559921553542
106.57885668544967
106.74103872058551
106.68252736444578
106.584555274139
106.59823656251886
106.9174330022129
107.57021487495864
107.05535105980692
106.61963286933472
107.08464648598151
106.63080200514055
107.16670782565409
108.04932162404606
108.00904088117741
108.35694822402333
110.59950529928385
110.32597602942577
118.41908929405967
124.82541032473432
134.0513583949233
139.6973450698151
145.79998633654426
154.89543656999132
162.50483439534148
167.02915029001088
168.25784835815944
168.19345707768863
166.76293779884452
165.931905114753
163.62907544226354
160.9215732771441
160.01248910198373
160.57804062656368
159.01972358820683
160.06500255866712
161.58318102348318
161.71100290884655
161.67691562978015
160.89757903767233
159.65034463991555
157.8721327124919
154.81913533354208
153.33810541631496
151.50396158952816
149.85186164901276
146.88823563059225
144.48792533836155
141.3886338676029
140.00950453631913
138.88773733141088
140.3406564161865
140.8416782795055
140.83493260189243
141.7905614523398
141.81153332713836
142.97150746058483
142.05440926287295
142.3990193845329
141.6283489195449
141.336548626902
140.8756008006643
140.08231896200607
140.16408714153178
142.64077182528953
145.7961225864404
148.9562071206742
152.46929706000478
155.08602431844582
158.34905519405626
161.51354530531935
167.68873357812075
169.91342240258354
173.75041423688305
175.43547944086876
173.57919981005247
172.64700536600688
169.20685440143833
164.8255198129996
161.77397273916273
157.62637606250215
155.60575891186892
151.45002031112418
147.71242122542552
143.92447021088606
141.83299463544327
140.5636174759885
141.2546438181627
142.97431161005778
146.13942143798303
150.97542236106568
154.94586206950683
159.91497200566877
161.64910513451196
164.97322964850534
167.17156911158202
170.48305381214445
172.2719188959068
173.9242216709672
174.77104691518687
176.51508655954117
179.87848991647897
181.6423252974428
183.88246585804814
187.1859678323175
189.85053989579222
194.15881214063117
198.87997475892354
204.48287859765787
206.6266426689286
206.5635140063513
207.80021069471061
206.6876025700045
204.40353975102042
202.0957613188412
200.15908091153617
197.05965687411805
195.7385846530516
195.27982445571598
192.34861427067986
191.48215029483939
189.38626523061882
190.0251291760102
189.65677276651274
191.8537389917411
194.40868844993776
197.03370678815443
200.13130772927556
204.42508163108923
206.19039017157274
210.0112939346899
212.99739079119757
216.10505540914102
217.45552677994198
218.20718296339325
218.48633825729323
217.69986143763026
216.23688935329088
213.85550808656683
213.97065608361623
212.77660666025488
211.31045686739782
211.01512231001902
211.9176386739871
212.23990040936948
211.42353516320335
210.44834207402462
209.48014654801025
209.6373330822503
208.12722679802758
205.36228974056013
200.68468763126367
196.70889867159826
192.77079285561993
190.4064579879586
184.99041375924736
183.26955528385568
181.81501203143435
182.16325506230925
182.11623282580223
181.58305488664558
180.65758601272987
180.68047423033772
180.51188047086902
180.95961120290477
179.21597422432177
178.83012632074335
177.73463863276973
177.1835388543525
176.57701373726377
175.85288951028662
175.46073066540902
173.95892551776618
173.94241316736748
173.7221157098892
172.35667757470586
172.1238411106816
171.0758856469099
170.2323080609896
169.01454105266868
168.16632555523333
166.93037753753043
166.78298678858647
166.34096115880413
167.48581153381738
167.1270735932411
167.94805272585361
167.13130643951246
168.66045815410286
168.3062485952037
168.28636456729305
169.12323000187516
169.72659942723476
169.5640498771149
170.96836686019816
171.0280699862896
168.10673707679936
166.74883531124988
161.9903380435832
159.00755728810617
155.9167677876547
152.37084363640875
148.85715039176236
145.469371596386
141.76453512643914
140.52730315545423
139.95846287483167
140.00973348785067
139.2970180699284
139.70106040044223
140.02507019545766
140.10706800435722
