0
10
a
78.53880342519139
79.13422862178456
78.7722360029335
79.06291234859502
78.05883574443429
78.8460104533832
78.54580121282093
79.56377015004077
74.49392369800081
71.39343496062207
65.09263645034486
61.334232762245065
55.65136423284067
46.50025753679715
39.902187880988365
31.80550609195358
32.76668609614104
31.098381408243473
29.972383459193498
31.20554034770256
31.248834877858215
30.531849951931157
30.929900308595094
31.16509408346868
31.168585212037662
29.88131674064538
29.068477912312108
27.789751206011164
26.283288048126696
27.039036328140316
26.845720427622794
26.093846047932676
26.058670399689287
26.73945694830077
26.98756200466324
27.482653957966683
27.483029761009952
27.776761904533377
28.135891476012613
28.01289387796112
29.132798423861015
30.314228328710705
30.143421503193814
30.18606742050082
27.90540641327486
26.634374746367197
23.554703922476243
21.064104991786987
17.090117268345644
17.155800952950898
14.937023000554657
10.962402661340388
8.008667978591909
5.189435701982822
4.620489802426256
5.194816005295107
8.135860256555357
9.81814451847569
14.058942419692718
16.23836082265775
22.044465133861195
23.278248519553994
25.25556872527101
30.108312790315175
32.40066230707688
34.333537140829705
35.4592128884231
35.059756132986145
33.967074039768654
33.52826393020848
31.889972948710774
30.909331329786866
29.534918038193346
28.63148049100725
28.78405551171413
27.235308128935824
26.00097635263719
26.995248290650224
26.585076835432698
25.792170015432358
26.695075878860983
27.006545267074983
28.55708537791925
30.789616621616062
31.000143776017943
32.00225455993379
32.724688701807004
32.656839433302224
33.94516801749409
34.376195257695606
33.97242937446333
35.003608230607924
35.205251003296134
37.080774181828616
39.34529695563888
41.7456567414168
43.58678197434275
46.14533351213275
47.45845855739233
50.71906570348797
52.967099578373585
54.67658658669708
55.98701111069222
55.59680355065266
55.1191952744365
53.02718611623962
51.01612193588918
49.71501646364852
48.18470296833514
46.931163145872006
46.045674272458776
45.8908144158014
44.5955574970707
43.79024343644125
43.43529562983999
43.188139448193546
44.22449503394648
44.44161570389845
45.07775865157236
45.28455886928474
46.816257524628234
47.72160364513877
46.69533013929703
46.8745462787341
46.51682379803392
46.72627554253559
47.36252392383446
47.200454872117206
48.77688817406535
49.95227766993218
53.62245857688452
56.910999004106664
62.525756686755884
66.19802775770783
69.60863133492306
73.91713232698915
77.83049998860442
78.8302669648993
77.90200277921592
78.98914074422856
80.06809401896626
80.27955606764942
81.37718424280298
82.98317176713148
82.98303882961783
83.59339385120099
84.24787112551778
84.5433915307184
85.39546398843315
86.27181678811272
88.27798368683942
88.467094718977
92.2612001687485
96.32154891633748
106.15344268832509
113.49350245030409
122.35835643933208
131.50923141533573
139.12667167388017
151.8401072129201
161.39391867582583
169.77765914646574
171.05103189036186
170.02590855566729
166.50781185164746
160.82077066258879
150.446463194738
142.5145984435856
134.81054213322216
123.98458665356411
115.06062532154432
109.54705508471325
108.96017455028164
110.83470795278342
111.04092642848008
112.17388073996551
111.50805773325773
112.40037339828736
111.63884882261762
111.50552160182357
112.40878224204748
111.1913192840531
109.63719489036217
109.59790517548296
107.88298725583068
107.21014574091699
106.36888083752372
105.81371344790936
108.58421473406504
113.62809114681262
118.06999794172859
122.63965598820313
127.6602875314357
131.98545356157135
134.92633276807965
139.24825323806465
142.51771397836413
146.98565167993704
147.66237672741144
148.43418124225494
150.47455566577997
153.114209838572
155.36488875928643
156.9327097325141
160.61045141342186
165.08984151733708
169.7950632094881
175.37839326512173
182.03441996047195
185.63244177085753
186.364122570101
186.80666028308505
182.20577492384723
174.95811700321397
163.60187982206696
156.45659445239735
146.60205262953386
138.61247642893576
132.57567183319887
124.50504957406226
118.16700520133722
113.05048412427396
112.02183181349406
110.72701474415344
107.9651693317848
105.6715284389383
103.307559835271
101.2933739973642
98.46054264741598
93.57276437276644
89.58571936722103
81.9889861856125
77.25177474414609
72.47172622909369
71.78906544201963
72.5581274787062
73.12633310190378
75.0698544274874
76.29020220260242
79.03455834401478
80.65696351942486
81.5653435807235
82.26312534589093
82.8925798455766
83.68517846066841
84.57708337052281
85.91283459920528
84.80779960831582
83.70606851107267
81.91563626107227
78.32450890979693
76.77519821358625
74.40477953683282
71.90524543177774
70.02048788503494
67.63519285961999
65.12755529349427
63.82879866858134
64.42466116510144
63.80612385653561
63.45226594358464
61.91820949235385
61.34143421350557
61.97060556171229
60.83347637223604
58.6592565024267
57.46668453675899
54.96533502505923
53.642982351908394
52.51875271813687
50.89838113910603
51.69394625922746
53.17743141466416
55.148932780988375
58.454299996584794
61.18193656413459
63.70692620108299
65.8720983229027
67.70542698339838
71.68245059232724
71.13207169246063
73.06499528923212
74.66600003704394
74.8784994440177
75.02196248190695
74.58186862850421
73.88490514454128
74.88396485768546
