4
10
d
178.32817076124994
177.77572027748928
176.577355969261
177.94719660401495
177.7225654583562
177.24061638866843
178.0406736041835
176.3219058273804
171.2867896429748
164.19793713806558
152.34148028015917
144.9735567159804
135.57808808455258
124.14205769569462
116.01589887313389
101.99008682919943
93.29010758706171
84.82647352233501
83.96647401457872
84.1147402762602
86.16460474202437
89.44310509536848
94.38125972824785
98.37509033401544
103.77138158023361
105.13482210290427
106.81533179975503
108.01529981313335
109.93479244349757
109.07876162574702
110.3671105966063
109.68937972299041
111.00716254946174
111.21792092953386
111.48007065773896
111.73431850533679
113.29571333162022
113.14629907689604
112.95325912397789
114.52344998463141
114.70927273146894
115.2267367394899
115.95450268995377
115.44697859743603
115.40827055797092
116.03773282258967
115.04359815838343
116.06981990077104
114.34215391133657
115.31546792303678
115.03242748063032
114.43811774818889
115.39227817511329
115.29463058369686
115.10605633494718
114.88332212331558
114.2927278723639
115.27558923206595
114.87012215182254
114.4447676619723
115.16830206532566
114.19453122966252
114.37275426172694
113.73566311067952
113.5304846915178
113.16885433238471
112.69521821469398
111.87013554574024
114.7916390880332
117.59590522371546
121.95416575548596
126.06282617194528
129.84515218459077
135.09270206371966
139.4175256703719
145.50480858371247
145.42653513225034
145.47718277290522
145.25347160343475
145.75798030578676
146.57090807273747
146.68366609847453
146.25238440028033
146.52781310136385
146.21260600658474
145.97592451176467
147.2816242678875
146.89034249781014
146.87599970617066
147.02613078219082
147.64796038255673
148.09008599157923
149.50998328298752
151.6627331334654
161.21683608451136
171.54326613953597
184.72282642167806
192.2931953180396
200.91595816135117
213.51049874013208
222.17724585814304
228.73480379714266
231.16701730423512
230.25878309934075
229.527443021419
227.24578122128761
224.01542356666312
221.78633654438585
218.50455066262074
219.31468109339852
219.42364982078166
220.1044356154151
220.61760789598944
220.8579756046109
220.9745856562361
221.0696418008652
219.19033418804807
216.43378157245704
212.91105662243697
210.56042280929518
207.2691750932589
204.55665002836028
201.68796953313995
196.66600400009952
194.13827990482744
192.068936687745
192.32545548215163
191.52480445108722
192.28603656510631
192.84948237506975
192.51906029636663
194.91252957892948
196.10538286045275
195.17066056742473
194.9319826552798
193.33971663462313
193.43702500244032
192.89226050480173
192.0186770764751
191.75550380576246
195.19843931674836
198.6978131164715
203.3338117037944
208.12746999791213
213.31296155568842
217.72704361536702
222.18686504064362
228.0982530259633
233.795757665276
238.26048079649408
239.1310504237427
238.74656679123746
236.767724426935
231.88554609370718
224.81041475306742
220.84641139427384
215.05152419725587
211.90901947529449
208.26598619224845
201.7513779888104
197.76391433481646
193.26602707274859
193.03670140768497
193.3590078226148
195.90888589704792
200.94975464936508
206.659551755157
212.82951649413695
217.8631538443641
222.92340076395413
226.03025160762948
229.19682416844128
233.4608254633425
236.75982687623323
236.73642648386692
240.16234253791964
242.35501052989488
244.89610351270912
248.76868042752437
252.10012539759083
255.5110695655804
261.44439251154876
266.21984040216995
273.7904968446667
278.8787712433946
283.30658045424286
284.81106061229826
284.7264042195589
282.0363881116019
279.08633891343953
277.0594813699444
273.0980755950514
270.78863929446067
268.87304724308865
266.52319554432137
263.8271626106154
261.9457849687736
259.5510613594595
260.00367273761077
259.84162860891934
262.4505827480781
266.1163888599446
270.5166077904536
274.4326314326538
279.8654384195155
282.07856736983456
286.6257311071993
290.9726548420233
294.85143163988556
298.5464067632266
298.39610709242123
298.2342671119887
297.6149810021668
295.9654025846074
294.01592432744906
291.86908656756583
290.198633704847
291.36823017777056
287.8612205482742
289.68173590893804
289.9975235578761
289.3891173679383
288.3874806293071
288.84816498405206
286.4013582869893
285.1716879263496
279.48910870811864
275.44339843410694
269.59086433976324
264.46809403288967
260.07110340173676
253.71971374120812
251.35487045430423
251.3063717573505
248.74033002060511
247.74422936980622
249.6109387802309
248.67360116305113
248.3657823629086
248.4381938693445
247.39604835007478
246.5083787435188
245.59040048996275
243.04023155305103
242.39584749935645
240.85730231268988
240.30604901956136
239.29892337679246
239.56296785855344
238.48605848016206
237.56435786092567
237.21824918555222
235.77982502967467
234.56832438077723
232.5494610132184
231.09878506326652
230.29294377558043
228.23859161313524
228.65792329211968
227.4446675508043
228.94777678153105
228.99479023627333
229.39735790762
229.59211396342815
229.1649569230547
230.32317095526938
230.4185838808339
230.31566011136275
231.61531009387517
234.07739710978572
233.6986580629521
232.8771085377375
230.45875823687936
227.40311153714407
221.09893906956214
216.64788275666868
212.50896280984512
208.09185943668945
204.86752856130957
198.94376922863194
195.03474377132912
191.56904757984765
190.77805213454258
191.05638873588532
191.37053297092854
190.85771308315614
191.26724215568905
191.27700490739073
