10
11
a
107.99684420756934
107.57097388329694
107.74965556780465
107.45655277876031
107.98189386960863
107.96374288128189
107.6904566121245
107.2938282277694
104.39985890749887
99.19786499117663
90.9269928548851
86.34708660564895
79.49812668987039
73.66540073231819
67.16164533004371
57.52913207406737
50.55082781840981
45.37550441319213
44.51987992826168
44.92984308469378
45.8180849364042
49.269808120891604
50.242508278071206
53.301053465539006
56.08343245522339
56.54815854089905
56.14715325673621
56.192180701083466
55.939609631765116
58.57454742054389
57.28300339875239
58.91096630168115
58.78775143393389
59.25264128365108
59.65512140057054
60.35329101382095
60.48280721733263
62.92047844633049
63.793446024636474
64.06532377884947
65.44160683513867
66.18990321846266
65.93890105640165
66.5880825821978
65.61851861055598
64.90464380871887
64.05691389045107
63.805073954050584
62.045914826214315
62.602450482833085
62.72299778060119
61.43976683074192
61.87395929492435
61.08136828937525
61.286472932240265
61.04427337818044
60.78003736721667
59.827758624199035
59.81301802331369
59.80150161657396
59.678319015299216
58.26159109256353
57.661568444880395
56.46965766462507
55.04017873331019
53.94961006668278
52.8261499298254
52.786234542933116
56.18755451018797
60.999441645128485
66.43778022155611
71.15184356920679
75.0243408933152
79.52871501168164
82.48516962259053
85.4303904671826
90.11957999576634
92.42166197358017
94.7352563490459
96.24837680757783
100.90792952346627
104.3664749596378
110.12852360383627
113.47527461808467
119.409246047168
124.31260760123654
131.03775254368642
140.1272692816146
148.10157108266375
151.72014818256747
153.1401322025898
152.9841660550937
151.52811486961855
149.63025210692356
147.0039180799421
143.8014013772591
142.6661612021174
142.3285275893713
141.97922982187225
141.566533785421
142.4224432026526
141.44789907995408
141.11834290053432
140.725591494426
140.0129902774818
138.61690877843893
133.0251980342124
126.97453917624314
121.02456634894257
115.71664582800184
111.32150661572057
103.74549102483871
98.14636062227463
94.47053195767771
93.63840652201729
93.69068960352739
94.79955497941911
96.27513757699683
99.3003283570951
102.09963122896312
103.97953655787838
105.44803883936945
106.60089433549382
107.42531913416481
108.08685858496668
107.79553382219184
108.68703622277559
107.97979439238118
108.9772919711028
108.92863059573848
110.42548145994407
109.47491692494388
109.93169818583469
109.5406303322999
109.86430796593916
110.2097347344011
109.91527955053138
111.48514991200253
111.12825788446435
110.85858070352133
112.0088486530741
113.47776627263399
116.07577089040939
118.49853684604727
121.30355983450579
124.03498468110335
127.94294152422138
131.2979110575455
134.72875235325844
136.8238353413807
136.1702969033512
136.99201361190626
136.4111447560365
136.2574788380701
135.0093486200707
133.12159785159258
132.84119321805343
133.32332704178972
132.50708720454102
131.3054482355832
131.48731867337128
130.23950991061434
129.9762986266317
130.01323877553864
131.95028832630143
136.29580781475784
141.67838847496256
145.20014177484882
148.96506830902018
153.05751404264083
157.71863257892002
163.46140341377134
167.97419044000983
170.42253002465554
171.61501823351784
171.86608171112127
170.1578766060311
168.88819877540075
167.60229674663856
166.08228127487618
164.72986085592962
163.58287913226758
163.11956209019908
163.3334214096572
162.02536073107476
162.607546353537
161.04689929435753
162.44241911700956
161.27918935765368
161.12511623886562
159.86810368910292
158.88607829882142
158.740897956826
158.1386283636602
157.34815507703186
156.16111058809304
155.67513878347475
155.1367560496261
154.45879060178117
154.40370737244695
153.26332172059114
151.93798979608746
149.7441848630406
147.97311747960057
146.22914835204406
143.67982011351378
140.6126202124137
136.21527319834314
133.88244132639576
131.3659238685171
130.00441742402163
129.93882620788816
133.24800794729072
137.40148636358893
143.7569906482514
147.1787592908525
153.57245043253917
157.0970366981835
161.08559280458704
167.2957907320509
172.3800063161949
176.89349818687626
176.27169888858427
176.20922293897445
175.19033831389382
172.34353819513316
165.00291888516873
161.77452505173576
157.9460086786383
155.61353712536442
152.85442459318807
150.7949756010497
148.39927755263284
147.27375399894086
145.99979737390305
146.09261374537707
144.31042415644475
142.8435727213874
141.25209161078706
139.6674792357499
138.72955671545319
136.39583542259663
132.3140395679551
131.70444337690347
129.22266585847143
128.12709626375008
127.41196660432593
127.73349789150457
126.69932212312268
125.39921026826512
126.12515029105748
124.13796535098803
125.05351597309057
122.91560650428403
120.45881272504079
118.26685148341544
116.27715040542341
115.57534781864798
115.12729506273162
114.36129399245108
116.4304571728011
119.44419380419184
123.85919543626275
126.3662660068638
129.15560074015926
132.61136402261025
135.5408122748975
140.14098372054517
144.70157934283253
145.77905997842853
145.92056229384772
147.36365631899972
143.39383859493384
141.05265731245956
135.28384784883173
130.6527499158519
125.38718421382697
122.14258141536932
118.8184046997503
114.3656737158948
110.51136837412211
108.85213466198023
107.12066556683119
108.3553024051089
107.56165410340368
108.57584659845371
108.32924765761024
108.38171209540799
