6
4
a
68.69326110412437
69.07904977939997
69.28357078905118
69.3834710941382
69.78394708069642
68.57605597000702
68.99027265876651
69.14166661055866
66.03892882253218
63.01042985728849
57.595023199270905
53.33578932248173
48.06266321206826
40.30739418643587
34.18288707729763
27.786737476612526
27.36791717124297
28.66519748665797
27.382684771918285
28.39098990985738
27.865942018588193
27.74242019115588
27.75968459431872
26.775231927246445
27.52798058037902
27.65137224607616
26.12247457737708
25.073150772607924
24.36884449101037
23.201073640695963
23.39277020105503
22.755552749048373
23.32278574987042
23.908965739821383
23.71696605844243
24.11930678368886
24.650445156738385
24.297801706384575
23.846095800466596
25.34532787900938
24.925390877170283
25.895107530919795
24.90482521886366
25.365711721488694
24.461398698955154
22.745309894034886
21.406728280222435
19.171722726974515
17.488470360005966
13.743507696747868
13.186594998933135
9.799402343145303
6.314269519730845
5.195617003490895
4.547577809746765
4.090306365841578
6.296584499516747
10.097666245494763
12.63809124909636
15.177227116892002
19.048305194838036
20.650593198051965
22.685792158719092
25.39108346786424
28.06552758262263
30.23302562981129
30.916910699905056
30.91023761987592
30.980230237821278
28.74348329864873
28.168446264997613
27.514750574413547
26.479156982797285
25.644366570860242
24.771986280793598
24.364162698360964
24.188508660166164
24.12413764983905
23.56743940120145
23.558489025111868
24.698490867661636
24.435145833973618
25.86976465032006
26.39709372647692
28.165601965049973
28.531527217209412
28.601749963697088
28.730466101314597
29.54102216758062
29.42737581885185
30.207056324309093
30.190470790093574
32.23371023510264
33.87212075290216
35.404514006086444
36.14038951274915
38.82153514655769
40.75055206978318
41.56077404761855
45.120306614648506
47.324938360250364
48.27292141334025
49.451995095796676
48.7777610512518
48.28176257115597
47.43367373393629
45.719052050349376
44.92449305750896
42.38068261743876
41.87153175314013
41.78675703637716
40.01454148895667
39.05420696899582
37.63189171846594
37.9893498998395
39.288668474126965
39.03647658624193
39.02344832425271
39.32240305580067
40.45495746906011
41.22487813142682
40.2955432942171
40.75116428881503
41.477361268325105
41.304321949308545
41.39145352721512
40.96948836058547
42.44952664386258
43.008009116480736
43.98379009245045
48.15465590407705
50.47618511318869
54.55629833655371
58.87325563029672
60.59432064330486
64.65541424142009
67.2345973685355
69.31697477354115
69.07833442064089
70.59521104918306
71.26265540768352
70.45681316474817
71.41373669511573
71.94116972383215
72.66063154066799
74.27378007150143
73.38718376947294
74.36410681420011
75.66906708828412
75.99995368224906
77.5582743952007
78.07896930799242
81.22423848902173
85.6538601953302
93.85236642673098
100.65009296964983
107.51588744570752
116.13155695940303
123.36690256626714
133.05643698831966
143.88207618851203
150.13349103099392
150.93788628665527
151.79374892530143
147.05924727703166
141.21830841495492
132.84710068187138
125.85996597791457
120.23580511820956
110.4405397421246
102.7019653584801
96.24188818195232
97.06801304980893
98.72060560478776
98.41161781502262
99.69161172369091
98.81234672296496
99.1765158572881
98.94188813493801
99.09949220959344
99.77144082918616
97.92395006635662
97.91956305306317
97.3406419767258
94.77267952448383
94.58337080783805
93.87581157437553
93.92077162624544
96.6578111175481
100.88609516549813
104.74067666276245
108.078100753
112.85040856527348
116.77582500586891
119.81424492579922
123.47201449860157
126.62066406645941
129.1280880744879
130.03142692947713
131.6603102302258
133.62736875179598
135.0584916316397
138.36048236208677
140.09943917516193
142.1622117825145
146.13411729130814
149.5732344525502
155.47475730874126
160.68926834015718
164.3884555884691
165.4566795773241
165.90782304099218
161.20581110056185
154.81221680619456
144.5964506082504
139.04734610128193
129.96494445984146
122.03313145389814
117.10060519561637
110.59946359673629
104.18302572431423
100.40209675423189
100.00984704031457
97.57820030608579
95.55545804276876
93.28081376742063
90.83838444339553
89.19794202537243
87.60712970659127
83.27804965762562
78.12872005785545
72.59414913505172
68.51708000010129
64.65837359557236
63.35116215266699
64.61504254541151
64.87103565415043
66.22123545526743
68.17503478161171
70.37510199111412
71.3679424420097
72.27127580957792
72.40377989900676
73.19287889868873
74.6324027635889
75.49053981129492
75.13655150130036
75.67252040200434
74.0938603214277
72.97033387777144
70.42711121421377
68.73820839001638
65.4137878004445
63.07142350607867
61.62401893710955
59.184150890727615
57.29619267935783
57.518632390001315
56.06452460447116
57.11563644452306
54.49991638171669
53.8671966734065
54.621327375251674
54.18196844132847
53.65208988249166
53.124404872896086
50.67661956904949
48.36306041047534
47.721865875664676
44.795409608565876
45.03094909298091
45.81978706739355
47.41489913653781
49.65061881180131
52.29446185946503
53.7875352330789
56.27353815819052
57.40534448079226
61.02876741259417
62.48615470422712
63.29226932755189
66.13909547406813
65.45269121563507
65.23803470104335
65.81727351501559
66.08811447830234
66.53800222224238
66.53079503749018
