0
9
a
65.54235713703928
65.05014965336078
65.38178843603917
65.84099681347465
66.35452483734433
65.51671611932144
65.30585523048603
64.89213953065163
62.99273041213148
58.21445992277476
53.325985453769704
49.0704036356205
44.49643611090881
36.33189529963485
30.570481457544563
24.416960515522213
23.169938941241508
23.055103426880887
23.21137721544983
21.610383371005987
21.081845486645243
20.674773858097456
22.61399352896049
21.322503571642887
21.040872057639618
20.132474973219445
19.10619308070387
16.840403019862674
15.668583146923368
14.791783642349301
15.578563544542485
15.195743504645371
15.395147593159773
16.015715826837564
18.339955735207855
18.246171261877468
18.848337153847076
18.937791442563466
19.181390033966018
20.0512558523113
19.5504537889224
20.18403862088391
19.846441348075338
20.99820534703098
21.222488717045795
22.132866870633503
24.825738021833214
26.327852153624715
27.166209869854065
28.8882206033896
29.088996121203774
28.91178761459977
30.145621667464823
31.737405842126005
32.500592516841046
33.82018788357498
36.060118716330294
39.31673792183181
43.023758996420504
46.01981864364183
50.473486643895306
55.972063885228984
60.663768525207146
65.5325357124869
68.51020796608462
70.34662431258425
70.27656912096936
70.68602685707819
71.25464207952245
72.56786244801177
72.16194983706865
73.57540342474448
72.9091659188696
75.25376337363598
75.4994849161968
76.37409481647877
76.73696221957563
78.53809088952316
78.9432999977121
80.15468351553187
82.29203607771332
85.47806222158141
89.23837956757264
92.3207707831764
96.2502357608875
104.37197709054819
110.83724929402017
116.62451949046248
115.33094049052464
115.6541865485257
115.77324089477646
115.76907241739038
115.6142220022687
115.43719956911862
115.94373095789834
115.90202200459439
115.65688076055277
115.28225786137462
116.44386573112766
115.32718048617764
116.42916306895295
117.92940933233741
118.04634875564692
117.0256954198286
118.34361100783747
120.03629411779647
121.5951320768514
124.07176761919887
126.6667838924232
128.74027457265342
130.33416060610185
133.87105585313967
137.0063333585777
137.46327135654997
136.64569789946012
137.44340858445997
136.93842606564235
136.5998294178633
133.70255240946017
133.14610883914398
132.2468478820453
131.12965853872913
131.20875124829772
130.57159514968674
131.28139693599172
130.52668624460986
130.60527353891652
129.99573182380644
129.0476551491393
128.81750090519185
128.0326412809319
125.70419575521471
125.6152939800527
124.76854263098495
123.76469259545144
121.23010983280257
119.69472009744962
119.54051573439348
117.34699603832902
117.96956485999279
119.17624647407256
122.72432642644885
126.4285159999079
129.10667054509656
133.30527843803895
134.2856847827868
137.67114654919735
138.21941000681917
140.2710134889305
140.76378152883447
142.11778230766106
143.69175014522747
146.4390165338874
150.70473511842889
154.03359776506127
157.4895950470666
163.13982867575888
166.62636052201591
171.08912241998132
178.5835567935652
182.6449867007156
185.83759096110853
187.37987853561458
187.06473466734286
186.14724190479114
184.60158772114832
182.31161052476057
180.15346634946042
178.0767733777389
177.86543260406026
177.119333285193
175.6995612915138
175.64110860755883
175.30778093045993
176.44555241832606
175.23956412249137
176.92672318589246
175.8974141413597
176.56827712421637
178.18267023781357
178.9636751987714
179.31883611813643
178.6601590452579
179.8734034390229
180.6376844235445
181.73288987839763
181.30072266753973
181.42012926397078
181.38074804228788
180.65067478646426
179.61338741975857
179.31716399997757
178.3269826213762
178.39696366471068
177.2748634373436
175.21436498946494
173.9278918301281
173.064889802754
171.52552198846575
172.55003112577901
174.47804614054277
179.15402640850496
184.61428819596875
188.46901293989202
193.66442003082489
197.93105101675246
202.83843683373647
210.73446214380675
216.41821691737528
221.8849461571407
223.15761845012585
223.52952197936023
216.19917843949545
207.17682645565552
193.88323518082865
183.82065844259898
172.88414110731696
152.39520207592395
137.29536128237314
125.60449139127013
127.9871305030526
129.69551177814378
130.43159792267934
130.50164530200124
131.26803034114607
131.26088652153032
130.621848793621
131.08696615937575
131.10183631559514
131.1730963215295
131.39237782692413
131.45949949185882
131.03606650968766
131.25185111533366
130.76111598653333
129.97769096683098
129.1578763499246
128.01679138717444
125.76211589689088
124.32571194846226
121.63019325785501
118.7335453385497
115.67549665121938
112.75817033686275
113.20105042759774
112.40106859776178
111.17631415306909
112.28725792108592
111.09101870925139
111.20793567217825
111.34983359768937
111.60966910350268
111.62857819697727
110.84265188281168
110.85938849042148
109.70073029532944
110.43806171545877
109.43987845035986
110.44261782231398
109.9812312759749
108.81320301066881
107.38742654329687
104.35494518142599
103.0848870038118
100.61341120833498
98.39481746000378
97.6446990995338
95.68972782094502
94.05200935131205
91.44813968177449
90.862371928978
89.3305873296823
89.98873763029933
87.88753475530358
86.0875413370815
85.50458667345683
83.64820635104512
81.99365154547003
79.59337383820043
77.22441736289193
76.0173928496393
74.14300096107944
73.45315508131739
74.01951295304836
74.22287512116866
74.55050308419449
72.54072111094732
74.38835210702894
