3
9
c
97.3828158481171
96.79586449959164
96.8780370539111
97.8404328313691
98.00603340888793
96.8992682968882
97.2570710815368
96.9099678867517
92.37380157487135
87.40348931690531
79.41721692437753
73.88349562173161
66.578045899119
54.59911405597872
46.32307069921363
34.63062846159121
34.78856662950893
34.26309107829062
32.25175699930713
32.728556255548376
32.207305151957456
31.99646819615743
31.60090029505238
31.54367869770328
30.73201920823486
30.14711861761659
29.035336427782852
24.871496445803174
23.939228345068052
22.233271153885454
22.50917891742137
22.55365785496253
21.8333737197713
23.53193509451426
26.403477159973427
26.453204486701928
28.786940937977864
28.60743836154061
29.381039978382873
29.303616127738167
29.64207514549709
30.364267270510958
30.991344820060895
31.64181574873695
32.767613264401795
34.07493783088723
36.24654663499463
38.21000532164682
40.79667864212969
42.01421631267819
43.389100844524165
43.781178987376975
46.52268896531765
48.016830795615384
49.01664922475253
49.97979322970915
53.52298433980898
57.53683740509642
63.829649273623474
68.82348034599572
75.1327057226652
83.81564230113659
88.6984209629496
97.97428587859137
101.69973018034695
104.07078749932366
105.4783309685389
105.7087300857815
106.63869829127131
107.29241415629453
106.84941566742792
108.38445066116611
109.68776405272783
111.01573574239826
112.33993676498137
113.30295414258957
115.10946608861991
116.20227195189266
118.22694624263067
118.96435535745616
122.5237304879571
126.17931768449836
133.03095284085236
137.5388033878902
144.59632996128175
155.21142081480377
164.1423698870145
173.09872959013796
173.6284437386059
171.69904599779176
172.04848554575747
171.91853669515777
171.76437666168385
171.39036731170748
171.74142144368338
171.76543313004277
172.3017789942763
171.92151620669583
172.26098240008207
172.4637926537229
172.91052936413976
173.4848941821739
173.81084368265968
175.62766135224186
176.3063221535248
177.6843072487903
181.21915376245212
183.34887558392845
187.76586944165285
190.88708906906086
194.29749759935507
198.3150256573042
201.39857266842935
203.83992652582734
204.20129673880092
204.50869274762906
203.7736017922224
202.6726693044749
201.23236253160985
197.67138568911008
197.47623310585786
195.3827673604473
195.651746803003
195.36763999178456
194.29417346153423
194.83623807522133
193.56723858090976
193.55830115530821
192.6629273056578
191.47332781590268
190.0931547964574
188.79938721620562
187.0561085737705
185.24251100525376
184.01982913841098
180.15606156727256
178.8816423084689
176.81783267442344
175.83579257901823
174.94404270127302
178.88093245648432
182.91383300449613
188.7150776728948
192.76719316081105
197.26794165045212
198.64226313781035
202.46297700677707
204.76633266516495
207.993202623891
211.11209238779128
213.12955907559092
214.67639557333982
218.06850544811073
223.63554789648506
229.51248826571552
234.76746480576045
240.60774886643804
248.06701951225918
254.83232786859264
264.93795819709544
272.23298829457093
277.752737616326
279.5003273155771
279.1146871899712
277.37587898041664
275.24315037844616
270.758807328305
268.14184330982727
266.4705634660775
264.94956564000756
264.0807758289857
263.7308533752289
261.1413300829376
260.278454316493
261.096345624812
259.8839189898823
261.8069820219546
261.66452658634887
263.8208829114996
264.19696644653584
265.98239712826575
266.40927778232333
267.9050983772003
268.9939297001497
269.6341357526501
270.46163074291724
270.61652451358475
270.5718077767855
270.2677501426314
268.9885182155338
266.89327433311666
267.0885454982247
266.3245866506629
264.4341247335323
263.1788233338007
260.59598328487175
258.37339146275343
256.98014015780296
255.8163172175512
257.03755758005605
259.8171177272104
267.0597735342197
274.04690050100976
280.1527896912934
287.46432669510403
293.357821295201
301.2677343869043
313.1776860860048
322.9529317321457
330.8819943885975
333.17012758358044
333.14570466531586
322.6254054747779
309.3919583053615
288.41801420426134
273.6348308743635
257.1133321466669
227.48662246117075
204.980737152001
185.46899053455178
190.5135640427085
193.8353537397208
193.79990042571745
194.63819616428677
194.41523205408606
196.30678141983608
195.11072904714263
194.61520962111513
194.7482652467416
196.3501569514751
195.4339010277186
195.58742840837786
195.1515176174567
194.70683384685984
195.55186924199992
193.36445667013197
193.37736026415047
190.82002317043458
188.37995960677523
185.99490229877406
181.1976790616081
176.60365852141226
172.91098685991767
168.4377334102602
167.05248676855715
166.79995770871898
166.14373293308188
167.22108026128154
165.64045273270395
165.7482515978272
165.2640613057597
166.85975585858955
165.34799120780121
165.6535186600267
165.13071481766318
164.2958173325335
164.0673112931201
163.92512221807985
163.53840947632577
162.4987361708522
161.57970447044443
159.5738637450243
155.42820795424996
153.650919010909
150.46552492086184
147.61771901555167
144.64604668504364
141.57253397647082
139.4145069482865
136.4834281258452
134.25617705035876
133.60035502820958
133.3833961736438
130.88645306733872
129.29104044755846
126.84371624067836
125.15667653834413
121.9657482158285
118.95310952735255
115.1494497498491
111.94977173490523
110.01559311912136
108.93894183900485
109.33295263435815
109.87710323895286
109.64116291677725
108.52441959017392
110.05258028706469
