0
9
e
10.177878080473219
10.208530644319636
11.649103222675203
10.176922583538822
10.31169850678683
10.428672397479511
10.847207604530672
10.047462523184546
10.04496047533894
9.01328017868727
7.792230285580102
6.547664973933122
5.004578809184687
4.170917672501544
2.631080174624078
0.0
0.46549370533028506
0.6020397204210226
0.0
0.36574714630134003
0.1444860288498053
2.7987004162845674
7.755950318136363
11.30056246250808
15.684299507699938
20.18021573421075
23.73034071425049
28.306271869141316
33.741166715120826
37.07410341484135
37.64011490523771
38.68739541181856
36.145654117349395
30.547191219223663
25.267189226072283
21.208444042127446
14.272402472475699
11.319312655158202
6.792174069455703
1.6095729144350308
0.0
0.6552857430556565
0.0
0.1083565143388375
0.0
0.5116908489288773
0.0
0.34141522414214076
2.0101838675415578
3.7115912902516786
3.000136196485115
2.4772753122173348
2.882016288016863
3.34966999138289
4.966992391172346
4.848988505297715
6.123866090548782
8.090376708620735
11.782441255910214
15.851497549315445
20.480818715580988
22.47503871776478
24.474177490400745
26.340054414502394
27.240681141600735
30.323879905588196
33.24414808908945
35.52199340334307
41.115769129071886
48.25590737512962
60.9935718077393
70.11808707628529
80.90405324789278
92.20411332329456
105.47346342152522
123.61678232368706
137.94481108767272
149.447069813204
151.35844084809116
151.3499833123742
142.1224421472724
128.86510053944295
109.095927934619
95.56027364545194
78.55636620759097
66.37297482378652
53.477675426810734
36.244020134469686
22.674300919224592
13.231074312252199
10.877566982511276
10.740743672368913
15.602104686029445
20.01419833206964
28.696869566355073
35.72575649750087
42.539692750036345
46.6000951540034
48.56176218974292
53.45970067949359
57.20912625853255
59.28313044714736
60.63875579139888
60.19862612718056
59.80069366124087
58.16996968428092
57.01885967770002
56.41908855515158
54.481439392311984
54.82891662443161
51.40391659968066
48.7171340787065
44.50108264920081
42.37094124392543
39.51085406552831
41.094310993583434
52.37814949014976
68.2999920026304
93.20660879544073
111.02597120310784
130.74397934539715
155.85077503796006
176.54527446688022
202.4553045373192
213.4133939177192
218.03202226412031
220.86447429616436
224.67215910326348
226.47765464430333
228.01958425835838
230.39561281640417
232.40088724532595
234.7933548372324
241.82714582946863
250.37362370046108
262.59528348051083
271.67955673161816
279.16364203177807
281.67068402643315
281.4324309350893
273.39999241049986
262.29323201748963
244.13564033474404
230.5864212108314
217.05743331995313
203.17818842898936
193.41234372054706
178.71422037940167
169.7499925716294
165.01547316703883
162.91034648265963
160.09809564257253
159.62351543579706
157.15973185175014
153.03373341410247
151.45237858306112
149.5252419208695
143.3538662654754
138.30581392822683
131.09496234211207
126.74907367562048
123.36928015093024
120.40915880347795
121.37515661494058
118.81192221502373
116.55106539992332
115.72382003075856
112.91364235105925
110.66454628268433
106.12539513626268
101.76182750919658
94.7906599193676
89.80501197235951
84.42058971018238
83.3731293490747
82.89395583627733
90.08072691964114
99.4126036519794
113.09062909686936
122.27798787412634
133.9249162568235
143.95325532727975
155.15167421508337
172.38099226044537
184.8446743796265
193.30240670231296
197.04888222562545
196.94575600343566
186.48947153015797
170.07667888044034
147.23128438824753
130.35251062115324
110.83222722923095
94.84449392300552
80.5940184250615
56.789147032049506
40.472231545913594
26.685314912635928
22.85747105532946
23.866907225929236
29.410445656122658
40.40505354355653
54.87499395589373
66.61782942687705
78.00047606270095
84.51033380595231
92.33411083063262
104.0459583318516
113.48298649477759
118.3618192604253
120.24849595981665
120.61620313520446
115.9971614797658
109.17222227779632
99.17676192417429
91.57458423724873
83.9236022172612
77.77945058506137
68.26621225897628
57.34889639265686
47.2880850794299
40.614711109262636
36.93263694500401
36.84521753468766
49.73525515667631
68.11940537603085
94.90735573853057
113.23383160448815
135.93970750312613
156.08408352173285
174.50947136210198
203.49601982765378
225.57208189668586
240.20826628824267
243.1094802263823
243.63453482792093
236.72613757120143
226.09714481911453
211.19726570016158
199.95563731641636
187.01560197076398
182.3065414390879
180.5822827242674
175.59775867959254
172.74472587481245
168.1345487333547
165.34134813154145
161.47912679267648
151.35324524553545
140.21330630919581
122.88970628344207
109.07841350508936
93.53547375511963
75.90245015852084
59.465023234349786
35.09909597925017
17.98867561918364
4.458805101283034
0.9395737849460899
1.3635454977955905
4.369282535071224
8.864730215865974
14.876204954328891
20.213146230361986
25.91296758940532
24.250909567340674
25.212212236944563
24.744045209764906
25.74264099569909
24.857178910116836
24.583390258267176
24.84408342044436
24.86093954128765
25.455081851222857
25.79331215099196
27.6902868969745
27.780218388151283
28.985963091517196
28.858008897918914
29.2782769073594
30.584018558204416
30.418735023945413
30.591176978838124
30.762484169591755
30.79439581045055
31.11333072899808
31.007079811592185
30.227505644433602
