3
1
b
82.8832258284334
83.17270444673576
82.65970910364338
82.25479533530223
82.42118339588025
82.28993921708864
82.6478300830084
83.39503876135475
79.86135273487439
76.06074203576352
68.26321062979285
64.37508506853223
58.3859544075904
48.8087052865886
42.141151098343045
34.12793058790988
32.70909820331227
33.54042478864425
33.25337776479565
33.25954469982573
31.812408380531007
33.75823844794105
32.95326686563393
32.55472499707725
32.27421339043393
32.54911188148377
31.47484767532216
29.66201816860501
29.68749888486766
27.97907353157211
28.138633438184023
27.272449426807842
27.677221900387256
27.953936841344696
28.279776741841257
28.094691363580726
29.259271847336425
29.550445262677965
30.04699142421732
30.627967546812144
30.36249785983778
30.526220246690396
30.691306804910326
31.124078722019334
29.379313647748635
27.832055786666555
23.52520801738469
22.881392614405925
20.15510834692952
17.429782419502068
15.505933055310134
12.214560432001816
8.600072192971037
6.088867564461179
5.8497944117486265
5.373438664025724
8.072077337463533
10.68876806266917
16.136288390991034
18.16275424789441
22.192665576511764
23.624490201756316
27.59134366598773
32.49416147647683
34.03358740197334
36.08411167472515
37.20433209752789
37.16604648415078
36.48781070746145
34.728502547355205
33.425837147237324
32.24674144438211
31.57555242192642
30.469314781368926
30.763836068781135
28.944843734152162
28.249020189062474
28.90096528188789
28.023510307705386
27.63621402211837
28.019311376434295
29.222346034533984
30.904775707927506
31.734353784328977
32.97909759800555
34.01775633873931
34.9462517963787
34.514403781211165
34.32311046514922
35.14071504947945
35.399865235014296
37.156805155356096
38.005323250718256
39.09307892283444
42.20571104366599
42.98622063865883
45.8088677260039
47.679522161236164
50.16962830364812
53.17111244981164
56.147081937605854
58.92743828207839
58.74238528644337
58.46024970561508
57.55036970526562
57.15282881285473
54.56745873543714
53.54301590110851
52.1555754662047
49.848490868764664
48.74729255130558
47.872152182011526
46.43663162232435
45.61339249606076
46.576059790907664
46.009717846046186
45.92494060531208
47.56890080168927
47.739591904685895
48.240175712045875
49.081535941328774
50.85881309516505
50.40831025331264
49.49026843077689
49.048316622647604
49.584775753076045
49.796098911922776
50.27764425700364
51.82274933624921
53.12195216380822
57.244511084865906
61.84430044411425
65.62259071526015
69.92672956506732
73.62219373156753
78.77522327940274
80.95902790076349
83.06550414351408
83.07067124454652
83.35949236364645
84.64238162379571
85.07130948795772
85.97182324804842
86.955270034976
87.80825428001513
88.30657931699218
88.66439190411769
89.05277179256899
90.90848368561699
92.59763142916181
92.8200240244382
93.27435977653286
98.23507768250074
100.90868404195479
111.8952434948205
119.68724222117892
129.4964785402754
137.30945413262305
147.00499770276517
160.68098520782976
171.3314344509534
178.21439905278254
181.38081468659243
180.59512788059033
175.9141118430281
169.4223675117535
158.54013863310573
150.65083651987683
141.9986025953216
131.2852478546551
122.46957119911661
115.53360689894932
116.98753967649193
117.72216219855598
117.78666812265134
118.34561679931737
119.0972654938919
118.95035369020528
118.66427048758541
118.96124173422493
119.21262848688745
118.18011089298497
116.98943594059479
114.92900148284335
113.56056485555183
111.94229981076047
112.89293256964932
112.03287336590125
115.47660734091073
119.85392486507565
126.03029435898723
129.97302994283064
135.10722579249668
138.91823292511182
143.5328385370791
148.31020251494834
151.56808748111658
155.02398957799727
157.0277440895907
157.3647192425619
159.64224205190604
161.63215621420116
163.82928791045438
166.633784822809
169.94927741623826
174.73328353818155
179.1941459004836
186.91827387022747
191.59812103010537
196.3437775101988
198.19464410958165
198.80129330561172
192.71184416229318
185.11575518610755
173.58657958995573
164.02293848633636
154.91028398003132
146.68274485587813
140.31432237322562
131.38798811467205
124.29966446749947
120.14857381872393
116.91962339481226
116.46107906755505
115.29481913960211
111.95298799280394
109.36960880577286
107.23107742200122
104.2190362368827
98.7667390471629
94.63835159520654
86.80420536058575
81.43077065535975
77.17067696722862
75.88821146823136
76.1914652024615
76.98789822767289
79.69346929702517
81.13380668999815
84.4094172377411
85.45045109766667
86.06844493055121
87.25172452784389
88.1317276912245
88.83574328475154
89.68286877358638
90.2434929533757
89.90157679993139
89.16438842907942
86.5342428232292
83.45227627035777
80.71441361271948
78.24187955980477
75.70322308724842
74.27604194287174
72.08638818670744
69.02095028837121
67.32802508817029
68.9048281484001
66.62787155529605
66.04277681505424
66.38816324912976
64.68645563001417
64.19224799690267
63.733723641354466
61.7924521529895
60.89080972273606
58.57539361449098
56.53803565961258
55.53329271334715
55.23162131665404
54.84772888956502
56.93934659538203
58.461186114523045
61.71967711384783
64.2372878642691
67.1943634387885
70.1478625968664
71.48072329330688
74.96195369300852
76.8945568883611
78.92555847683481
79.14791300715225
79.28611272928835
79.46060405129352
79.34698807588006
79.49942551717524
78.87803476115027
