6
8
c
148.2648980548666
147.3089125684976
147.52060150137171
148.52468962999936
147.98135990164968
147.3219956004333
147.98567076214766
147.58636969322774
142.93576062443336
136.52131356249615
127.49637079261902
121.2416311976711
112.89916975189148
105.07134483467172
97.78405671166023
86.07363705739037
76.69561619469368
71.37759805527277
69.94312899347034
69.6995878375253
72.38663796381778
74.67624404342071
79.04630730107546
82.70845596218615
86.16449813495446
88.17590452820957
88.94574534810288
90.8225584667029
90.80426067168752
90.84160029383672
92.8736682605539
92.15187459123857
92.13982131833978
92.96370093090782
93.00965453073064
93.08222862144464
93.15893437381715
93.90385796107749
94.3766088795379
94.97188410613515
96.98887454037063
96.67648501572994
96.67107821090724
97.66634978014984
96.58319004872462
95.31678333885657
95.71882977969122
96.69435749844921
96.16765414438662
95.8774629982421
95.81576487031123
95.79432223743697
96.51588764590623
94.7020959180487
96.68725841751233
96.73027843257036
96.03563653645234
95.99416145670205
95.70939442650979
95.7880000201434
96.71660009602046
95.74684144604018
95.61854409959936
94.38814923450553
94.50840950485657
95.07513630411864
94.00169318151433
94.06567724683649
94.95212282809776
97.88127310315004
101.62383735817285
104.88311186047504
108.19196940358309
112.54064056631616
116.38500949879804
121.56958351790776
121.33848129506279
122.0139946486473
121.92487983569202
121.58042473197239
122.82531345073104
122.84727660990616
121.90679009714214
122.62489420521182
122.76899667907361
123.78345722467587
123.48452786587494
122.5756397427516
122.10479819934474
123.4629119973171
122.05507969877696
123.5880590217423
125.77244528258913
126.76150381397483
135.17041347348996
142.70530112458374
153.7155905845201
160.9123978303146
166.97377779880904
178.01924334824625
185.6725171207194
190.5194092360725
193.2829471538584
193.26991839148323
192.7214369413985
188.78776147828916
185.7875210984277
184.59329446937582
181.50605260653964
182.59055951812311
181.94998169388865
183.3530753808114
183.7884302891721
184.36492376619805
184.37531797485892
184.64387129913862
183.49231796321237
180.6819572159936
177.60138911168573
175.20427527749067
173.15469047602184
170.8643977347244
168.43724505517974
165.121223429127
162.20853833827647
160.12358770073268
159.50785444772293
159.09450010355613
160.53475164916614
160.9915036217806
162.30280010032732
163.58543079083088
162.45137791036072
162.889579542006
162.7071175527008
161.7166595039415
162.05018827760819
159.50605775337047
160.42826872942027
160.77342004840546
163.1548618745969
164.57736593347926
170.92648627499497
174.12175471942476
177.57280570493796
181.57041789524928
184.62090199829413
190.27441670515873
195.04379908665152
199.30829870351548
199.51202618228191
199.67838935444132
198.27268489404204
193.6974677863491
188.18800570198673
183.5545156939915
180.8502259597919
177.03232776211382
174.1494852885151
168.49941149220766
164.27434844679544
161.46260825153158
160.90361212759115
160.7001088021654
163.3854221860548
167.66545126209775
173.14316707993004
177.1871877448004
181.53568007821667
185.62060584348828
188.53638372934023
191.53364991895265
194.0567664895783
196.21595382215207
198.9048767894195
199.2243884133742
202.2783240978305
205.21480307410107
207.73247242397534
210.9314311754192
213.83927196194026
218.09585911020903
221.7740276134264
229.0515317536098
233.36351371331685
235.9480070482131
236.64849181827654
236.44081492153617
236.09599940220664
233.51770178877075
230.56486405138548
227.94543443905155
226.27814419953924
224.92943365501318
221.232001018093
220.93490722602698
218.46302037362094
217.19232339052255
216.50185016770067
216.85082712859665
218.4262243714414
220.71110167291374
226.1851051030375
229.64413547883774
232.67349609564513
234.80233156952283
239.2030714406285
243.9664174707837
246.44725000612218
248.25082153082778
249.93675411808246
250.05849892191856
248.94501570009393
246.6441701178058
245.76099293740722
244.09604706327013
241.30564997370033
242.43032637291415
241.53833179968808
241.36021021001764
242.57119715259
240.71971133658298
241.53346709306294
241.26063199822124
238.33381573424006
237.33104414042552
232.55792259032094
230.9682023801535
226.8460831596217
221.3500681888854
218.13660373443838
212.5477156098638
210.16633874788255
209.1542339507405
208.03109062204513
207.50855477599063
207.17822759512066
207.24230170796608
207.04749548098533
207.10898593019837
206.60314672108993
205.82989229247053
204.17370303198538
203.44146148608544
202.34106308181626
201.41438464179447
200.8485884516779
201.4508728493817
200.1395429354105
198.10520352922407
197.98214906519098
197.477274225196
196.7145273535898
195.62445248260778
194.11954659417833
192.71650738599925
191.70252704349105
190.32613960176778
190.1655819301705
191.20190791490327
190.7129696431163
190.89416364224286
191.23025120468327
191.693904229846
191.95890513232177
191.30684553825674
192.41901261424306
193.12041101782037
193.59777720533629
194.4801735432013
194.68785782244646
194.79591091786742
192.75724673392483
189.81905252466078
184.54962531901586
181.15372493569237
178.45454544979694
173.58343741929608
169.5022581491738
166.06645060819383
163.67514542410177
160.88717617665688
159.87174974803776
159.75563772799816
160.7651573416021
160.7134489257133
158.32205038813575
159.9707796513145
