10
9
c
95.66297734034305
95.45933344930165
94.97433488768739
95.68294753028538
94.6742631549392
95.94534736569284
96.36696574982565
95.33341096460359
92.03823477141178
87.63704650993029
80.82489103883175
76.3439059738491
70.87378492668437
64.88269066632171
59.84706807209567
51.44033258049348
45.568786655210026
40.89397053471833
39.58485192929332
39.296893589765055
40.935540912292566
42.41923070043573
45.36779659162295
47.95576088993421
48.954222038827815
49.28370875053299
49.74850748562746
50.042100811081326
51.06419312694189
50.35857352201097
51.34327199949428
51.177295658649385
51.15762685494225
53.347601859156185
52.82783999472745
53.14331735870478
54.7521121273241
54.35283066270242
55.61060357376931
56.86189065198579
58.30192982027479
58.868253318209604
58.791023553086035
58.75609300426849
57.93712774687139
58.22768256271798
58.114019316627235
57.2341925951275
56.20126318437195
55.38409628604643
55.77904437355344
55.279281590782865
55.38406368857125
53.956854065744665
53.985992372042936
53.48330830927199
53.27439615140003
53.489865224672585
53.46559132316717
52.35310697726457
52.78550999708319
51.86893522352801
50.881443859155134
49.91703937705886
48.85169495042222
48.183892546577965
47.212390737617945
46.786308446735944
49.34062543150028
54.363309300527746
59.596706352303336
63.03837278131844
67.3518601334596
70.99646824846093
73.04721122663618
76.96231042283053
79.32694239571902
82.1994246755241
85.1697432857586
85.66225306352297
89.4823364996022
93.49665739418096
97.70986774785118
101.54919224442756
105.71454819966571
111.68373808638835
116.03614597233967
124.48380055523857
130.63494364169517
135.60808645078882
135.95914766931975
136.8995951102045
134.78803695026858
133.4972664563412
129.87129799474317
128.83140199774692
127.02133974893333
127.45615812353391
126.07534403353307
125.7978520093343
126.43117396705321
126.21106141829526
125.70737520587055
125.5316542206919
125.24788368831622
123.59153563262211
118.47193226925856
114.25539603283721
107.18159770518736
103.08814468487132
98.33879153359982
91.83898893204426
86.81332821817796
83.8082699782712
82.35268921513118
82.49118114687187
84.33018273828306
85.06058727847582
88.19264558971163
90.23461827420275
92.66744007768705
93.52733206859747
94.52307943635716
95.39677688854904
95.30064902705348
97.37939251450571
97.16710024181691
97.199296929917
97.13153925605202
97.49731674377364
97.00107628369305
97.28564354606245
97.45538620343683
97.3644199305687
98.92851601806863
97.40190918693682
97.56862323272954
98.74930100596336
98.36405641707168
99.59194256251983
99.60686269972925
100.98328339014466
102.9749211358287
105.36359466359679
108.58308148468547
110.59827216936739
113.5791558211101
116.50137290413788
119.47226408874674
121.75689020344132
122.23414283086673
121.57118241098385
120.65724945600256
121.67807002396134
118.99854307155182
119.08128554700491
117.61723067118437
119.14462054557934
118.06449448407024
117.17263412976645
117.02977527303656
115.93444567248712
115.17630794539625
115.78437087239861
117.730605878153
120.2664592750756
125.33817111635638
128.2787102301157
133.08816993657112
135.8700360833959
139.779696740235
144.8798299153802
149.17196241465032
151.68320191311932
152.9731505079537
152.43331787109136
151.7827128806882
149.60766839639336
149.03234650563084
147.49758592688576
146.22017260745952
145.30624878630786
144.99956047458178
144.5175936127962
144.20680327055405
143.9760375138097
144.01487978578723
143.88169596922822
143.17235269416986
142.22469154372519
142.19295947165114
142.22199987582775
140.30996579494288
139.9808582774043
139.52560974397383
138.62163434831754
138.51538574146556
138.0154451505854
138.00578679152625
137.65732769770446
136.91452749360968
136.18867399732653
132.90882281451815
131.27322138475685
129.7379204295582
127.25074165334821
125.84110457174386
121.65696563445945
118.54344336264607
115.68949094789245
116.24283228607624
115.74028103360607
118.56164018131436
122.02748535796928
127.47170729573183
131.96836942924858
135.62282678167853
140.38599083224756
143.49015096461244
148.81667622149297
152.78985115282228
156.57909915204897
157.13586298877593
158.48298486831678
156.05905093543743
151.5148949274431
148.98257854353716
143.85588678736093
140.73464804301665
138.35415197154026
136.52739470025872
134.4000849835452
131.68405131524145
130.85133164739767
129.50109451431942
128.754861712305
127.92329396985392
126.04134524423763
124.73891465281264
125.094733962776
123.32148574426338
120.40033278904475
118.91193232513712
116.81100761618578
115.87530286536419
114.85055473394286
113.7563209960173
112.4926460416868
113.13410731632196
112.41413954240927
112.10109563564244
110.39174676145808
110.62628194445628
108.94357954887812
107.81292872827825
105.28134230521017
103.61877325512627
102.56848031386926
102.93101859782958
101.70103332112929
103.43128552215455
105.23787607966243
109.4163063145113
112.08797638049785
116.02080044628981
116.99316301149749
119.97753361813288
124.81485860313441
126.84772744822801
129.51426025743234
130.49601690214752
131.20119858317202
128.2669992743025
125.76973509588622
119.59597487633359
115.5455446479675
111.45290696790555
108.80431194595994
105.29057423951706
101.5577165934525
98.84554413139904
96.1347785351596
95.82551567599435
96.1732365531438
95.75621160360348
96.4997192339936
95.95105564184986
96.30109120473345
