0
5
e
85.7597929274364
86.56710019696584
86.88155985897812
87.08201785550565
86.18205759519222
86.37845215555386
86.49316771398165
86.31090211149102
83.46447244907567
78.31063589909013
71.51047996916651
66.6650578286456
61.249798095055645
50.88793426670584
43.26825783989477
35.88175524434123
34.84414118783553
35.552388755632144
34.342924968674296
33.65089443298985
35.3047117932398
33.82250388330551
34.61958640406393
34.44665507922461
34.2286777989009
33.97421949038872
31.749239908209393
30.70178794405252
30.277448593444955
29.552287745235066
29.084197514780467
28.30048198773014
29.80035374501722
29.470256862548126
28.79526787670513
29.998283010701215
30.850577288526146
30.054466369566665
31.559531952225306
30.974858870668914
31.729108692251128
31.285532325868274
33.06721831052198
32.248166308313
30.317029140400297
28.761911131039138
25.069855238470936
24.192712830419637
21.6940929556023
18.656935789410362
15.684510668669812
11.469235697580306
8.257351411781624
6.946666731772123
5.6726148672324035
5.134937604529956
8.000627246865678
10.739541589133426
16.372409523691495
18.815874499905632
22.59462073169106
25.86619736579148
28.13637585165887
33.1546488319616
35.63889780542444
37.71687988103485
38.47320319482891
37.97236057987954
38.27364995410594
36.61333687410274
34.26748765370633
33.80933406070616
32.193408174861695
30.876914723756233
31.277758658797506
30.50273682800044
29.658883191488634
29.294053003767104
29.468078170627955
29.218522188741144
29.466074557608135
30.493852497864683
32.45888552162779
33.58800466527565
34.04228456819432
35.41476842936561
34.729628021157176
35.422570515660766
36.75150873130642
37.63632083256506
37.96270637911404
38.24597049017013
39.30075914314585
40.6790710989668
43.2758416597352
45.36896395856763
47.59799866176267
49.20492164004269
51.53136966990926
55.85725595956641
59.11291725537531
60.449033892009034
61.157975727188045
61.65272602538548
59.88103961284583
58.38295454392632
56.23566144534199
54.51581229868942
53.11400217093689
52.216002770488544
50.89482264834582
49.97271056032757
49.001500400972354
47.501645851700616
47.888535066998934
47.395540864697374
47.589342714711435
48.97162307786928
49.14598634690123
50.085003655512324
51.38541676491249
51.686694486495945
51.91947317391716
51.4314683414076
50.597491250866625
51.855104109179145
51.87705628424459
52.69220754328574
53.76235138803088
54.618296187756535
59.132051946447376
63.063355818334976
69.0616736008656
72.6589832348743
76.05007139541604
81.5232751730115
84.06960017119302
86.23768857801842
86.43918144609466
87.99426277929611
87.80477487267162
89.08585583367872
89.49919827006009
90.86901844928617
90.50605947185645
92.04475482012252
92.57639168907389
93.49941718700063
93.55049491173102
95.73596139317358
96.90566666732515
97.52716618258061
100.82005756020948
105.3445358404786
116.68060377870393
124.58787823803232
135.11670011842455
144.2357698000929
153.1323311378497
168.04659330024785
177.83440664561908
186.6794041228301
188.07949477305863
187.4729338172883
184.01119547390084
176.2958171500333
165.66022344813612
156.54969344328683
148.83583195485429
136.24595506198554
128.3755824867953
121.2179682683554
121.74484757181344
122.65042931480235
122.85915465314645
122.70561195314838
122.63326818502038
123.51867196179053
123.05135049031247
122.71810400182444
123.5141506404449
122.86991487069307
122.25511460769609
120.22478838954204
118.46430562323376
117.45202626105986
116.41348981045297
116.70156415610279
119.22655392946204
125.95596855280112
131.02479680691178
135.449787201489
140.69583164863653
145.72716206890038
148.83673789119652
153.90818508014334
156.69666288143569
161.15073043238093
162.94023659304665
163.164157771793
166.80591357151698
168.49988158417165
171.74913711478905
174.24241699196165
177.3129756849782
182.367792744976
186.47079014983564
193.34642559614343
200.16240857147528
204.94186487894862
205.12715934639897
206.77759527898982
200.1133975988763
192.41663521412093
180.23950515925284
172.00606490774464
161.4807966746069
152.4174751868506
146.3487566029901
136.96319592048414
129.3999441650409
123.88006637256024
123.40582685716204
121.85458073395495
118.98712027521144
116.52588426771015
113.96045739652894
111.44554534928398
107.87159465713599
103.60778657420049
98.58293588318725
90.23253102774542
84.5981150961869
80.19024010098092
79.87984546281064
80.71182835172804
81.02843200873708
82.73573809342646
85.66302128509585
86.83691343591768
89.78415048590536
89.91000282043292
90.34725647417326
91.8316030044363
93.08916504537764
94.11045162383365
93.83395760839379
94.16764441107857
91.59689430894016
90.73604366783515
87.28770167152486
84.55951588250464
81.85916535327463
79.4993394341948
76.64931101388696
74.26018386477634
72.48057056197321
71.37424408132863
69.7269848247362
69.94413369536916
69.7473499093553
68.55381991864958
66.68455342105837
67.30006371731875
66.4951307063177
64.73375238887864
63.3210617158995
60.41345717255049
59.18602292020356
57.29004005331941
56.118690033396895
56.76063509481093
58.48945774762111
60.36045940311408
64.92911789355816
67.5012221915496
70.98331251036736
73.00163894822717
75.15098731004403
77.19615442370456
79.7582003894378
81.2042958757179
82.44381669238913
82.60803945206516
82.64525286575459
81.65974105511258
82.29484576756636
82.38500751584871
