2
8
b
73.38761523254206
71.99243433464018
72.99679652503323
72.99806475688443
72.14430071309741
73.51596845250296
73.61772936938989
72.52199529737146
69.220701403437
65.49986094154093
60.449679615303076
56.6740669051413
51.88923758483122
43.090467899490655
37.459980923428866
29.18629018094328
29.353360484936868
29.617757859120164
28.813685245469898
29.08534618134385
28.80621297525423
29.164417877036126
29.848429957958178
28.48151925873442
29.196786646335052
28.198902109540782
27.848847901359697
25.969166995294287
25.326734733041324
24.095626540021517
23.816076483911672
23.83931808808091
24.36781855057361
24.87583932067438
24.615425911328725
25.277813765362662
25.58341597350131
25.635943792172977
26.147371890890458
26.91334580687056
25.600981692332535
26.979796970532913
27.508775504407566
27.415356556244777
26.078150445463965
24.167823326624838
21.16243291790855
20.872644952842528
17.36398710474049
15.942620476233175
13.63327944271176
9.844675004445332
7.030302455169017
4.783714606293436
4.163347176271886
4.404983538324883
6.276979396465039
9.49653339234683
14.199875748438345
16.493456348215854
19.11355503635591
21.26252704368558
24.417143665823595
27.11383557823404
30.481269840966696
31.850074426412103
32.97328304170045
33.14098822774154
31.266048004524517
30.80711986531654
29.45460207696984
27.765203729252526
27.916147949391366
27.361176206168157
27.21951438837276
24.9399857558277
24.92978523712268
24.36950904326826
23.331046900486673
23.988434085424544
25.522103094203853
25.998608268354666
27.932001029017993
28.1081110552579
28.39936837647212
28.845147633113296
29.545466191962287
29.652417885690035
30.596830959123835
31.37942051803469
31.563636072101293
32.26690431022052
32.69817784033488
35.250841651167654
37.3200995305953
37.7748121826124
39.19033329282733
41.81448775387939
43.40180859711447
46.79586603596781
49.729738673601354
52.314243232111764
50.9101130741167
50.934100234605594
50.36273809892866
49.62738556957167
48.892316474652034
47.02753485887015
44.59868319906935
43.59740180889044
43.72048007246184
42.535891705862106
40.78943165356032
40.05755017052501
40.28338579472273
39.74899878376126
40.68788875834679
41.72725665396382
42.13144617453712
42.691886703823734
43.184930217837646
43.379774447867455
43.070173260080814
42.3218910221049
44.6467604792909
43.804029602222066
43.48387110285754
44.22363462589289
44.81166489432698
47.04480671695181
49.56247512059185
52.37337631892833
56.52062199241486
61.47301879152037
64.81303033020298
68.62195170887158
70.5145424582058
72.39754918496338
72.28995283533561
72.78188021396893
75.05492757876664
74.69619152911012
76.90132390141785
75.99154825456733
76.80866495072443
77.9206677596259
78.33398991900714
78.81507574979452
78.6121950777854
80.03012640022241
82.28222862641886
82.54496411854718
85.51185435324591
89.46039585411424
98.00598963477887
104.07819072453059
113.92053488098463
121.73633797905414
128.9812796166406
140.6100315343505
149.92197017356753
155.53711406845807
158.70775470573784
158.25132852430914
154.52722414268268
147.7936586111939
138.7430009056106
131.81418611029628
124.29290216770643
115.73429304343675
107.37809551333964
100.55765524639776
102.47425329052425
102.47687394765931
103.17481484427026
103.0772801708275
103.13367520765486
103.54659098199875
103.47559198495836
104.73280229054848
104.31347741816512
103.80009655553594
102.59317550726449
101.07704163095748
100.44705565920259
99.20335895492359
98.20532028358802
98.25542434162313
101.83106296260142
104.50781970858425
109.88851958270415
114.50200102829042
118.21782742182465
122.78073627466438
125.32966232178852
130.1047196124743
131.94030997056979
135.24364791075723
136.88890777582762
137.93995528196334
140.3457217142358
141.4289358703663
144.61139739937335
146.8346834073151
149.0849448643515
152.66300823460452
156.81011106658573
163.3067689229882
167.69577470238448
173.3265214946219
173.59167594163142
173.56619234803534
169.69503083638048
162.21260033234844
151.77527414618555
144.80942995089399
135.879980322795
128.22827537045177
122.65798485378652
114.28283661919828
108.52441471081546
104.87539439385112
103.81797526090567
102.17370776226404
99.79423578727885
98.05289813639844
95.49002415395094
93.28911609258888
91.41595253639575
87.35865533841746
83.08893842002735
76.08034799961152
71.24883811176092
67.70394739086639
67.12877186396453
67.64270412601145
67.78530557166948
69.56622123305604
71.36843349261503
73.9714123665841
75.27082276344395
75.82843715835224
75.58024674432937
77.54301370686183
78.06079335735706
78.33302420971293
78.16828561677801
78.39729026266951
77.95943507513668
74.98654001472279
73.54949060112726
72.08756425343171
68.55221436774785
65.76573537892983
64.31574379836573
61.38251972513653
61.13434062989446
59.13941461449642
59.080341916637586
58.30525527454427
59.14063817749148
57.46447561398545
57.635232712392174
56.5083893598522
56.57080009506081
54.65279444542225
53.73817737379774
50.78172336231839
49.330018772083314
47.666825015798906
46.91454527108008
48.157078422750104
48.94048046767027
50.91110785997617
55.05847494556762
56.81859154802573
59.806172885431494
61.26452062957742
62.69548321700909
65.74401182363243
67.54270581072358
68.56983529316084
69.42648812623821
69.92732480069981
68.96869199782495
69.01401223010275
69.12499106321754
68.67410666510023
