6
5
c
145.6574359288911
145.91513701345488
145.36034382350954
146.43141579280623
145.88807245631398
146.86406321011503
146.3424022533367
145.73588063907752
139.3744063966992
132.3062416898443
120.55081582491809
112.69635823575125
103.73798232434818
85.61535827072436
72.61461889512462
59.81043562623808
57.91776441873903
58.1090965074252
57.96130833762404
58.67957842956604
57.66391017443806
57.63610609861151
58.38352235839939
58.32335644370009
57.49327070963626
56.10577145902195
54.77929400507962
52.530895581606345
50.76783623594205
49.46127034525316
49.032130230825565
49.21158242550829
49.63002203422267
50.06993951316329
49.84876954634684
51.225123196138405
51.94368734515774
50.88843052131764
51.34517939588857
51.69180963052815
52.79606945947297
54.02700806941265
53.601558555607554
53.97997637114096
51.86851632829937
47.39934903378836
43.44529302221837
40.22096627942356
34.3513967977213
31.06444120417364
26.769132812805303
19.904299572348084
15.252797945532398
11.11344644367395
9.800295483524371
9.435973029726751
13.024342506329306
18.445051100316135
26.98553118034723
32.26302319965317
38.948140780985625
43.3206674306898
47.00501127383085
54.608192893536234
59.77184465543674
64.12035379101665
64.66861758179199
65.22619153445005
64.21199459534542
60.78390591553012
59.099355754233876
56.936046242972246
54.45186755527767
53.87897011380344
52.82780489516497
50.54849156470976
50.22200491209597
49.18336103820168
49.01398401920038
48.51973450687408
50.06708510133109
50.70940886139354
54.27975385133175
55.14666891476883
57.94294067151256
58.54555283485059
59.66752058373964
59.947489733035134
60.3224130640412
61.64430099319525
63.656496024845715
63.99435136283775
66.19262348845423
69.32912925497371
73.22020915224616
75.81204139071674
79.53094382309462
83.57469344781224
88.07369653859465
93.940388443101
100.0952188990156
101.92048530447023
103.01501537850638
102.80437820512181
101.02423966066468
97.9757270465524
95.60005946036749
92.4258221356503
89.02520854322754
87.81689311187304
86.6322241397944
84.34047922191488
82.03746114986617
80.77859494460594
79.37791004196961
80.74702086774461
81.694545182117
82.6215708598957
84.03298168299473
84.8753472298594
85.51400614741509
87.14220344241815
86.82116622212246
86.32864986646655
86.40049215116181
87.9459277059177
88.03847535926651
88.21380756315655
90.82897011045904
92.404951676998
99.94934971526675
106.13673777369459
115.27486206333292
122.82876438354093
127.58068400301997
136.67804979036606
142.8100674074379
145.42891193440116
145.60008445872063
146.36615039090105
148.1509939335398
149.3660940910991
150.16846986056558
152.53271810030125
153.70337697066282
156.16245425558958
155.86932090292882
157.26013619912592
157.66449343206637
160.06544800190085
161.95964254492438
164.1247668345989
169.94076971795266
177.88880138056123
194.31350046251708
209.621302214349
227.0647452231741
242.90144763037017
258.53472245351895
282.3704907547399
300.97254389080786
313.90106410691084
317.4775059831026
317.6772533954448
309.3794334818562
297.1196681097782
278.1735975867743
264.94467640134644
249.53038669439604
230.70971260928442
215.20104220937984
201.14948861045178
204.35913328883743
205.15375880500778
206.69064089438143
207.08287629067527
208.18877728897203
207.89001091496456
207.5751870815337
207.3198520947318
208.41778889734655
206.6181055253852
205.5258146113961
202.2366208936036
200.71212109486663
198.35895108389627
197.0365367187331
197.95502726550802
201.37926785904287
209.4171060882155
220.68454459773048
227.55553786237118
236.59771267816382
244.91831541756315
250.7835658551852
259.61601791141
264.54954163525883
271.3272992281706
274.10390204958367
276.51192278219185
279.9850395942466
283.4511800128056
289.2725972703885
292.7454696749238
297.8250125032411
305.009311270308
313.8350059902415
327.03712209246567
336.66608662712014
345.07657512075536
346.9118389127074
347.9188171840107
337.72039733923754
323.3421990749813
303.49330690913024
288.8218079218635
272.52176738284396
256.5083757074801
246.4938490026036
229.0314900391209
218.73751542267772
210.36487661098002
207.8907744987255
204.62754822850567
200.1340856563012
196.59927075440012
191.73185557851286
187.18632965982343
182.94100733766453
172.86173464108526
165.08250789255595
151.71773721548658
143.69178169416432
136.08132735221938
133.57794250443337
134.0616879040278
135.67339448796676
139.87028432753252
142.62958706204572
146.75386190865234
150.90776728568616
150.71759681218387
152.01955639572
154.96584035787785
156.73394032246554
157.35668049251262
158.11633303754846
157.08726834074596
154.91910731124779
151.35484945039963
146.2094067170498
141.85596381393987
137.5134414744696
133.04646047093286
129.84396555669596
123.78158790217245
121.26823287783014
119.7032945348738
119.14583265105217
117.74824762180066
116.25719653189904
115.6647440528783
115.07795875924067
113.63860736938454
112.14277156095302
108.66081348830132
105.99247878169086
102.8271373169718
99.82672121345709
96.8859621126801
96.2517568332224
95.9479832861226
99.74049905548529
103.03935933301663
109.1388142804448
113.57633196080572
118.37923590949472
122.18504372887173
127.24144810620926
131.11326420012279
134.89758110295648
137.93413181355606
138.7205754975435
139.22254447991747
138.37399226549047
137.7814733691586
138.84974876530842
138.3863921485528
