6
2
e
129.84512176916726
129.32598220576799
128.7051608038265
130.46726990980304
130.1336776325554
129.680299585917
129.28247703995194
128.96351818228777
124.14157422284921
118.15423245253683
107.26817565532326
101.21999469282802
92.03590611205493
75.70355460531638
64.77308489907057
53.39218600025939
51.04793091109958
51.91160965342909
51.588200164414936
50.783186754904015
52.104265627292385
51.34764548967866
51.956393244464
51.08787924240313
51.10700236885093
50.59066265554732
48.87871315173756
47.12262206812137
45.900804231860526
43.33556159638305
43.50204312222537
43.7750798128645
43.09892186875887
44.25567307319286
44.899003302417164
45.05408394829803
45.413550067536505
45.58853667528504
45.52943608604489
46.4433056685516
46.75509029739738
47.18661876330368
47.66832005805775
48.5441366721154
45.60711851396351
42.79594603669958
38.130014329365345
35.14952407327062
30.956172386936426
27.706074054797288
24.295559744306363
17.08844203098042
13.527562330079302
9.814829314343879
9.14276094340211
8.339048888560052
12.371766361461148
17.956710098048625
23.668737232636087
28.421653353271083
33.60071085775613
37.64889871531028
43.016437482778294
49.074015472136516
53.794316172794694
56.73159708934992
58.6100405063102
57.65152427142111
57.30934832361969
54.77823425128935
52.44398373099007
49.79636626046678
48.076557188734014
47.98139148576206
45.74105936208835
45.10650259526205
44.401772689667716
44.406260485206985
43.82730535525006
44.03180025975598
45.58710442670644
46.189896193766955
48.135906276220936
49.040187225742855
51.31297053362838
51.71530168092501
53.37335740144141
54.07110097679876
55.3430972976015
54.8113675685177
56.28329114398507
56.87968224845697
59.32305843126212
61.65030427410324
65.68392251068505
68.21808768053057
71.5101551697171
75.32316142822656
78.6165096744179
83.13278269865087
87.1928687020282
91.20429118289891
91.81239099916904
91.01813848501197
90.94733582995374
87.98787064544555
85.06095740480316
82.75847644862381
80.07925830412815
78.36036297228634
76.92184164668494
75.24010345549037
71.81808114766329
71.90776261721943
71.20306836431351
71.07750458906257
72.3712176306469
73.19842319350015
74.54444844274082
74.30402258107748
76.76158725179941
76.55447879694948
77.94656176150691
77.13117251675949
77.19710601568737
77.31704799133097
77.75143041654195
78.60931373369532
80.05869859371914
81.48840457611921
89.27052232398034
95.5522960795468
102.43448999330667
109.10084565252086
114.7980023405839
121.37388852445383
127.34060382480703
128.87809917213409
130.92100745559154
130.5386618253817
131.5538698353114
133.34404749210313
134.29976501069402
135.11902022281507
136.28910659099716
138.37376794420507
139.49374807866556
138.61149608358858
140.7936537944114
142.60760735189692
143.9413346640091
145.85114074132954
152.62727873945988
158.3877239638223
174.3573626954442
185.9736629196016
202.0784643775058
216.4055775453981
230.18963965294648
250.98952254176592
267.25621434953115
278.8415487550195
281.6920418692375
283.1438434914514
274.56209878765173
263.8043597255324
248.52346757488127
236.7251675114668
221.98575200738503
204.09831578805384
191.72671534807301
180.030552297735
182.13654410454205
184.04859993441838
184.04937303704259
185.34634529473973
184.16440003144902
184.70198743149803
184.96926553631903
185.45928084052267
184.3837882100481
183.7070750485607
182.17465072709962
179.59863972650933
178.12785887567787
176.00307376514291
175.53327364552203
175.6351298051376
180.1285784207258
186.11981103566046
195.46492072752065
202.80392860888648
210.18722412594576
218.1207459263073
223.94332059740785
230.343244411538
236.43635992409835
241.24172191387527
244.22222868930342
245.64145376960445
249.95728068950854
253.4055618849669
257.5584498595911
260.9995135973999
265.6020654668944
271.81950328458515
279.57068375427724
290.93270809577365
301.20518083431733
307.0880308699134
309.4459737323528
308.5953733113793
300.4220350791644
289.3587271052503
270.5016444877833
258.0892470597054
242.0237176180121
228.26400727066007
218.44093667457867
204.00278124147445
195.15634744775576
186.57706078498322
184.4978058013218
181.73352056164222
178.19651994287943
174.24475876003166
171.14392377442115
168.0547301165905
162.6984466647282
154.58472135152394
146.97722370581437
135.88173293602256
127.11862231423346
121.17359401120147
119.53868453625553
119.35247222178882
121.15905628845869
124.0679175666417
127.0170201045674
130.52918503038123
133.75272138569534
135.46447192181344
136.20002954974157
137.55336669680386
138.9736011329593
139.85863399425668
140.44973805488712
140.755897819845
138.57877659285674
134.01888708409732
130.45828240761927
126.75074977567193
122.74040460224066
118.48649170424366
115.24390965112329
111.14699735356614
108.0658010171512
105.7698604889035
106.44456129339065
103.6842554666105
104.47390954450802
102.66819969311472
101.97964929221646
100.65077161458657
100.18754555465601
97.14269274539734
95.12778309418768
91.10213016515974
88.7197455082163
86.50535487246091
85.90495302727501
85.54341516412897
88.2187737584183
91.65121551169136
97.63004027159097
101.01099067173712
105.30685589758636
109.03196866037216
112.50083680877643
116.2267255728582
120.0793739619262
121.36642353631979
123.28085947648952
124.27398927001448
123.45661525293575
123.33719872488935
123.11279417420157
122.53842370724784
