3
9
e
15.946398926510312
15.058450660414964
14.650719880341857
14.770526611703062
14.646128207811174
14.22090288725011
14.419119531456678
15.609012694295572
13.695606540955241
12.629295030688699
10.863374446298929
10.266855809364609
7.060185123412412
4.482197957111966
3.450571500137428
1.0960076721418428
0.0
0.0
0.0
0.07345982893407393
0.25160312705625343
3.4052989884002014
10.390141310460503
16.355487004992586
21.926474431668826
28.31750364403003
33.5924069772494
41.926903689299166
47.83985471251536
52.85487263212395
53.54302112259633
54.44694862976572
49.563253892964546
43.62220643515951
35.75971528754477
30.132225369658183
19.723278090410457
14.196748322213706
10.564167296874965
2.264569686331471
0.0
0.10411188853152356
0.3352491605331804
0.0
0.05115586763745781
0.0
0.0
0.0
2.0757053529839924
3.637508397722965
3.346342041733202
5.46224769900122
3.948932866757085
4.765781863354112
5.789778883586663
5.641093905722198
7.643112629455712
10.560331519852184
17.811965233394318
22.44450494623194
28.85146853420988
32.71699135901187
34.36362932354764
36.644010643306274
39.186010985375084
42.86330023476526
45.91459035590829
49.86586606322825
57.74472812704859
67.9244458454588
84.93022865209365
97.81865610208423
113.1193279268278
130.36375896596888
146.68233413222487
175.07485922618827
193.97077700294477
208.73642650932354
212.4521250164681
213.05786907178975
200.57385979389667
182.11802549924326
154.1664477248799
133.94519164959394
110.42458394447762
92.53941094775978
76.12759716320191
51.185633512802056
33.27890948370645
17.57207745036241
14.908504520689892
14.643311286229002
21.223044712792706
29.213860299002114
40.956098160564586
50.602199980929186
60.29270685092262
63.160487502806454
69.90534665248126
74.46517992790108
79.83950531262487
83.29233571408004
84.57626711210875
84.73179695655695
83.56276369180696
82.26338297192417
81.57025059524601
79.22786795121122
77.60529851026271
76.49397294014675
74.32396125608543
69.32731733860072
63.34011000507912
59.387668058477516
56.234035709301764
56.79386180825955
72.55515130868599
96.57871921659385
131.83007262363193
154.97248778746172
184.5455116522466
219.40719345458703
247.47471679223978
283.2586267385204
300.49077697316494
307.83456877300785
311.3539906901458
313.3606853348841
318.0572296453049
322.0534937663282
323.34750968555534
326.16065895963527
329.85742706985906
341.14942173651934
352.1461739915799
369.5525392395978
382.5086987632942
391.9292135475283
395.86841378412873
394.5468623304757
384.3036258853328
366.45804401546627
342.86465504799014
326.0089907011003
305.0193908046156
285.02058519448497
270.7179727809931
250.95242751659222
238.28576143808172
232.20372586180721
228.48090907174418
226.723708890949
222.51106865091145
219.97314062502457
216.37505506269156
213.18219281631826
208.90314284180334
201.31573533824354
194.30080412013584
184.28815312108125
177.54786325348067
173.32491839662495
171.48517240563623
169.914461813351
166.41972723977744
164.39619086869675
161.47276440254745
159.92195145051372
155.7727624593125
151.4090260719565
143.69443456712048
133.8979817985273
125.13385693913028
119.04230026634345
117.04941879329384
116.52406317711322
125.70880385022099
139.20476970602618
158.91502945452928
171.7424339070841
187.90536416880767
202.67162390457383
218.142107061432
241.12194876579719
259.12601171373524
273.0152946106809
276.88292274905336
277.0014048708594
262.33392933878537
240.15199625289344
206.33056859793726
183.32732696674125
156.28902691378352
133.9794948105673
112.67633128172363
80.35899335071034
56.58237975990559
38.00959271372253
33.95999170546289
33.184781066174736
42.329956136238735
56.573044794337804
76.96947189244399
92.98332457944365
110.64158769690316
120.03794678979344
130.37541605394654
146.55211139155014
157.9837190916757
167.0960101515287
169.27712391642285
169.78714475160805
162.37928967515393
153.07747064400604
138.96085832984127
128.8139832448118
116.8581649806127
108.47798903504348
97.11040153189902
80.56722447722115
68.16099953936667
55.81376110030395
52.659841223157116
51.58714795307257
69.92220716670107
95.59569001904605
133.14566022753817
160.74415465328212
191.6684005588161
219.89181663957237
245.4231306443496
285.03175363466005
314.73708238526433
337.9541753148955
342.22398576748714
342.9608088010765
332.76910775096627
318.0262598583269
296.87565472161333
281.1138148239218
263.06149878962634
256.79118243128823
252.03869137796946
248.03988784661627
242.54838960357654
237.14871253540994
232.20264789958415
226.61873015509983
212.7851341416735
196.9007067234007
174.029882486674
155.55860476852507
131.05080169552116
107.62427199993665
84.9878487840648
49.60733832207742
24.857199504076085
5.166247339136897
1.8685227021562116
1.7817315973263441
5.799354602060634
12.513320947982793
20.89529401239472
27.330902893703435
34.93052620301969
35.057365715301685
36.12365852763031
36.22071214354567
34.70307405385977
34.24553217392492
35.75227111841478
34.61710770472809
35.40940664890636
36.07515359023082
37.10379449711485
38.542264563517094
39.08163743839718
40.58534366380209
40.7705019013576
42.46415937965842
42.73433171069711
42.67910880163714
43.366908053542076
43.60615761855626
44.046657041003556
43.001813304502626
42.98975786616608
43.214364043466716
