5
8
e
113.88479010702332
113.52168693700115
113.23989698266685
113.84680246662148
113.70684185360632
113.5156450979066
113.83399899777498
113.91979869441784
108.67036846289629
102.6882156885832
93.566390049493
87.32845007820528
81.16630824938333
67.5716738928393
57.643242307121184
45.602030086026275
44.69622391830211
46.532370265483344
45.73792193296925
44.859460886026454
45.28627553648865
45.08055104208393
45.075222497763306
45.55485704504304
43.46977484213296
42.86858727937427
42.71428056641522
40.6379359660593
38.61717149688564
38.45295806256701
37.851001669374455
38.328529397052435
37.89084054055965
37.65763371271859
39.57066443015319
39.68701759004397
39.07074492337322
40.21870004481487
39.73161202810388
41.27320648704605
42.209155987904744
42.35421360268058
42.50648196528915
41.977163873165814
41.153794622983305
37.241137051829675
33.242216558097276
31.487478166020757
27.397763976877997
24.502250009487874
20.733004368678923
15.572512515213363
11.405871890688118
9.289984095949832
7.182782729057254
7.411594238679742
10.356819783483964
13.755695325678834
20.21039488064659
25.20871231966026
29.71203731148431
32.96470831724294
38.40002525322188
43.4932990152488
47.20700971923746
50.16455642195079
49.56353725456807
50.84674187516526
49.403208114235035
48.36343479223763
47.257520710687814
44.56620293913189
43.938560455643405
41.74000059855212
41.049426593559645
39.882612028561034
38.22765841459933
38.658933897625566
37.9145457552398
37.62205584347445
38.19740678678902
40.75162486264562
41.58179957916482
44.714684964572434
45.19854451897864
45.62865320640068
47.08048875756239
47.136066714738305
47.31693055869512
49.26579157073462
49.19610002863498
50.6497815150119
52.36056268459581
54.32509996529945
56.971933756156716
59.186761845852914
61.94360484052267
66.65551430433771
68.43766800607787
72.94919023234506
77.16034523666909
80.05311343635924
80.46117757533807
80.51593242212907
78.90197321295061
77.32044070747672
74.94552962574608
72.44193354769217
69.7050100447502
69.03073634995431
66.74899448371086
65.7449273183909
64.1605189679407
63.06365341191929
63.21123930509193
63.01842888517356
63.73776876690915
64.0792054920304
65.32076392299173
67.54712229485474
67.41778066767026
66.73953389256494
67.56641459893427
67.8753844329157
68.32284291528897
67.45063686145345
68.70213528449307
68.94992687291813
70.40186090023035
72.03056165451788
77.701332766273
83.28200499995913
90.59860821317774
95.86507948258355
100.44649230784327
106.23408822546955
110.84128911284314
113.27060590509049
113.31736429380128
114.79031213814886
116.0166352085024
116.08226980545004
117.68319325842634
118.33598731254499
119.85916727529019
121.04065195060342
122.42205377875231
123.03466839343469
122.94305662486744
124.54665357793286
125.99348168692694
128.68517593971825
132.29773637998846
139.17710325578298
153.34513794678344
164.07864690679776
178.3741636952715
189.5511516852761
202.56884282137554
221.2719169834143
234.111782885258
244.3781214974922
247.81982402372245
247.40460494749237
240.86636464513575
232.17983330842006
217.17554496707672
206.76967460106266
194.28569865182058
179.69353963270828
167.77184556986168
157.6438102353319
159.5266026259826
161.01317054773287
161.9370383975278
161.43883349239
162.2794181534795
162.67475575752064
162.60179439874173
161.4319410172061
163.24557374979827
161.0586661060219
160.38122484684973
158.8398190844528
156.2839415517782
154.96315886190368
154.73057393579816
154.59826083557041
157.6571285717657
163.62092419220727
172.40837889141602
178.6932104514863
185.03865346081838
191.56986873442023
196.32677358574094
202.06018055591045
206.85732785418574
211.93350924646558
214.21515967243084
215.6071650373551
218.2157682463743
221.90674112743903
226.11300253909005
228.64277241977032
232.09056944736545
238.67450423944157
245.41530350906731
255.7190248554446
262.62019836808804
269.4210974645689
271.97895250935056
271.43466241833994
264.25653403522637
252.0383435702058
237.26193501078464
225.90809788960044
212.2113790924647
200.07003460526533
191.39064017324338
180.034823964759
170.7364139857567
164.3819682026536
162.4818747096186
161.2713408497996
157.05874252959947
153.14019467979978
150.0293812181192
146.27856304517863
143.46719015922005
136.0710852300587
128.70653582409918
119.7075607519455
111.60207508207331
107.04171613413529
104.37506281610737
104.6006686756165
106.23895461115276
108.76633795516713
112.39552897209677
114.41637845053376
117.19740116156905
117.79143183701636
120.37889280159419
121.24648681550237
121.18134632693874
123.79832485286943
124.14998537068747
123.96515197733332
120.7430679010775
119.24467609115976
114.38495175912901
110.70788502354051
106.52513676160517
103.66739495625744
100.73108262269818
97.27523882058715
95.35563925710723
93.54800022154876
92.74254770196364
91.89652387860534
90.87995723950317
91.34536514557313
89.5498822251172
88.61322201702818
87.63332008216734
85.28154071871103
84.12208561510958
80.81695483862404
77.85985755350909
76.03966177334813
74.82826178487561
74.64272369967367
78.37558803007605
80.03422495774639
84.4456447868447
88.48189593879631
92.10134134575013
96.58186258929412
98.33647548222864
102.6069710813888
105.34698348216729
107.98652133682319
108.08570539404955
108.77243805920635
108.50352115978097
107.99711634011112
108.68378534115365
108.48066326226463
