4
11
a
67.46967750668323
66.94200800629568
67.06442909805705
66.9028897758235
67.86668867342244
68.0815264011593
67.86187595953827
67.8757762976525
66.38227335129811
66.3377612893638
65.5098551142382
63.76695442736074
63.22169226349213
62.341399623991016
61.665209532544715
59.186264508252464
57.911183099484845
58.253603450916366
57.64442426759213
56.72669110390777
58.427191283646465
58.28733003733403
61.315567338052624
61.854479692527086
64.01838361858827
64.59746543970596
66.59069248980774
68.68845620852325
68.45438151151801
71.5962885256226
71.27750256077162
73.42894941116903
67.8186048524079
64.00206207670104
58.38753081515675
53.67658698574518
47.9962059868967
43.08440672508374
38.82251054079082
31.843620789885367
26.62707746815087
22.788810094159782
21.842505351209564
22.214293181659535
24.547005425542224
26.21719800560807
30.572996163788527
34.28473305680259
37.88308995327775
38.00732610070354
38.41082634871451
37.93155646965836
39.39073033640968
40.335568240246914
42.29557403233065
42.42311551722615
47.08538797534058
51.58651554508489
64.92178560436115
74.89023859665255
89.02780499548382
101.86058192553621
110.32171041157808
126.46719912815544
138.78592652317099
148.86560696267114
149.9047030809787
150.31004551711638
148.40546603547278
144.44090464924454
141.31126503212735
137.39532949709533
133.66110283504977
133.90624738031644
132.94929169370832
132.43184913223848
130.4021737781757
128.2099987947262
127.90987145153136
128.2149670707284
132.04854882573676
138.25210062305584
148.596370909058
155.9853687957723
163.82965693020316
171.77349934484243
177.12325690126272
185.0462947932042
190.57072079441662
196.35885289131153
197.54251121365928
200.053157827461
203.85360557953908
207.4585212502045
212.2977824814202
215.2433109786877
220.00459048994162
226.340624248435
233.81507798451463
245.89077572448772
254.09326678446416
259.9873837477461
262.1359185659786
263.0980102554702
255.77635975909686
245.82569303552393
231.3969613273254
221.17324157622713
208.85417420195262
199.78592735179288
189.60994394937367
174.6754559320545
161.81367976636125
153.58395473544095
151.9469705765352
151.96878865206833
158.35453610222686
168.33492892605005
181.66561769491133
193.6282404821852
204.94579259347623
213.84860446590525
221.79731464391696
233.42148813661487
241.90335893739982
249.0482141467264
249.9953092359606
250.48431268435579
249.02058024663447
245.94751484889065
243.37534947759693
241.4954713941159
238.65639632766474
237.88116187585115
238.7812260147202
238.90127357378407
239.4837289348004
239.42827596107583
240.48117067987295
240.182105998339
239.54015416481334
236.96337972530995
234.78763766611755
232.26080326030717
230.98034463969722
228.62350232367095
225.00148510712512
221.25790078699404
216.23797038303488
213.1195552542312
212.30358511672375
212.4830248662895
219.5219154323075
228.95003957691398
244.52023661282072
255.44272922455247
267.77724345960235
279.7460610643444
291.72522484313
310.2542801514413
325.05679499453726
335.0414669790466
338.63701446479325
337.7897080044255
328.99091263813744
314.924187405565
295.95668349589175
281.82658351153214
264.181221505928
252.70453085512756
240.6811393820291
222.833943716252
208.6921717513803
198.04432716453456
195.90237621515794
196.0252993310763
200.634733192033
206.4804238386669
214.02145146108148
220.43810567232512
227.2669397685352
229.61203458638633
233.21010267104805
236.63042249315174
241.69131652545434
244.34415259904463
245.2013466942452
244.82366424365304
242.68089297542622
238.87690044585688
234.16043599114144
231.38634336749647
228.0453051510329
223.58668898388123
217.7603434525908
210.6873481882889
203.01481758086354
198.17876431496214
194.2181307333624
196.13304700969135
207.59463062519703
227.45064300106424
255.65396658642808
274.9770270101358
297.6569677899455
319.85507496871185
342.2348927444955
375.18334303282137
401.69010408201393
420.4530891865212
425.469190946878
425.6200060179479
409.95438194381455
384.5408197951945
349.353403904274
324.35311699927973
294.63008814769523
272.25340648581897
249.42590105236198
214.6921831230105
187.2124578624073
168.60631426329877
162.60284665186492
163.05082803919132
178.58493127098203
201.0027370025621
234.67879619101575
257.22703238077145
287.4641436708975
307.07413462484556
327.90791722021453
358.7070818242881
383.2798410884851
400.77706244191285
404.27133315682937
404.96089010057966
391.3761929624946
372.962081940194
346.16890565425894
324.3470472195175
301.36315000326914
285.1351533950194
271.0294547673536
254.6265428999554
241.24599017090048
230.06109222018378
226.95345236463365
223.8059659006715
217.6063374240164
213.12018521737434
207.0026757511935
200.55778724686868
192.93538176269334
182.12034986091814
170.89554588906233
153.2991912249241
140.41541858400086
130.03379241877232
127.88452891841061
128.28100424176043
133.3658700122297
142.85914903893473
155.22690695579504
163.99721493383336
175.0875165262902
181.87244824507397
188.22564779432554
199.20969893708929
207.70214542223331
212.8266545561706
214.14137760788984
214.41802326104136
209.82625479959594
204.03798182679637
193.68321734299178
187.13572184448878
178.58954655790262
173.00094096719758
168.71027525885623
160.98251436302616
155.0843605678464
152.59076751363432
151.2453075566393
151.23013326454526
150.95232331030573
150.89145154000465
150.8648911940402
150.4938572614856
