10
1
d
106.03936516846268
105.3962561534623
105.9428094941058
106.93360811858355
105.83196308784593
106.26694944235413
106.4327808337146
106.45432999562655
103.09320833615662
98.88845982217308
92.43738710598699
86.85231262744874
81.13572328795088
75.16039931304562
69.71063668028935
61.753512048352235
55.10540519676812
50.578525426215485
49.51513596379746
50.379697005795464
51.72648312579219
53.8840150020101
55.844654427322226
59.76674572763502
61.204104245181426
63.24855015850029
63.80598020539492
65.80622872415702
66.03703827016051
66.62537155068897
65.880556587394
66.03613620416179
66.40090912077376
67.29928948080901
66.10549136931282
67.50647128374284
67.08078299270515
67.11884704275104
68.68673874804348
68.29265152351898
68.91519004024528
69.20369272728968
69.76311828821486
69.40275922338455
69.8209816346274
69.22314345452668
69.44557382280408
68.73745942565262
68.91244503245555
69.1336553777276
68.98914229311355
68.95366631853949
68.7384848551995
68.788733442895
68.51300894828836
69.27714703163704
69.3737244017629
70.05014500952224
68.72428182917616
69.43463037099494
69.19365379853832
68.97779378715273
68.47463038047901
68.29625440709718
67.92269992992286
67.59161441398457
67.94851174120103
67.11890969381345
68.64114057190329
70.31630800080461
73.59631942075269
75.6167780794522
77.09555153702856
81.11493150210718
83.12531726868392
86.94255775067565
87.73609717432214
87.00050232165289
87.99327975099781
87.6609945205449
87.32674643121028
88.92926779144572
86.96418066053488
88.04724686777173
87.31221330238587
87.40173733647786
87.99617982181583
87.88996264668138
88.39598864804364
88.49761228714206
88.35758952870165
89.08793388714048
89.61911813374756
91.1963744752319
97.45342993415781
102.03790388835404
110.82696036514565
115.22454187323775
119.91768266528105
127.63669542415649
134.5480605468898
138.06821128741862
137.34263827581717
138.96364116281381
137.19975074766987
135.99989302567025
134.76621049556852
131.91855038092677
131.42711458570326
131.42127520271222
131.45550615197928
131.20891954770127
132.4314007741878
132.37116543941576
132.43051116205382
132.3053600329588
132.396307579686
130.0868923523836
126.83483818356432
125.97467329275203
123.85796393902517
122.31633309671093
121.04061391781839
118.32926319129392
116.90622764894331
115.58098131460592
114.65861532385716
114.45645627844834
115.75918123315229
116.01993861668633
116.11788762849172
116.16961241971768
117.2749855624412
117.9778418547754
117.37064164193941
116.22800732558092
116.40539298312602
115.17976798925966
115.57437303294141
115.01908155129323
116.97310252120515
118.58666647712309
122.38541387382683
124.01347190673081
128.02905240988565
130.47916760209768
132.2063431215209
137.5735652130165
140.3919689573926
142.1195261433884
143.26873919816907
143.27160031441332
141.3269025896127
138.96032995213923
135.59437825579357
132.20277546127156
129.29805236377916
126.83883568458843
124.5982907106905
120.97240299764158
117.93564101686704
116.08826475783081
115.31990099492697
116.21932386194798
117.82538566552367
121.09703457068214
124.53322546586709
126.79424274147716
130.88780956408436
134.14730120176148
135.60512721359424
137.31788345426014
139.70800210287535
141.37395420864917
142.56559820983966
143.65551907768233
145.5079094210636
146.9469479459996
149.38752770423773
151.02670753118517
154.4137321361708
156.0165722891801
159.77003662468178
164.54003366008888
167.58917182800363
170.39487311041412
171.48221068470613
170.52979593268725
169.7443904687686
168.67774568661898
165.72544741689717
164.26392012416363
162.0435552791736
161.12770479683957
160.19818497709917
159.08255089926058
157.20138788464226
156.5021240032738
155.85296554786746
156.16447341663613
156.2290960961593
158.41237280104988
162.9320244318528
163.38662514170275
166.5879472572548
169.2544495028336
170.8693937014687
174.2827612628672
177.5461854753911
179.87386357298004
179.10525319997151
179.35167695461033
179.31355062380945
177.6960624941313
176.9634058640236
175.60094900191436
174.41975419362856
174.4097422243333
173.59143383341768
174.2346563418397
174.6350243141603
173.85775817574543
173.7356897522615
172.23802760987286
172.4389549486143
170.86666849380777
167.56786335630352
164.76665883335795
162.34387045398734
158.43749082804686
156.1616872659848
152.75728413979743
151.1791740764018
150.25331643436687
149.7670028707161
149.62458371202783
149.3871309150234
149.11311703585514
148.1903597302922
148.51766031262045
148.6848212243205
147.68708435159792
146.92682345262213
146.18809707697434
145.51407441437388
144.70759924619696
144.28307726158894
143.86447693690315
143.02282320577316
142.9197942458711
141.97988443537236
142.0661205260352
140.93462671997787
140.53054931884193
140.3250148685176
138.05390933995892
137.931762051963
137.15334725778243
137.0105551062267
137.50249274207187
136.85995668121967
137.74621046613944
137.16929939083013
136.45739003202235
138.17791172878924
137.60935501044105
138.5914688001421
138.35191006811309
139.32640806817994
139.009067922625
139.96804847190015
139.87180636504542
137.98671419955178
135.18446323367715
133.12369868731798
130.51769832624365
127.7142079328233
125.67594285859684
123.3075019466368
118.50006367105168
116.67552012332659
114.68565055692117
114.39485515314325
115.25482441327784
115.0884546335088
114.64684206393507
114.38108045981338
114.59294815973536
