11
2
b
51.90281275771415
52.10754669992507
51.2521317257305
52.421458174859104
51.304933448476184
51.58385710009395
51.85569496888148
52.02625194972025
51.5902842124544
50.53858625255601
49.335879029336255
49.153851666778934
48.62716912289235
47.03054372641396
47.16617783867945
45.381562604012366
44.44646884255116
43.96407275496055
44.548771274179764
43.68742188684113
44.986105937417115
45.694270766498
46.953212130838715
47.567936067755376
47.97501067177165
48.235470985997715
49.58164687185643
53.34191867909901
52.96143941678519
54.1391130271747
55.24505089879762
55.931694431366324
52.09172230063326
49.85707077574438
44.97835727921312
41.50750537227266
36.41636685086383
34.034420419396525
29.62470194427111
23.363665966396425
21.00292863771893
17.368734821780595
17.319805348881967
17.08646193422131
18.239863369427376
20.445578993579105
23.368172548306685
26.119190392778364
28.74655672778757
28.78471925546043
29.829792433085665
28.609860478982483
29.80044058103602
30.77474303269056
32.23089181159427
32.754453388596446
35.46195823345696
40.205682013721315
50.40540352093436
57.39943809107607
67.89542151571806
76.89015231974382
84.93850019897542
97.64019378500655
106.80345744584649
113.27288776668969
114.97638934251128
114.49105253052639
114.2874925334781
110.49209453926936
107.3981602065805
104.8449609668045
102.71142356271456
101.995896528008
101.36956412685812
100.03860684855384
100.51507173843159
97.65773980112722
97.81327394552913
98.50223002357937
101.78581069985955
107.53100330393495
113.87916909088523
118.77469441929351
125.57201151637325
130.60721467513966
136.185972706773
141.1675391546892
145.7231667779302
150.17653543612948
152.26631457613865
152.83583874731042
157.59985231380423
159.34329081961062
161.9418154735548
164.73743389174322
167.8033797433866
173.67570750257445
178.74535250972247
186.56454358787516
194.16017842986224
199.0057718133743
200.91492139001312
200.1088307252527
196.21535835974245
187.8795258833885
175.80894562304934
169.06073274746035
159.70579484826493
151.89131920689528
145.1447827879089
132.8866890548965
125.39280066340741
118.06444499001464
115.90501959341385
115.97719329241964
120.94133840228571
129.19879931996022
139.1548433179709
147.24110284295722
157.4116222585383
163.32539478983236
169.19894499904382
179.09650729904143
185.75275006649028
190.34162880937853
192.22575555951937
191.40613400582257
190.4395117244709
188.71447059760098
187.29427500789802
185.04896575408614
183.35146041118537
182.30866368316305
182.6874043325588
183.18055635739125
182.70714376791324
182.03317137299808
183.70551630565822
183.55762136850893
182.40271920809872
181.08301486858196
179.6521806304515
179.0946465359453
176.4513597230312
174.42619842124276
172.33393997769073
168.6244817428336
165.69113331120087
162.41952095800303
161.94710105298594
162.96356849474955
167.84117758274692
175.08861213064893
187.59953843858307
194.61015107186793
204.72945526417072
215.1597293029822
223.88905006541145
238.1253561668864
248.28701731372303
256.45718157184547
259.0243443800051
258.68544157309947
251.47235178667586
241.30027858572134
225.85279798924083
215.03134479597713
202.4766336957526
193.6330594999184
183.92824229603465
169.2404190305457
160.3411195312214
152.05252257003247
150.7744848997573
150.9684524916712
153.5811941597251
158.69024331183974
164.45127187920173
168.2777881887137
173.64702272502151
176.02444010772209
178.53535459519182
182.01723194901857
184.9676228466543
186.70200658090153
186.91420623148258
187.8276684971171
185.91943684007782
182.9233309644794
180.00076711096628
177.53278292077363
175.02238178474346
171.31811571603185
165.66134791608354
160.72889684557
155.36882386363897
151.15111478534982
149.95946689747444
149.3248547994669
159.06230325963466
173.99387376579674
195.34034016680513
209.41867270089256
228.37248651555797
243.967281960411
261.78748818747965
286.67398927041637
306.15199019636253
321.91327939233594
326.3343778580323
326.813256607868
313.5042738436187
294.39527355503014
267.74908587052636
248.50278887741885
225.24456570541886
208.10425880128676
190.94210250608145
164.2583149197384
144.06386781343312
129.16025514847996
124.58049061797949
124.233424377644
136.17671728931182
153.80783956010234
179.06831382074554
198.49593433908865
219.0558356637404
235.022829723048
250.06381488070556
275.07595949754403
293.35554906048145
306.4934059289067
309.68705161993654
309.90796186169064
300.12671219146876
285.36570826393876
264.6025794188353
249.39225205102417
231.41105372974766
217.1546124837388
208.00685094470327
194.04041902985048
185.63987964706627
176.23348032176514
173.5989002720858
171.67859790429213
166.3528327165883
162.7618588402251
157.15750846136376
153.9814156094217
148.62229512442204
139.63573188788524
130.98748103786735
117.20851718876436
107.88301810613902
99.70625524252908
98.44828735027025
98.76961649899698
102.02007552196714
108.86260631584913
118.73678012799678
125.58454088292673
135.294250031346
139.7153533581623
145.01339499233583
151.91627237278058
159.02553090179273
163.2950435385957
164.59058351091744
163.55385974949397
161.26577607496498
155.85430418716666
148.89559004545964
143.90528294627217
137.6840459241924
132.75449245934485
128.34168145145364
122.8159357004389
119.91488542668796
116.65154850767105
115.89667412579769
115.32026136856986
115.37623206735768
115.58675835099054
115.5814224386094
115.33953955682544
