10
3
d
8.753760503934153
7.9338508648429
8.245402760588826
8.339482223621285
8.83591316384645
9.40225590655366
8.110726777807466
8.65691874643638
6.968654180803495
7.233873882335829
5.416403987603888
6.206006896533737
3.761539742984802
2.6503759615387037
1.8197201198821205
0.5096431535624417
0.24467967789084638
0.0
0.0
0.0
0.0
0.921321868440625
6.207599799760509
8.642697269877031
12.825196900210516
14.872872050375326
19.18365709080651
24.13568922662804
27.306827211085142
28.196785137578292
29.826276370571478
31.16079866693987
29.476170097710966
24.75162741343779
20.752167732606996
16.487707851593722
11.136290736819161
7.511612822474624
6.284095152050871
2.047740666473911
0.0
0.0
0.0
0.7486556711539069
0.5693937109531743
0.35205771634741356
0.0
0.25107427515425096
1.1612022857222206
2.429332370212427
2.225688207325723
2.4270550231523673
2.6769518423437995
2.910582036956499
3.4326926053343993
4.004632226766224
5.368791040409696
6.740462942560416
9.648682515545216
13.297746735369511
16.23316523231567
17.981521164046697
19.69150896424847
20.768603326347407
22.062523591325938
23.686293265074145
26.469214042758757
27.11539570624929
33.11565052257015
38.81489035621025
48.20460989244774
55.688479021301916
64.76947535309735
74.19208144834055
84.27795527617614
98.38262517701565
110.85969362090809
119.06057069028019
120.70877218892952
121.16505862099129
114.79341929018204
101.8760472428692
88.22989033577412
75.69606962569277
63.19422329480099
53.91065273491084
43.515732640855
29.24056131190948
19.02906507128636
10.804721800883408
8.391200033039995
8.931562064248169
13.174642363723954
16.6102976252132
22.827448569379065
28.910826228488805
34.15687471480997
37.1726127638238
39.11741730379143
42.968663415016884
46.31527425615621
47.90906726907477
47.61219029103319
47.58963841185761
47.309470201621586
47.71208629221362
46.64214780783112
44.66458114383392
45.09171411861997
43.57612946361636
41.37421286539038
40.16639391670442
36.40008689473512
33.854092692277504
32.92303912051764
32.253256393339335
41.72277265732823
54.651239456531705
75.00702372889646
88.66580735407915
105.61406639734933
125.18307104101328
141.12233147361508
162.72276617782495
171.56597757244552
176.45406721211717
178.35316516301248
180.5261263955473
181.6455324795509
183.4712589970284
184.79790308822226
186.99129190567848
188.16643756535473
194.6774766946427
200.6233149163217
210.14114541458775
218.85926450796907
224.19479225786264
225.50320544765876
225.57219096931368
218.3780287667149
209.4716738462495
195.47593461506557
186.01069086300149
174.4290614773214
163.6126844181599
155.26603614601777
143.85334133210335
135.57898583847003
132.47462445215035
131.2085993368421
129.36375342443205
127.06055299743133
125.15382198655979
123.53707516886237
121.27195619799028
120.1941655072077
114.1921378827763
110.99570587942762
105.38964620173539
101.5649175846276
98.80069225711559
98.64124687020426
97.09444487331857
95.24526221219561
93.71141155149616
92.39915675546203
90.49323636001252
89.01929266271223
84.6524181546117
81.89741461995858
76.39807085773232
72.43858542747324
67.84976888746827
66.13009582185002
66.08082544484336
72.08696999011133
79.19712339969074
90.84816901871703
98.65731950724904
106.45089341743157
115.68767221929338
124.95381079095637
137.46096459173177
147.35288457974312
155.12990827514565
157.67604796260028
158.82206871387427
148.9988974896489
137.1126664452463
117.43785590471585
104.69626581697895
89.0106141789202
76.63248135751661
64.35996716408864
45.611701501214135
31.651046610814728
21.508432216814214
18.597930315284962
19.276167958713906
24.075969268540987
32.77315224467605
43.42289552756516
52.99301148681543
62.52866708081283
68.46518944702596
75.60106275567253
84.28537942046805
89.49814614102
95.97325687321522
97.17664435323344
96.08325864808256
92.23244599167755
88.3930301397022
79.86495825066496
73.43491272040369
67.18349744169227
61.08675701317411
56.28319692242642
45.76107527148841
39.37239457503535
31.865917947997808
29.431072698873695
29.770032751628616
41.362799458692045
54.31457931066527
76.49289933010715
91.64375903655028
109.5378320767884
124.60681109130466
139.6104025236609
162.53407816720087
179.98278046931003
192.87333359659394
195.4750920914818
194.8634961600467
189.45324617843372
181.234965286953
169.50036469712015
160.72049715280033
149.54694628370825
146.84322856549866
143.1092862818026
141.32561375772408
139.54278563296546
134.90279941397606
132.25663902591663
129.6437814369125
121.97254842623082
113.05158289312895
99.022912766337
88.9708504476931
75.1738207933884
61.307239080352474
47.958859837106615
28.550972079047575
12.939057535382622
2.9876816392893897
1.0260806798946516
1.0206632705596925
2.242657630787251
7.038620385410636
11.579062348725985
15.961090876063183
20.080729928341764
19.704799874114965
20.035742308204973
20.017635523752443
20.068443215084276
20.664859042116884
19.566321006874823
20.000947306870927
21.087113948632837
20.921929966322896
21.012160439191526
21.85364634140973
20.978924278494127
23.63637044419171
23.710718485012652
24.665199764988564
23.851730226547126
24.9152464106632
24.313239670508352
24.673672457863955
24.862949468948102
25.078189707915918
24.60936280278012
24.4312539634232
