7
4
a
5.622959480297431
5.472159206021234
5.781079804228058
5.135272503113537
6.146926003474127
6.53767743763771
5.90083277726877
6.129007792876221
5.86310118828445
5.33692895208957
4.105603442229965
3.3868057736500874
3.17107134866329
1.615304801711006
1.7393575124206717
0.5110857557160429
0.0
0.4180151285318861
0.0
0.9118868901430531
0.0
1.1224756232072934
4.3681111295776
6.312462438291213
8.737930367010605
10.630822772470642
12.762112810072091
16.33587351109249
18.92123295706485
20.564153008162354
21.2480786458489
21.071053265237683
20.154893750889073
17.16857195626734
15.044404311546412
12.28963541431196
8.34282674588449
5.734392371327915
3.270330125104035
1.7938326343381013
0.0
0.0
0.0
0.0
0.06441933005316405
0.40484796413985685
0.5810906582459284
0.0
0.3795358685935565
2.263852019212025
2.3414110501244236
1.8862849319992563
1.0807078994165287
1.3161026612868567
1.7915989030960886
2.9210737518188683
3.2788940862740805
4.7470601323081745
7.2161737500709755
8.594177913881087
11.708917383439337
12.30279448608432
13.412178681891678
14.459036380963267
14.791112751984802
17.020535700654737
17.627409468914337
19.491006935238886
22.978083644108402
26.037412584035714
33.26183816799179
37.92905082320767
44.39286312724923
51.78790119371477
58.3311722473108
68.3561372801678
76.4832608062728
82.34707148267336
84.22362246326355
84.4615966216893
78.71129440247245
71.03186996501309
60.17438838671383
51.56903039940784
43.47627780824512
36.40623351219948
29.0728528912459
20.689745369089007
12.13427366611846
7.4267206815684625
5.646176284736028
5.611023452273455
8.267391848910343
11.903435681653185
16.01999450228301
20.0209097789877
23.73407914697891
25.626001132051343
27.383880153643595
29.286854341228707
31.102701705139268
33.348318266428706
32.591602254342114
33.43214015006985
32.84766300854469
33.18444448600817
31.674160309043835
32.554575096663655
30.929277493072753
30.001983498561927
28.485108248699014
27.153523664421552
25.688319198975268
22.78555268951619
22.31415284183678
23.11637388022492
28.792378221458346
38.666629745862465
51.7752578541628
60.719846615239746
72.94542244864897
86.48408378979892
97.50427740567899
112.38598962805017
118.28382547159602
121.27076659655978
123.7786672584134
123.87964162506367
125.67140671571799
127.15141985534609
127.94526811998932
128.4392489528733
130.2722234063146
133.79599340245642
138.4083437804357
145.0393732248561
151.5399740777118
155.13706321167263
155.16559611382146
155.89358869090077
151.7559590696924
144.63061698081714
135.14167719045864
128.9842998421683
120.2982197368111
113.84062998666484
106.68886323615104
99.33725792458185
94.0876432881508
91.42720521956419
89.53307148020048
90.20448086449458
88.46530897519827
87.42430915739858
84.70556485178876
84.1604924914109
82.8018695416818
78.51042738417378
76.66629249285441
73.1932951023294
70.75767659021035
68.40175902329895
66.99564013171528
66.72294383650159
66.11785944049984
64.60763932827116
63.34299509580004
62.66397657764154
60.60325282498708
59.413922687721346
56.109886287131935
52.09541489172257
49.12743295652866
46.141873467536264
46.46537194715093
46.04930918324283
49.154791887813545
54.9791423340077
62.505918510649444
68.03756091325305
74.93136318025898
79.6032565948363
85.74711431324793
94.72000451518657
103.04411374796065
108.28117714673506
109.44054863503823
109.568217675601
102.75719986947928
94.44819005760986
82.09877834727685
72.24419952305335
61.4848145013653
53.10358520309062
44.63008267907493
32.1896992366306
22.056554506057463
14.633088305775992
13.583027844983617
13.559511792817108
17.359678313558113
23.489611161498498
30.45070385444188
36.84439189000362
42.79445790181
47.56531883105583
50.94714695393861
58.23371000708113
62.80972333692762
66.53301657140481
66.36316438204652
67.28236456688376
64.2175429856843
60.40317138141136
54.10558175773022
50.5396777074252
45.579064918554764
42.85955257047626
38.02417329227347
31.870899992406684
26.061640261569714
24.062240483172243
20.212594706141132
21.483253107367766
27.999430146134664
37.788488428306245
52.74350709074604
63.42318748271654
75.24631394842967
86.20821035590271
96.51923455441963
112.23436616155531
124.14147909651538
132.82146057074135
135.23757438992365
134.70288962309326
131.08377659373895
125.82332619370423
117.36859946191753
110.73856110675015
103.98206099668423
100.68403501887822
99.52726318563198
97.66302562239127
95.36227732615367
94.47848943233173
91.8073168359174
89.71252863242636
84.10885806405204
76.60246812018279
68.45520760385597
61.03946683036206
51.55666656107668
41.665599693851576
32.65040387565138
20.484306896051574
9.938997981320087
2.2356201723225646
0.3835959934716416
0.0
2.0023984944351474
4.658880082079898
7.566158432854367
10.488055694220066
13.810887528381583
14.534750005823804
13.640067980608338
13.152248218920604
13.893902536700095
13.43468200799258
13.901814476468537
13.965866747483577
14.178120479423514
14.520699353301678
15.001423172552913
14.332341480451133
15.517131761828146
15.992677910155319
16.12141822756104
16.26810603862313
18.08869177780936
16.86475288279168
17.94258689972502
16.89116575295977
16.880648933512695
16.74872163949462
17.12488468436839
17.042113983219636
