2
5
a
242.64672880067727
243.96662711688197
242.14173531223508
242.6262862571789
243.07743776509193
243.83198969233507
243.67711277048497
242.12725502989917
239.1268680490991
232.88777897831963
223.8421702997036
217.86573331440408
211.89681220513248
202.41738332906084
194.59173449223573
185.63176514823195
180.7137198991046
177.0048490549779
178.5219637573535
176.384125520226
173.89967255083496
174.51127519921886
172.74545021657622
171.44321529706716
171.28531056372887
167.03053437724427
164.54244726624748
162.09128866524762
158.84864040381348
155.7954080785203
155.75937976201064
154.49531155683863
152.83773314601567
151.0690233262798
149.4819468143156
146.76961882129754
144.6596864242523
141.75714925035393
138.1850662428854
133.99463279255698
131.20405233559205
127.59289196996427
126.52070243612842
127.51665592619531
128.42737212757916
129.22256060440404
132.4381053866796
132.75648126081938
135.95130031273965
137.1589696565905
137.08955832310784
137.16205748467513
137.65231287889517
138.06789821523793
139.02298623648213
138.50108280773563
139.94078422953316
140.71993408089412
142.13992473087106
143.06893838552392
145.1709297185706
146.63914919312484
148.46722122788287
148.49120773311813
148.8347966054657
150.4296628048097
150.8737402230789
150.79164858306103
154.0449309374582
156.19215889310013
158.51807230499057
160.27531288781765
163.30370872542076
166.15829904436697
169.13016796493912
170.67344793509778
172.4928316212504
174.66747512983116
176.38600967628258
179.10098539718325
181.4527236777379
185.61614449908416
190.42637147707208
194.44124800303823
197.90928866502375
203.17204175097643
208.40389203853016
212.8734150346844
216.69950596029594
221.10179207477228
222.79614509692527
224.89951360702327
227.9988796536637
233.09714697334297
236.48887225971762
240.106444871669
246.11990197706933
252.0498679351091
256.60533447649414
264.47247598059886
269.6870675297861
273.62393627428344
275.0545403452162
276.71338120820053
279.6007084008648
281.50783829345755
283.854578859182
287.28679182958234
289.34473389356793
295.9396286972338
301.0389948913976
307.6513088078839
309.3025184914427
311.4383087903453
311.75886079855627
313.46858448753784
312.7930104346853
313.5449500174899
314.0111877012028
313.7015583248912
314.8984577492486
316.2713910109616
318.36336253256115
320.4659478292352
323.3218352864346
324.6408231413796
324.52867383761395
324.08640493114234
323.1909777595302
322.652442419518
321.37446661347815
319.78584323286645
317.5606927860619
317.3895589165315
315.8375139947732
314.54426013212037
313.5788306563601
312.3670102975063
311.52052509027277
312.10429019908173
313.6226801462727
315.9883254553362
319.42710625762544
320.1045105969602
324.6401844071121
327.62132537864943
329.1974274678817
332.11010650201825
334.5001812428231
336.9545979287746
338.15867985483226
337.9398324709201
336.54398677945426
335.99077784724045
334.5613365419612
333.9693965044147
333.87779726483416
333.35475751228375
334.0048980711857
333.8135546981585
334.27115365806696
335.0681059930616
334.6258034293372
335.34101972481983
333.75700086630235
332.9251710640611
333.1083435306793
331.249120585155
331.3240975213737
330.8891345187697
330.3197339564605
329.23470443544085
328.68797748509695
327.79865156761485
327.33213584032063
326.94622157733266
326.7819039973514
324.5897816504
323.6256181282795
322.61028038915344
322.7450611253115
319.05658553492776
318.05749340682337
315.3653545618679
314.20451286683624
313.7784024310736
313.47555100154403
313.6621901130811
313.5725919317633
313.5619728751295
312.82917069725454
312.3988556695451
312.00951597943066
310.5224662975056
311.5980694541028
308.80251979140667
309.08858235489805
308.3497005866204
308.35293259074354
307.7003185222623
306.5541962850591
306.6217176561679
307.8547311016689
305.7271067906713
304.9799830914064
304.5986498490178
304.4094033120612
302.0617671186928
301.5628864571286
300.4793464541743
300.8062239910016
300.8248766654657
301.271060416742
301.4618887090711
303.44672339583246
304.2668951840249
305.2427308723803
306.94886917820963
306.76619639251976
307.362290365819
309.130931619347
310.27026579905106
309.6686873841807
310.43880716033465
309.4130502480947
309.333538297969
309.6209792185325
308.5572490939462
310.13245463495014
307.9513853528479
307.8792213005381
308.1936175160256
306.7200220936841
306.4243326044622
306.03397030956063
306.3389833984572
308.11884871782644
311.3526429735667
313.88585020009936
318.4030821543843
321.0639487259621
325.7443660974655
329.70508839198567
334.8988521341548
335.8081647041812
336.5794473564667
335.647620744965
335.7998070884616
336.2358852449054
336.89597148308025
337.491269851532
336.6018552726971
337.84632110700426
338.5893296166536
339.0644429791725
339.1671642622122
341.47196176908574
342.45659426876165
342.4779180417139
342.93431186063435
341.15942746634255
340.3317574366931
337.5977863116108
336.10313539363483
333.88539024905225
332.693588934226
332.80615008768274
331.32682836532064
330.1744794111635
329.84064706810733
328.537079450947
327.88578087314755
325.1450499756736
322.31147892359377
317.62929881917535
313.4441523114714
308.5478045009446
303.45361523618897
299.20107614123344
292.6227780502374
289.29926865994616
286.5823475145544
285.3812647561801
285.18254684068984
285.09777826685877
285.03903569389803
285.48500573847247
286.04125720816324
