3
8
d
36.559639068885275
36.685407173527125
36.33331733586624
37.94955748307947
36.73938309959838
37.15655324537372
36.94805411847813
36.70738819256509
36.04257284286654
35.87799604448684
36.25819556440894
34.27021546864719
34.98533046455941
33.90008306773157
33.43239944850524
32.88352956171371
30.674877872370914
32.78979201165723
30.688231616909583
31.001418571323555
33.24398880391011
32.66936446564321
32.75225455804354
32.97535558565107
33.93155841086198
34.75287569331831
35.51089981612862
36.96125841576501
37.753535976250376
39.55434407084166
39.05529884107843
39.232654770933465
37.14569990915971
35.48112620019352
31.700831572447715
29.753525966284695
26.614912992509222
23.426643643108434
21.633957380305016
16.956852318739948
14.433403000122093
12.925405984807641
11.48927630671422
11.102003837408763
13.240093318693154
15.106586359210551
16.440477323821465
18.210457849635283
19.924380154820838
20.443851818880095
20.91095667523179
20.82273812061513
21.49600124380664
22.27370868259788
22.809805270502608
23.32866212788113
25.407470271143406
28.693376193910446
34.687202972175754
40.858769677358666
49.23062146018249
56.046574485255114
60.55768025941267
69.05913395920001
74.7193187131915
80.84971010710636
80.62061107953002
80.58179717260532
80.6639414604817
79.35794770897178
76.39751709300862
75.0473805965235
73.36490074050448
73.2641045888705
72.5697734033611
72.03705573201493
70.5375875430259
70.10954644731763
69.82643685787173
69.33877373615123
72.25877263723814
75.65004387096913
80.97887865933764
84.44257547480717
90.31313770166535
93.76310676122692
95.82407819656166
100.11397630181311
103.65332621614041
106.9361371227023
107.26658840541954
108.7271705638047
110.26245305464234
112.65471378284577
114.70804870524447
118.13557387224257
118.94126933748457
124.08336162989313
126.85119731330428
133.5188713908567
138.6916537558421
141.53032218511586
142.74393927295253
142.1090545659523
138.94983128170617
133.11143023964357
126.75528958134741
119.92123594532835
113.41021525763107
108.22572247519199
102.54014501557337
93.89954565676501
88.4476938831754
83.95341445875374
82.26691841502148
82.05102564680476
85.38196049336719
91.47996397723011
99.20848558243404
105.20474799814352
110.43662010010691
116.91587044674881
119.6798832273861
126.0755874410749
131.19604592425313
135.63911928658808
135.85119699557913
136.10237371278453
135.5860905885963
133.43724621552016
133.02012098019597
130.5249027794864
129.6028371324237
129.00981343075165
129.84093403049744
129.03794969296354
130.187160934888
130.13132984813507
130.99167493672522
130.10548659988754
130.07665629077903
129.39978374451073
128.20844607076523
126.29487169932628
124.87275069431183
124.0411889189349
122.08967250972393
120.52535982710629
117.12085577206282
115.7978204532492
115.65679922044758
115.49440129470169
119.65430147917728
125.26728761876232
133.61531648969353
138.70177690922299
145.23027856387108
152.73347509394713
158.65538862836382
168.41800268069795
175.7579873350069
181.37961741613282
183.1171486724435
183.98419359322116
179.34712029559557
170.94667168520124
160.08682284710295
153.58778977871475
143.64226565295021
136.87641230115034
130.03102448133598
121.05964910168895
113.53481806892265
107.9299758376637
107.18620462004705
107.1963617358373
108.26453743652833
112.04449300228015
116.76783589766481
120.3514062202361
123.30776026934565
125.64630817077952
126.458329776402
129.0935155590205
131.5516996027779
131.4839231489745
133.5125516605394
133.287820751884
131.33209547462505
129.7698434281733
127.17698275917327
124.68979502303362
123.6547065384942
122.1312119808524
118.42076544016358
114.64369405747757
111.08683882128204
107.76469587876076
105.96687064810169
106.56919615917992
113.70976706723333
123.51335340483404
138.85812604702377
149.35649099992912
161.05173232300496
173.1183300905818
186.30308823111932
203.3488059259113
216.81484519963655
229.3003314148584
231.74472521720259
231.55641995179477
222.29109673317538
208.80826582376068
190.55401939863884
176.62627109208242
160.6851569184165
146.86115804797782
136.9464743769958
116.41691534953215
102.11236008174842
91.62818456828317
88.44476780218118
88.16893329881879
96.98921536401028
109.45133502949294
127.02168047498456
140.35655991655446
155.60509420403488
167.60318292488165
177.8690983735038
194.54073330644505
207.6265784630385
217.69133330475105
219.64443526659085
220.21323582923966
212.66064853552163
201.6694439757061
187.51762235489747
176.8923095588331
164.16480557160605
154.43838862705138
147.9616967172374
137.73693487888568
130.31380082632427
125.06171493871226
122.86437555948012
120.75060914548268
117.41585485280014
116.09996845521695
112.1149514176198
109.31000439184004
104.99555909463372
99.7468956218986
92.09082943876012
83.87185836778393
76.74200039708491
71.3140569169496
69.52481307319998
70.75646760254423
73.33134094954512
77.47466686713796
84.2129340338822
89.44811935212343
95.23721458683731
99.14410142642899
102.29694453117828
108.79968974895782
112.54510211638356
116.86332919783274
117.7340078395633
116.65282210831877
114.47986905583502
110.46444949529949
105.48140137025196
101.96388294745269
96.9863346231408
93.6196795816035
90.59308334010122
87.75563010312447
85.06378816553281
83.07628286677253
81.92894607010719
81.55957882826607
81.90816645069874
82.3766750472636
82.72956969317191
82.59793281828549
