5
10
c
105.54747316234823
105.73209850719464
104.95359804219181
105.18411504565249
105.85668586848485
105.00182574273116
106.55651143506584
105.88275254921817
100.42404992786952
94.36667462110567
85.97098444173379
79.40544570673887
72.87407572733008
59.46396351725084
49.885883787300195
38.64206739168821
37.22610149209118
36.06928751989041
35.8217103930814
35.77590845362824
36.06431328484066
34.68093147544801
33.86380794414771
34.22493757754503
34.24130615866534
33.014663982289555
30.53519020744251
27.483560567427777
25.80330491560667
25.104934709515135
24.580999520652025
23.34828857555914
24.70698021334523
26.692463175463015
28.041461170846944
28.943742626813307
30.74538992311699
30.96543998458085
30.823828529105718
32.57073628575668
32.83970454816503
33.31845146240281
33.859218883916114
34.63329266258992
34.95085299573472
36.82554718881864
39.6726282900695
42.294612566992015
43.07291902178417
45.3962660461268
47.75790246282064
48.97809891457567
50.19390886873794
51.99244697421581
52.73417886945666
54.482759405022485
57.888739561964755
62.96438701717792
69.89514837836163
76.01270209811668
80.73439364863493
91.21468891921843
98.57033862436064
106.7515081178655
110.81262996664057
113.16416278026901
114.26799732756416
114.65102644387827
114.6600624860339
116.31378090767446
117.53453782762557
117.95546431301058
119.38814343800861
121.02767488729549
122.23660680674053
123.69563647978838
124.40170390249368
125.95364048262785
127.91105987691888
129.3183858572225
132.86345951151355
137.53393533732458
145.68562411772106
149.18105277717135
155.7222864134659
168.74385508594355
178.9796855016688
188.32807060914982
187.9247692340889
187.49025541466906
186.9208499827558
187.9708647948725
186.89641457575613
187.39411702493945
187.80859948243716
187.51757976328355
186.71169105362557
187.67408162780228
188.8227156018693
188.1087702252924
187.88885131252184
189.90620077654475
190.35652453124086
190.64322927083586
191.93899446532703
192.62678790618872
196.50435222970276
200.30534925888432
202.9109877448054
208.6414176916531
210.80625343146457
215.3725560700136
219.9712851620745
223.04236998919683
224.2251178503238
223.62821119268003
221.84273303601822
221.0829718313456
217.91957458814585
216.43836095395142
214.89249297110663
213.8428312464184
213.73791616562312
212.0238352815446
212.49818957144967
211.44447860088098
210.6681060390116
210.43757336072213
209.83194569006787
207.94035369926073
208.1523292938986
205.85194023881996
204.88054736039138
201.79098369950697
199.929870428642
197.12777646881474
193.37428147299744
191.871046554295
191.8512798990982
191.52076179052867
193.6834517578291
198.52974589446222
205.05742129260912
208.98786456601584
214.41029035488063
217.1852347108626
219.24998116507138
223.63879712056638
225.5708925382108
229.29752501843618
231.56267301041765
232.38404139427513
238.42707327616174
243.16799775408535
248.87559114688233
255.1574928142471
262.15181226958583
270.26441184239314
276.5595129450002
288.1796903446298
297.13033251640456
302.3286677671171
303.97984896831036
304.60230714361086
301.4227098984279
298.9316618564564
295.64315331723304
292.2662325340186
288.6106631517469
289.14500085604203
287.1917464763738
285.5439284288727
284.6785621345391
284.2799339012507
284.1039637048126
283.83372234314515
284.3418969282343
285.0539250520012
286.44702930277356
288.0611121878163
289.6496104089595
290.43479616680264
290.5296186823983
291.795358661292
292.93451481139476
294.6383087225828
293.5161048273695
293.9707431262816
293.9315179752127
292.8642552579366
291.9675878279327
290.71411153453454
290.2346613286367
288.7238293018392
286.21482517358396
283.6174993163098
281.44791406804427
280.0376589723695
278.48253250539295
279.5200922206766
283.4408264469119
288.80035762860405
298.2650972986143
304.5766409680897
312.6351671180631
319.98923879437507
328.53201035843256
340.89622763876423
352.2378762400728
359.1345581278954
361.97005768890534
361.3845789636198
351.4769898407649
336.5053891248095
313.94066840181654
298.2723164569095
279.2073858199061
246.6857031547838
221.7896390584432
203.07060676970664
206.34556733039057
210.23555002781654
211.04863699740528
211.05228551683362
212.38594434650696
213.2095783683857
212.2932890715827
212.03607806769563
213.1362101279392
213.65456848604632
213.84274636044958
213.44736918071703
213.7078498072285
211.75703703824584
211.42533946426653
211.46192925637285
210.46523729906312
208.50343579620926
203.1000412453216
200.86761173145095
196.7250552291617
191.6206567379906
188.77924762536995
182.7319762076316
182.57825074194318
182.02143515668337
181.22374656059247
180.70156820624618
180.78810808488421
179.6255884154717
180.03778735126699
180.5734086481476
180.6139525226192
179.7784581658065
178.98794685499593
178.32771412105564
178.16976544448804
178.51318592765082
177.22325510935067
176.7562118437868
175.57403803269742
173.76801470296596
170.38601714043318
167.62651773554472
163.47433561516547
160.6255696063456
156.50715184863665
153.91996523199904
151.25897499488048
149.13632280040184
148.6688801413719
147.11556588021264
144.64132173749425
143.30172654476067
141.49789336442166
137.35679314455996
136.50289303501683
131.8318665926828
129.87674623797457
124.96268252758871
121.03813606322562
120.13415756118856
119.0488902683664
118.07704069236605
118.99668157709033
118.5341901411813
118.17781004865995
119.05887499997517
