3
0
e
57.194258362783586
57.187261895752584
57.39594587370682
57.00164471773013
56.47233321402309
57.405024181308974
58.133926238181616
57.950144175763484
54.0453709119755
51.72137115877789
46.438262143082056
43.37672006553597
39.14319869366019
32.1976199942229
26.879296725636962
20.256596033270498
21.070208078819306
18.786662982780893
19.406970298399813
18.828799126656293
19.578572543113896
18.45994159724595
19.67690054165636
19.630501750200796
17.693503494782934
17.994478738583332
16.45497722700768
15.276970052016663
15.10229002817377
12.79266439703405
12.831871958226323
13.93251567963055
12.624634900354165
14.043588620647158
15.047126940130276
15.782116990728305
16.296534743860757
15.517570991677362
17.54478271947712
17.57641642701899
17.579808052645273
17.85915874127997
18.2367042082249
17.705128345139567
19.468657754271028
19.93189786891757
21.917718213158906
22.57639530597425
24.140507617823573
25.373126818541504
26.296261355533243
26.97721587491745
26.35066169773541
28.588658236648627
29.523544908237053
29.41025649742222
32.06164336475542
34.02975063130241
37.88195012233025
40.46183739067193
45.40235367693431
49.80474387895574
53.33306814225344
57.55406793830456
61.18459924325935
61.29791912014475
62.719357525288736
62.28851113874034
62.28274555556861
63.00864289363175
63.45603638950836
64.2798325887745
64.66337708670177
65.1553816669443
67.00834644876154
67.07238138262272
68.27102878726659
68.98661703757719
70.35532109713395
70.64516662530879
72.25980065038554
74.54427518386201
78.65618744555923
81.82058399427788
85.85894953951227
91.86861023452065
96.98424836435335
102.7285946247056
103.14321220561013
102.88960703097734
101.62280789168223
101.97940409873412
101.97560166076761
101.26761114751926
101.7800336212256
101.91972503518859
102.86262707019569
102.11647774655727
101.55721341337062
103.36671175005253
102.56505107741555
103.43748250975526
102.79651131769272
103.12883754449528
103.7309930094874
106.36652878290396
108.16246595357958
107.67599441793463
110.44492447468704
112.86921268545277
114.44861643191102
118.43438302011414
118.90797830984198
121.49813933286012
122.02637337403213
121.52967000236421
120.50524141038642
120.00284916218065
118.58901391420119
117.5123925098985
115.95113850691587
116.23862553826535
116.13712301610862
115.82271931308901
114.898540745483
115.66555613459259
114.64359841049958
113.88217479275696
114.2850868894735
113.45777916088805
112.10846616349372
112.17863188058811
111.44227173198747
109.98227915926732
109.10076102338807
106.8972522309386
105.83820877775148
104.83325069680406
104.18957515580632
104.813320491389
105.45220462154029
107.67964842120881
111.12491308707148
113.79274940404149
116.53290035492024
118.90037658168228
120.94912345144189
121.55149635864555
121.77170616672322
124.75457494244527
126.23396954576614
127.04104182635879
129.92182431666245
132.09871952422623
136.6209327698989
140.055006447683
142.17333319043513
146.02684478825813
150.71790945306122
155.8409151766721
161.58048950151453
164.0425754989677
165.87203601599168
165.94208803575796
164.20802355501846
162.61976446986313
161.08085494944999
158.4758983107301
157.27084958028502
157.0167996260024
156.79779808431874
155.60316234958177
155.43085594611563
154.94265981129428
153.60107702417045
154.52213799354482
154.82378637826713
154.990592639898
156.41711189386433
157.25296246179718
157.2107512068536
157.61878943913158
158.8870869999212
157.94740197136178
159.9292235794689
160.03249356696205
160.18772692375273
159.86243617918467
160.12223059181565
159.3747742356783
158.53687201493048
157.8731472345977
156.95108706893228
156.2990531422899
155.7331616165345
154.42106785531377
153.94114645282698
151.93157220398865
152.08670943884627
152.51463944291118
153.7572943826576
157.76007881581407
162.28599994880915
166.34097606396455
170.6199386059832
174.27905247901808
178.3122138913028
185.20159293872553
190.1654908894269
195.91445463677124
197.0209919719286
196.22628955786936
191.21306538486857
182.16285951479048
170.67378009435834
163.250111992941
151.80942632358057
134.23209451511235
121.2791569778191
110.94057413286194
112.96983309768689
114.56653286959207
114.94141888292326
116.3592361867889
116.40263955806117
115.29373945536054
115.97619567322725
114.81513268128106
115.81118363412396
116.3764345313244
115.72082095459474
116.23750157891392
115.2208274446022
115.81580606066792
115.567327430471
114.24529129592906
114.5246340260242
113.28619052644515
110.95551925986315
109.64405867479243
107.75716363846753
104.6958556386106
102.70561137496034
100.36395469996434
99.3258968141468
98.1646609739803
98.01378380330296
98.9157893797764
98.60970230732063
98.57387309976605
97.4263090496955
98.18620370733979
98.00887350361712
97.36260276248397
98.0445972107517
97.40240144033433
97.20887468058116
96.72041674741713
96.38602619446426
95.4834992569095
95.27863228984528
94.59307140357035
92.7820695986714
90.94906160637282
89.49682410072737
87.52703994623153
85.57860600938842
84.45601706385584
82.34141183692961
80.8375114987614
79.43845451464627
80.2074196971505
78.53789984289085
78.50647806167456
76.33669866239778
74.96637952765268
73.19084217670748
72.4138755520209
69.43852708061085
68.03644074287864
67.02936044800313
66.01069490637678
65.58509077118964
64.20449087008242
64.97926847649853
64.23638674709878
64.91163517806923
65.42527468438637
