9
11
c
12.19000453389339
12.428129357774191
11.374085599853078
11.252263859680701
12.883097232159397
12.584962944544904
12.608585404450764
12.628742650061582
11.629541401692444
10.332748309451219
8.890969660897001
7.983148449895389
6.894349243309695
3.6937004630354315
3.2266894281565066
1.1921871220329212
0.0
0.24521211670866025
0.0
0.5546157794352025
0.0
3.0747526031651
8.193506599028785
12.778897806989027
17.156030882696
22.200310015489737
26.784363218208437
33.35570690153333
39.39429933917278
41.86299843188675
42.4369670128009
43.168112841221216
40.1099532695385
36.6995178019956
29.24792338812951
24.658208079528222
15.624129500003894
12.061481230001904
7.502386570540659
2.5657784410119984
0.0
0.0
0.0
0.614756488720581
0.0
0.5508993870062684
0.0
0.0
1.5758488895233282
2.7719257679218012
3.943092377951405
3.530292103255486
3.4611971658503973
4.209981779262659
4.769507754042179
4.47473377199889
7.008804981195866
7.981209015494053
13.548437034852775
17.796933745930467
22.878356758211225
25.90495199185094
27.733406728571087
30.41373986349612
32.35346066797591
35.681379864434376
36.89967469494721
38.93082492541079
47.47430618713572
55.6437847934336
69.15603066306403
78.78013675321532
91.97664157730381
104.9781494953845
119.42710492884899
140.89990901674128
156.4464507841013
169.03045992498795
172.59671279713865
172.7062759232805
162.52555008121547
146.77732791667836
124.66879651076572
107.7829186794894
88.86688556074705
75.85956812341375
61.3875652776451
40.48998428672152
26.646688811715535
14.478896808586263
10.812671440935643
11.394373844188506
17.660607680325445
23.841112624301335
33.18294190962119
40.219650536843794
49.03700172392113
52.27657478595606
55.89476966814122
61.39072642895044
65.61932086023036
66.83502893362314
68.83368961723937
68.78754052836922
67.98218650372101
66.59836108081969
65.62686323174275
64.25709571205489
62.350135389587564
62.26937140277885
60.32018445042803
55.254973216744084
51.12846579076869
48.158104320096754
46.34598770300289
45.473392095364424
58.93426818647394
77.19791892713873
106.05269334774908
126.2118000877834
149.34555109039405
177.87786132976436
200.7554934326328
230.15784042350072
243.47342838087627
250.21585880229603
251.95393909866155
255.9503760850755
257.1792466965811
259.536108526932
261.6095139647841
265.07847072662463
267.2606808441979
275.651166874333
285.18235530210217
299.6006407393926
309.9636184347408
318.1402373048357
320.3386630567975
320.2069752231803
311.737512172785
297.8921712605651
278.03847062547663
263.40096853308023
247.48380391409964
231.96158075755744
220.09077626665973
203.46827584841307
192.91248344812843
187.93992603812205
186.42808040122853
183.6480978719388
180.06114446334175
178.571722049438
176.06872647205444
172.36165521644898
169.57484197844815
162.34308224851318
157.15962698844785
150.083988721863
145.36358088136478
140.37595775038835
138.49538576922245
137.71538969729826
135.52290362281437
134.0307202355845
130.89672170256853
128.62294485699064
126.48833367806839
121.68763482353829
116.68898316659039
107.77829670308864
100.92839998162765
96.65300501575973
94.93562698687029
94.70939871558859
101.53140321033766
111.68470982945263
128.13510021785834
139.95558847922695
152.45713527086102
163.61483011276223
176.95292412089515
194.96395675064113
209.7892782255686
220.5987558424509
223.10567002989123
224.68864399359921
212.32213391425606
194.03868946876705
167.68227340328298
149.13881321752743
126.14048633029223
108.88195813828236
91.75715610534336
64.65354922473833
45.732706259243045
30.177139919594765
27.11408162206473
27.106700561542418
34.47981065898068
46.261715514279814
62.39225659797672
75.34575835716572
88.42321363115316
96.64202620560296
105.76068183526228
118.5724334405949
126.76188819941522
135.21377488098764
136.80787773588216
137.6385350091002
132.2186919649053
124.00290905662224
112.4424230688733
104.97253013829005
96.39782523860355
87.60220811422157
78.5133490309163
65.46149118474597
54.58282139091963
46.10048559017595
42.79791815391888
42.57160082986618
56.7090585118858
77.50193921974501
107.77023426493699
130.083517079527
155.33223858892342
176.9654077003147
198.26717203814826
231.1175622466339
255.3474540096744
274.1218092293919
277.7246646201108
277.39124929972917
270.89695768499183
257.78416016975314
239.83644890391437
227.48851024220386
212.03325549482597
207.8827985580867
203.6562574663858
200.8895491162198
196.52491322133045
191.99349415431547
187.4032763094139
183.7077625366763
172.3693221735361
160.20974577130292
140.08426713659767
125.04595360286496
105.68443016511756
87.03352654253047
67.60583884000872
41.15539024829139
20.005722517768483
4.096467536485189
1.4787448445145204
1.6329934736060736
3.5738671475744956
10.783424628105466
16.593583000689552
22.3133464640145
28.516102481565547
29.616207746537047
29.03768211604544
28.372522601969724
28.65857206497879
28.124437644276558
27.98649663611369
28.4585615811963
28.003872166213444
28.76040623748898
30.850223515229292
31.881958849804818
31.624662515773963
33.758096305390715
33.212051352113335
33.728897854679445
34.2233280440704
34.21411249659203
36.448507537627066
34.60170042674355
35.3057638071112
35.11390363743211
34.755401456578674
35.39475131212037
