9
10
d
149.49387635287817
149.38541609789317
149.41567065977767
149.566538630102
150.01343080219021
149.19110095348103
149.52855042642815
149.07271989821146
145.24809692728715
137.6168530862602
129.19556514805936
122.92736113234615
113.95511645258856
105.73406126751556
98.5682476986327
86.86882359851384
78.41151271089967
71.69876333304772
69.84479817592758
70.95898080115576
71.98753188390353
74.84857201421642
80.50514431480012
83.97802968738483
87.10022390251966
89.20866780573098
90.2422767445871
91.59268059798875
92.32347990185951
93.40541638437625
92.62313210364974
94.05542313282761
92.94872594443528
93.28282217243398
93.98991607947818
94.94860895194746
95.28137602744177
95.01411209323402
95.93071243503962
96.13443044357727
97.5132064622669
97.21252940181188
97.50933943035392
97.48252818713982
97.33953550890634
97.43076887517232
97.42187027833408
97.57518504148821
96.62598730846035
97.61449551700609
97.37235917428318
97.34046004422541
96.77117393291921
97.56996674509266
97.15492527033554
97.2558858063381
97.20122572409332
97.30362571059734
97.08694855596781
97.82771155947282
96.37990796123808
97.03108001472673
97.26187131820382
96.75725989442002
95.95343944588922
95.05432986742946
94.9519328765068
94.93833320414173
96.44078559198309
99.50635068222802
102.56706598861896
105.77484454098844
109.3932944463182
113.97244856445714
117.7870092271961
121.91754492080895
122.52252300062057
123.9629898818878
124.3712985003398
122.95080754961946
123.91209332615436
123.32344792224802
123.84669135171814
124.00489240231907
123.23696419529263
123.46474871179323
123.3812788043933
123.77586792346045
122.55050059243663
124.4940916939129
125.16246404709365
125.47080475781783
126.40336993190256
128.40752192141923
136.47410675666163
144.68082783337115
154.22338570082456
162.53516470417347
169.87425245758928
180.27201468301362
188.07810480725607
192.25759236592688
194.0411511920429
194.47979468490954
192.47672791704025
192.29940924090133
188.7730815401768
186.94641965535425
184.61785019068665
185.16781601782984
185.42317950062323
185.39870988445816
185.8778041671118
186.2456905700062
187.27629176571276
186.15802113808618
184.8325060786294
182.08243062280286
179.36194680160116
177.3711780594666
174.51643806940442
172.54716851177537
170.39193614792413
167.046358542871
164.74659595133798
161.5993141967455
160.96757520781517
160.67147992983263
162.04926914790715
163.00557962519554
162.8129277524651
162.7718548243233
165.24877344748765
164.99409879965842
164.24795499762044
163.49800598845582
162.6534584599511
161.43266081528517
161.86756892906166
162.29529184912658
163.91026441613755
167.29266552622065
172.43551549747616
176.21815041514486
178.56104148256134
183.3498299653305
187.73959956486013
192.6425983586438
196.88236623343488
200.78518628799497
201.11854245980714
201.70918459557353
198.517111993708
194.9198883638887
189.82810729371297
186.92094649282137
182.38950024317174
179.19121162063445
175.19170394329214
170.9329103429915
167.0947347464452
163.1253809558114
162.1590276428373
162.59460633503804
165.73055799472493
168.5294819594933
174.60015016655893
178.96046895243612
184.32689722365373
188.56689632563825
190.56653447059136
193.9421264382406
196.81947985427658
198.11782773298933
200.0328413362642
201.87778687779033
205.36735437810822
207.40409751589513
209.5926920658894
212.48263750255902
216.0215384098357
220.6409705915523
224.31466897601004
231.06509021419103
235.31056085291038
239.2496908116827
239.48502620861242
239.92883344517995
238.22866100963194
236.6632942502735
233.00732630465814
230.2229347880399
228.32795002659293
227.54322898531473
224.9907803025609
223.26288972177156
220.71419596831305
219.09986979412824
219.97315473509462
219.064746827303
220.80197372996537
223.8961776498983
228.2853716289671
230.5956804927479
235.78372376100293
238.56377732689455
240.5590554528226
245.41120835832422
248.09254792466479
250.86582479598286
252.2012101669077
251.77092931483358
251.1186082534403
249.71648732918726
249.1503345778245
246.57060352790347
244.78273258885727
244.0652056556724
244.32704345194082
244.5658336114021
244.25085373752972
243.51096868686824
243.185478301087
242.32864412686266
241.06068835654375
239.82642569527272
235.68495997192863
232.7556036813991
227.91895302122907
223.02454414882857
218.66732814459488
213.90068670567447
211.1171183474362
210.74879234018897
210.2116144208677
211.17070608227428
209.26143995518268
209.54040235420916
209.06147964261388
209.62204819291537
208.97955961938513
207.38030701056982
206.22816822256144
205.3963883152613
204.5988814589547
202.4480476044721
203.00244859102062
202.10944421660213
202.0320490251129
201.19545687962813
200.83112446525803
199.2767979507975
198.79328440829926
197.41664651800778
196.85944588543813
194.94508450716756
193.09901136827634
193.17863063117633
192.56039684541489
192.5498925709599
191.2976732314011
193.29790133188928
193.34599222673714
193.10524136543995
193.57347122452646
194.449026555506
195.49769210898947
195.18507096385886
196.0744086694764
196.71210771978758
196.60057448608114
196.67426199258685
195.6396163140525
191.70426250294742
185.93040800781583
183.90533924895135
179.47629420973163
175.51148438126427
172.1640408973951
167.64595990397424
164.47759522950975
162.20490641919608
161.52854896606735
160.86577377908895
161.10306584598277
161.40449333954984
161.36832137865616
162.04263850756115
