11
5
d
98.7373046058936
98.99724662813233
99.38729340016702
98.8261588717277
98.10331216623185
99.78486944704025
98.99827923835755
97.34953357400401
93.25050777549707
85.48890499329069
75.82749370202217
68.91775907800486
60.5315211147019
50.64324674769313
42.9165347957655
29.87884995711702
21.658448599833303
15.258071972948995
13.045822512222866
12.78487261407731
14.870929369060232
16.452325351530906
18.785134583646943
22.981128134748744
25.526260595220737
24.258476663642103
25.595509501294465
23.74499739579227
24.090377111468186
22.727453934855948
23.15106719746102
23.76186905386208
24.53758184405538
26.873569016811437
29.60328372244776
32.366216701388865
34.836415415658315
36.51860790125528
39.33563883955758
43.644052175477995
44.79282387947987
47.597200794878965
48.29253643491075
48.20528973229603
46.5007707822081
45.45416786812662
44.21244658466053
42.931700478052626
40.69322319185693
39.09428826748902
38.21074866540105
34.25684661521336
31.447793993622835
28.670628786216323
28.17022517460533
28.18653142251108
34.73747411277877
44.19738143139181
60.12560935908237
70.10676806872337
81.11334310377012
98.83390019963075
112.7185863128146
130.23229697225833
131.6694745008831
132.84260661179889
133.5973537352983
134.20254853192702
134.78719856720775
134.3078249351572
134.3836352331311
135.25327538666454
135.4881046017115
137.75897957146157
138.81895270885022
140.39358769480094
141.16947768651286
142.1266434577186
144.35414379508205
144.34305205811415
149.00512599587188
151.9624561510497
156.75902041635243
161.82082131049555
166.28114715163466
172.28545168803933
177.36503034758053
185.9887260182338
192.30889511674206
195.29981965486613
196.43538520699818
196.34366268113624
196.69520230840024
194.55039929732988
193.11873994380215
190.65680892497056
188.70173419488603
189.0185358857685
188.34332908372397
187.72956147134818
187.71412905987276
186.1960915634659
186.7174342486055
186.824656184908
187.78150181931233
191.59061563324093
194.28217837302049
197.9919236179459
202.04353856007177
204.53555063717477
208.65577293070183
213.57456758826078
217.6237832139357
219.82769801856534
219.74673444945336
221.04857463139888
217.89194179221138
214.24535159220463
209.5762086871312
205.90102819590098
201.62495427028742
198.8809102743824
194.67176515374072
189.92599670083584
184.864890324391
182.05677081389015
180.89879151814108
181.11798500985685
183.484614012666
189.17617182107756
197.1494158849417
202.27702311093074
207.66037862595329
215.84468091202143
222.39630659636737
229.0999993950044
230.08539445439158
229.51487620911917
229.7348946995594
230.3650579138143
229.8128672358005
229.1533704238855
229.78572545792673
229.5036244986104
230.16972130238562
229.74300836888733
230.02719786082008
229.45845539287046
230.17255593352343
230.34373117242106
230.9569746356203
232.669846314337
233.42619030936106
236.12060822774987
243.46746634713705
248.72019100312934
255.84010019085207
262.68879544352603
267.01660604583986
274.99063397865325
279.1410025548922
280.2680110260638
281.6652847933365
281.21245488415275
282.7152687601894
285.0658823170265
285.3278367729741
285.42042356181344
285.6625023704878
288.7312958513851
289.7851595147838
291.3246408889833
292.40148505035114
295.1093785225711
296.1928317809357
297.48063983878563
301.1832098724126
303.7328983170396
308.95261690063967
311.23019539261577
315.30445417986266
319.148884668208
324.69293813875896
332.18875582335846
336.5669800443028
340.01183770689113
341.4881293928718
340.64044904301346
339.14359374916296
338.3870910946792
335.7036125871145
332.7291645275339
331.19333960744825
329.7643519189611
330.2328522950784
327.7384430214567
327.16741072194435
326.4524325372903
325.50333557847534
326.99062829049626
327.29772750285815
327.1122194851843
327.8003106311736
327.5101875627625
327.6515450416777
327.44517244383
328.67847652432783
329.2090250724615
328.7260490698416
330.1398737773117
330.4040202968565
329.74156355831053
327.76705767082797
325.46701678694404
321.24317875696573
318.14773902953675
316.1768579267482
312.46353566528467
310.9886590777647
310.555744297943
309.4284540495996
306.48954578654315
305.3466338977354
303.22799237632984
298.20759901891023
291.33758993426454
279.2237465041651
270.3490055167888
258.2475799709407
242.94685639129486
231.1651122679526
214.51085134068018
208.69041833731498
207.80077531540257
205.68690843553995
205.60841711129768
204.47777572133552
202.9646194467692
203.66936333782294
202.29069211086377
200.82221071349247
199.85633872088044
194.90304351988422
191.25109307441997
186.48338599806584
184.74470587629511
183.1264369525777
183.71106346903483
185.7697130172976
187.49184225062717
189.51916829744894
192.27687873896272
195.5570929045939
196.8798220013857
198.94878985889696
201.76551345410132
203.75366759341946
204.90625422223565
206.58123935434205
206.35927959853427
203.48860507199683
201.1851928462558
195.70296976285087
192.2340991886029
189.01081266279778
185.7259694404967
182.8043405696434
178.35644395140267
175.58836063072164
174.45740056201242
173.74993906055386
172.9090387432442
172.13719816807497
172.70858653162415
171.28334828877982
170.3661419929723
171.47632327738373
168.58666904051773
166.8821087687035
164.94801023417807
163.8497167186927
163.1328392206451
161.63550510045266
161.95931843695448
162.69238856418204
162.7908229701439
162.95921857784197
163.20632856618164
