2
7
d
162.2987763792638
162.33099035589711
161.9923442892396
161.84059435619054
161.54749834095827
162.34132383749684
162.01589293631724
162.19993464881625
158.81431529125112
154.83746505018556
149.4700079379392
145.0897629318245
141.35914166823648
135.24467844870716
129.61417651980514
123.63669155878583
121.49885865540043
118.96128715036053
118.13846224098874
117.06359833139847
116.90998463419203
116.43211865581851
115.7136055222699
114.66952383576825
113.54460120623551
111.65974255945444
108.79785265306326
107.8897578468216
105.56520549778337
104.33315399999117
103.80630315873941
103.64780536582504
102.55140006532982
100.23539262744895
99.42820913042789
97.89152592758586
96.72560063336694
94.53324568280468
92.22174406369682
89.22271500729191
86.73995973037324
84.73379679289346
84.45328270381233
84.90764313491728
85.55848082779737
86.2147968828026
87.53041124534211
89.56777583046018
90.52000721982677
91.47351590654714
91.16869579518084
90.63915494304527
91.42404876948304
92.43228759048343
91.86312553910552
91.77051663621262
93.75100190924057
93.95835905896341
95.3551942159613
94.78640708632668
97.26725458173983
97.02480112293901
98.77361553515694
99.20431282530951
99.15044877948512
100.22116653283497
101.48164807474312
100.90332544543215
101.68629292683292
103.13427620708741
105.82739209567076
107.50011461531152
109.59748839359752
110.20001816560898
112.31552340921003
112.5266337118347
115.28313108977397
117.0992843226153
118.13517173763717
118.63677522247495
120.62718558702691
124.14809285016075
126.58703944587722
129.28253551377452
132.64224538808202
136.38566035318826
137.85406536254885
142.12598267128462
144.68158533371974
147.1477045957677
147.6826670820949
149.96065050722677
151.99344635071532
155.1883248821525
158.38572766471705
160.40730842185158
163.4170110793606
168.2818248403237
171.80938162839433
176.4948405218761
179.71306748441202
182.99169242577358
184.24709979269403
184.4900308516187
186.83766501890156
187.39168146172992
190.19679668791917
190.8434182617348
193.60448828299403
196.79924821948185
200.60000395527456
205.66345830791298
207.2990409048833
207.38864808044727
209.96394470337265
208.40312122254753
208.64709862439935
208.6846214450137
208.84448112365686
210.20005181241777
210.65079120632404
210.85626872923228
211.71297417709735
214.19249075269317
215.11889833107156
215.37586425983886
215.5605467463787
214.95573010219107
215.32866113789154
215.09703648049347
214.44890757726742
213.39829258952818
211.1289256845315
210.79038829320805
211.4604920514681
210.17475148075894
208.23013764526397
207.62851859880905
208.3505488144459
208.04045639403245
208.18418505011812
211.2236680698204
212.48401675081914
215.71697149116088
216.33419793817848
217.15188810665197
219.96918926058012
222.10259834644742
223.69042901216622
224.20065887340735
224.98546483423314
224.84707187590956
223.8145874268895
224.03864560521814
223.81274820561228
223.40020518486835
222.81007864990602
223.03952957524018
223.00271330108913
222.78680984408703
222.5453232431773
223.349134020766
223.69376650472583
222.9747985662992
222.10054530828643
221.79825329928943
221.64285915646764
220.7409472818439
220.17396871933175
221.1737148548896
220.4007708031938
219.51942607749587
219.33925602619234
219.64045460760855
217.43841697350243
217.03100454744532
217.60739048395368
217.41192073653013
216.59936073003067
215.38851139401828
214.225232609349
214.33927407650845
212.25284529697575
210.74086379399978
209.7368333602706
209.5001616788901
209.40762728648227
208.63680629987707
208.32649175480734
208.2677085121644
208.21006109199317
208.61341657203292
207.3527383983359
207.90350419342778
207.25077272107018
206.40953683790707
207.33062701364142
205.7874725761895
206.66020740712577
205.9389881509947
205.03051371020007
205.14895855890623
204.58700839824226
203.96010013554886
203.94283086650714
202.5171410719635
201.84626721951568
201.13587993162153
201.39811403536177
200.86518947148164
199.4760184053045
200.90643087550683
200.727442964462
200.8011854724961
202.1319794867193
203.26450791677252
202.63547651499738
204.5948816384054
204.3030770826998
205.88785261686837
206.50695409762085
206.466541200036
206.5730709886871
206.3790352705876
207.0438860215358
205.6369787515796
206.43368354197128
206.09820089078758
205.64678187312265
205.54551072225146
205.7129273986115
204.71392287487097
204.79078711876704
203.60913979726962
204.19892072290645
205.55811134769831
204.99532682713348
208.05210951977185
209.63090424389677
212.16991524923725
213.8555914133549
217.77134139632602
219.39710948123195
222.65276016264792
222.86425364542347
224.38863857815636
224.09138906334923
224.4761469499309
225.20280108716707
224.4391007321957
224.24423478271493
223.53617969539349
225.77643093795908
225.2513682541172
226.14479762310754
227.05424511211476
227.35223302651403
227.9000360296042
227.3603712578461
228.78067718948068
227.88933239866498
226.83645003650764
224.8332209427976
223.88602537990096
222.52299380600132
221.16669358791373
221.8979253050005
220.76665716514677
220.40782162314594
219.3968577509208
219.29751213158957
218.35573960113817
216.3487141910788
215.25453916250245
211.46978876264888
208.77933395540668
206.01174226696324
202.249418641813
199.864567024801
195.83302813931834
193.08790800795651
190.4069085737056
189.61599403295517
189.76188805334837
189.4831405948938
189.6428390087531
190.56915583570154
190.72573279210442
