6
1
d
41.21452945649891
40.51371610368696
41.3651334897448
41.49202429400274
40.762921098118746
41.54589451965193
40.4633295091151
41.543051347289435
38.51481066103252
35.99397130043693
31.665720647007575
27.66644987411239
25.218845310049403
20.821442174145396
17.32383668259596
12.712546546297407
7.819754391491602
5.903601563142818
5.563260356873556
4.965075300435492
5.342107129411858
7.1411869131247485
7.696014927412745
9.210287900139239
11.254111961182257
10.314124034069119
10.326041249851885
9.214699260251157
9.638315192351088
10.368943440650282
9.060464473800334
9.238524387960705
10.090964522216783
11.384138345790829
13.08495398472984
13.866138665479376
13.704517926175523
15.326900076640722
15.983894206660402
16.95812207319634
18.39460689033459
20.30344317783414
20.195292392163413
19.67428767442368
19.75494666189353
19.615710240547497
17.583873354333864
17.75281114008367
17.142980958362248
16.25881378043906
16.03599498168234
13.870804095957356
11.906844695028456
12.003694277774857
11.154491495277483
11.709973422449915
14.966862073664675
17.97207579119947
23.70030817754384
27.90134564976765
33.585247111462024
39.81845687495728
46.09135500485326
53.40864681790804
54.092847240113926
55.45404394548513
55.27434264180988
55.20622952739607
54.89843592774299
54.733299764112274
55.2663572745307
55.79316883959591
56.40957035782676
56.697146684802505
57.1663819006767
58.32112467694542
58.88597685609423
59.01529977018169
59.779887583559855
60.077298389895475
61.804674922138375
63.16754580728028
64.81333356712013
66.46490119132191
68.49724742426915
71.14816324440918
73.9164416173178
76.3976679805151
78.86611037180403
81.5122337349922
80.98952721568955
80.52143359963384
81.18402466845731
80.98711624835956
79.76794660946005
78.28778510762763
78.08647636147988
77.8893051554892
77.76703784196786
77.9127971420784
77.53574619834576
77.40838623952456
76.72675272444032
76.76889733257757
77.56167882374778
79.07833523623836
80.17517682615059
81.76245767555453
82.6465940571106
84.54017559361286
86.44180083463965
87.90684173103197
88.44837795233985
90.88630712693974
91.48172250122859
90.58792112182053
90.20568442384713
88.26635577915533
86.98280023987472
85.1753250330547
83.1308292408101
81.778807890665
80.33807592454049
78.52233414818308
77.03330782347922
74.82687023559711
74.99977324175183
75.24367063713173
76.01324019864748
78.10381928860163
81.23328418004795
83.03646401002567
86.00719996377212
89.50432378184007
92.01402740414157
94.97176799514125
95.51439153454768
94.29347317046728
93.80549469605086
94.97291370854936
94.42084157688525
95.53665166475518
95.40369443935148
95.43396586907086
95.27510667559876
94.56688249543329
95.51682752034694
94.75411869527449
95.68449644263129
94.55115795040611
96.52015438092795
96.1997693709748
97.31349975497449
98.14241081258166
101.58018125345477
101.7373767569059
104.63954243431235
108.654796985193
110.54151066739277
113.62723821607968
115.40655887294746
115.83578446800212
116.75041599671934
116.40266603443996
116.93487532929127
116.74271145624536
117.72607134175429
117.19119465636658
118.53234239580054
119.77675511082248
119.38337468838989
120.26456295220942
121.00908739510832
121.35646991655908
122.63807329512733
122.31830273743208
124.0721777515589
124.11784103569566
126.67581387100846
128.9776178763074
129.14746471985575
132.49716098002227
133.4609488058347
136.83218332942707
138.64582088589884
140.33769088026946
141.28398734995466
141.0458470439405
139.65773284569923
139.80877279512748
137.97186339724843
137.47356930503116
135.4636376642877
136.7507892668745
136.18688454723807
135.80132733751478
135.30686458921357
134.5338757786058
134.835105418237
134.62452180243457
135.0104122381954
135.01418815138842
135.5879247015507
135.04838048276605
135.63709626651624
135.48246834932365
135.75187602520376
135.63768061156736
135.36427778289882
135.96942546883153
135.90467530038734
136.7521853356701
135.75803760544065
134.69105575776175
132.6874621391899
130.7942090156204
129.2541882351012
129.64788088295563
128.41170007228573
127.96091802986548
127.14410748813522
127.27466379620333
125.9932511583062
124.58314403225062
122.95043006134453
119.7778203651841
115.90087107478428
112.09911750409121
106.8837123476018
100.33768452219186
95.40103125912319
87.91344685800148
85.46429955487498
85.46257952035707
84.87354866443494
84.16419597436763
84.7132994781984
83.98321180532774
83.48411373902007
82.61692174112004
83.80244601232249
81.69206847653635
81.2195421940035
79.13446553225116
76.69560245795304
75.83964923996434
75.83488841651672
75.79457073768035
76.41799559401957
76.17755504152797
78.7028011119583
79.19061017426648
80.24754595519849
81.87788793055572
81.56748860036461
83.32885217499752
83.83488536957462
84.8821821573695
84.5263497197395
85.52454909014402
83.47052722546698
83.32141761079383
80.91387249615514
79.00943393050227
78.1648817346731
76.83066083494407
75.50504706094272
75.00648200382146
72.63040149751734
71.60305361756147
71.79066620973762
71.39250889088683
70.71915950410306
70.66922646754432
71.67272328687338
70.58545569807958
70.37226705048437
69.33608915583773
68.29452308454715
67.80198237311534
67.28133665776981
66.7484646066667
67.89323453117082
67.00909890707774
67.67250675915173
67.15498260860457
67.29480532423248
66.83928002312044
