9
4
a
54.099793615045066
53.50125883716489
53.27419474505499
54.830329212595984
54.595918478167434
54.340158563592674
54.21391392327743
54.4240207665204
51.50280615626132
46.99853163812581
41.19570747444361
38.67758404948923
33.02110947711047
28.122866244994064
23.40189270521584
17.25749026269173
11.444124683525356
8.528932529589449
7.341264309294058
7.7981457124880125
7.264410468769446
9.270141612876037
11.026065937425148
11.93393728270967
12.317740766507464
13.261539213077366
13.310135685501697
13.300134779409165
12.902205451341066
13.111270847876362
12.364745396287184
11.552808032048006
13.27362809010207
15.100844337985505
16.09684186478922
17.476244422974997
19.066214623796107
20.448877224621945
21.830115896670996
24.528754601491354
25.212833979915846
26.006050128489427
25.805418249011396
26.778949739589343
25.913466637349135
25.533516381133005
23.950482950477724
23.03015257599307
21.851716423926007
21.739202004260218
20.7236574505195
18.28798595888177
17.3617718844257
15.982259868530509
15.064335830123767
14.970740791109394
18.82072864886928
24.577581174891723
31.997682000653022
39.02336071867996
44.78963257497826
54.55321059095025
61.470634443289626
71.53786420516278
72.0585868922769
72.51004524229748
73.75392599691237
73.06426920672358
73.39451263089066
73.92592650942093
74.6508496794586
74.03832878906543
74.407903924529
75.29005057132075
75.78519023946856
76.72129310611457
77.33603713148304
78.08100385725716
78.10191894959613
79.6983290687172
81.00997582583553
83.50987205626416
85.88198991679964
89.61326422405894
92.15605988105997
94.53849237091622
96.5555008804189
102.11827990355499
104.14584799656942
108.38500143319288
107.97696266100104
107.96825457780778
107.03225472037475
105.15018620546743
105.23180233687404
104.16422911797211
103.46603617538813
103.85271888558421
103.42389652414212
102.6388318841781
102.56729093003187
102.21745855645547
102.22756088297697
101.83412197183961
102.83380181090976
105.29878311750608
106.84086964400558
108.80403338077932
109.99775032193169
112.59210956056685
113.36072693766424
115.47975833398515
119.13099455533502
120.04878971015619
121.54532408299424
121.66390273507396
120.21335981640202
116.66200615321918
115.40547961245565
112.62214643887634
110.08086819986318
108.96494512560477
106.81430493801147
104.40060200691275
101.3493426168622
99.00443806372364
98.48785406541025
98.34482915898859
100.34553788051035
103.13323329220255
107.9339294834622
109.7856493152814
113.70678308541325
118.28883093341005
121.63417793367833
126.28853604561564
125.21600540548046
125.40540888785988
126.18783410951042
126.48290409385872
125.75315264360628
126.44047710676125
125.61919972318472
126.47386891286975
125.83637326593885
126.12999964920687
126.54149934820015
125.94817286335964
126.05258684078419
126.7984470225174
126.77695454637883
126.86305458365145
128.22769934964603
129.44929691776335
133.00170771594918
134.71063127439555
140.0831038450303
143.68415104404033
146.21622452371102
150.61537627820817
152.98345138443148
153.7283863508726
154.45293861501085
154.85099629834636
155.40389356251538
155.6737099994998
155.9867444625566
156.31578027755123
157.34135278158863
157.8597449696928
158.926435916815
159.8338341069953
160.46332939108555
161.549690998213
161.6097399705727
163.15131560806873
163.70534181778538
165.96281403942115
168.71799729483166
169.50826509010327
172.59132051212165
174.65976540831252
178.56345691443184
181.71318583053565
183.7002509597903
186.0198313005347
185.95943668699113
187.24239624275646
185.56834063408098
184.8964697044817
183.91861759067902
182.65110329030844
180.85791578907003
181.23099153463207
180.3760811530852
179.8718472758198
178.9574978091729
179.17957728588436
179.54666363664657
178.89813873618453
178.88280213548626
179.13343650558326
178.7906582586356
179.78357534029283
178.46840837367816
179.00178090101247
179.76277535185594
179.42139727088747
180.1981265393022
180.94091110682
181.23188913243555
181.09645737669098
178.74249175772943
178.41132488858221
176.05080868261464
173.83578144918917
173.22688053248518
171.41238410651076
170.126093664895
169.97491926844657
169.92677958947462
168.53559348163643
167.56373632139577
165.39830592953757
163.3367614995218
159.56521665005354
152.7359080342467
148.3110112480948
141.58670881640876
132.8707156480805
125.33693129835396
116.6317268161445
115.32277608548475
113.72597529542594
113.05075493402919
111.96112001658742
111.38613830219927
111.08104469151684
111.39987418551864
111.04641514152429
110.15928520364275
108.0716154543909
107.07796108659643
103.94853903268255
102.48660523147835
100.73096846523462
100.5486687787024
100.08061569104973
101.28559740689339
102.50744537390209
104.56665593852627
105.17842174978665
107.5088931098781
107.76760869099492
108.70412453799453
111.00345226268772
112.69090715381414
112.84395606394092
112.48877487693008
113.58801980652434
111.09643166159574
110.58448568785388
108.08197688920674
105.34845848828472
103.73593179400122
102.71876282978552
100.23019848348595
97.59236356406034
96.06061160206505
96.34511935425975
95.16614885497101
94.90257870376044
94.18120632905496
93.99921281015655
94.32852669049754
93.22423204939105
93.69516015378332
91.83074276959296
90.98562339313311
90.63532497009986
89.6053360245032
89.5497648980703
88.97039880002285
88.90987017205369
89.04612137087503
89.43228403083852
88.96650730949627
88.7578122638881
