7
9
d
91.43355612006388
90.4479678428533
91.13691311465838
91.68177889632754
90.47561810289284
91.91905907064717
91.96313254408823
90.88427879488398
87.06639912161695
83.2760488415015
78.05910111042205
73.1215695351051
66.63558695060345
61.72254022540885
55.314973027608374
49.24001028631206
42.726452016551676
38.65017720994383
37.48694639570663
37.47762343057512
38.92289203392683
41.24286623803069
43.351573062119215
45.56943296247141
46.851990233806106
48.29305424625467
47.5706013648455
48.26225862519917
48.46947809767635
48.77773334533489
48.91492352952025
48.38439969099509
49.993114672819814
49.906554082843094
49.572235471351576
51.14884673509358
51.949242159325735
52.977575187841495
53.07046591072801
54.44041295230657
55.0412274278737
55.691351413972306
55.67565886538802
56.31572856576285
56.87267701297756
55.53030842675341
54.363788153839025
54.98428903673936
53.367295918997
53.17287260767292
51.86999295035308
52.53547321044573
53.12905767199368
52.42761951617585
50.8185735985201
51.60062012151772
51.11180274955834
50.729598876970925
50.610887970211095
50.89226495280083
50.4651661951955
49.745209112546114
48.579197140293125
47.63372010320489
46.15366037246665
45.701458588830064
44.58255581311743
45.77302412061761
47.270243689310824
50.21736368255331
57.415216043425275
59.50102934954772
64.06465328582466
67.5330581272501
70.09383215736455
72.97536885958398
76.29878459470005
79.05748184877835
79.94828511569571
80.50940919753035
84.49748870483829
88.26749586937798
92.31546925185398
96.3350984946722
101.94132879799476
106.23227130066834
110.67762129122387
119.29517777661657
124.72035650517674
128.76324061625306
130.61943399237657
129.13106449711913
128.80121018614358
127.17475023252487
123.78301343687951
122.35046174280252
121.0469125588779
120.77844322774251
120.36621502977317
121.16453447245514
121.3342645937928
120.27576313929288
120.09218454325077
119.91932168179925
118.57404994294882
116.8872023837542
113.1727931385813
108.98956432548518
101.60295577752194
97.01135683773883
93.87654058639869
87.31510520970991
82.8632806211053
79.34119115508244
78.64170785359593
78.76346652632328
79.59879585999079
81.7906082184254
84.40998032154769
86.59738457079241
88.66706141246243
89.25647444021716
89.98738942499234
90.06743098211018
91.95741651360615
92.21899222944968
91.74703906235808
93.20750827317727
91.87088182339897
92.42741197120742
92.59831805345036
93.41269511422854
93.10316971416638
92.71758954703579
94.28097525543058
93.68505121513707
93.40060343705079
93.68155556053703
94.39115697961086
94.56509902993928
94.77916242728865
96.10668706722554
98.31869071334441
101.38154998405658
104.17682893772567
106.13931304717889
108.73218912621378
111.0055762319663
113.9034124097812
115.99176715444153
115.31943766685458
115.66644356991017
115.34419631619122
115.5079390650661
113.81521712311027
113.20671504514425
112.63111137639724
113.36912796958532
112.52006374400548
110.76539808141851
111.56957318071521
110.3154813119364
111.33821701298005
110.61325554358169
112.40385392823187
115.45859198759577
119.36611129741055
122.65402222217153
125.550380681216
131.01122649717763
133.02991233667115
138.56105725346214
141.457217098893
144.36332766772176
145.83811685770382
145.48421405477805
144.33124118329965
143.2828869705477
141.00480154043677
139.23907362709502
137.95863435705652
138.62473358088366
138.48116918326934
136.93805873193492
137.0847625068069
136.5895764378625
137.20428780007717
137.18078037592298
137.41704309053335
135.72584171950376
136.5907797766084
135.559595604294
134.12353699309267
133.94447229619462
133.9555994008144
132.36372019273242
132.3251521523475
131.93277707757585
131.1029057557379
129.99163408686496
130.38469668341426
129.00610091255447
126.7701670070194
126.10812390494468
123.21947376896169
121.13529627179942
119.66862415873793
114.94892231041328
113.31310842154389
111.6942260590142
110.49542661354428
110.35911255062753
113.2122247945253
116.1843606779772
121.86564378963907
124.75423519003472
129.6670712010714
133.1879878353285
137.0019219590313
142.03739156029607
145.59795281307728
148.11584867263517
150.63710943894446
149.512630604288
148.54912781400276
144.560371208553
140.66848230812957
137.78096468349713
134.7438131742744
131.31012631837325
131.00566933585677
128.5042751035866
126.25246311660686
124.36935281725935
123.53814900162048
121.86896378056278
121.82433869873795
120.65977390560221
120.03447913113027
118.41791330840775
117.59061693175441
115.21647271661388
113.49542441224253
111.77592938288053
109.66705239091299
109.2622753484508
107.98537439596862
108.04510034712953
107.39894549504454
107.09905434018134
106.99438813785638
106.08169555568772
105.70998216129686
104.94050544606762
102.45620604749286
100.01422326869103
97.71087940310373
97.27000032987186
96.93348792932996
96.9262181434977
98.95910807613724
101.98611798521071
104.01435437182194
106.94569857728355
109.4732987433156
112.26217398917395
114.24466016334733
117.63590471195708
121.9586386054698
123.8521170686401
124.42787116360999
124.05605250180166
121.44271336030971
119.1561420330655
113.98649213422446
110.23377863376844
106.73102915812429
104.0945842549464
101.37924728471086
98.01442373195862
94.1397726777709
92.3681043920401
92.02629044996948
91.47708831810247
91.00021686520708
90.98253581518145
91.34782378222613
91.98795353040302
