3
6
d
87.930071004474
87.89839541161467
87.43236122378032
87.96373173691505
87.24055257997034
86.9852740036569
88.11443473705461
88.03729853312846
85.13415801340737
80.79163835417293
74.99948900487642
72.2438360699672
68.20509045417356
61.68842279404446
57.763699420701236
50.95256935019638
46.977346218420976
41.73113076853073
41.212955117744436
40.68889932108252
43.69725679412427
43.885158489124436
46.91328471316937
49.55463372182322
51.82337195264176
53.12577075616135
53.45222601228947
53.306948703201485
54.21464573347376
55.25563295533495
53.52157516969847
55.562192121516254
54.861485262850174
55.44771588742812
55.90175089193145
55.26812303615857
55.794353328905515
56.344877685366555
57.15218629525929
56.40218212451874
57.464935168038195
57.95974146761232
57.19450867608604
57.794588720734616
56.61830066702536
57.589118110075866
56.68299322428556
56.74361368164589
56.843608341868055
57.25084944542966
56.80600063247855
56.19191338127564
57.089035764166546
56.4250582872251
57.298590086012396
56.60330418403257
57.48190275885122
56.839901428290595
55.95113524994988
56.99669104327261
56.64915584807373
56.05722234532268
56.045191158922556
55.81574955405102
56.042445582371734
55.70593408228254
54.964671294238926
55.45310290977713
56.41303341882378
57.59231486276747
60.55569584083026
62.3512078268215
64.32536442123053
67.19538356080952
69.3270872124049
71.72376839140234
71.88125660128723
72.37056836934296
72.70404536091274
72.54440426307859
73.55889258331112
72.61903212874378
72.6391919448075
72.50366795250515
73.759725846721
72.52713835176304
72.9842264724219
72.46335497259295
72.42285824507464
72.23409390006384
72.20229567116871
73.39842241947177
74.75519970309526
75.4735586975541
79.97367922084824
84.90262081132781
90.11048673175168
95.32649439372885
99.09025186200745
106.08372404248075
110.30552146025425
113.49683100705604
115.45060162705212
114.70279339299645
113.65610776658174
112.03563852530539
109.61346526691355
109.66219839079214
108.26900309366718
108.46545876234295
107.34483007579892
108.9871888913654
108.49057513392475
109.56081802866719
109.2141991029351
109.49599606012781
108.28741042458859
106.32682460065642
105.61267192684416
104.07273130945885
102.52555657941578
101.01522061439758
100.08654135776678
97.9573622296366
95.73199161121065
95.09409914372084
95.32680252227064
95.53018654493575
95.14035231189317
95.28693633175368
95.47209277935174
95.94253238956091
97.32607369026424
96.5340619846017
96.2801003279139
96.28298711804891
95.81582509066737
95.01581939283665
95.23907682599754
95.19881794050613
96.70594649883373
99.16107761469081
100.35811682383128
103.08363285256151
105.06290050596223
107.64169583052976
110.78843850191784
113.0965113488673
115.46493710553258
117.9014045179574
118.60107754117978
117.94797022083216
117.02961998434452
115.5856210149426
112.74527109587176
109.03983334565442
106.64014418088641
105.53101434959027
102.98715458291252
100.55259206624943
98.08165157918481
96.24196282102191
96.03926654784166
95.34786748729618
96.825828565462
100.06165226479195
102.53112461384544
106.14739415759473
108.01310278778837
109.90924061186888
112.02713463968341
113.15795941239635
114.72927562769152
116.03126933826906
117.66501980335256
119.41296078034614
119.6955492423006
121.31612522338696
122.72231922768805
125.44783913082158
127.04717820811813
128.34466059740012
131.7280021684896
135.1025270133721
138.08237433270745
140.70330231989834
140.80129177497548
140.95489439754277
140.1567838934276
138.63377569974216
136.30248634656192
135.80659092124537
133.50394790595516
133.88891577838316
132.12636740087711
130.7962014754813
129.64972587491476
128.0065238440158
129.32472287304935
128.53787046390738
130.07199312663394
131.58244593622183
134.36811215010772
136.66864953857092
137.93038004118927
139.7285824319197
141.04231820239343
144.78260286406623
146.67587896305866
147.7540846000359
148.5884135368707
147.38772694063684
147.5870227829546
147.15537529982592
146.00648445595817
144.96739897724905
142.7964471543594
144.097615332889
143.65744793439833
144.15668913991385
143.0137167545205
143.1207081544585
142.51683142054458
142.97667756552642
141.6533709302568
140.5586574537642
139.02874326425206
137.76088461154959
133.27940796470128
130.7179136868188
128.83891512353674
126.57242251084863
124.43864304353389
123.61773035251788
123.44679647188383
123.55855552828673
122.99139571948592
122.54344569528001
122.08160698546948
122.56915987322185
122.52207687093258
121.05091717774569
121.60149015042259
121.07875243417612
120.29216433679656
119.4392601507313
118.43979870939043
119.47998249410514
118.10692194317377
119.17003181107127
117.49363771247285
118.32071833402519
116.11250351163949
116.19854310661081
115.2153981639941
113.71471900527786
113.15892045379995
112.21919665168608
112.21440533399294
114.16219799864656
113.10890917441802
113.94368562447669
113.18496327979744
113.07815318535694
114.0020025338862
113.628099849013
113.90040056408836
114.95571200977037
115.74632114218586
115.23320579061473
115.997308160011
115.24718005889987
114.75226585396979
113.37587040573737
109.0950935794263
108.79217302174185
105.54980757427175
103.3581357813731
101.20089201735762
97.52512157387476
96.61492546763316
95.83762509059663
94.23070323837061
94.04147482011872
95.1928217745061
94.7307857746827
94.83915614906748
94.19753794285592
