9
2
e
80.62555982517043
80.26729070007116
80.4763623575424
80.29705424910344
80.67900599233714
81.21796692522764
79.64941889214529
80.69362960815047
75.83799536082327
70.82137702450702
62.63306754325061
56.57845394365938
49.40814851580965
41.588814736474305
35.57997620073873
25.071498946394414
17.576250347441466
11.434915914562279
10.23194027613027
11.18997682305043
12.269909006671055
14.483075700369634
16.735726903971916
18.424236245742488
20.63146545094172
20.767448165549077
20.885038438704672
19.267024182408203
18.86956737436195
19.89437438976639
19.274297013559515
17.87180188630196
21.111927532992542
21.798718643034512
23.897633858632986
25.980576831281976
28.59651677663062
29.73190203847842
33.381374911777776
35.476015588140235
37.46814597973891
38.61507883233397
39.64431358085106
38.29314455014253
38.38463721647313
36.690828837925615
36.06704656022929
34.649852006648814
33.46878194198951
32.859651421786424
31.067719849759484
27.878950833310196
25.39158012743081
24.141382805949963
23.64810201105929
22.528323410304775
28.037286304499478
36.69473284485636
47.464586499667604
57.491056577369655
66.46209761456221
80.57527492445224
91.87587821447627
105.65154757194769
107.85066935366144
108.60027831432905
109.96157424204345
109.23902461859743
109.91439628495944
109.93114485321644
110.3576417604677
110.18392464850335
110.75586992811982
112.3250346578468
112.22671581652939
114.66973592134013
114.87894867321448
117.16877952728186
117.83983597589223
118.64353777330199
122.17962991717597
124.30204723012584
128.1669885431615
132.73319960614612
136.05200609492312
140.72706420144948
144.05108001054393
151.74191316459752
156.9059369478132
160.71820426895266
160.19834007380499
160.95069286316897
160.32928749871624
159.212750329442
156.89893869622284
155.3325529036576
154.88158964535302
154.72694828110096
153.9483917906541
154.11482620304383
152.21857828108583
152.45809463672177
152.90182906688284
152.39133356542644
153.70789007915036
155.53159341586672
159.90727879784686
162.4364977937461
164.9748283943443
167.28258091685106
169.714092601807
174.44379310229328
176.70971412640125
180.75137970233828
181.29145623825266
180.58650485184398
179.88150408196046
175.2351255153434
170.731013004769
167.62791222320493
164.26991726267508
161.94167718839267
159.33080456365641
154.39688241540884
150.5289244683363
148.54266606042623
148.03526379603838
148.03294933283314
150.75866851290886
153.67340868747758
160.55444017034273
165.16946906269453
170.07642406573265
175.8770153094748
181.69336202372395
187.7212113862852
187.19415683510994
187.61897580907115
188.33318143394098
187.92556010680903
188.24151461607184
187.61153534037422
187.61000182196202
188.66004329462865
187.7906194951831
188.48084376019563
187.9627171461178
188.09245690935944
188.39064826097146
189.120885420359
189.17405953267235
190.42323322698473
191.36244219146062
193.22066229203958
198.11585833093844
201.85883034301946
208.14721026783937
215.0137353073879
218.6434176355315
224.2441662885754
228.23716084852947
230.29447627438654
229.63701146194217
230.5328593447334
231.21700869555016
232.15893140738163
233.0100024962112
232.75324607635125
233.8759270427321
236.05668401977
237.66102589925362
238.45190183231534
240.32016910788084
241.31983269313
242.3664909332669
242.70275399586063
245.45719276144618
247.5327788887162
251.21676275794547
253.68252038177243
256.9892276546716
262.116676635009
265.57755307946314
272.04640089756873
274.59635847144
278.2544971847753
279.04082246849117
279.5859767369638
277.8562035605209
275.8340915835626
274.47840890755697
272.19190310798166
269.8952973237367
268.63217612289276
269.56345527174807
268.2308002163507
266.9150308744194
266.6651583266074
267.12825734319904
266.2512615320478
267.24264567271797
267.609975109969
267.3687713921158
268.0439872315339
268.3764709896053
268.56509761203534
268.6780706614801
268.5443944635581
269.70592142522963
270.28976555198767
269.48221545018487
269.3798822332774
268.2353820786944
265.84957043225853
263.16909605170673
259.8552602189746
257.20993263682647
256.1230387683249
254.97718096078898
253.61025760958645
253.50768214721788
249.8608425414421
249.35558127624992
247.47602403541057
243.58374814274302
239.00331154653807
228.59952628459612
220.99954117918853
211.11198729759792
197.87853710884696
188.71086003152422
174.8420334474056
170.8499037207301
169.76786394453
168.11632362798133
168.57983447478952
167.02638055562
166.17462761327556
166.34302479872693
164.88536381616606
164.9869535872849
162.28279815861384
159.0859477739628
155.32914156315775
152.69792522804696
150.50362480946333
149.46422607891014
149.35867121104548
151.17184841508907
152.53865960273163
155.62940399263968
157.64073273060185
159.10496735010162
161.32536164301223
162.87975920208896
164.97810808274454
166.76784723779937
168.24685937797423
168.5229815401879
168.9401094309272
166.92476536778332
164.65469341855734
159.6969997137575
158.37892800403225
154.93447857086952
151.55617064907918
148.60090705841768
146.11480670068906
143.4708684295307
142.37932283478264
141.68951781691393
142.44356468924028
141.49995815454207
140.91411542798406
139.96534525291028
139.64951845128036
138.9375072899592
137.71726318301077
136.06622855036872
134.1560626175886
134.40930336983212
133.79327294367891
132.35949052673803
132.91352066419182
132.79847301006686
133.11670251696745
132.67856385046792
133.5359823820147
