3
11
d
105.2841311809314
106.23095063421297
105.01484768687098
106.35062420039345
106.8602622735198
106.28824443012162
106.26948280090521
105.26796801350787
99.99377634373387
95.18241445768543
85.21948263428241
80.16127178125656
72.05778266555394
59.21647836280354
50.06271145142338
37.33186114420801
36.428708575069486
36.24230906660656
37.147329304646576
35.34639402470783
35.170013490996574
33.826027033613066
34.1168931284222
34.19957293738459
34.08129026840054
32.17423805336551
29.874467027701783
27.33430172268436
26.15700101392197
23.75250692798412
24.19454701742117
23.737196631761456
24.72727486404269
26.42380555928914
27.68807891744268
29.214515724151358
30.57344225580653
30.63436949175868
31.63219373050641
31.50024361255015
32.40389460196091
33.208672679458914
33.301404145233604
33.6222772919584
35.251923818127416
36.18170205122342
39.158229457215796
41.06906880777888
44.291292307271085
45.40057921748096
46.77305456545763
48.272622803111126
50.218119056955096
52.0849243137384
53.97575504267848
54.797266033874884
58.57797999249996
63.14930650751063
70.17715342603687
75.05182043214477
81.18370154128343
91.17872747738083
96.9198476508657
107.32571444168222
111.38054288476874
113.14864145406092
113.62724900094206
113.9817397080351
116.0227671863279
116.38600531243453
117.62985146434619
118.54167231799303
119.13400418061333
121.45579555308716
122.0935852467967
123.38313157615875
125.50294396518197
126.70186599197773
128.0530120413986
130.15967434504054
133.32680143706537
137.62047399732498
144.6233954936104
149.4917980934959
156.5100590477164
169.68021618130996
179.2032538940078
187.66180316617053
188.21261780465483
188.33688672791143
187.00245161975062
187.7390488168173
186.53355339288285
187.49280766115027
187.0918719489203
187.028761358916
187.24262970035812
187.20430328644903
187.6995629510686
187.7195758393205
187.84136488661193
188.22874519885485
190.17666378216444
190.56593629911515
191.82258676805324
193.97216920304191
197.3788035786534
199.90932382323808
203.42990648963004
207.58464975447012
211.59389996715515
216.69373900965434
219.30357009138947
222.4383260088242
222.60982804057596
223.278599333697
221.49765752833625
220.93740442037083
217.36187921717072
215.87534333557096
214.2804563264733
213.18646025572002
212.96187628205635
212.77706966248115
211.43343630258124
210.92495685059822
211.60840683191907
210.5197953415239
209.8847644203073
208.5643297120197
205.7504425427706
205.19213730393315
203.9349760902285
202.26683812197754
200.48409523953333
196.08147312566436
193.55619974170958
191.98907725917178
191.09900344181324
190.8552182848207
194.40098479784533
198.34157046791526
203.80266741059856
209.30957179917706
215.07342769776128
217.63112117729807
220.97542877310067
223.89125800442963
225.7130413368775
229.17212218847067
231.74289209419592
233.6183615248901
237.6798000287501
242.85108609797248
250.06627891897065
255.90284941220463
263.2291223635109
269.0660207246241
277.10295783277303
287.06127148076206
296.46864163740224
303.055683163301
304.4284531515464
303.9602020913528
302.46035903335587
299.330558487816
295.1426452387294
292.50543648982057
288.4955073752118
287.81324787338184
287.1968610152444
286.18783684723473
285.63557917926806
284.92482520109337
284.42354557156585
282.79878317436885
283.3782948647564
284.88124239059584
285.99539902986834
287.87114753055533
289.1975929488961
290.7333091820732
290.88412433883707
292.3822443724348
292.4633917137125
293.3074463568676
294.5846549626649
294.2400202278348
294.18104715843316
292.4848278801125
290.9411445905704
289.70503875331303
288.7983787762784
288.44652369445186
286.2372671111901
283.553118386788
281.62781543300696
279.1522837693707
279.33480319493566
278.08322253928577
283.6870492608937
289.7279774370279
297.95971374933845
305.2024798327658
313.35678122266074
320.50637958004745
329.45527258690237
341.52251102600366
352.23541082665776
359.26205768839884
361.27095888460616
362.03140626065914
351.1029450042876
335.2152291653838
313.8462922052273
298.1041762900903
278.2658430310907
247.41353039808112
221.66633976728895
202.89141070834677
205.75214552522002
210.2649547213303
211.1497589984221
212.62271350079106
212.862094998351
212.7603159547571
212.11919100720604
212.61496657478492
212.65404597018897
214.20062502359417
214.0879087330831
213.01749745943852
212.4798358022438
211.96332028629175
211.74513406758038
212.0900766403516
209.3813482821632
208.70910401222707
203.35642253793006
200.50148792338283
197.88200407726384
191.6984291561315
188.9810266929899
182.63971331544434
182.01192440395369
181.21767792395426
181.2575537183214
180.67371080478705
181.6377992445599
180.0730305289669
180.08759160642958
180.54745107502367
180.24986886253197
179.2899474271106
178.99622389171523
178.48182854965324
178.53121940633667
177.8019864798144
177.3174053048757
176.63726304969916
175.6987580914176
173.3056096163984
169.37696505858756
166.29150314632037
162.23587708204593
159.58161663169
157.11887107377763
155.0349180825039
151.4383174861992
150.15077901079545
148.7193010242622
146.17635489807918
144.12268467829654
142.42667663771678
140.58893160202743
138.2985334493013
135.84393413010767
132.0584319325403
129.1616294660768
125.41536076787192
121.80891955533201
120.05620076854865
119.20521206372072
119.6982996939698
118.95816223979806
118.27269540050348
119.05096705033219
118.9827695019894
