3
11
e
65.02641868469463
64.60938778450694
64.32969477969054
64.69864257539629
64.0275478502247
64.59789124572154
65.54187557033362
65.23339706628954
61.32009273590517
58.00571656849104
52.78398940202284
48.50930945586861
44.74888518498153
36.84208940731282
30.720462046750615
22.682347776969806
21.976069603515878
22.129666783840513
21.3430764322258
21.37229857963631
21.062595537406665
20.320585521846308
20.50531789533116
21.007792302005743
20.367276410807534
21.05790582311434
18.236421634793057
17.04105619327916
15.83802096549023
14.647062453059906
14.777092018940877
14.861645221100868
14.94900789141777
16.182849956486336
16.52161494847948
17.84667708077117
19.67618224584261
18.656325708989435
19.418702464619027
20.069707533167172
20.099169571077375
19.852530672211056
19.90040540782249
20.598430021761846
21.550403082667323
22.316617089572492
24.904413526140516
25.188759802006828
27.761611890404005
28.273368307420487
28.18336462806752
30.253733235889573
30.33794982847802
31.876897048714337
32.181297518039365
33.72537213794386
35.59854228635824
38.29789399836663
42.558884246105144
45.39941427910448
50.12546334617042
55.90331367807857
59.88567534014684
65.43074661267296
67.51878066145596
67.8007983495347
68.57413172769695
70.56739818935588
70.69523970063064
71.21944809344731
71.94981843622716
71.73807741223199
73.22143206015473
73.69528916296494
74.74309156519642
75.8019699133053
76.70747330925498
77.8669872803948
77.97774106889293
79.63649609595721
81.11909547441373
84.34721230656888
88.55699818634463
92.09868918307573
95.64910348765223
101.80611170298104
107.78111088847075
115.38606645845766
114.37027117263933
113.47289127764127
114.33068735387313
114.60971866654965
114.37434897249592
114.26811486710362
114.7526410348376
113.98825355575971
114.30059125079526
113.88012876913027
114.50308401502971
115.09480650186143
115.51772159271101
115.09982603328395
115.58460453212678
115.97601569590377
116.37962585938709
118.54622072718129
120.17674742981124
121.78272902749717
125.22000024879183
126.93863568299231
128.81164322556373
132.67279560126488
134.36961340925265
135.92028514760992
136.33885691130516
135.4582342847552
135.92052853262769
133.64458504615848
132.29882052283202
131.46685910214867
130.57577060946434
130.4292503651006
129.69070866531476
129.3109108282135
128.8452178771002
129.6729101136556
129.16431120632157
128.29046234168925
127.96448925553338
127.08876344102713
126.1890498634451
125.5770226065739
123.44708971244113
123.28134683793138
121.99345804916159
119.77950901974981
118.45116543638846
117.09737709304098
116.25714816999907
117.60778477001732
118.97531363045486
120.34566030564142
124.7103806420197
127.67285775904287
130.84991031797554
132.44910852891903
134.38478314535018
136.56454088518163
138.05854506061277
139.9100119162675
141.06698206907168
141.93290852213778
146.36223818467843
148.3589723716691
151.37565820224984
155.135884233318
159.774643401167
163.33007897333246
169.31291774505598
175.99584310405297
181.29967398010996
184.2383643159629
185.54462206959062
185.66357457377256
184.4592339420498
182.54095467398534
180.1978759114634
178.15547996792205
176.91308543043226
174.69358598526932
175.39109339787936
173.93547246403995
173.94083946909487
173.4489983454233
172.5739447163129
172.38949116599667
173.6084989971417
174.26568449532007
174.51066472280866
175.6246239689647
176.57436704328305
175.96914292013378
177.84080329525
177.64907569378443
179.94958925873487
180.27342011528097
178.50867823879335
179.78085551060573
179.24833423868702
177.50434210387323
177.87415429348488
177.35279947599508
176.60212223518096
176.14820207549351
174.79294049576026
172.63971016131828
171.66850067030896
170.60898230726906
170.2985390198017
170.19673729809944
173.21517671104613
176.22982299935387
183.01591896843138
185.88905347253151
191.029245497298
194.8218622083736
200.02503932929258
208.54847274554527
214.55964925032143
218.6962725873586
220.8321873133212
220.83189043381412
213.75483484416407
205.72919135295606
191.26478664636076
181.9033042230247
169.90599394604666
150.05781246763004
136.17170432698575
123.54974950075102
126.8414697207817
127.85446237727037
129.43976723360115
129.81008175646517
130.0571642087155
129.42403001402724
129.3625801590721
128.678302376848
129.906810430041
130.1332393882655
130.11718692666713
129.8986932635594
129.94986562515305
129.2393453869857
129.5383776134789
128.23876206323064
129.47611725654426
126.32214854098162
125.42603139176533
121.84514842716445
120.3833895387628
117.83926173165631
115.18640901319776
112.4957664907546
110.53335409766228
111.0832175200537
110.91263372760783
111.19872327528185
110.21299697996419
109.92769726802136
110.10856158329736
109.7032329101128
109.31222040969084
109.65060533594156
109.96990116661807
109.58543074097706
108.95523544440022
108.24352676930647
108.63253930398827
107.49498608211127
107.16738354404457
105.5627731760742
103.98076696295462
102.35367291965761
98.77164549022571
97.35718958533285
96.61294059037544
94.31397217082436
91.87320404623269
90.78883158273725
90.04779207154591
89.25857894038427
87.98970296553918
88.0473644830797
86.23715780967429
85.12624512295899
83.26014162590448
81.44824731429763
77.83732337174918
75.80003011000655
73.60117273208253
72.72267959228884
73.68924577284663
73.03368437441725
72.31307476023379
72.44824890815795
72.64845454117854
72.2163057094458
