11
9
b
150.40982980449328
150.03318955801825
151.17057580762562
150.68126463082706
150.4723524845029
150.0858548529602
151.16441156792717
150.00612289162626
146.73757660620868
144.12975029344136
139.12494165691157
136.283763127629
131.0299848294773
124.75688773320474
120.41164618089618
114.7313253704987
111.76438236728184
110.18657264191943
109.74907110283382
110.45564881561712
108.41164603873203
108.50330101611878
106.44054743910579
105.43898992721627
105.41868900266432
103.55151613476114
102.00630221690483
100.34529041463288
98.44458018734686
96.96100450372242
96.6480403577144
96.34993634130443
94.50813022791436
93.38871543847337
91.53029521373787
91.34701603862722
89.73510891752973
87.80481172585688
85.84137551673399
83.27873849881409
80.97118078425372
79.58835197841668
77.64096800069993
79.91821035863468
78.62580149638691
80.23966158321406
81.07670282727466
82.38099380592125
84.00396702238675
83.8673795576095
84.21275075606361
84.68478868442601
85.40588544245377
85.26853085770448
86.07930069377075
86.14747789295856
86.68903733666896
87.91974698226436
87.99046796469625
88.72651278337376
89.72268322296969
90.57880136347674
90.76188899846191
91.76376937113943
93.02618551646096
93.76445847709182
92.56850128934433
94.1371766028457
94.85249077916258
96.45987415817814
98.27120359203244
99.64114277189842
101.0351203099278
102.79168587476454
103.74155267653863
104.8957489603115
107.66811565561598
108.20314438195221
109.24142198671755
110.39978465025298
111.67236988310275
114.8780653533937
117.7115318739274
119.57834553502767
122.65805997564196
125.07578700378356
129.07044026977434
131.87110823608393
133.81807447588392
136.18163875455627
137.27300362655347
139.40139253509358
141.44338567027336
144.79887241481276
146.39063269132046
149.04646150154124
150.88860922587617
155.2310255899476
159.54648147830773
163.9560975923911
166.59471387885438
169.93186001210444
170.3464928517276
171.22820708301393
172.72677853921522
174.97737747208137
175.3512756172614
177.5839695070376
179.9843340512703
183.20666217694802
185.79845771373482
190.4508935922262
192.6463225917643
193.11905236078462
193.69722485738097
192.02104407062467
193.9205186594323
193.93626114646798
194.98444486957334
195.76129578494204
194.32486454015253
196.04938397723043
196.91487037170316
197.6486104574478
200.12025447265285
200.10759409872472
201.41827743334213
200.8043606449106
200.1514348475067
199.2393602605985
198.5592868387868
198.18249955493306
196.41100769554353
196.45822090891352
194.8482537149028
194.7290209367434
194.60483079348504
193.8115026078346
191.79421660233774
192.51697360160702
193.85387574615763
195.53596088294654
198.30363302088853
199.1014231045218
200.92670296354012
202.55614181290173
203.21496532826924
206.93120791724812
208.21448638050103
208.50115341523227
208.48838800802193
208.26824510321418
209.0629452092498
209.04482652025825
207.82071907707606
206.8565633267956
206.50201730100758
207.08922757462716
207.4214171894506
206.51072884150653
206.9643603644094
206.95269940535863
206.89466808721954
206.99963429068276
206.61402647853888
205.98348344493178
205.272050530606
206.1925396304294
205.30675922659074
204.22564840067744
204.27265281284267
202.99858322897575
203.88803771090372
203.90782220778215
202.44595476203483
203.7268129276057
202.1817486301483
201.29761271109766
200.43000932442052
199.72061643108145
198.6189685399195
197.932290125735
196.55971059091155
195.5856249468015
194.6348894337124
194.5366149262853
194.46800930919383
193.89784744138385
192.93232508795765
194.11479161928415
193.2997575240914
193.08676875241184
192.16684293502044
193.14343371126543
192.44826186468927
192.06781477269504
191.286662196518
190.86209900042294
190.65184264558894
190.57982100238502
190.0612779067044
190.26288951212712
189.1917402496962
190.0568544768398
188.99061506560594
189.3895576417338
188.69655347587806
187.4512666365399
187.3443204711764
186.12286279134324
186.2498477266763
185.85675995858895
186.53480349940705
186.49001613134212
187.31859331450048
188.82566474516634
189.42860592578845
188.55538710265634
189.53495899027516
190.8171661887375
192.5141834321541
192.16438223114181
190.47918265465893
191.8537540554577
191.92141476913602
192.76561361899033
191.65912966156097
191.4916562564024
191.02355875211762
190.45688959734312
191.57533282466937
190.4107126939085
189.70795911751745
188.93394136615797
189.59524066029047
189.6659615125442
190.2931442348626
192.59148736074104
194.72665396859125
196.41908205222742
199.45412116723165
200.92585191987519
204.3973981079177
207.83579652799517
206.9283212307786
206.92253949731477
207.83290241658017
207.7120719722915
208.810636800148
209.26458878514677
208.25796051816843
209.14888851510565
208.84760840017105
209.622414197036
209.3291998621363
210.06006492958508
212.0423518211001
211.94737530246698
212.7603167400383
211.72320684204695
211.74108403908005
210.7341306419886
209.78137575638652
207.48051268815033
206.41214040227177
206.03086300806743
205.07838142184573
204.9867664828099
204.3271100016591
204.10175445335
203.59975185183936
203.23368421129635
201.29881158949576
200.5076250124255
196.12549847310686
194.11648181122436
190.82703897171402
188.31317701391674
185.0432870403963
181.67799781846972
179.11014083342525
177.6018215959772
176.71111417151627
176.95263060807
176.57282539002674
176.07351534863724
176.478677160836
176.93990720619226
