8
9
e
57.572259573908255
57.6695057784922
58.08747633119295
58.087501440691675
58.08311090969726
57.61307565309081
57.2721254705387
57.350031716048285
57.646322370181174
57.2539404484288
56.37751414177128
54.66007955352018
53.82112769931726
53.670317720455785
52.19959899787894
50.77561599861631
50.50897634484918
49.85506846504316
49.59011694875409
50.34663781113736
49.72969965992722
51.029256956102124
53.46394239515445
53.01429223462426
54.04669125655519
55.54024463468032
56.64795021193209
58.51632871050124
60.19806819664355
61.4536951134366
62.175553853894485
60.944455147507334
59.505040350619105
55.319488591322596
49.68186988949151
46.16358516741335
41.78686760003247
37.50675664874851
33.78135539483683
27.28247247700287
22.024330544349453
19.337234788491067
18.20331306466454
18.729342199580696
20.623676641985966
22.56596608242994
26.48777383211948
28.794782084624742
32.30034604081015
32.41254166643712
32.83896712398528
33.17134409702711
33.215650955807895
35.0634491295498
36.312290725837364
37.26044263217919
39.82869924999999
45.13461749616695
54.545209871472615
64.89564951337087
77.42858580304438
85.70041618069526
96.13126226946144
109.78343474313347
120.32630757814361
126.85536066195482
128.07056365900044
128.0701513110743
126.4655438717897
123.6613682226529
121.29059680414153
117.98104983105898
115.02671029118748
115.13685215201716
114.02112113579163
112.60528162607064
112.7063237675813
110.34039965839926
109.74642806782602
109.98959665174685
113.87610760051935
120.62656772818079
127.8464319631796
133.82411434020526
140.8528834070512
147.54840835797282
152.90821192937744
158.3922331911796
163.88896471292003
168.46986944598652
170.31218511868954
173.6723239067402
175.50616102339188
179.02731821778357
181.87816457199708
184.8112373885784
189.07568617385334
195.42248065689108
200.2189244999184
211.17692442396154
217.6011887801422
224.55420495259625
225.4942020776038
225.05137769214272
219.9759087443148
211.10940705732673
198.71579227491003
189.5470545684478
179.1191949653586
171.59573866441676
162.43415023115938
149.60988773931464
140.87881835801912
132.2736406122045
130.34774778790936
130.28723967679
135.4822281345084
145.1187351411899
157.37425093380907
165.63051400386783
176.16492364876999
183.31231683119606
190.82299416824605
199.19695611986674
207.9269134485292
213.20831280280348
214.97832030473094
214.51685100330909
213.80781828837922
211.3673228276015
209.88781928937829
207.2789974803761
205.18827649438495
204.80266934097926
204.49307619897704
205.73112966184112
206.0452560549605
206.96831143675251
206.16145962029512
206.56282662962334
205.92708234524216
202.97614696213824
202.44893279032803
200.92024378632865
198.53169610442222
196.4985258381295
193.669796010501
189.09207681852425
185.48478205878067
183.49381211872608
182.43703130789964
182.95517156487347
187.40823645893846
196.69543958638224
210.04159721943992
219.0431170743951
230.6069805454564
241.20947502664512
250.93855521353393
265.74853825176325
278.5407443680424
288.77562794845204
290.216872013244
289.2912803949631
283.5099756356305
270.47296098121484
254.45430797972364
242.41127651334492
227.80504240766916
216.4961298076422
207.11265933132506
190.92552230746492
179.51433930037896
171.2381373920479
168.84218236571516
168.78835940164697
171.8593203691515
177.40298811247766
184.05939362047843
189.71390193964402
194.59930864165332
197.43973176811107
200.29235714928194
205.09025949867768
207.03174043091664
210.5254074238136
210.25999120622606
209.12595899671894
208.62894333074314
205.12555838817272
201.29586785048315
198.35354320384835
194.67939834049292
191.12417855220477
187.8409715240949
181.5596598210718
174.91070063746568
170.81440228224082
166.88596082919835
167.48169934207291
178.9703929751331
195.88463856744733
219.4557704312098
236.29251956944907
255.78518109316605
275.9892876747498
293.52088633647014
321.7343162754279
344.14104411040745
362.03046862435764
365.6126905930043
365.2586965439171
352.21396268489207
331.38655240098035
300.2410865279267
278.2750844132947
251.81760187200064
233.56156523149156
214.11301624665563
183.54817769639985
160.77260637724183
144.18902551863846
139.5349702667244
139.4955206438849
152.27308396086102
172.53816797446157
200.50896476844764
223.09700451267074
246.06739868401192
263.89175026482604
282.00040759031003
308.1042568233113
328.4099803663104
343.9531785367595
348.5555504410356
348.03579037935964
338.03657399319115
320.3216409590773
297.1852964883159
279.35326551817263
258.5449399058016
244.698383479196
232.42882307997428
218.60607672590092
207.24007757627618
197.29796837175235
195.39845663661984
191.65022768872728
187.2305445581502
182.3448667107334
177.53127888612713
172.8714191184162
166.85752519347074
156.21350156403705
146.3815431128749
132.1573569069107
120.22434431703876
112.18641717230187
110.12178043086784
110.02759034710186
115.50415071418179
123.1551509431725
132.95193294937198
141.84983560574682
149.96824936390135
155.2873346417917
162.59643783417107
171.44077770239397
179.4860664390118
182.1371114762498
184.59325077864875
183.35399591873735
179.92277128974354
174.72208598521607
166.65886359540704
160.99118723005773
153.05729534512594
148.6505385536972
144.37537233636988
137.9265365734754
133.95246188948778
130.8851841016101
130.06966177820206
129.85179258123048
129.2164139520058
129.47578915171664
129.65069023338702
130.44644253068284
