7
9
e
25.97460308791098
26.833654093373415
26.317725895518226
25.933808015383352
26.503082384817247
25.90553150549873
27.06431618109561
26.064666508228548
25.589826824447233
25.864106749543925
25.421176170672
24.30840929494562
23.751492774947856
23.829083797996237
23.38095574350957
23.137520958441222
22.869773632376482
22.06319794516597
21.987627117924493
23.179128449768925
22.348625173447147
22.95343926105356
24.008781540320847
25.016054259874455
23.774554948281693
25.67070958066679
26.136614304612888
26.17406868444887
28.31166680611566
27.8734802334384
27.639269990131158
28.58308994981326
26.34218935896798
24.933864774868162
22.82285802720912
20.56760354438345
18.43028799122963
16.996132398082977
14.186246642465038
12.742252183503236
11.13337257124314
8.855120674570276
8.141110672631529
8.905504058647981
9.995282122405023
10.29859805982952
12.253655831610638
12.445829762090295
14.043657529377022
14.036047087796943
14.776925418638049
15.312326740968201
15.842715320913868
16.674264518993475
15.990958433363438
16.729490114815587
18.716882532188503
20.805361277266055
24.58373089803229
30.01051669196708
34.73101284840619
39.535917689379424
42.33733105959724
49.436399664384105
54.34992973039398
58.51814345224247
58.17905971555619
57.671237773262696
57.6340092264035
57.164643530437466
55.372467831416536
53.97312195276509
53.54091544302542
52.50194169281665
51.85217639946369
50.75727667899921
51.19742956627845
49.960304976133386
49.62130371976332
49.95962665073911
51.48065815953415
54.065323217943764
57.54303786120657
60.711177199264014
63.968728770281245
66.80280342614667
69.82039116306322
71.74263792528993
74.24446325976554
76.40319827362887
77.39194730167327
77.87866106278956
80.13385605911112
80.06896491550698
82.16609662749804
83.83292959261591
85.1995565806059
88.22047788261709
90.89842524629002
96.72843968300613
98.29077372409445
100.87966179505025
101.90816441022989
102.63195522570383
100.23314290796229
95.77802425049062
90.08250113740769
86.25405292929324
80.13343660541788
76.80932893749369
74.21934048025813
67.64254820876779
63.858485069333305
60.499462062302044
58.50037577966487
59.169764353037884
61.92466132741551
65.96880556676011
71.4043772272097
75.42011187611132
80.16523200822898
82.8185982095641
85.33629955495229
90.3230634070585
94.39260825849169
96.52860181391446
97.38023688283089
98.51250878737645
96.60927283147109
96.44703237900085
95.7113610203323
94.18289649553029
92.48427888149416
92.87991190716313
93.12995369923003
93.89664103809719
93.04837821848237
93.078567828921
93.24856321342352
93.20616155748658
93.10927963660626
92.29292360854383
90.63498367101204
90.73666927501262
90.63420631152557
89.40178394436595
88.13389467374459
85.4162664790903
84.12188446819883
83.40286603879066
82.71682674138236
82.32860826620389
84.78099014364
89.33228762867839
94.12094452189653
100.41623942846708
104.45254093502813
108.9401830752571
114.69744132126773
121.14636973181678
126.14976829539411
130.03940699000185
131.2746282725897
132.64722943728066
128.02089535897036
122.76593765620194
115.71106407636427
108.43249508573969
103.5045920433023
97.96588668325496
93.36973109101412
86.15010587303657
81.23476309437207
77.01666631533084
76.32989683076728
76.55894346805134
77.75481799459504
79.36706528842623
83.40521370027213
85.8490741677604
89.09405567048363
90.24063087197096
90.70782954014547
92.66303675224589
93.66208855778514
94.2197141648148
95.39774008161572
95.0605116314732
94.35073397972471
92.82918018772679
91.1378157015482
89.87387597055029
87.31039713733973
87.33351127298583
86.1176672432382
82.10961655327962
78.96148601108753
77.19001928934397
76.33304201585325
76.11406151024757
81.27923212101261
88.22178213775184
99.91682639982247
106.32846798677822
115.85698617704747
124.16797760807127
132.33873433264503
146.24016113329358
156.23450961568972
163.52263338852643
165.2472190867058
165.47636798001236
159.42290310890994
149.97751889752305
134.7836704518929
126.03170808446352
113.60864171930027
106.5233738982791
97.0823163502715
82.79927614318552
73.63645721694537
65.1126963081647
63.86590409506723
63.829700665811345
69.55533105301649
78.52558705130778
90.90786382746784
99.87472536925858
111.62142114899898
119.50691309197785
127.63852540718231
140.55890582170375
148.36144009252942
157.11570811017657
157.759364991257
157.79394305933513
153.16280333252325
144.8620731787026
135.47284204432336
127.50591884558541
116.6734071461584
111.66295678575402
105.70110673321024
99.5535190253013
93.67392882915615
88.74713601332661
87.34830281173036
86.67781753534481
84.24336812791397
83.26876529734035
80.08442600170274
78.30229181693136
75.04144490014004
71.05334837233606
67.18608098930997
60.28224560273808
54.72596524978377
51.0977808051784
49.453437153840355
50.15188447042966
52.040513751400105
55.23753833983411
59.95428555985967
63.05936314435481
68.72786557835924
70.33704695502247
72.93571860428816
77.40068518655494
80.81217205820786
83.30887325456175
83.5003281451631
83.50641843980029
82.73659573795915
79.23274719430032
76.02449796103434
72.658646269607
69.36602601345358
66.57148981406688
65.61043696083554
63.07883976855615
61.31316311653556
59.86383769733164
58.79435247808553
58.975188951981785
58.688488269698766
59.2381927306374
58.87896990477758
58.6666681307368
