3
1
a
213.07028433194256
212.7872986936137
213.12394561336183
212.62807981098598
212.81652762713867
212.91844944780587
212.11160809857927
212.51974079059448
205.68529510932393
196.9277304214171
182.55182389323065
173.8814396563874
163.35438337890795
150.4931008701541
140.4262715433155
123.69175428502308
111.69004763819673
101.36079737789497
101.63783903964904
100.37982198418403
102.57694778642106
107.62516908937921
113.44361376516788
118.98531947379423
123.0746615829982
126.10107476509297
128.71181144233717
130.75811760449056
131.72507363844588
132.67959710011598
132.41403992202603
133.35881587628265
133.57419392366097
133.23113701589187
133.81633338889367
134.18864283496387
133.94964160729467
135.34594737927395
135.86996345010613
137.180105900313
138.6298573389492
138.92504112332242
139.21917080371443
138.92816549758118
139.44711922235857
138.61231281748226
138.37009277780675
138.88691928615282
138.66215052294606
138.98685580449927
138.10615563518323
137.70411668477155
138.67808309305363
138.38800748126732
138.08098252307175
138.29019573056016
137.90369946629247
137.4802687930695
138.51248631370905
138.29111330268813
138.26320324839872
137.2060296964217
136.90183053607134
136.52628059779948
136.04456881328133
133.81132502759868
133.1894369268365
135.03588068262084
136.7582949696487
141.37014821943504
146.82085150533754
150.54595003814094
155.60857723985566
161.4487104103825
167.232863766596
174.49834324701453
174.09427086500875
175.74769708615844
174.91527368664367
175.92350393601018
175.30244378743035
175.8982377785814
175.23660679308296
175.49669573933397
176.2725221888507
175.39906901465397
175.73586413673075
176.244697554209
175.70744976916725
175.62929590960172
177.48475667614332
177.66801528172792
180.0283345429467
182.27929606431297
193.20540412949242
205.75364475014663
220.9912446115335
230.89607185469131
241.1110076530881
255.92833538349728
267.3827157662484
274.71457585108993
277.72066940226244
277.0201360993419
275.57861358395445
272.44809657499866
269.087326192313
265.5726244372609
262.1394831960258
263.33123622875314
263.63739842775465
263.3793102530659
264.33053932106037
264.7140754769284
265.1687098279905
265.33173863933587
263.05246367825333
259.7674629905236
254.15156332385607
251.29585498269861
248.38985770658482
244.32112883516055
241.72641787517168
236.30191809252628
233.56411859514878
230.462206755125
229.29025689463128
230.53332694667463
230.66556865687716
231.49687241363162
232.85353365313458
233.87103500716373
233.84788151259565
234.2097837072346
232.88992719728452
232.3130060922863
231.2283997149751
230.10388175178122
230.83054288199304
231.31149497196932
233.56646428149648
237.73272383588326
244.54673930393375
250.68741371092275
254.8291011843768
260.48766061900017
265.72059813385505
274.04667959155006
281.4636151791093
285.7228778851596
286.5878116935684
287.24288198248075
283.0872208676799
277.1468977774807
270.436622777261
264.98378867217497
257.9551276472575
254.3816541081041
248.98317212442345
241.65034136989104
237.27747439691376
233.0129127701166
231.61184222795336
231.8007014962888
236.10427983245285
240.99474717895689
250.10050008110804
254.73215763455326
262.2451064022371
267.1660126391098
270.0859641919696
275.16626828582923
279.08450968945107
283.7181621488729
285.51945234184564
287.104807421821
291.0295548159503
294.56090468195646
298.17764278454337
302.6340527066166
307.23809910413144
312.88129056678287
318.86737951001857
327.7442723809883
335.70625700950643
340.4505994938979
341.524845943813
341.33757037647047
338.8939201386715
334.835631330878
331.88407193925514
329.13381793073063
324.63734621769385
321.9601225868803
319.85818128151675
317.2548397820936
315.13101867861593
311.51195538498223
310.96658677649384
311.35192548332714
314.4573580262802
318.70221081414417
325.2962846296619
329.23809480871796
334.01179256172594
339.0134326593627
343.9693204304749
349.17981999905385
355.2912302826397
357.1206884711435
358.0201429429396
358.3843316306482
358.1256835834369
355.8712349771704
352.02237614781905
351.2606910532767
349.0278002653147
348.4735471654709
347.6178353192104
347.3215916919753
347.5981663617221
346.0403934485081
346.4362646879148
345.88067507452973
343.7284135656158
341.83604085447143
335.9147561163105
331.1818621125574
325.1744421379635
317.5923292606893
312.06548959845003
304.2966320619687
302.1460781050178
299.96384346597983
299.634378174118
299.4786618031334
298.43974301868707
297.89419418258933
298.09709442890073
296.40767023292005
296.9892329495679
294.97194622633185
293.5910849523786
292.0842256203922
291.7570422004619
289.6569115066082
289.3802236850993
288.0690660026647
286.5457767220532
285.90230670222644
285.26770704580167
283.67956318871416
282.75677311764514
280.75908631832806
279.08081926336615
276.69029249999545
275.33643351090586
273.5949631029135
273.5856528565946
273.55419901570707
274.0130589680343
274.59078799180685
274.6012757303405
275.8530568207287
275.6947391139042
277.33373276378524
277.0628436518251
277.91778151044485
278.5311975417326
279.50874886151087
280.34456351886513
280.4067803158883
277.07466309548454
272.3325078263145
266.1348167540509
261.2640757450689
255.57562996268146
248.53346242901787
244.89226255678037
238.91409078666493
234.07556065818852
231.02583480990796
229.93673777392883
229.8899793439833
229.72150569478342
230.0461509630924
230.3103258771943
228.70422055071327
