10
4
d
12.12804674154636
12.280839589562634
12.615965526257563
12.860130564220846
11.650524764196824
12.083780002436278
12.670048981886382
12.59424776462925
12.702097333981031
10.306069414562423
8.738936659114977
8.428172551178823
6.159349480022033
4.2950174821343605
4.158176305129812
0.5367107925556733
0.28771371902480036
0.0
0.0
0.06066083907656668
0.683216792654149
3.071657956102915
8.830075250941373
13.068931230562773
18.08162942933761
23.463232106888746
27.646778469197365
34.547526575616715
39.9486042762347
43.67049250484198
44.94073718831325
44.555456204499144
41.90911807515526
37.17413752660158
29.563330101064906
25.034637891569425
16.313252045389177
12.198662781387716
7.906707243238039
2.0655921004483773
0.022277589618026877
0.0
0.0
0.0
0.0
0.0
0.0
0.0
2.1861516248223216
4.449383366370716
3.95513256718563
3.4430943499681144
3.8958619001870494
3.030363295450114
4.351721141087729
5.152038631367276
7.345346452426673
8.38620875451181
15.480046798801618
19.184570559573853
24.60999096737143
27.313554409625283
28.53878533670545
30.846031631522084
31.947710440285647
36.504147087377255
39.398490819386836
41.80720733009236
48.70508439593556
57.5060941351674
72.47451883743128
81.92341589523153
94.81922892571518
109.39781654172958
123.7824450242508
145.67175964470783
162.84675831691575
175.27450914546208
179.69365021506994
178.56326778878832
168.97574825037626
152.4192435166354
129.23110898252844
111.65970131246372
92.25182906981009
78.28628520914648
64.38293080246285
43.699292424310414
27.55691209074486
16.283017330937284
12.680217204406617
12.486089853539573
17.278297688320894
24.541853034126664
34.7341034594756
41.785387012175114
50.497570090764306
54.407641212706196
57.73923081665752
61.95126526056765
66.89639954202873
70.55824006702933
71.13693237722275
70.82692114237626
69.48464188355527
68.80692056813605
68.05969876401204
66.10637767680394
66.25571453071942
63.42170286108184
61.40939377191546
57.87172073723447
53.419170886847624
49.64135193994963
48.55231662997193
48.07721564589029
61.00899957967824
81.01762259411736
110.86100257174799
129.69014992973615
154.99322022145932
183.54299672894402
207.1389669014098
237.2669579918642
251.42406072950584
258.0202909960921
261.7576878516127
263.69977970043703
266.13357258531516
268.88980952632073
271.85153918552584
272.35636521075537
276.3503287290182
286.04264904490043
295.37143444848545
309.2099595852095
320.85260339741143
329.97288716294963
331.1176034561357
331.4478148158625
322.03335355222146
308.4900505003961
287.6037408903305
273.28271792955627
255.3632924545351
239.36326387342726
227.06817057088625
210.43840204742222
199.27047828539864
193.8464284880721
192.03388607776745
188.64823411194809
186.23932505139655
184.92904499532725
180.49841867339353
178.81591843456775
176.08294743982458
168.64504398187475
162.42857430799793
154.70263019699252
149.13007116900465
145.03534629824964
143.35682453448314
142.9738085427125
140.15007543173152
137.54943164863815
135.43442347855282
133.26923498253615
131.14297884724274
126.53203998351074
120.2294543300642
111.92330443581757
105.04531183202947
99.60066862195806
97.84956755547269
98.05550159226382
106.3611480375678
116.71430370183235
132.51438749307232
144.55661543307178
157.63783992229438
169.05653918078372
182.44812842799055
200.51744601563854
217.0195808282829
228.63252555515484
232.2642820099142
232.12130549499963
218.91697111908604
200.2331495035477
174.187138003928
153.35881446280976
130.88851494395522
112.1271367942759
94.1284111709275
67.50239929150338
46.6455531744684
31.373210527091175
27.565990066138685
27.46240910497591
35.34889629818498
47.80280984689177
64.13275400390147
78.26029031428425
93.33143962651913
100.98897369225729
109.81418124627395
123.27250413852586
132.68331424135874
140.03816485940627
141.88964674938748
141.9051725011248
136.1384085984478
128.65571436545835
116.7300809324323
108.09158146896561
98.91371251162762
90.06519862393785
81.31111504499141
68.15202741300449
56.159917530976564
46.799818302064246
44.2741955123838
45.23998605630095
58.42496395943681
80.4178508964156
112.1021380052617
134.7449355213809
161.60918318247633
183.6054652535679
205.83072663539429
238.74860547385077
264.97555165460045
282.89950698698857
287.02152569533655
286.3088856602829
279.1711821460374
266.02800984221454
248.9711775343507
234.96749274128354
220.90709022994372
214.4657946303127
210.483689360038
207.2346866172019
204.32357283804265
198.9087229677665
194.33428177698147
190.41528675638241
178.28633555803896
165.65893555648427
145.55585591725628
129.67998520397066
109.54468732989044
89.8608701621751
70.76454368518985
42.39162366790316
20.635653572598624
3.9614422067259394
0.592216006332744
1.2167219137216838
4.5383293995767815
9.987773837465927
17.345723758002162
23.47253929062624
30.21010182918862
29.219893925836146
29.560892311074888
30.139889478887188
30.210532420327812
28.96934050740311
28.972635944801056
29.116751518565398
29.331634605980828
29.44877243733132
30.870430478379397
31.129436208551684
31.692306500772915
33.69152095054619
33.467414232202096
35.22581697144927
34.87852867514813
36.47047923583408
36.02815106871155
35.62960038532882
37.07334953209252
36.496000831947285
35.87267103578965
36.40344508012568
