5
9
e
136.4034290785219
135.76498651185844
135.51576594911802
135.7565794821951
136.14678668785191
135.81943097200556
135.40807678949346
135.65816060948657
131.52643655855533
124.42316505261853
114.1303909518323
108.26584778665281
100.14147812502998
92.03106453480626
84.81715819333516
72.86230587135955
64.42333715356786
58.48394407997249
56.2355576293759
56.786800559282
58.1674071640783
60.52903265977745
64.21226407792508
68.0802951902765
71.18780900488314
69.73791682592089
71.90939804381135
71.007115073362
71.7272059832475
72.2537905525571
72.82318681594302
72.93602055728131
74.04720092220403
74.27546134532322
75.7648840699646
75.94980494716825
77.23659939360654
78.78028001423249
79.81965276461051
82.29689821568145
83.0428663856636
83.64826490923862
83.90361253986129
84.25463881984248
83.32495414499235
82.6395314491534
81.27768798825028
81.4354690354473
79.10359117443737
78.87677865622538
77.95223948894179
78.97753405439552
77.83928211993371
77.34932046819351
77.51497652902412
76.07082570671008
76.51182427565017
76.71661694200075
75.400319016797
76.00780537063362
74.66724933420296
73.92037043365045
73.0517823773903
71.7143079866235
69.02154240632531
67.07851651020711
67.77803841961222
67.8293009581722
71.80628652150648
76.09115283468263
84.50317207838586
89.11247275571962
95.45664136867987
100.41439894345976
104.1589740352844
109.04117844881827
113.2893684384201
117.07366563142197
120.42264631698701
122.03976214385388
126.66491189539376
131.60971679752112
138.29903855507575
144.44666142810777
150.07934644621628
157.8856876029735
165.89927296158845
178.31848233603202
185.92768446426757
192.444858380841
194.14822531599373
193.514857328687
192.62752522715448
189.49961272062484
185.74215992966663
182.59631632302757
180.53428946280937
179.55277042586388
179.1714006983792
180.4125518233217
179.6285569066166
179.40653530039506
179.505786238769
178.35541654084102
177.02775784542658
175.88691353782716
168.43386303750947
161.66746123015164
152.07539989159932
146.47203593964142
140.95034816929967
130.9603874717419
124.3775218409369
118.4417944759456
118.18063413540781
118.59625855068295
119.05621698609359
121.80153234380039
124.47177191046922
127.84759449129771
132.44791987076877
132.7789534862951
135.1514559949321
134.63003703170216
136.3749472899253
136.86932730215676
137.6153655046514
137.0712396715718
137.77430143076828
138.51739556118014
137.2976308893547
139.24424980038347
138.846595368636
138.960870270934
138.51902231221115
138.40939760678046
140.06430237448967
139.8331029906606
139.70583906327582
140.68158600693627
141.05414089996302
143.0630679145423
146.82288098835602
149.66689298511028
154.92541011185443
157.69564959188415
161.0486426375749
166.28500637359016
169.98337425212495
172.4735865813759
174.4287038290933
173.008653772711
172.38315986416944
172.86451967578444
170.1559269036201
169.78930464724803
168.53467505274168
168.15356047815615
168.5073553132528
166.60487147490318
165.50304450396138
164.65027184498953
164.34956987542995
163.8496605719139
167.08700565691754
172.1114914530546
178.28708274770403
182.9954476724248
189.3441894580768
193.8302331548261
199.5251477113698
206.92733092136248
211.913744786922
216.20232315572824
217.47904967570938
216.76417463098605
215.54587490687695
213.83801983722145
211.4826616647762
208.99388298342993
207.8008433226477
207.02440759056893
206.7735199374944
205.3225334358698
206.06960333036295
204.32198449038884
204.6052295501774
204.66226312092135
204.00491010121186
202.12353008111353
202.79677726193577
200.8077970094366
199.36227886388696
199.65687506287048
198.1239351429029
198.99799387447032
197.76370992955145
195.91613674089555
195.92508685820647
195.77313411467333
194.11204602367542
192.33346157233302
189.6294602046855
187.0949458391889
184.8146885325108
181.56923303053364
177.82605756030225
172.66008973472657
169.31895048988136
166.09969955166773
165.38276905756126
165.21644751330706
167.54509196653964
174.02016246928594
181.69651162299647
187.38668493655382
193.29316757934987
199.38820106642277
204.65238449175945
213.12897954529151
217.86721678946827
222.3656168961002
223.52662482468347
223.76400359285668
220.55497225263403
217.09240455542778
210.26326584519794
206.08984088597114
200.53769745751993
196.59693609033198
193.71687110563676
189.90899196473546
187.74863093227015
184.3128489879505
184.81035065310502
183.05059969877408
181.5177538789721
179.97261472285606
178.43935372064985
176.4740894331572
175.47107233526418
172.27653767636696
168.60282356400276
166.5650583712796
163.65149843828587
162.76098302253132
161.6024291000402
160.36686579654395
160.41473489761162
160.73388617539527
157.63252658147937
158.6472231226566
157.26508944908903
155.0192825991437
152.43752407553276
150.24885551085592
147.55166533808747
145.68604957432535
144.65618217194148
145.97372876634827
147.37702811967748
152.01137998825618
156.3752999310036
159.97365199516082
163.5094635180905
167.20773128414905
170.83744712402532
176.5022202568779
180.74992016265261
184.7666539885724
186.15475568965834
186.26923433457958
182.75380259709158
177.75452040979337
171.85019625355335
165.75785784641576
159.24059450155866
154.78709383788555
149.28055026847974
144.26892020780713
140.76574031548805
137.9361127577262
136.3165355264353
136.5269623138318
136.70976833344292
135.7885721641999
136.88119447184383
136.98738206772464
