4
9
a
147.6222268136953
147.31387826322361
147.83000964348344
148.6463139026523
148.0894892756231
147.11196946295152
147.39801492198626
147.33414514523605
143.02450584334
136.7192659283734
127.15414319163027
120.32896163033445
113.48443468025485
105.18275489244293
97.66299608603128
85.83825880633242
77.59281676895455
69.84421454649187
68.73589565977413
69.49078967736043
71.31604270521102
74.79517735916048
79.03896586826072
82.73498147697465
86.16477564733276
89.47852882489663
89.88156985623719
89.05031746011358
91.11067562333274
91.26940331855126
91.91849638748211
92.78595266114463
92.52951965325657
93.79487787938773
93.61920053718998
93.76405573277121
94.25538984830895
95.32813485761785
94.27027837436994
95.40846225980424
96.31200271405119
97.3824442681938
96.65717641397153
96.25590816703996
97.07764056529895
96.45671625198612
96.29997959530647
96.02978993204799
95.94104566204963
95.26207978932734
96.58467257303262
96.84231094305632
96.44444918569195
96.30952344046642
96.81667516111281
96.42237387609981
96.07693843252011
96.9387777353637
95.93362497834589
95.39991724712213
96.81726896149027
95.99401521301422
94.99315641834585
94.55428894194833
94.74037489937695
93.42570556812524
93.92442330387689
93.21688933241231
94.60036638228726
97.60627700779017
102.46244808134098
105.02361427151116
107.49541032115003
113.85999585637002
116.80291521538093
121.36609516311901
121.4360184754504
121.76714320844476
122.90480252555808
121.72436431559974
121.88729354564904
122.67794152986416
122.70868016214601
122.87764248728918
122.10989015587778
122.33275785542999
122.27150716112111
121.770006708154
122.92508885973925
123.2250827127658
123.27297240433536
123.46971663664047
124.9072598831322
127.30009297027495
134.66911408891417
143.5443613795477
154.12446532783213
161.29812875615755
166.87258738904265
177.8618751510931
185.63973016025707
192.36103939712683
193.05397493105318
192.04881396326496
191.469239064965
189.0950035508604
186.80681182059132
183.64703738054675
182.5646075559601
182.2897661495758
182.85566794252617
183.04389173272978
182.75359633386435
183.69656043121685
184.11446496513508
184.78108246486653
182.13930570398247
181.1939616884638
176.79993545366779
175.04225268934516
173.5639081916946
170.96387787690102
168.14288430937387
166.2069590289772
161.55429450039207
159.54317330023466
160.00672896862056
160.43543056955113
159.67170379599642
161.58380855980118
161.0389466947717
162.60065105115393
163.3243299633018
163.49257695725817
162.15417416751185
162.17287115520602
160.6755798594169
160.07195332367309
161.08086804556336
160.98645134949052
162.5910484153278
165.51491057278318
170.70783121149185
173.52738008989996
177.75297627323417
181.43382692667078
185.81081745456848
191.9248564372538
194.92475052794958
198.52786191830302
200.2065431281116
198.74208484431477
197.05005612866066
193.42459018821512
189.62418308427078
184.19223851153637
179.42909406484938
177.08430213959372
173.5122052768114
168.2563118504961
164.44663936060027
161.85545902157367
160.61304183869498
161.8062026266366
163.66070118053761
168.21606826374858
173.36747719881035
176.9492480042341
181.1729046872372
186.14437237998993
189.09743305252874
191.72453562467692
194.31432651487657
196.24038551333837
198.49410224832022
199.28453957103838
202.3548750975648
205.20894926611567
207.44806081707833
210.2502040107848
212.98889246297668
217.41683568976256
221.96464528117332
227.70433909152558
232.44219788815573
236.5060589918113
237.81996654817743
237.19006002451837
236.17072708157735
233.61886203123854
230.7433038036392
228.76385379044308
225.7314516726906
224.64788142669502
223.1210678928052
220.15674192385967
218.1202271604972
216.96525644695694
216.42235060442476
217.28434974305813
219.20348254462897
221.90895865379943
226.0917898776071
229.20425803901472
232.48785690886857
236.1992178148102
238.31069291525014
244.152639872295
246.31939868998222
248.8553610368236
249.8014445820162
249.10833145755984
249.13686706190487
246.95240865700848
246.31637825069285
243.73221393767682
243.1905671168935
242.4260732056692
241.727859555356
242.40744865688637
241.177605298889
240.8719323033153
240.97624483518337
239.9597635999925
240.04551153981183
237.96508644846864
233.08021436123678
230.35597739536806
225.09988962040774
220.68764584431028
216.71606167591938
212.36675500119588
209.59662541462765
209.20431600370745
208.65596688851306
207.93817861474994
208.36607660127245
206.3325701325138
206.60683708070252
206.23103244166327
206.395012215407
205.3887754781553
205.12307237641295
202.6700631102145
202.16623677283184
201.67977782693225
200.83910755781596
200.8172185729352
200.38165092851816
199.0353655433436
199.18611236608413
197.00944065994452
197.46011768124959
197.158340610347
194.07772843033607
192.56584517295917
191.206885201118
191.32831728631228
190.10430427095753
189.8056463427226
190.3430828359603
190.83870531415303
190.82513627413144
190.41936211901435
192.13918455766077
192.48209253046542
192.72607194878393
193.09238926900935
194.1895584615211
194.90750665589525
195.43419412004974
195.44280025468075
192.49266061488055
189.55832339698824
184.1447360056558
180.927959679781
177.90234991398484
173.403935302543
170.43817898596654
165.9225585388743
162.32794471452218
160.99525484827842
159.08263161744702
159.6326977084957
159.09597930828747
159.42594228067875
158.89292368893067
159.53864718647836
