9
7
b
63.671883450241175
62.09077881604722
63.42050844047435
62.898965823426565
63.58843545081626
62.01276009303684
63.345818327014435
62.76788606914355
62.31694867102011
61.03353035342647
60.81465164167489
59.97858779133759
58.910647892008015
58.70530040123166
57.80290516926969
55.47140821903116
54.134075986074556
53.91904236808498
53.886507333497946
53.69623250344133
54.889998014411155
56.66895517857399
56.869614558358144
56.881799080503676
59.86376256775425
60.488653691477005
60.90048255711785
63.39697939118777
65.02973642968232
66.43646006000786
66.99290363531198
66.86250044721201
64.35296186508512
60.233912158666804
54.9442951057225
51.013395981189916
46.42510807103802
41.273526965010724
37.37138200026915
29.410604826120295
24.41424973328406
21.272088152004923
21.01849030518976
20.212867901009332
22.403220723298155
24.487340269438473
27.832068641568704
31.656744792935886
33.58405544424399
35.32037588724777
36.51061793519605
35.530565599723296
36.25202227657353
38.18219082081225
38.281658917574084
40.18225451501678
42.70381639918409
47.318939979940104
60.13785018363801
69.95083044726542
84.29800698266686
93.39005114162781
103.71185674535748
119.44948569667079
130.27041007737307
137.8925788207188
139.3014296994083
140.02529292543502
138.27758223444536
134.67499702413681
131.74665900993887
127.59885972405908
124.99025393181196
125.13195816338843
123.88119569233514
123.30606732625662
121.68177328830896
120.40294113625845
119.08085846435503
118.88401325922958
122.47334947461951
129.99584149833134
138.91023729095426
145.0292130829958
151.8802090649346
160.04179202660623
165.08246710622643
172.46833020260212
178.18965170801212
183.94327872752967
185.48058176038833
186.90038555719468
190.19906983582047
194.37429000223884
197.63558747007195
200.75978524011188
205.89058805618973
212.4367959311126
217.86573618317186
229.08078212865996
236.3395542295218
242.75177921544906
245.5175587114459
245.32195295985875
238.46679547269918
229.90207242313147
215.18050745224613
205.56097182624515
194.55945783330435
185.6483953682896
176.15541874992743
162.21046480810895
152.36514902460723
142.53453447752423
141.4173864701359
142.00456788614227
147.41022062507594
157.40141882868735
169.33075750393692
180.239403570414
190.43233216497327
199.0512211190789
206.70513278797574
218.5072927873848
225.44718737677374
232.14657652401306
233.4277577973745
233.22086073093783
232.05342883869227
230.2096378991845
226.3600812044008
225.41355053809718
222.46039190922335
222.54903613042774
223.70743166827634
222.76900610144864
223.65742916700205
223.21597110825968
223.78613751299022
223.47060257263115
223.36936545101295
220.87973058030855
219.6849558335496
217.19080342382077
215.58265262847587
212.79780416288352
210.91226216160956
205.44256144859136
201.6154144217146
198.41670520229476
197.22497155784214
197.130802424554
205.5253473277288
214.07804216202015
228.49664518325386
237.55734399826216
249.77664354191063
261.52157621927444
272.5812984043923
289.23874470163145
303.3003975743008
311.6151680262072
315.0697752227689
315.27290225912463
306.88280816796953
294.51680314065874
275.67467568419244
262.5035446460317
247.33652188917733
235.50807669399484
223.87231488934887
207.85234256438034
194.85329527638297
184.5551584145081
184.00861816538284
183.4730856685978
187.2707959703149
191.8271064584347
199.43785515728473
204.80329400653304
211.91962636706918
214.29223659885278
217.8823627434472
221.57373530567068
226.04601554343782
227.64513073236031
227.79754888841612
227.8926850236365
225.71366025496587
222.72401510673043
219.20100374539473
215.76909888109518
212.09579686581125
208.9112902191472
203.6204693308788
196.37164424106615
189.66646735259354
184.60741299378665
182.5065394623759
182.8975383155396
195.17327772897556
212.57315401956734
238.84657810997376
255.61290937957935
278.02064380321207
298.7204736973684
318.20684687863667
350.2257030450923
374.3853551822784
392.2560248020463
398.1118001795873
397.055858769075
382.47709771315266
359.44264273071093
326.3414000749284
301.89813774581796
275.5388617150908
253.39777522192995
232.0743048171289
200.9518257281001
175.72892176463898
156.86460150359954
151.7002128315555
152.20736408373182
166.53827777325114
188.79995337519875
218.60335457125288
241.6561889187463
267.1086639526081
286.64691519539264
304.8624510977799
334.5520321955038
357.4294751158436
374.0314104005663
378.4291621545885
376.86686164127497
366.66380809334504
348.5937133300539
323.2152005194545
302.9081951937443
281.6533851123469
265.9079674570443
253.25711582933414
237.97474064964788
225.0224976101864
214.54744890829193
211.11948203122444
209.13868575828255
202.4634696517344
197.45886990088434
192.29491522438863
186.22789443313746
181.1773399936787
170.9744800128003
158.86581202318146
143.40023466245435
130.41787431168717
122.47801968580967
119.21966271414468
119.56495570950743
124.42204364334516
133.32922503812338
144.02499805727743
153.27610113925468
163.64597890603724
168.63507463938078
176.02281733964554
186.50392820791916
193.2876931477303
199.27610876455088
199.93016532622923
200.40536434325307
196.04305848955173
190.0007283018589
180.46721923787442
174.85376133756426
167.50266153407895
161.01199009972532
157.02764751448865
150.06999214346706
146.39437458093064
142.15884461566012
140.0590391655528
140.358918446601
140.68377969074135
141.92430398030726
141.40533003220114
141.13966583800536
