7
3
a
12.421966996733023
12.252445738669493
12.147038486850194
12.50652685515336
12.915648527725443
12.637996849182766
13.140648835388635
12.787917945393458
11.353404950808422
10.434344672836843
9.815919248903286
7.960716261075605
5.455752509224912
6.216489918628586
2.384934725099013
0.7079654588423675
0.05256153524749687
0.417818751804589
0.0
0.12700526627287995
0.326202042859119
3.0375183158127066
9.52113724880263
13.329229389366542
17.19432329501699
23.97009693217725
27.957510646603218
34.51625955170325
41.12312599225181
44.14616505393867
44.80145049245453
44.48798597259344
41.973377608854975
36.30606505994593
30.345629850978085
23.83962486026511
16.973987514711595
12.265109628737092
8.187079766413556
2.424288984480709
0.0
0.19964724407112108
0.23409277914981644
0.07316834950963623
0.0
0.3758054390566034
0.0
0.3983309141455899
2.0711580332548745
3.259411379043198
4.267128668812691
3.6521774759591183
3.9833429738698616
3.0876043217443296
4.847834115419094
5.28799657250931
6.495970197175305
8.455514947965419
14.564370309479827
18.42733240838419
23.129749935773823
27.429279969598344
28.034426873089892
30.703960299065237
33.519686717109224
35.903207267567865
38.86631104688302
41.46876480463965
48.10417516769548
56.203511589645466
71.66652147248851
82.7711510576157
95.72428531193673
109.40119086056286
124.47375692889587
146.23198908385203
162.44571533099008
175.037949740736
178.39944046626945
179.25841034255325
168.46638647394346
151.70689881062157
128.02451122949222
111.83512265666147
92.31205602251796
77.71885733143046
64.66003012992549
42.99849994717126
26.876038019366284
15.768272925262487
12.51451026471046
12.623111011398741
17.376400186107546
23.533203119890935
34.16131222860759
41.47607942992404
50.14684828736081
54.18690590763366
57.561743570212954
63.70357125029128
66.93781969359952
69.97948262459282
71.28727385776962
70.83280330179903
69.93216049265548
68.52167435705546
67.71229936851049
66.40073041062081
65.86321666218964
63.949086493188155
61.373284800679606
56.92587677643442
53.382318781579656
49.85790962289373
48.480921339127924
47.15568016047261
61.44686946650226
80.64355979336021
110.21235969659544
130.69122014142624
154.44016677170285
183.22709645275768
207.19491606665127
236.73892773460744
250.50723332591315
258.9919094464778
261.0573889104537
263.5424408021783
267.12101366492755
269.3498376386488
270.4050847906443
273.1970510137838
277.73045222423116
284.82846026788485
295.14402781747145
308.7970103238865
320.90021194499656
328.803670170745
331.6147151974244
331.2342151430821
322.1071147041833
308.2953460772768
287.6045778487788
272.0912463303655
255.2397280274274
240.18000214108145
227.64950072670084
211.38837267493423
199.4064995071401
194.4541922276954
191.41525463420518
190.60002033428395
187.24058014060793
184.33460191846413
181.71149656894312
178.4567124404701
176.25327193951907
168.2695723749279
162.529643207705
154.71954001688815
149.00678609255047
144.9948630843582
144.59598581389216
142.45234411820522
139.59430706134387
137.63097144252083
135.76443433144314
133.8613674918273
131.0149414002101
126.30152383315496
120.10206889295702
111.07677978053536
104.3754826720147
100.30939219876528
97.80161057679695
97.73635821672194
106.0978826816337
115.56577297039479
133.06502243221743
143.14022867691367
158.32815937149246
170.162725807688
183.55512952772492
200.98594541119476
217.13129114545868
228.29479374913615
231.86740316839698
232.13763541683628
219.01020770947545
201.03747778594254
173.79462445892395
154.8609182848739
130.48405242669162
112.81683706016037
94.85266616680008
66.83210975435028
46.897442701149146
31.11472199757764
29.025942805078337
27.536180339290098
36.151465526171926
48.50172260997693
65.58046536297701
77.39005274825061
92.56279832563968
100.5897416455375
109.663754014506
122.44286483862878
131.68906601013705
139.62580315220234
141.25244508229167
141.96960004248066
136.87187041013658
128.04617687357552
115.92535779027065
108.5767718187225
98.17643552853737
89.84418069520252
81.51516275641406
66.66175718689496
57.408819751192645
47.322521821288134
44.67137051857474
44.688431290150454
59.19249201427819
80.55321445242936
112.21598260752127
134.42121685145915
160.9045605346461
183.69927801998404
205.60633073038747
238.0892417561419
264.9996673086523
282.22352950828264
287.1397108382296
286.8692012028408
279.8536895788989
265.8188051106468
249.25818255933635
235.49915082060863
220.05748079125738
214.89895256081675
211.30712993186754
206.46447643202475
203.09736619679938
198.3548784080748
194.60717445812793
190.66148124553268
178.68175292269004
166.31178749867513
144.7031331276379
129.63723847218304
109.40419768571874
90.24182625203898
71.08658378788319
42.56576840157896
20.87239516325387
4.413789612886925
1.915581741188908
1.2927242332227062
4.342910087437784
11.26595767243571
15.914930619494646
23.33659943193498
29.517799247555796
29.95992977671888
28.92645084972808
29.906762791246305
28.392525702294517
29.184618905954913
29.63574620139227
28.833053122404586
29.605356274159636
30.561713254760633
31.45325427572156
31.9806047399104
33.52398327460443
34.08288103410042
34.16840151317558
34.64468987294087
34.999577047170675
35.98223205942725
36.62825801232386
36.278398204140146
35.884560111033664
37.14396082205956
36.567221409616444
36.22246925656592
