2
9
e
192.9818717472066
192.3319597595357
193.3145425332365
193.25618144496875
192.86678994605157
193.2009976038175
193.45750518950805
192.5299842432371
189.28439667674408
184.54613844017285
178.0890272922576
173.100470690588
167.22209569495325
161.06379993037928
154.67044797808933
148.0141808736362
143.56757641458844
141.568890803248
140.87969478139635
139.61659385799604
138.88815305541095
137.6521414294639
137.2260147738821
136.2023544167052
134.32768393874682
132.73663895055526
130.0819558207152
128.12152961766367
126.99616161825656
124.53300038280852
124.05582651448054
123.24665596027631
121.47740320586182
120.10739623540762
118.89234165569573
117.06802113675185
115.55723264204315
112.8483219742448
110.59332140125527
106.66412803055486
102.83698400814794
100.09718929312571
100.85209828565898
101.14391203506136
101.35241844115887
102.63054415005017
104.61122042096133
105.94434276183915
108.12299746367034
107.64994740222897
109.14937866082569
109.42929467381033
108.42630242933804
109.94277337403993
109.93904181776776
110.49727005752582
110.7901777200584
110.95524124022484
112.44710496887244
113.81123794082048
115.15137569584861
115.55047351625348
117.32724160529871
117.3081681558498
118.4430699909139
119.84328550812775
120.35015474205076
120.99961377869532
122.08750194578255
124.27374008695958
125.65073745138343
127.02795975748093
129.94822201583642
132.11121934531374
134.34732982759215
136.13577742976702
137.22523994161995
139.070671075234
140.4063710947268
141.14726353654387
143.74620064207667
147.35410575662667
150.36549451472425
154.69442320757503
157.59990939637967
161.79839219482545
164.7574119866344
168.63077189180268
172.14254173300196
174.95062247728615
177.20896663544787
179.10960000374607
181.01353032834635
184.84041438438757
187.53424230330123
191.19003731943621
194.53411892977556
200.4381972296724
204.22484837524487
209.99104709810132
214.175131387555
216.54439007620752
219.04221560226415
218.9120348936031
221.04738843827243
223.96557777629525
225.9471748790229
226.97782222652404
230.36161589261127
235.48568365665977
239.688074305928
244.4753280065932
245.81877527779753
247.72341508841515
248.17992145584245
248.23249645575785
248.98213272920168
248.1233737226538
249.32445768261059
249.44165468171545
250.1538161092806
250.91597909875355
252.18101234298268
253.70199970682228
255.69415509298537
257.6997746076624
257.11004530666474
257.38850286381506
256.4501094176078
255.3194353722468
254.88169526897997
252.8819085079471
252.05978544519678
251.52265140577632
251.97163686143526
249.18633190551128
248.19413214087547
247.25250777722917
247.7484047401082
248.619581854511
248.88080074009062
250.98187808433116
252.82238124054723
254.74311921902535
257.680765590107
258.8068415358168
261.5419920059438
264.43056524403084
264.95741645829713
267.29258658188417
267.81899593810454
267.4968071494627
266.9581871082549
267.73170576359377
266.55815189544506
265.84487877480905
264.30211035468096
264.6525546530499
264.88330508014235
265.61101983721977
265.3589558066506
265.17903517222135
265.59845813010094
265.3487906903574
266.42294461168245
264.1920989496306
263.3526714392244
263.3240870509823
262.7245870531461
261.7085264171007
262.3651069095107
261.3560948202982
260.44406749400605
260.3470194127242
259.785244910431
259.5263563427664
258.0295317867434
257.7018563773085
256.08806929467113
256.36243354656534
255.0654249058182
253.98942629764835
252.1597175593309
250.99066343933362
248.57621496177637
249.99858625285648
249.1106107801066
248.07044231917817
248.60293056074062
248.0707016776783
248.38793151608849
247.3375120809077
247.2651196204036
247.34041062027907
246.2744622978524
246.45959642958815
245.26156965318074
245.14067205453938
244.79411870040582
244.01260249031108
243.9719528129176
243.51667845929288
243.87559031321706
242.36461438198896
243.2877984215818
241.84646063388854
241.00424984612863
240.9728617838616
239.32214533277084
239.44902718680245
238.20413313862852
238.71973935263296
238.76266525101633
239.38051554046203
241.070739930675
242.8236250080309
242.08098880701354
242.4355776269732
242.85543641874398
244.59762089677056
246.0474146118356
246.9970790032281
246.25855336011597
246.13364012124197
246.5964243001139
245.11267632195208
245.4661549079002
245.37581147844236
244.89470648694333
244.66110104678958
245.24261071429714
243.7256699410869
242.54202088847904
242.32833311370743
243.45399346179977
242.37302310485484
245.34977781917453
246.0856096870793
250.04728185797975
251.89925933883896
254.91439366970027
258.6787358293363
261.2818803447003
264.8168826163425
266.8127731138808
266.69465928307204
267.18454641883636
266.7215616198146
266.79084547325164
267.5130053519539
267.8914214978343
267.8116516123864
268.38286352073214
268.25672183441094
269.31714854490326
269.7898018817911
271.30415244244045
271.84994882899065
271.09547674534355
271.5455467043648
271.1346665695892
268.82568838391484
268.6143323206715
266.610321332591
265.8473482510105
263.8971930115372
264.0289003651744
264.0316423310963
261.9002837990545
261.606466183613
261.35970826097173
259.86292800941516
258.373094852283
256.0828402416214
252.3244833159616
248.6837410287983
245.55777173182756
240.98874150840828
237.57954433923587
233.91699109057325
230.3206036050357
227.15316820820055
226.1449155299428
225.58163128666385
225.59623554580966
225.9255527314727
226.48139318616828
226.9723400130745
