4
6
c
103.76037460623151
104.67223345235213
104.27777441403673
105.08742639678454
104.07549925425721
105.58914114111245
105.36800791278625
104.78249235375638
98.73370481560544
91.67007911394384
80.02141514021213
72.58957139762413
63.075116659776796
54.22919741502985
44.83922365566235
32.54271714837238
23.201178905020495
14.86865870545914
13.26634185434169
14.073208467305752
14.919460677581107
17.28676181138953
20.86997255713042
24.06662806908105
25.627951517970704
26.663404576690755
25.61358557877252
25.740888087886535
25.62180735609402
24.623285045465757
24.632798740093246
24.750688303295153
25.85016260772408
28.645139437693956
31.578425176177742
33.39273021574993
36.93885482509916
39.551262583596724
42.04513708381419
45.86665268146118
47.5964183091164
51.21980071202028
51.01113951035576
50.54811077521805
49.89140408107694
47.886755745582015
46.44999208211013
45.39305255741851
43.042245675392785
41.28509633495251
39.67574219651416
36.60461778969125
32.57933063116103
31.10385101435623
29.342101629932877
28.92748244828485
36.00299071908762
47.24117007896186
61.308097213516504
72.77049694129894
86.98799409988197
104.287262312642
119.33663288864183
137.15152545869807
139.66034482234315
140.47826522110967
140.8436607568267
141.07371733318962
141.97681513712914
142.67057432230104
143.26788027382094
143.07227716302714
142.97236310449992
145.43069361714004
145.9786244702072
147.41086434921777
148.97613950695882
150.5555956309654
151.6789806265506
152.86269411220798
157.5604535347872
161.56983780018086
166.51357797146193
170.5044300750743
177.0412038633233
181.9788406581208
187.9681086458598
196.18462551768894
201.4683599510581
205.8111807250943
207.68226217760454
207.58116625148926
206.96532622218913
205.10601980647616
203.0044706720582
200.40978001537667
199.888303738542
199.1044991523985
198.56008680561047
199.00499188856293
197.43878891711717
196.75120491935567
197.4403882822516
197.42435194724345
199.36721689248392
202.8157720140336
206.02186380105843
209.09503774444525
212.79528389984006
216.5314940411008
220.0590423503583
224.74085238820808
228.7109048860133
231.61291311601178
233.16952366256552
233.54954257043724
230.4140710040226
227.21380234011713
220.63469932181778
217.87807294525496
212.906348421024
209.38033004186062
205.26547304979482
200.19797089834086
195.33178113201072
191.9848471842646
189.33597611310208
191.273496716892
193.7708981502272
200.49720859772287
207.1985664796974
212.87867016262865
219.8761669793915
228.42217532229643
233.94967167856748
242.1678021813353
242.17953386773212
242.3766562564955
242.42924470900869
242.1412805839846
241.57302738142093
242.14687099436426
242.62304175535496
242.83081282071845
242.55528264091308
243.20691906248337
242.54682830479905
243.10454731768968
243.02276147499836
244.24337321067418
244.63450748594087
245.2448096078539
247.19703478772826
249.90673504579792
255.12534841441732
261.4995816121288
269.50901505148545
276.92916045841235
281.95427272591826
290.75040254898266
294.96560419513463
296.395895621921
296.7619246415696
297.8300097369655
299.0107813027478
298.8768537706705
300.760081100537
301.8038788304752
303.1618835727231
304.4122471731781
305.5707517012379
307.49915184594465
308.7905679492363
311.0576003385431
312.1583715813454
313.92545133994923
316.2925718536732
319.3136119065781
324.0803282210378
328.49622912407216
332.3483566308705
336.58367442589116
342.8633441119383
349.366944781827
355.01925537904737
358.7550072050406
359.5215659680945
359.67253244007924
358.3236749891262
356.206263243955
354.26683159562765
351.7266219720918
349.8158177844247
348.11635490291894
347.98188526327834
346.52466007033775
345.9471373910758
344.89022238153973
344.99773472644466
344.4144088821859
345.5157776366995
345.163924669388
345.6818666056173
345.73482673542514
346.0031335489216
345.05105091718076
346.29755324561654
346.9261059554755
347.55422722554374
347.9142465237651
349.2939110118061
348.8246220279142
346.90640650836934
343.79482981214323
338.6901225010463
336.20351770767957
332.48017160773395
329.7342907073748
329.5302747341636
327.66777321972756
326.4856915943277
323.4414789380223
321.78406939788835
320.40591199261047
315.0092683425574
307.17189836405123
294.0899742918167
285.09579847580477
272.98615953927964
255.80398663584631
243.3229420094911
225.09536092612024
220.82759470131833
218.76271518865232
217.4426359163855
216.9857614028749
215.3576802797181
214.61798794035053
215.1446633573789
213.93826938969409
212.55137009468726
209.7605610565767
205.85313799354415
200.96192347471313
197.28373014024316
194.31711597285624
194.1210193007022
193.30098073828097
194.96626381395225
197.1393614422783
201.59747581894737
203.5504368502902
205.7843699760743
208.1574656547837
210.16041442997334
212.49608596589104
214.90030707081033
216.50714744030162
219.03702098515987
217.34189520210873
215.7563565147238
212.23218525626348
207.56893126741468
203.42335346700105
200.05717866929493
195.33120274832842
192.9081801045398
188.56372471413434
185.9026050617645
184.95013722777918
182.38461057080985
182.59079185549484
182.6881095288043
182.12520683758615
181.1165013091087
181.25448999775386
178.65977301895705
178.10450230547076
176.86786189062857
174.2235562048773
172.8133334900146
171.5036122095124
171.88568117878722
171.01325124384704
170.8588569780135
171.3848389375197
170.79925996476237
170.51518674114777
