2
8
c
120.37775786029873
120.89233945090142
120.94903014079199
120.52863443221976
120.42533255953771
120.86514903093419
121.40042074418305
120.02500018252405
116.15349621367493
107.99155397074807
99.61756080308793
93.8080804440966
84.8140765586001
70.53339429467032
60.55214135491598
48.20307790609868
49.2169504944995
49.339842957110115
49.21031844567471
47.73305110475976
47.74648526426127
47.49132965171029
47.142655513403504
47.83015577692851
46.60475584174923
46.78242662956162
45.6798168297711
43.880752792843126
42.98110527611399
40.381439587367026
40.5281152817574
40.07343109177181
40.687157847259215
41.01871096800252
41.173114239288424
42.29153868443431
43.002936842906884
42.22992726663347
43.55252249058732
43.53265108413907
43.60057641068968
44.98798444797147
45.529978777468024
45.30782207341185
42.702562725010004
41.30319790460573
35.70640586683973
32.754308138172284
29.47243494676693
26.642216161436053
21.573129356786225
16.40146893975235
12.279158894015893
9.308978149847993
7.971074018813318
8.013624182467867
10.980069673333837
15.556771699552478
21.176517471321446
26.199128485326945
31.71866012182776
35.74189528716833
40.08449220120519
44.93655142454311
49.457273365243715
53.37614323906519
53.852030981214845
53.51876860444124
52.75689166141448
51.52910283142721
49.02350693437382
48.07245779836209
45.76741113694341
45.035751218087384
42.98009946095566
42.721072333789955
42.27610489516896
40.65566313027039
40.3560987112571
40.14947752959978
41.19232969478177
42.96212175029093
44.763903405072924
45.62955810501706
48.27079073420468
48.552458055595324
49.660168245995784
50.00774276250112
51.921235675730834
52.32022230652496
51.8001871845249
52.811970915147235
55.017954165149135
56.98989429078354
60.924710975387526
62.71135357466668
65.976549926349
69.55668408376957
73.13734194583446
77.93171816716887
82.26799071127765
84.77132151088138
85.08987390429056
85.46753503702102
83.93920337177194
80.92250967145799
79.15104169499237
76.20758472153864
74.23943673714989
71.9584280244388
71.45228917418852
69.69686135711063
67.23187202409908
67.41336138293121
65.97790085352314
66.5593263121361
66.62844704777424
68.30537192763738
70.5008948936169
70.88016522234408
71.7404796548752
71.39326890521998
71.97074371075156
71.78988661607731
72.36638404859545
71.75324739906164
72.88205368962949
73.17062202166122
75.37698059073142
75.71796634904995
82.41860888093753
88.20722631604397
95.29015603933684
101.85691398725277
106.32690047503333
113.48429485792802
118.44381813564283
120.19303720767206
120.33600286477233
121.66466798433285
122.53322966673608
123.52981372670779
125.03589213004794
127.08892751645314
127.09015414439052
128.29977810346008
128.93268824334973
130.142093511996
130.5772928277868
132.5486187110208
134.59203478951233
136.96907297843035
141.77230832893207
147.40460115158277
161.3752391407137
173.387511792893
187.34410199045354
200.41702626062167
214.08182203162258
233.74106066202503
248.18786556342005
260.02407474670827
263.2202646649716
262.27145429391607
255.9168996809119
244.83395384303466
230.04990429040072
218.66427676021334
207.41608903351454
190.4695570907395
178.0302937456475
167.84981938102538
168.6272742137269
169.8902050788603
171.29427441137716
171.71999029791596
172.9210912757762
172.2255481016505
170.94487362875878
172.88778109310914
172.27250658409912
171.5732438726219
170.0753197614729
168.39157464614956
165.7610620477337
164.39456154710285
163.72267351038306
163.4127712402811
168.0026093237268
173.45105644027177
181.79109129404168
188.65663492957066
195.26907507333289
203.35092707750985
208.33683865373897
214.99722981763247
219.94265495456975
224.62036147579315
227.00214311177348
228.35973681977947
231.00312938783244
235.94862404673177
239.56677302220663
242.6997687418726
246.53010765822376
253.71439247865558
260.192664196993
270.60412803845594
280.9053371566718
286.5657144620933
288.0938048544236
287.94592819845394
280.48733356525656
268.8166956624512
251.17300363334547
238.7181597746108
225.74017772788892
212.94884950063465
202.85741316168674
189.51443152178268
181.33174694781937
174.1035434776779
171.63962594495084
169.10724230538904
166.37040473787067
163.14293703517183
159.64152059213865
155.96743598563467
151.15414029231545
143.2756553564951
136.49096898102573
126.66279156877702
117.75444979571414
112.79946123426063
111.839636775745
111.89465108106577
112.69485518731307
114.70754294052293
118.5937363130415
122.35305413470999
123.67027664179655
125.16198447773846
126.64496284726373
128.7653444932739
128.50653397392975
131.0068180715361
131.55071698219135
130.78352135600844
128.66038888898564
126.14885084867076
121.08177681831765
117.79499534450795
113.55967147151978
110.00818134645299
107.13045216577217
104.99292962761251
100.57372865039397
98.60323470306459
98.4037963086729
97.42739618915859
96.24387856428064
96.43842251248748
95.07483184591744
93.05536821508956
92.86582410469903
90.59934882633797
88.42802521229054
85.4265943910545
81.91318527429151
79.71654907852911
79.9142634117532
78.39283456080076
82.04984659416964
84.69188657114154
90.46097155327875
93.61168429566278
97.6892934793495
101.65396941745868
104.39889158905393
108.98072055602594
111.27281181527212
113.3052168545037
114.425303626096
114.22189550064955
114.82413032686746
114.28241118867156
113.70066464364656
114.7561971413601
