5
1
c
37.851866092245125
37.81882701280983
37.08870083779355
38.33211298634504
37.040655053057854
38.85454188280985
37.48310576849055
37.85334343994396
36.94263257550797
37.125642152774994
37.033740810286524
35.17581962536343
35.01042359288935
33.594251634100374
34.073774661797906
33.700488975144935
32.54198500408178
33.04880739629411
32.13423208615981
31.984418714067434
31.73753696563341
33.4594935852393
33.96856452686487
34.60867056240339
34.62750256353358
35.852331208607836
36.47705848171983
36.900074378728085
38.98916283930193
39.605836008739324
39.37562364143561
40.59868576080422
37.37762655774916
36.28785969608568
32.20953685274855
29.629048100045285
27.040097779633612
24.46726045862511
22.106193832658274
18.214797233782182
14.856778271929228
13.292843860308345
12.285706561070958
12.803204231065838
12.798337914270576
13.97610486191383
16.9405588374716
18.572401220989597
21.29640666873395
21.10177996474746
21.89117727320876
21.408206928296146
21.950662755483798
21.91019692620343
22.525533725272474
24.111702222951763
25.71730327361145
29.160440561970624
34.923771961269146
42.17059766126364
50.14991388486814
55.884993287088065
61.7912238132152
70.69370814152695
77.41313249967247
81.97210426561
82.9395733087839
82.58269542502657
81.81172624333571
80.81596400353871
79.2636010125426
76.41170389233507
75.11861005640999
74.99609389002192
74.4317145349427
73.59402753843712
72.16230764801975
70.83697376205572
71.01137667500578
71.51958468150173
73.77290970336959
77.75694659117129
83.14794493851666
87.05958036873793
91.46159866372173
94.36732315414176
99.54997188436785
103.27888164247929
106.71921336166444
108.21904660970968
110.44516017454932
111.41483529883268
114.14079835806943
116.19051811817407
117.62733799129825
120.17044549323263
122.67411940532378
126.80019162603962
130.76425606675258
136.09459877093664
140.53480565579062
144.73935128479485
146.8136410393907
146.2527016304907
142.79444223271588
137.0181374878719
127.67100808086303
122.52469464619243
116.18707516100139
109.54901115902435
105.50050915053777
96.88378676320991
90.80566943821607
85.48066870841576
84.36661648458508
84.66195520668074
87.99362494449765
93.14390219637126
101.60128963081195
106.87424270197764
115.43931111850985
118.66684691026799
123.75326641248003
129.7958817697199
134.38525778711124
138.79466875931
139.0583334973676
138.70133647122117
138.78471856863953
137.4509271616213
135.6127401466196
134.82329276581657
132.82673185809386
132.364023301795
132.6258372588715
132.53416713773998
133.72657130666315
133.58892810548815
134.08766291508422
133.18914584933376
132.66278664979615
131.77044889394674
130.49442101461628
129.54182572023907
128.65373759859497
127.09730340222856
124.89263287754636
123.09306649730695
120.41702347256285
118.90178702457371
117.45007354020149
118.41440496433037
122.56967516758488
128.53596736736762
135.9334251167811
141.88774707643168
149.11562486612954
156.38582509684002
163.01663314911247
173.17870796710477
180.24993292577224
186.44793615091686
188.54207720723107
188.96821872440555
182.80457687938676
176.25780867845307
163.24081729999259
157.22648717492078
147.3173582760893
141.0532637122658
134.17627539584478
124.42624280701843
116.20562270381029
111.11131262622537
110.21790485000244
109.69028294950871
111.71256491934379
114.60408933499548
119.48354656330527
123.02493796207384
127.17332988714034
129.27253803963788
129.9531032938278
131.37136427308883
134.11898645389314
136.19012657126922
136.421845348457
135.58231816175075
135.05756507449723
132.98726064349728
130.85128018857785
129.30827237072197
126.28695031756644
124.17300195478214
121.79113400234182
117.23539450562981
113.11723418885971
110.70262172188419
109.55272755240215
110.25985693170846
115.85211593376805
127.20183594292465
142.41142975746007
152.81474126964125
165.09574343918482
177.88505771352294
191.13314393039488
208.33358357515453
223.37267801212084
233.9979162279337
238.0591685089685
237.2886538327774
227.97358202718888
214.16622278996937
194.39212685038254
179.97538585386346
164.4045442920346
152.27359030931828
139.61146614966268
119.46677417845726
104.80498661175082
93.52478042330168
90.39926139058498
91.20996640309059
99.75230628461073
111.76972015800446
130.91228129425596
144.4024656624343
159.63560739829902
171.11136111050521
183.15756971667926
199.6001687657737
212.62700949380147
223.40285528851285
225.85376094293437
226.07366208075518
218.7868440095847
208.04323622795795
192.42189642485775
181.32401442281792
167.92888191796226
158.8896310542188
150.7905779725243
141.5723188785878
134.29867618043332
127.49777561230576
126.13997286859673
124.65448941823414
120.98496006982778
118.29020163602927
114.34873173032183
111.76175421985252
108.54292613930895
101.63850262354569
95.35005470964789
85.51369990607861
78.19169632361003
72.54318996186507
71.17382391079069
71.6820978393892
74.27810994973032
79.58040649388019
87.45080435565075
91.79266791229554
98.04987558852764
101.2843921669495
104.47264360055914
110.70181005304846
114.47851340131183
118.20420032297365
120.23868983425118
119.78785795291651
117.17045954920076
113.1026139687185
107.8772637732721
104.63677072692619
98.97351874685727
96.21792229254154
93.49352406061165
89.00308723524589
87.5613454336999
85.09039416514173
84.72390234265355
84.41778577559873
83.90935404332959
83.50541222783035
83.99372270998381
84.59539153509962
