2
5
c
47.55992255511347
47.00778764264619
47.18842418903004
47.258989118752105
46.934640051020715
47.403600166601485
48.045985114827424
46.293952227194396
44.47737032613796
41.570347142081914
36.37652801171094
33.04979304768584
28.834149427165197
25.079269690505505
20.6321801161242
14.698550101955469
9.781226032138559
7.06635240854708
5.914009991346501
6.770032967575831
7.390099529426366
7.843354613015353
8.840493031136623
10.669177558623337
11.472205222412512
12.396171190893902
11.524439000359624
11.121331820610614
11.268322697616151
10.739395186760762
11.928281928092519
11.413525930587685
11.78027372532884
13.261880517859089
14.736405878012905
14.904489517879782
16.47173426576586
17.335192025778195
19.134988444021698
20.664730723132546
21.95346948558643
22.93359721032225
21.796597465186657
23.1189829855713
22.18008940109603
22.405009847800862
20.99053229146499
20.978852204045335
18.760727675089317
19.29791673463836
17.916925822468396
16.248284127017246
15.158860418794363
14.136015619237464
12.973350403221975
13.661049361910836
15.933091100906235
21.62211650934028
28.831509212532914
32.5474594211303
38.49680152125439
47.80001983748236
53.474440530306325
60.591729281225376
62.53162411352463
63.94131675842399
63.57217738203096
63.73261546008054
64.48645534998307
63.5612854617054
64.13963917607012
64.96865604215205
63.9702274932886
65.16453682779519
65.57655914388027
67.04845445054774
66.71951236351383
68.21252701783258
67.98541544180661
69.29638680582491
71.45236943258841
72.56801551779911
75.70006865877475
77.7400292478633
79.920322206749
82.03109485722844
84.55876066185692
89.80504607670386
91.99356962925309
93.75847963941084
93.59968522733122
93.84798321175276
93.89233421352097
92.20373378172086
91.16354943225429
90.59023229771452
90.8941450962274
90.00077851078407
89.11824039370109
90.05712069495223
89.26323691633203
88.71787730219353
88.16003166816564
88.90082745427635
89.9009472566227
91.24215444385223
92.44150254489215
94.7513664239265
95.43309893700956
97.60098829763375
99.38520386435518
101.336264813005
103.48828249637991
105.20223890547926
105.41233398577785
106.06300728493616
104.05956824122092
102.14280940091555
99.82447895609035
98.23071626673014
96.2692087592107
94.67290621146851
92.44442927234583
89.46553688010165
88.21874551329316
86.56311925114707
85.71193547176514
86.21843202072667
86.78571668958942
90.60840815531182
93.3853671135641
96.05845363874901
98.79388034981532
102.53033694780001
105.90396711137625
108.83682596084071
109.63179973263861
110.02744161563763
108.71139182499482
109.15875749735608
109.40488567069342
109.08304292859057
108.64919046638964
109.32201871324092
110.65855606071962
109.1064068147953
109.62410926304692
110.00994602046903
109.45666092434664
109.51894161164907
110.35807157236417
111.40087012886295
112.40217557432624
112.59537878196771
115.1993822846003
118.49629129325726
121.490343872164
124.38289368269808
127.5990616835445
130.58868142749444
132.8808594274945
133.19453688374853
133.59100969428746
134.91260992300099
134.8222790652873
135.66544578994456
136.43925493006458
136.7793504116616
136.93366709420948
137.0090401960369
137.69940166109288
138.85341252256507
139.01120240021106
140.3240554871247
140.4449148814406
141.94129328946596
142.91935680061763
144.88126973180738
146.58869957810273
148.3629920630778
149.24159708486962
151.60285391615201
153.96283430308327
156.5285220101638
160.56949136264117
162.2642121601509
162.50757477378008
161.71204487500978
162.5791575440507
160.95062445399336
160.12275808198265
158.4368210525765
156.8838871709703
157.4317875586888
157.49554277631574
156.35411492319133
155.4760332811389
156.04301162850535
155.02153450085328
156.42765394302793
155.79964528662452
155.5817595049817
156.16028883005112
156.24525352797608
154.89508807418406
156.70195052354597
156.8055741522261
157.02845034257842
156.0535842396002
157.28631397076578
157.3024036288765
157.40429568200034
156.35232477465146
155.67403021008911
153.23753842576184
151.16220006627344
150.22061256658125
148.63699423238594
148.52035569717472
147.94474659712083
146.70255883275775
146.32867133211218
145.55093619858565
144.47172057294867
142.57653138980518
138.42704089041646
133.86236674890193
127.59486170394977
122.82126272540194
114.36213373790696
109.98094714236498
101.37732876133066
100.53554025729558
98.61254706908568
98.4906041516192
98.1489280686671
96.3528896696735
96.68852158716832
97.16104258269841
97.19058638709564
95.76777883891477
94.59768345945585
93.19773106798876
90.30335476620861
89.4207114610601
87.74121104273793
87.09541428055948
88.3786383914815
86.92353747132678
89.34003759164136
91.64608492345957
90.90049693876625
92.79747132675179
93.90979762299283
94.4034610835034
96.65203588705283
96.32014060370356
97.51709987656349
98.67454839588622
98.5823708196703
97.63925711446399
96.35834004645068
93.9049267350549
91.20195810685738
89.92627715405703
89.0234447777092
86.60794369635519
84.6195429357405
83.98677833874946
82.79363450865615
82.82426443016024
82.08415252112464
82.49348973083285
82.18366661401767
81.75164416911633
82.07790628039388
80.9963174694258
80.08318887429887
79.53378823764217
78.70766822729487
78.75312008887303
77.54714369065238
77.4215112195769
77.99647129661268
77.18098547812463
76.92415430480497
78.30576097874506
77.8261915491228
