7
11
e
49.35823326357282
49.89210558092449
48.638062949226814
50.222206604793804
49.2062598601983
49.06062805699931
48.2628834204843
49.14613980788894
46.17766350859223
43.36267929287918
37.691802407364264
35.05254131000243
30.286582646543813
25.930605375605083
21.036529253934642
14.896417640586414
9.949788675808003
7.386214937216691
6.020632304970746
6.4816310100481935
8.104825140962372
8.679437979815269
9.70814977261651
11.041710518303912
11.968270296435586
12.301256658505233
12.00973048825265
12.686594634747559
11.58268746902405
12.243516054627161
12.199911540234446
11.900115491950912
12.311948841792054
13.604220486348071
15.008433293708443
15.353363109057431
17.41949387892439
17.46731782232017
19.339972347493973
21.747744524139797
23.394749281467675
23.16603152211781
24.58840935496891
24.090411272113293
23.819295181388437
22.16936355089775
22.493880557102642
22.119400239752856
20.948496666465637
20.46637623057157
19.345198357265183
17.325459170942608
15.889296896976063
14.708007049812105
13.532427896141604
13.74806837362786
16.999729490045972
21.670177140147928
29.845024910144545
35.0032373107648
40.483445908988486
49.928155242653006
56.2819943911312
65.91719902961631
65.36295712203886
66.66561754318639
66.86820474963359
66.80282449842203
66.70782997030473
67.74212770009679
67.81774811461952
67.75989605726703
67.82844819719125
68.62742636342959
68.5904529709009
70.25877734994555
69.97077411772604
71.04396617388862
71.40436618198885
73.14583757536015
73.70082030768242
77.03061758013567
79.12659756973488
80.96117156259965
83.95640163933558
86.8810304965839
89.6180761005718
93.12669272260348
96.41890551445897
97.5020792379485
98.66728150827255
98.54699444972991
96.99217080461851
96.62702208873183
95.37740011935361
95.29179827422765
94.57557365833796
94.15685377572112
94.19582992901681
93.50553453117742
93.50597780735414
92.52083990216077
92.7625150438128
93.08003209693804
94.58440915493813
96.1968920588077
97.21560291845897
98.48999837152185
101.68619327259397
102.19450518842658
104.54709757719998
106.83971578413109
108.49152875953226
110.1318197501455
110.2142318849273
110.9515776622292
110.01532428122474
107.5681739608994
104.20645269642563
103.83005779771635
100.46230207132504
99.62217018019086
97.80669009605361
95.05554596087035
92.33048820259607
91.46142625610233
91.01574432281838
89.91226287090714
92.48060725923017
94.40603810685897
97.83697330971664
101.3283510887341
103.63276012236413
107.5179224510531
111.26573633210793
115.49056531779368
115.81940430440167
115.22852565786735
115.62891718551406
115.33611399259048
114.77474309093284
114.85486048905999
114.86389425992157
115.0896949774336
114.97611687075315
114.67875656219543
114.51564918787867
114.35509801864063
115.53593244090445
115.81892620119024
115.70221591911523
116.00681625387318
117.05880709733735
117.72793919899003
121.44720503855551
124.25590852110383
126.27249924823782
131.19244325233177
133.83393191704087
137.26581472644287
138.66887087679225
140.2416452509876
139.99350144411474
140.98547118875092
142.49880492305184
142.67713234430389
142.13838568821947
143.40016239326152
142.95577203517283
143.98193058594924
144.16591799706697
145.2809446669866
147.28851311756668
147.41440042323148
147.0935073327995
147.89185653403007
149.7246922097702
151.8549279437851
153.33117745976566
155.71960243395233
157.34581876199908
159.71884365211608
162.0828621132861
165.7217626540824
169.55480178907425
169.98756495291715
170.68107282427272
170.58272377921162
169.71733919643572
169.69577412904047
168.69916922238946
166.38431207661262
165.0284291822141
165.78248402697233
164.7536212818236
164.87542450152503
163.11016071108406
163.9708171809147
164.3789266035585
163.8381575244021
162.23944808843518
163.15414157111059
162.50264452693355
163.93093866272184
163.75668697599835
164.2720617293293
164.34194919910695
164.26775577398192
164.68746598422467
164.49488137437183
164.56018858965265
165.78209778193443
163.66486597739748
163.09020543291678
161.09938006559523
159.16504277018598
157.58248206446308
156.10278689105493
156.41573227888563
155.09677420793167
155.17420675143447
152.65591632194153
152.97447581872217
151.78410016843566
150.02986894040723
145.8362642026075
138.78688991604548
135.54787998224313
129.97069299256546
121.33985015895671
115.85954719598858
106.84294632216705
104.67254502331589
104.18817928604555
102.91012953122966
102.89957897743413
101.42792125533902
103.07291138349473
101.92169945686616
101.82810512697068
100.89755427929937
99.14916190518926
97.92181119848169
95.68401220882438
94.06688043172954
92.74691785023319
91.53609809540723
90.51582555970238
92.30373665647954
93.13877671037176
95.7762369244665
96.04209792920771
97.82340062359296
97.85781696393067
99.42700085489199
100.41474165504113
102.32272856323189
103.2560481924049
102.96568467840888
103.40637563602675
102.8984491769922
100.17180121723759
98.41042559134823
96.91482698445004
94.4133792956026
92.56515321352875
91.42363098181042
89.18687012253008
87.68868973495425
87.20244828442829
86.45257220711164
87.21946371274622
86.11434299489734
84.52964839077882
85.9592137852432
85.93499371826222
85.46044594400081
84.47941276431163
83.60659454850426
82.6274980622971
81.36142020683766
81.33228605704291
81.11979238468803
80.43425151448461
81.05186495910348
82.10441380765151
81.51190682705169
80.94302333223432
