2
10
d
83.71320363151519
84.36605837841968
84.23347596901974
83.12495875898314
84.66154992944101
84.28257025217682
83.14692814039735
83.8459095962709
80.83562504497311
77.09200858191804
70.19189970854126
65.06765405535954
60.714104986448
49.00339161162307
42.58649108206685
33.66494684722758
33.891570973677425
32.79445084646223
33.19790529774072
33.23924629577666
32.919647982485365
33.13803142392581
33.618086024580656
33.10972783961135
34.219153351667785
31.852983229794148
31.705994102266253
29.606398158025648
30.081091560418173
28.85997025161737
28.409755810783842
28.410095507718502
29.342730125557278
28.748522066572733
28.97472729943296
28.402979472723437
29.651732752694585
29.032997542364395
30.649913861658113
30.44886659507555
30.628923884119907
31.627649946798375
30.883931366777833
31.142037331048645
30.88535596565378
27.860027695000717
25.06876672359317
22.85327070040635
20.982593775093257
16.612329511638144
14.230806681426362
11.40175588190388
8.676767964620016
6.880906782587507
5.759621769390444
6.077038057479786
7.534003436819656
10.188720212885073
15.017735116661617
18.872640571874037
22.59069615185686
24.86310737992568
27.45580514558397
31.605514186781235
34.821183225411204
36.24955768098545
37.64867009259857
37.87489978033995
37.70982891664388
35.49434171816515
33.24331731278509
31.919202968867662
30.766860226265603
31.063597340857275
30.12974260244807
28.80619068496832
28.867070982364822
28.709019946808343
28.067092679693097
27.993845624561935
28.5598561199458
30.309594673231825
31.297142366064712
31.44427228749027
33.466898392660326
32.75183297921946
34.53210450040692
35.44764446339594
35.06017895233989
36.75835852501952
36.90934699324495
37.71107823937171
38.877193315503874
40.9216563579177
41.242054717347955
44.16012397592777
46.421532012994625
48.57256963896909
51.15136327710316
54.689637633822194
57.27287734256442
59.78915623506759
59.81282233827722
60.032609703696615
58.71311828362189
56.95763199453397
55.18066381104245
52.85672397730019
51.386083695399854
50.631065219080575
50.51436474253472
48.15241160776612
46.787331230542286
46.270206400057525
47.010037577618974
46.59814708335758
46.913079635001736
48.259346708333645
48.595276195350635
49.19104642126479
49.82693513671383
50.082736905460166
50.291489049726565
49.67220267286231
49.70274831192277
50.82130471022232
50.49123241929873
52.04594421769246
52.56199304871397
53.482472832517296
57.74540035037528
61.22354402507358
67.42329631699704
71.0872341051286
73.80895610454772
78.73281906664384
81.32571954572202
83.5108428803502
84.5044880138351
85.03190593584335
85.67301412211619
86.21678317340034
86.6890474079505
87.27487743768205
89.3358272270696
89.95389433383697
89.72511755772204
90.2123061115621
91.74255469105601
92.63496939647987
93.76109140113108
94.78459855038768
98.00684079986249
103.44136742318754
113.33461082057802
121.60737177256387
130.9685807095501
141.14475936844664
149.16127765902934
163.36626851750069
173.46788725127163
181.1029392171653
184.3723327713958
182.96481735055522
178.7586812146377
171.93933496568704
160.8590652637431
154.29390868227674
144.30735458042494
132.45386419884883
123.50693520672995
117.35016234663749
117.50560765736144
119.51612767388316
119.61444601285702
119.85601103451717
119.93717784799694
119.30283053229942
119.42712751591802
119.17268580082104
120.19963934776008
120.35564830231557
117.87843313954713
116.63595946057525
115.12347002954274
115.11266145133095
113.51312558019708
114.95364016809192
116.65549800317031
121.60394842305145
127.70805683766316
131.06095677894177
136.59596924472635
140.7979208272798
144.55953430081695
150.07816592608117
154.4913557986852
157.3301490535636
159.48029899170425
160.3918383287336
162.13457449489513
164.36917024917184
167.31661751410388
168.75690542331702
172.6956646755194
176.4499046145833
181.68028577360315
188.12534715068236
194.28331839468214
199.08352598893484
201.1709276312923
200.32698395967032
195.11833921244494
187.60527534953542
175.96784872885982
167.38874059732063
157.93461297082516
148.6375537468168
141.96261326266756
133.82453135794643
126.42972401490998
121.8289571764133
119.03101740871432
118.8430096442815
114.33684834274496
113.0885774256073
110.61580281982204
108.66595536162718
104.91470545618986
100.19328358440838
94.93989065380597
87.71465207204477
82.25835023875625
78.89826420381472
77.4032002815238
77.83280042692954
77.9567112986885
79.83893447582679
83.1596047242942
85.4382854594619
86.25838403489082
87.39905767521307
87.51764250674276
89.67826266715039
89.42835379944188
90.29127654910555
92.03774752747736
91.56428819878984
90.45041325709677
87.60926491866186
83.85782190174811
82.81580296532029
80.0607088802509
76.59664806377477
74.03696693675028
71.98705051929517
70.78083913112683
69.10844205043789
68.6134989540368
68.01758662209434
67.69435268434371
66.7324640023742
65.94011396643009
65.91193025356071
64.8828326587642
62.827312146428184
61.51342011502208
59.18170156880022
57.886174122085464
55.65241396648102
56.274118620913576
55.23899749256816
57.83427786630016
59.26326446871258
63.06400624701972
66.13431162626858
68.61083788274999
71.07210075634184
73.01435023865206
76.29658994985672
77.50647135325333
79.46151459407923
80.33099384149027
79.54496300750861
79.89677845593803
79.53636227539798
78.80989787402905
78.43350374804515
