11
1
a
223.67149954700625
223.84773690351236
223.21151464908283
222.90644149496697
223.34862409846218
223.4512680975715
224.98568841253774
222.1788761628797
215.99292338367283
206.9153428088048
191.84332797662606
183.28574177145742
171.88595858383624
158.097017426446
146.41089928442474
129.40153460778657
116.60031916339717
108.0454080185382
104.66086164332864
104.64395387491459
108.85804394688687
112.84391248274937
119.19425552018812
124.76658659404713
130.5819434184428
132.65367176257664
133.42545397403345
136.77567951462854
137.4385440499203
138.54922419581476
139.26269320956152
139.52471778490042
139.82392202644556
140.66574549529557
139.51488661041972
140.98260547597357
139.7768440517075
141.9827877659562
143.48872575699582
144.2772597731684
146.05199900252953
145.6990642602669
146.4570843089736
146.18034027588376
145.86008099599093
146.53577000142
145.36767110425438
144.90300996692196
144.1943509258854
145.223874937076
146.1662875948976
145.0412262710839
144.26919132052814
144.71313092832122
145.1888434562011
145.4808497318421
144.89912722790797
144.9529716736197
145.39143658184312
144.8784207096943
144.90582061484878
144.91463381495402
143.44098960938302
143.10468359359683
142.34979016621713
141.72293919318943
141.33503376982296
142.27784528916212
143.4525946087816
147.30917330387825
153.67344646206058
158.22165532056522
162.66304734271404
170.57770466048854
175.9347701529574
182.52900836838577
184.48192907399482
184.19369822495784
184.1885405750779
184.35639680088886
184.7019875097538
184.83973211087854
184.63108643900082
184.05159738166253
183.7763090329278
185.41943099550062
185.3835558294541
184.80542763684593
185.15673687195707
186.01242198782796
185.9163265855228
186.86569654831217
188.62837190912376
190.92648150473576
203.13262240878456
216.808485088097
232.37334422350574
242.83358069866796
253.10831032859366
269.6524401635863
279.46468155038764
288.82370740834193
290.4474113412778
290.85372146097836
289.39285665753556
285.8359764592272
283.2203712741599
278.7342834704048
274.9325428633598
276.00607025613203
277.08162335453125
276.41499433426856
277.6503551410232
278.2779189984978
278.4258202798331
278.18153370682643
276.4845278240648
272.3193020582572
268.25545379935284
264.96934607582034
260.7827231942912
257.65824138941787
255.0207428131432
248.43379337654105
245.00573933035895
242.25434176354435
241.01769625078452
241.36574407881
242.23928836411875
243.58934422825368
243.86045197519496
244.89977981918244
246.38797085967175
245.96023590727873
246.19526440731624
244.0644184546641
244.23978249498586
242.21410677700058
242.58537814993326
242.51399457250065
245.6522749738793
250.27182026084424
257.7003857709883
263.1706452424426
268.93469410286093
273.90748571669724
280.32550578055327
288.65774800210215
295.70359512165857
300.69815030938486
300.8272665180332
301.4804303156303
297.96480394535075
291.91665963719043
284.2695938167267
277.7499285188242
271.4554726463482
267.20792437642524
261.52447836624646
254.96680703280586
249.26619317907426
244.06696667044412
242.9748777407015
243.61423554770434
246.26415201301248
253.33067228646811
261.53241957750697
267.80421264030383
275.41171570794364
281.01462374608195
284.12031112210576
288.95379056273464
294.139608333808
297.337967072338
298.9543546036862
302.4929969331789
306.4972481305736
308.47469993019445
313.6518167266182
317.51804385161694
323.18249671926503
329.1774475875603
334.9831545834606
344.0556354994268
351.51771423046154
357.41849077592093
357.65852061401125
358.1421907123447
356.11254764109435
352.78785065559185
348.25320583806956
344.2402582676385
341.7224006232811
338.8595581312964
336.30253431215573
332.21072093869003
330.1223027606441
328.19082685113415
327.8233712493578
327.56338440210465
330.3464714160776
334.5158930679858
341.21820294283316
346.74402350930444
352.3187729469086
355.5695773591271
360.42616502362677
367.5512131279375
371.23570307311996
375.8277537708312
377.2942414020002
377.47743244019284
375.644316361173
373.50836293999816
371.1609610714624
369.04251925823934
366.31567544803653
366.1568794911859
365.3943060196686
365.40595011651294
365.78810164400215
364.99466187842194
363.51471462056
363.7252820198494
362.2121834240873
359.2337222892728
352.0651142222732
348.7044721260294
340.2709962957508
332.69698322418895
327.0430776309524
320.1266729706042
317.24750577582535
315.581492599859
314.5020016564106
314.02908443430016
314.0763656578756
314.0975209412955
313.54804125926944
312.92489873847256
311.913365367643
309.30970723997655
308.36171734776497
306.4910163185378
305.66999222365735
303.9958839800604
303.17220228496035
302.5255714401118
301.4191191640678
299.8908879161858
299.4911386280567
298.90401782836426
296.9996120570597
294.854537588959
293.2557684398758
290.9500308311072
288.6688431794377
287.7002559427475
286.4542384372454
288.2787580474549
288.21417640692493
287.3596189172704
289.2504936877099
289.7938090718253
290.3504585509162
289.8469496426762
290.00786361559074
291.6238547951192
292.4173593647088
293.56812673290955
293.99965226991503
294.9310663245804
291.6289431498688
286.32240802146947
278.7167265971102
273.28036480915665
268.8600462100775
262.71560341717964
258.1161554833077
250.35427124961947
247.23002120956906
242.47238827596465
241.7894278329944
241.19494309508846
241.3046850201183
241.1416445457449
241.16074715584395
241.45130077729627
