2
5
c
13.412761535392598
12.604854445670068
13.535043052602193
13.60198371272975
13.289536137389824
13.029930758651215
13.004659189731397
13.085506468165704
12.041269316685193
11.440853637739584
8.78322548313087
7.944542575792744
5.342383031004891
4.855053789604209
2.7937165346530657
0.8559136896126179
0.0
0.06629440783350027
0.04017712541136594
0.19253093148474323
0.43132856571324374
3.4841530893688493
9.093988153550963
13.383231388692392
17.8869496949474
24.069612840441025
28.760035021350937
35.371047643603035
41.878338207859194
45.33164085628672
47.01517018365277
46.11126342646252
41.94585992443043
37.00167374893419
30.98563241753782
25.418666499994416
16.794913221765878
12.767472800711555
8.347851143902167
2.4665053928687026
0.06508479888753733
0.0
0.08566838235935809
0.0
0.0
0.6407385670400576
0.0
0.0
1.6837935788466845
2.778900174065134
3.2265831457507144
3.561052861383195
3.755612362848339
3.3883174838775734
4.626359790314437
4.696862115526499
7.989242144982494
9.381911723392765
15.172398344290462
18.63501832141863
24.35947644268582
26.923189756260165
29.45264876266669
32.12015468438676
34.06914128074212
36.85610219675537
40.57275877767326
42.563409064160425
49.81993291835895
58.13069219674315
73.8236573925208
83.6100174322918
98.13884197723392
112.2528494989359
127.64353284205569
149.70552033698183
166.80879299388528
179.7550148949873
183.23471181054305
182.4594815498638
173.21722727533273
156.66537143611433
132.4998174405966
115.10062492501538
95.38910539045122
79.7080113117575
65.8449687501958
43.53664397565976
28.33453907566266
15.05609118207971
12.453814740979498
13.914798704844053
18.302513897642324
25.24230765237036
35.641056656013745
42.64859138509783
52.16018833654224
55.75639497090821
58.47607767395499
64.97988352884403
68.68938301036886
71.24705846209994
71.77531888022811
72.56323487188361
71.25757228012824
71.23459010766527
69.80698210264582
68.77897709871992
66.72366464390738
66.15714355392572
62.90111135229718
58.85631199807821
54.11083153131136
50.733202923994014
49.56913524203293
48.918467039761566
62.489962211490685
82.86461653115468
113.07940710280651
133.56095165420726
159.5277328760231
189.11050563406624
212.09404295558636
244.18385569759306
258.33984282826975
264.6412359085257
267.23364649198095
269.6018364466239
272.9778921574935
276.0154532190373
277.7342981176425
280.0600463750085
283.7451208717227
292.2668145047978
302.65036828366306
316.9713635924164
328.30810890325915
337.41657563881336
340.21209629391365
340.0746681525406
330.0119863004854
315.7275090341909
294.0498431083959
279.08510778291367
261.99387050226824
246.73088106169882
232.87816607532542
216.41331836236964
203.91309843664075
199.25510370014518
196.822128226777
194.32477302939574
190.8424501546849
189.39414021852812
186.30820929538703
183.37081097852032
179.4872202637958
172.6294805836852
167.25338140498292
159.3998769631777
153.04487314527063
148.6949393927738
146.92431328335087
145.47950309332964
143.81285412256582
140.5084828780421
139.38585548614438
136.82862015660916
133.4472432190462
129.8793371177587
123.67404249817513
113.78489563005814
107.59331571308489
101.74689256670837
100.26310788904448
100.72210920928566
108.31380140958755
119.34958440981475
135.43325252614684
147.35739252674372
161.4820411204093
173.04642261419588
187.01891064270444
207.26657830775886
221.97304775455777
235.3593528540852
237.85522764298105
237.67944317296926
226.0892786510743
205.04857481110318
177.43604126464405
157.49797945805707
133.93298914128874
115.69877914561422
97.06892222309038
69.28621672772167
48.02973858706254
32.569595912928015
29.070613491481673
29.049356643210796
36.16595025188593
49.39460281011501
66.68692866179272
79.63125885317933
94.59849075066577
103.79974346669934
112.39555647253532
125.5299203638241
135.83086172714667
143.1255673319696
145.78125625792416
146.06349321170535
139.70529302744004
132.2219860125465
119.96522293899442
110.30971767722583
101.08784692321527
93.36483783266827
83.62335084419844
68.4621630178766
57.10153671879938
48.231994009818415
45.22565053378333
45.20366558726691
60.958551901911406
81.47972534435608
115.09629778144978
138.193317252908
165.37612799557886
187.78563651104
210.37135258827834
245.50798454305047
269.73353524593466
289.5368121976921
295.38787502164666
293.33793660330633
285.95518854844147
272.85827755855587
255.29458427271558
241.2405019848965
225.18407128603042
221.13858717357493
217.0384074861122
213.30128169408985
208.97713731177635
203.53477421765805
199.18477758930072
195.3762987086345
183.60394662916883
169.8097711048146
147.66607984845146
133.64163397222708
112.60216492549817
91.96788559803514
72.39832731191828
42.27378644333111
20.94093648369993
4.095301930442765
2.1561950901505904
1.43150516701637
4.782385313673311
10.466800173715761
17.829906609605324
24.26609024084593
31.166501273039955
31.124504691825802
30.132322622670824
29.772707293452996
30.254095122068318
30.220766171386018
29.954757145739787
30.07089043426587
30.205880279647296
31.987358485005736
32.242250020419746
32.27564505974391
33.95228017908904
34.018351419499105
34.869231841472605
35.873231657931
36.658223459386186
37.40469346431423
37.40329048254066
37.545461076593206
37.51702352897542
37.53772125647059
38.03232606735074
36.738306043040204
