6
4
b
92.71556326580192
92.69388641737235
92.48396330360673
93.16328509792987
92.57086570572821
92.26763676772418
93.45688387753464
91.64069815807309
88.93568031470647
85.4280185103461
78.01112983449173
74.34932607697253
68.05823857252167
62.5265341249981
58.44994904069684
49.8288775171554
44.464231072615576
39.6560802722083
38.30796110437724
39.397231574503124
39.758310134938036
41.93399962729708
42.60206826817057
46.356438744060945
48.25619618491872
48.244323456822976
48.1813192598236
48.365384419113745
50.0357539776644
49.391457274572495
49.80638357092403
49.02577918612425
50.073518760575084
51.50031752389088
51.17349471192652
52.171038482751186
52.30096062312593
54.199719334247966
54.581760333428406
54.8143807966107
56.18378330104036
56.21714950640292
57.485272782523246
56.33380381870261
56.38194941034633
56.00896430542161
55.04507457972024
55.00316043398007
53.58885919168616
53.42462871275441
54.08113227760407
53.522013934938
53.380687833122856
52.3624863654502
51.38500791948653
52.63803670407033
51.713440131170024
51.40174947713692
51.83341817894902
51.74251907046321
50.9919490169025
50.29480660610045
50.13301825019237
48.176433135161396
47.053993085024864
46.57248238317315
45.67974449231641
45.93535774432977
47.81705039776491
52.27839060152948
56.63170040584437
61.31909117710833
65.25075625591973
68.33784524654591
71.62067630213721
74.3926671545683
77.00161918769481
79.26292559778443
81.15576907437843
82.9510840541669
86.73208060649146
90.63587536309096
94.6780489209882
96.91379035149266
102.18117361634246
106.80813839874872
113.45023226367071
121.05430328490529
127.059314541671
131.3567129322746
132.25511503590832
132.541476780336
130.6630732618344
128.76491201454897
126.02088992348024
124.44890984530772
122.68511701228277
122.37414071055849
121.58635174831377
122.78230002840549
123.20540071200138
121.86814460849384
121.98979444728481
121.49126026560462
121.39986775422464
119.82881194456183
114.8913205206818
109.94991626722097
103.78662864318434
99.16301135261634
95.90003726159163
89.38069803168347
85.12006378839614
81.17736256582833
79.23149544704766
80.31313076422084
81.44496474075625
82.35118320408705
86.39806348086381
88.10468759590486
89.78196558977808
90.55949083322724
91.2135047158852
92.86360676104223
93.09604301567306
94.26898330597423
92.80225223354316
93.62852900451458
93.82635437285755
93.69670883429174
93.68219704466595
93.81304961939077
94.03797574772979
94.30221590361107
93.88672623763063
95.29969462113587
94.50630544898752
94.80421517353035
95.49348202044717
96.16907985489003
96.56126270580535
97.14873389378441
100.38159208563806
101.71014755048958
105.95798963696501
107.50704607355128
109.91861470486145
113.64769558349329
115.33112006251883
117.14374687634405
117.7600964347187
117.90835291177495
117.99245528017278
116.8389789981578
115.92329612907253
115.829259042275
115.16051528130507
113.94070054762499
115.36627008228244
113.55574369091558
113.20582085153659
112.7652892693236
111.7095360126086
111.322896085544
113.49167955996977
116.98518894933049
121.67910056819558
125.92621726105295
128.5505420180277
131.6646206805013
135.85043999062938
140.87412182449356
143.86576792832815
147.14017252465962
147.8991743858479
147.66359647973255
148.39026486087323
145.6624975142563
143.44465046267814
143.1156043017638
141.5598948195606
141.0849145298817
140.33747338757357
139.17955214368314
139.47088492601762
139.7916149680228
138.77895833513256
139.7264442587155
138.99229769638248
139.27225769571115
137.10087707543667
137.70558048067318
135.63564283483979
135.2429326145082
135.01641453522072
135.10828805065626
134.97111943558724
133.60529126358105
132.85058793142818
133.51513587374794
132.1001407672205
131.08138910821722
128.00475507212633
127.15974019245145
125.49937536342568
122.99179003316777
121.57642563021173
118.25763977939879
114.15884857501618
113.38499660132354
112.07260622870479
113.081914249816
114.95397421482473
118.11467108969683
124.02290785764652
127.50416944442432
132.76426834800066
135.27246047387084
138.80282629850996
144.50275952757704
148.420300342104
152.05320795750953
152.1420082345674
152.54091668808806
150.02092503060584
147.74086796472818
143.44520375571477
140.6168157272831
135.9263343802726
134.62665313307068
132.2777542315451
129.6520591023031
128.4766785857764
126.62263255992245
125.27341287133027
125.08004266366893
123.89657925833802
123.04166573163555
121.79679248374276
120.0111906090648
120.72590335720587
117.36674401587672
116.24285305919834
113.51984694291248
111.2772399954006
109.6241783692446
111.39073670360526
109.49454556471379
108.83133397781836
109.18910343738868
108.67345581789024
106.71002919616416
106.46574371318441
105.74232088074604
104.0662355624623
101.79895257818713
100.67856845108263
99.14241916833635
98.60806913703374
98.99528553702196
100.84612407196471
102.46944368349313
106.95609738837874
108.90720754341478
111.0651856737036
114.48169388194215
116.99273253966865
119.8828630491051
122.787809906868
125.47192282984393
126.85857848515958
126.8387489768775
123.5282717489754
120.65671586054808
115.84337817131693
112.63422423842842
109.34084793120135
105.21190566941276
102.60280003928946
98.52687697557494
95.83133428455689
93.16724015288274
93.61001760679497
92.70017603612659
92.61042227091279
93.54928652074325
93.19497838070383
93.32291969186228
