2
11
e
187.90878326373212
187.36331809572275
188.8287030149127
187.6285714814962
188.57506927131604
187.90009704448505
188.03200572430552
188.12041469204752
181.87438993624392
173.5966103244625
161.43029608769857
154.39083240765717
144.02452284568918
132.9046020539446
123.52934351581077
108.59750107970814
98.35147157956594
89.87766729943468
88.97491596973514
88.12892077128117
91.74609456889756
95.06667487122397
101.05577861143387
105.38521163658494
109.19037446902828
111.54910429400363
113.1728696649838
114.9103074687078
114.89020258088911
115.51139581113546
117.50511414320648
117.30790067066
116.61646924919683
117.80225931572387
117.6731462353461
118.63347401908976
118.92662354677982
119.30369742384028
121.4131645254342
121.58838797531642
122.83922515700513
123.65274795471028
124.41488742817326
122.78975122187572
123.56135018393474
122.03087358114709
123.02139245216857
122.58267134690774
121.67903682127654
120.76775449546362
122.30992514030525
121.97029142436621
122.20162390435475
121.58585918897145
121.22093194317085
121.73288245742548
121.79621178365682
121.98472388814221
120.83419928625075
121.59415204111323
122.43842485931455
122.02462078785963
121.16775084708027
121.4821026081293
120.62547524012548
119.74948924947843
118.53041624089582
119.21891959063383
121.29696498068552
124.28274383505943
129.13061333364098
133.58837444414144
137.0943627674093
143.22289699871465
147.63511951486197
154.68040719782707
154.38704449233066
155.23653419590642
154.4002136370388
154.9053005126664
155.08865374106554
155.5670216890693
155.06155269243266
154.93990188304878
154.859376045627
154.9139710105129
155.60357399191244
155.4720553089725
154.62673806650722
155.66368246677317
156.73600755690927
156.47717245850652
158.58732955304149
161.69344912105012
170.78898150787214
182.1691587398055
194.3483987368526
204.22650438019036
213.22492565639982
226.18177882581975
235.87911695894536
241.9854922983734
244.79616809054667
244.65153636368206
243.80501350589347
240.99090802486634
237.0939998063573
233.76614928655718
231.75310554500794
230.61727202139267
231.79667507349222
233.09959380924278
233.69266041446875
232.97181606558536
234.07637916502762
234.48436212994812
231.79514779377263
230.03679333195467
226.83674565547005
223.13336432550594
218.8383704699407
216.12334668704082
214.16301361621882
210.07634947368715
205.58818595008844
203.14333454287853
202.67794671553904
203.34396661422437
202.99375741378327
205.16690367592625
205.09942351826933
207.17735773315803
207.62562906139468
207.16521756354973
206.8992315222237
205.00577111657762
205.22597911304274
205.0396804403674
204.07929604964053
204.61525163373906
205.97041019324962
210.88793777851063
216.43849060248078
220.5293845349883
225.8098185140579
230.50018991694637
234.82752057763398
242.30708178205165
247.5938410591243
251.81823457778546
253.72423133370128
253.10216883214545
250.58971518714833
246.21904087632652
238.79829559836392
234.37562095181485
228.80746976045396
224.83183300307206
219.77884787843726
213.56295628229861
208.67420574835762
205.50658930342013
205.4607296774287
204.91995672913953
207.54454791216347
212.86641531252022
219.9881966822629
225.76813715910973
232.13701698787696
236.00375943115637
240.1369838845114
242.3495987799131
246.28525937449746
250.3341934624116
252.1039598590133
254.44581638374086
258.1102193589599
260.69385570772994
265.07075419835746
267.9687046031471
272.3546056433885
278.143068537935
282.50155910127273
290.46150443823564
295.74313502908905
300.7969263662118
301.0594111198735
301.5106969408463
298.8411616283171
297.4352726052261
293.10587044199565
290.1380878694449
286.6705554886368
284.9663979690491
283.1471210381163
279.973169805015
277.1980893778665
276.4044014576377
275.9073115091009
275.30819238305537
277.59774631473084
282.30962246626257
287.5686493155691
290.72400138148276
296.5379542906787
300.1893692579626
303.32531066534386
309.0610921328672
313.9894498368566
315.9402785193938
318.18255829622535
317.70723543482353
315.53692878585497
314.34584028087886
311.2464973625646
310.3621373985661
308.0686855876248
308.4812999021569
305.76278117579363
308.10473762170005
306.5173478743659
306.6862842760318
305.9874516462972
305.6774640194944
303.8100041276064
302.89250290020533
296.9703027878765
292.8563016161705
286.49412332956126
280.69618224247654
276.05726947551295
268.3534450654232
266.2514315816482
265.80354450606933
265.4123934952862
264.59220037526364
265.0620523194485
263.5366125056457
262.9713786730565
263.24612174302337
262.5370756479341
260.76927113246154
260.0014557495257
258.2666480801138
256.35405266556876
255.81969714880245
254.9225801905782
255.23012736970946
253.52062294857225
253.48750797517815
251.6501286176478
250.86113496041136
250.86262811256165
249.03264747215673
246.9358667248849
245.77797374773547
243.26434891187492
242.0068476160539
242.0890719814292
242.0942536131771
241.7374129130094
241.55830799280022
243.02186700946095
243.5413441635939
244.39363102302946
244.37753892113795
244.760849143707
245.8573838769788
246.51553387447677
247.72337011520224
247.65542000058227
246.616090155184
244.54312523396305
241.3299820498317
235.3524791941646
231.09846527361591
226.26705639174534
219.96487856683268
218.31871726461492
210.65712089613515
208.07244806320486
203.71133152920535
203.3280381901887
202.97323154560357
202.37037763097442
203.5539083101248
202.63285837594432
202.97650111268473
