7
11
a
66.28833304255215
66.35268305294767
66.79317793095116
67.01026355806805
66.41050603411931
66.65452046752773
66.34589775703051
66.61865478727864
65.89000440431826
65.00147443261268
64.59937083215942
64.26827560669457
62.58557892177446
62.09661058257608
59.38320845873216
58.876757531911224
58.22165951401146
56.765171502732585
56.97920016675247
56.83801306384833
58.14449142832856
58.67674368448938
59.655319105200874
60.871468692903065
62.828373063694436
63.452121411191634
65.19668826815253
67.2083157756806
68.32724914278201
70.21318518897534
71.39963478511034
71.00065593174476
68.08514794813816
63.99615939606624
57.9117984835047
52.62497946653492
47.73128125500561
42.50688529033865
38.002596843754475
32.133598188903896
26.13815203716338
22.609019141876033
21.325802572662628
21.736387725929585
22.980485750253052
26.431339463981292
29.91774268697559
32.15980704927048
36.86467587207653
36.87908904545258
37.27037938976275
37.63096098921181
38.39382630936304
40.30760867161404
40.59479042156396
43.15939006995268
45.12674268801628
49.98121194870432
63.76617712743228
74.31915283729133
88.75301732667846
100.1159713681763
109.95827624749175
126.54049880654972
137.46329052379116
146.59412714599912
147.7364551136576
148.3795463005303
145.23480250973662
142.3483090493644
139.82035713505357
135.14906177869292
131.87721837809818
132.31782719211566
130.1537306769679
129.35963335373526
127.80782936512983
127.32310193227752
127.13872682146756
126.55103287096074
130.0287834332214
136.83138991690143
146.51946312952694
153.48838340682715
162.05873568515204
168.98256381445515
174.57873966658426
182.7194444901561
189.11992318831915
193.67389583595036
196.30760577377674
197.12047789136693
201.36130198381449
205.14106163822643
209.35566342239449
212.56420848237246
216.29475927749058
223.1305997690844
231.3090151134195
241.82797614092598
250.3657590225083
256.4807420034202
259.9594091546834
258.3794187642134
253.10970113489455
242.33532438885942
227.886187766502
217.53651689635456
205.74905327859884
195.68736201833875
186.45643640861198
171.92954263340584
160.25462984792028
151.50660660751078
150.38231795375427
149.92906388719646
155.3270463396188
165.94756055016313
179.75055205574267
190.31026780500173
201.77458778271188
209.8816692876341
219.28122925891162
230.07629628437522
239.88047870534092
245.64370863956415
247.80295479646992
246.79614083155747
247.22929972459676
242.9965005299407
239.32189035474028
237.60572931381262
235.4395248549838
234.99469544040258
235.0663575467165
235.92879678588142
234.78470708353598
236.8875460670248
235.76231264431837
235.9399636925536
235.85709075642018
233.64451383091162
231.83983127630643
229.57985364335372
227.89988825664665
225.38345421959392
222.3069786830285
218.05214022005654
213.45541953494248
209.96263308083368
209.4721359009823
209.04589813549265
215.86947008848387
226.3394144133265
241.48751642717644
251.58781906527065
263.97407916773346
275.8482695318802
287.01193587250845
305.9190387644073
320.3113700592016
331.67933909661537
333.97068498802594
333.4562592122643
326.0195056796629
312.02759584997875
291.34265332838845
277.89213917125676
262.0360387831162
248.7738534737479
237.01491513185297
219.25200780451678
205.93303529439473
196.26834728326034
193.8079214189239
194.84015621947088
197.88449789363634
203.87807616930348
211.27008445001735
217.71477647484514
225.38693528434789
226.76005303755366
229.5429834140387
233.67994071627407
237.60878756365173
240.6101740811658
240.30392952928747
241.1321824293461
239.52066419385673
235.73633407872825
232.32470222983443
227.43755640765258
223.89042128085893
220.49984439330544
215.54377862230785
208.33481115747955
200.87672781326117
196.0146311253542
192.99046547388124
192.43528704257483
206.39484244417324
224.15280154013456
251.73253094765437
270.0659605425155
293.56888512012154
314.76605595854267
336.940590964568
369.70935813583213
395.709188747214
414.50472384375774
419.541096423397
420.7848769512033
403.7762512106391
378.75944216703186
344.91528376669606
319.86971944853616
290.13157011175525
267.28014731472575
245.48246067844553
210.89055360077325
185.13834508293988
165.9551982478822
160.36479630832187
161.6702444584863
175.53418735780062
197.88963097778392
231.29917725490964
255.26357508126344
283.71412448618645
302.25234337784093
323.82252954144394
354.35774943376344
378.10372635579097
395.28086182520804
399.3815710856586
399.90411289269775
387.44076402479305
367.90860847228583
340.31671307602664
321.08060382806826
296.84642430728536
281.2363886365652
267.6778214440122
250.77157305078126
237.99874781678687
226.35797850168439
223.67688338703152
221.01336901023174
214.8258127998641
210.01558957751877
203.48053527062189
198.548637618066
190.97619082577816
179.4719157127268
167.7930628198652
151.1458867485512
138.69671298549758
128.61694181248015
125.95429892874482
127.30049955389217
131.53768969388753
140.58972042923804
152.89044553877935
162.94294357726238
172.61146077310062
179.76136255132204
186.49336916401512
196.4307227451755
205.09917152884955
210.12244320585168
211.8031774359717
211.4778517174232
207.05930690503956
200.37111482997125
191.0047077173408
184.45153881287033
176.4817477735827
169.80220631650815
165.0502280676033
159.0623988931523
154.94031305362995
149.94718272617328
149.06915364181864
149.05861261238948
148.46008054906696
148.33935214761325
149.43138752005353
149.5479177207725
