9
6
b
164.37388880510548
164.1727918298081
165.36490663591832
165.56881405291608
165.5979337161295
166.18143480203966
164.8690993328798
164.39594111096113
158.9517191137206
151.9417328059344
142.69767730711436
134.8526962288613
126.45277375060846
117.59037005470695
108.65915507995136
96.07801683177085
85.72395805693677
78.99282980200054
76.60158582953774
77.99185765578403
79.98997406122699
84.14753842761942
87.95787595689748
92.18231871335689
96.31720062189116
97.12707437457442
97.61926243082077
101.40887347661022
102.03497431918933
102.027355777654
102.18010844848511
102.80112366998587
103.57606437910566
103.05837964827181
103.66521690653842
104.40452307107792
104.31653162456915
105.16456956427068
107.07073845535054
106.25442493499095
106.84548698489515
107.43161243296633
107.49309869857557
108.19383204387542
107.88960880452059
107.85412832342809
107.32265792094306
106.98551866882575
107.46349880046122
106.77947883750528
106.98769269730612
106.62458277529089
108.33756001381188
106.0950894273964
107.83320335353723
106.61043475796816
107.08625325384848
107.73206421769562
107.01704873470038
106.27294818864834
106.53694535495262
106.41042781979179
106.13752103440797
105.27698585001659
105.74162328859157
104.95000786774348
104.55441097084015
104.52414528935229
106.07938329247165
109.18211910235688
114.85665072027638
116.75238849570056
120.47855150180786
125.88255008604365
129.63872960153023
134.51120532183887
135.5152687216934
134.19246989215273
135.58596051930414
135.98854187936928
137.07752087926318
135.78470324814606
136.20585367071854
136.1571809202249
136.6084727805261
135.47464849161204
136.49544929239528
136.34637501681968
135.8393388507762
136.9614879139304
136.6746291502996
137.23108388789885
138.97960487089563
141.07435388893785
150.04777874393534
159.05169104753557
171.0836291174254
179.2868848413314
186.43375240360098
199.40353719120512
206.23165161228613
213.23300206735735
214.9886981298544
215.00307704453218
212.82889018401784
210.88680392114992
208.1049535970732
206.53221064496026
202.9852043076178
203.1867658784844
204.42010656612476
204.1404525301141
204.79858226497353
205.8689221774623
205.11182255609475
204.71165044086982
203.94817340991042
202.01193272364162
197.2066804259048
195.89523806404182
192.81921244401147
189.59621758980327
187.42032404116148
183.80003056740222
180.9650015069161
179.93597220814274
178.2117709183666
178.82066499806098
178.44328640539553
178.5809243698011
180.1067302793881
181.41985797033422
181.9299066514084
182.21974764738695
181.89655403511122
180.98206911081107
179.69196643911724
178.8846221849315
178.45601283319246
179.27440598611483
180.84432337352226
185.57635046591352
190.4082139766837
194.04451733921664
198.1453103009501
201.1038022179028
206.10311601179924
213.5444652673419
218.49064115243144
221.40279274382246
222.42021304135878
221.96987154159254
219.73267194180272
215.3460253977459
208.57681358065267
206.56988417954145
201.03531920203616
197.3423144096311
193.372326386193
187.66300387908234
184.1735706182726
179.522123420349
179.0584997215996
179.70836849257455
182.3020802432663
186.90960107939387
193.47562199277905
198.09580400823953
203.50404819336373
207.57879957033822
210.05353925339674
213.20736232376538
216.37281063478886
219.60966954598578
221.39561031665863
221.78806616752163
224.529203538197
228.60293569858194
232.19624394995662
234.75868939729523
238.12128710262598
242.82592364808497
247.35113632975
255.5224052272373
259.6519527443577
263.83521951240795
264.2190757209098
264.77227989631666
262.2862950765905
260.90974030054895
256.83392657649387
254.24503626566494
251.47300615901258
250.45044221491332
247.22162552597158
247.50434260024332
244.42257513445483
242.12686518370626
241.73487010842965
241.5452474490951
243.56430258057338
247.6524570377188
251.2776202686722
255.6589653302085
260.22312596934773
262.82745729893264
267.07356506121266
271.04453136874366
275.31114992589056
277.5748147990612
278.04024886153826
278.58060988489143
277.13346709131935
275.7259269400852
272.14677418802984
270.9875293163922
270.36034446591805
269.54715990296876
269.86109144742187
270.4550451599574
270.6178890586193
268.792268562113
267.76613053891623
267.8616263735414
266.2782643700965
265.30865509791226
260.16790523504164
255.68725263630984
250.54533739337327
246.39357400710247
241.49254570371144
236.21544399597934
233.96841358281804
233.47448710999282
233.04179024620794
231.79953649708443
232.48006637088335
231.00444584698946
230.65247539609086
230.78431260123486
229.7227307373036
229.2364882906196
227.44166053507914
226.60859092856418
225.9572212516819
224.59345275012876
224.8513052893215
223.53991091232137
224.10694665899328
222.4377325861082
221.7109024092113
220.05983644336848
218.97808155339388
218.1180486196698
216.67891701041532
215.7737377679801
213.7485957994155
212.44048153171698
211.75484358645573
211.38847417959624
212.54331427361544
213.23386415457577
214.34836247996438
213.07007797490778
213.65689073146083
214.75520617509753
214.8651524077713
215.69574871836366
216.44512431983048
216.70393330088328
217.21127419646416
216.534536620179
215.05867341508431
211.8511121783116
206.15020465620046
202.76052817447535
198.32313122588965
193.9065758747907
190.22172786173357
185.50322987057206
180.66468218355377
178.35577072855367
178.21039857918876
176.6383410535117
178.4330937574275
178.43246735365437
178.76310095490217
178.68262844598317
