10
11
a
180.8013876412432
181.01353801970834
181.78430184315727
180.86023785069744
181.53247038386536
181.30997254059486
182.04907409758465
182.16319117324107
176.23102733472317
168.11420921884965
156.28982089972496
148.3719113657642
139.39464110696832
128.25392796026668
119.1037766002211
106.38106252160169
95.4930107039828
87.22151073016532
85.89777460921269
85.36786150709185
87.93892982651268
93.19409678944204
97.05434267213452
101.12976017565427
106.41763546261986
107.58689681853691
109.47226932910756
110.90012489585186
113.2688486762073
112.64756671325705
113.06857073022756
113.0760322552738
113.59143220124459
114.11558545578444
114.58786452669837
114.81796069469397
115.03217631402627
115.14053987750862
116.87701830048853
117.14748619755345
118.33007034353373
119.42768501904908
119.4359000478913
119.0348789169734
118.83898231851879
118.98196084036132
118.94268716079408
117.86824841254014
118.14103929076751
119.02432101428369
118.346896549922
117.365717962114
118.72008508255952
117.87087744793018
117.87881086116091
118.96226126439416
118.28835596507213
118.73803995493029
118.38215606578396
118.51778608319532
117.37535993404215
118.57688730386175
116.63260805561305
115.93580057254904
116.15101747779195
116.0363861377288
114.82284770193368
115.7254455035525
116.71904811072979
120.51780977450615
125.4697081608051
128.17991778405982
132.33725517399142
138.62961288439288
143.28403507576846
149.29885770116778
149.9601081846865
150.1931163672438
150.19940281747196
149.2452067599575
149.5781983288716
150.26262292960422
150.11289080909944
150.26768979698147
151.14762030329535
149.67352383007417
150.32192773780918
149.74329249928445
149.74983130961934
150.36394842458515
151.0318526261143
151.85286768258322
153.4651165514025
155.02884056543647
164.82430150747712
175.36728706243346
189.83157353659567
197.22250642040171
206.5245790242555
218.8286230115008
227.8172532724349
235.58668942710153
237.03463335022886
237.24676779120685
235.23260354470187
232.83990255527144
230.05930802707644
227.0983565884793
224.36572908797754
223.6559516160485
224.35049959213896
224.96662786123034
225.0033151997161
225.86952557398098
226.06280697281323
226.2349759825189
224.24390872898786
222.34961425885842
218.21166042184862
215.65896287785108
212.31611123742485
208.3632790947443
206.89503264432503
202.8496521183456
200.005830005374
196.86423078434552
196.6291816799819
195.33445932598698
197.51169455743448
197.4977944924429
198.54992359916756
200.18373581180884
201.65434510887155
200.9935470529501
200.1171513773501
198.4833043574692
198.47137336076736
197.82977369890483
197.90223640930677
196.78482960671496
200.3536941877227
202.95376948123703
209.57146033803267
213.73945942726067
218.1138671633587
223.03617285336537
227.21540011924648
234.72861552937147
239.57436035846456
244.17523038939856
244.62027373344299
245.26112029468436
240.75608623031914
237.5530040177092
231.47205172160315
225.90340526761585
221.27521848905906
216.8822317730578
213.80621897074153
208.25264970457218
201.63774837629677
198.67946176182738
198.20550056536572
197.42969678697995
200.22642951127597
206.71185015440025
213.1384368133593
218.08156435529395
223.907862268457
228.64714579482296
231.7352900190306
236.01166813890472
238.5154408058164
242.09214639208562
244.24223952537565
245.33764750645625
248.731562527918
252.03049627119458
255.27054965512994
258.2741286028994
261.6652465971803
267.6865811574389
273.31353589995973
281.3123084764895
286.1632802025541
291.05846565764193
291.85562951616663
291.13678816692465
290.02526555731
286.39632702393556
283.8174034463539
281.18115523955805
276.01160076854444
275.1748193116164
274.6016403278618
270.75889322650994
268.73436348015645
266.7524135921708
266.46867986234344
266.47449337304306
268.0233880325757
272.53850049232346
277.9707993293247
281.08242703722175
286.52185000988254
290.3478550813287
293.43074097435414
299.04128411353804
302.40361626367684
306.2752635123389
307.52698862381925
306.97667864003256
305.7988801993525
304.66131382140657
302.7460699035205
300.4210848300226
297.93878285895346
298.5998571629344
297.3672962162259
298.39097061477423
297.1730010564947
296.5583245735272
295.8418938370929
295.9921095179312
294.46144814642366
292.4054734529586
286.1762874025378
282.86479778880926
277.7273950946264
270.6229588435813
266.36665421551464
259.54384260094236
257.75472877324165
257.03888367177905
256.0641557626741
256.28735521112884
255.6209269512683
254.71541181909538
254.67712611380708
254.67641633336817
254.3424850765597
252.017304090043
251.26771278745983
250.0512331578266
248.42283793134123
247.80670543082476
246.32591997872734
246.8142366676628
245.4250354428311
245.11900243849294
244.07298235609917
242.89260587377254
241.7462832614763
239.99064478248474
239.17225133294323
237.0937028865797
235.73641488646896
234.80709906844564
233.83211997581677
233.9496592151535
233.47804014229465
234.720591764786
234.5503826016414
235.94425206471166
236.49551702313778
236.81383018933417
236.47330396638162
237.7497913694671
238.69496052232358
238.2281292126391
238.60238957978962
238.53532560891097
237.07971187875393
232.43390660387328
227.14112406677637
222.77504126361924
217.91257329635044
213.13901179895913
209.7017223952068
204.55135141947162
200.2811325330338
198.11419654423625
196.4183603314931
197.0886640825952
195.90883630788355
196.39226778285573
197.0719479025715
195.79643058331396
