0
10
b
205.29493033231324
205.2817339809054
204.22498009151013
205.05338366563728
204.6248771064587
205.12712860796128
205.8592110274559
204.97793222347403
196.24118837170036
188.58737907454775
174.23169694848815
163.80666969543907
150.7598914847404
139.1420149895984
127.19693213394558
108.67733467174617
96.76771695836291
87.61154897854962
85.03923655686161
85.96877637614192
87.80095120394832
90.80970044929381
96.77451607062368
101.29279834358051
105.76495207606067
106.91923923984058
107.05709006278434
107.20034024978713
108.16333390159711
107.88152963950604
108.96430647922836
110.0701709244145
111.17231173703544
112.6033653707974
113.31352195930585
115.25542008002479
116.1535359120881
118.3709219422122
119.59062737769767
122.55204944339263
124.94971541086771
126.31713443726959
126.29655278663186
126.35520175748184
125.71816510206759
123.71450092001308
122.57743721986553
121.56235003116844
119.99028979740073
119.72414829587903
118.4306727737813
117.41588330627795
116.0636367019991
117.10515694238387
116.60049791416635
116.35467731740222
114.4223020455691
114.9512361766966
114.74302919715475
113.44164971340182
112.23838912683945
111.57066504225872
109.76928140462626
106.98690210534033
104.19659565103541
102.17086997768033
100.98053386021459
101.03650355333323
106.12180774271924
114.28547713077394
124.98462293258035
134.59155366747947
144.13678697862093
150.78756182758565
156.57671460006816
163.70653627903405
169.6573841424478
175.8538801843142
179.64792797236666
183.23575171354315
191.97827869265126
198.25449219364233
209.14383531063518
217.29581961699824
226.97753349009798
237.64070004321408
249.5461813860933
267.268426616902
280.39021378012734
289.18917567457663
292.31429643027184
292.11025793092875
288.87577948693865
285.0209838179741
279.5913546687923
274.7025946496125
270.09950305805245
271.24337050198176
269.9542244733092
270.56081608100556
269.36282606196994
269.59255688522
268.6918882380444
269.1252186369322
267.0868377149388
264.99027961392807
253.91394936427986
243.06808978021306
229.24593029827204
220.00165597052677
210.7743853817606
197.50219101191757
185.92655249037966
179.29155857587452
176.91227336121426
176.31134119479717
180.6484791914473
183.64084529664956
189.20497329298075
193.8437873419417
198.69471213694584
200.45742380063288
202.14970008900997
204.05354794909454
206.16393515213232
206.5363167259745
205.9950951383157
206.8332633278162
207.38790668172518
207.20764997350722
208.68459913362037
208.48486852399736
208.8214916544082
209.03361896030887
209.86340582904796
208.8920299857887
209.18077219226004
209.92444172194794
211.85698050091042
211.9098306259989
213.48476920711448
215.23843501749033
221.56495510968944
226.5178662605303
232.7275589697009
238.88500631301372
242.65613069708215
250.094841886812
255.3603533088932
260.0753013470922
260.81387233432844
260.5887086404052
259.90302162875685
257.8077656676666
256.4927097349042
255.1037940210644
253.26410709498222
252.6445307630003
252.74584620950156
250.30869960156167
248.80220699733485
248.12904543762357
247.32449472596952
247.36632644291277
252.68314072568336
258.6149380736349
268.9956280163902
275.2173073800064
285.12675871993076
292.11255419906496
299.5275453868348
310.6253485500417
319.1624933125636
324.8928012301236
326.31681019816295
326.48550119784494
325.3730024573301
321.4640684051512
318.06293649897543
314.2320598715457
311.87306655087536
310.85862189011436
309.5491124150679
309.8994420929582
309.53842986366266
307.70225716443986
308.7294758168291
307.70949701884393
306.0899552709618
306.49797187366863
304.53777900422756
302.95282181366827
301.5628616739556
300.3633120107266
298.98833459523985
297.949040505155
297.23829664105045
295.60652984519714
294.8686984366209
295.3293397987767
292.0779225486422
288.49546015415297
284.5007940561429
281.2493590310336
277.54275953390413
272.902256954764
268.29869266224455
259.37787677488933
254.68956009426927
248.74322815503078
247.82474913762056
247.54911193261196
254.37492879434578
260.88616883101497
273.46975081039545
281.0085151559436
291.2251825295227
299.08219676799854
306.97797699767284
318.36941201785476
327.37164296443603
336.0105823004766
336.8399041827031
337.1693359538294
332.29332028415524
326.1388716401834
316.64317997665836
308.63326862181947
301.87827274258683
296.0753491749778
292.0989237266739
286.32466972662826
282.7293109157728
277.7751312495382
277.60291535390894
275.9918613383601
274.0022791911784
271.9706432330856
268.1886381162774
266.0405575033949
263.89170703378716
259.0854645894301
255.75531515981453
249.97178856513986
245.86050771528414
243.34803447670186
243.04832138057552
242.67158167954008
240.71252715594048
240.61410771453174
238.30859750343495
237.79523623260087
237.61887522545908
233.00865364571266
230.2602969189779
225.75674645978603
222.12701967529796
220.03188453585284
218.15675390675878
218.8224523842236
221.73508071317866
226.447577906219
234.67968429132318
240.27099850912143
246.50496627004694
252.0292369675273
257.1317044605814
266.54457556304055
272.7541117023652
277.25600669103375
280.0707029986197
279.3731456439611
275.48414380954625
267.40626118902077
256.7091715643135
248.4654064092484
239.717154086838
231.58474526189656
226.27169944153673
217.64641467019544
211.57087821429056
207.21226766950522
205.43526048458682
205.6519681637264
204.18682158531757
205.79495104786665
205.62851766603413
205.14282689180607
