10
4
b
184.4384636078673
185.4723067147494
185.71600655535462
184.93894454252694
185.12222343711
185.08996963598884
185.77330232411455
183.5782190086512
181.63461613529
176.67103424126708
170.53397589572884
166.07175413817268
160.66151474815345
154.23336478035392
148.7003596243916
142.1833176402306
137.8192651793452
136.00980121230936
134.64401049715838
134.4255399792305
133.03579258265202
132.1560981517411
131.58408895429469
131.40188218773324
128.7211701854374
127.13211147290143
125.90922995409898
123.3355247519516
121.29503185547333
118.82906818474075
119.01196825828931
118.60858566028168
116.83630908421948
115.82244911169927
112.57952266543903
111.49826774027521
110.1636077938314
108.08898102487353
105.63379629127665
102.4132803765173
98.6749722405241
97.55172723070602
97.54353263230986
96.65410283285517
97.49035840414292
99.05438789665284
100.02684264026134
101.55591229459804
102.91425499609124
104.31013705199366
104.52119869462138
104.7915868044801
104.95429521435777
104.33907814609482
105.62406911797684
105.91993589485168
107.89265845245626
106.66545420214031
108.5463589848531
109.17972832165529
110.64465054458645
111.84411397635722
112.83880879022848
112.23206682722042
113.75064801537088
115.26692358222249
115.12928731707616
115.76169745182163
116.36194154253504
117.98367399571077
121.52585860401801
122.4053256055927
125.2028618216199
127.37444399586272
128.2327793216253
129.89910927480383
131.97482499825017
132.7127532133319
134.02187316621422
135.05683780746838
138.6068026930145
140.8722981181873
144.9181389211257
147.48308974898475
150.1497136740491
154.58320404889858
158.2532258699804
162.1284809015491
166.44059802722361
168.3991813977038
169.50896159768385
172.28603586851523
174.42113018858834
177.34226526933654
180.2834863783387
183.92426934093817
186.17809667502746
192.7408255710683
195.21458633446463
201.46628033206298
205.46894387430228
208.51353924872473
208.72055503748126
210.28312310847295
212.5068985982861
214.33312538775442
217.1885473901762
218.60120363732594
220.70634945721645
225.9162967060456
229.38040066033554
234.69667633498048
236.45953326485704
237.54817912822648
237.5380311453896
238.13930027420582
238.26338717903374
239.31474391898448
239.56755929909886
239.71420801704656
240.870354513466
241.4856300234021
242.00551911043985
243.85429679792702
245.72012666193595
246.52956925661917
247.4226640735525
246.44285772491773
246.13947157386903
245.6328908990623
243.72365873933805
242.85850423196155
242.1501688291497
241.65409055297252
240.19235445916013
239.4405263298422
238.03706714624377
238.47871466578997
237.74061317355768
237.98846262354715
238.66091880885793
240.9767944102934
243.14724931593037
244.55977474390016
247.117290121723
249.7968017327878
251.391254221975
253.82863566740707
255.96444026138676
256.6845727082045
257.24324563371607
256.3779349793504
256.72392369291094
256.21528668235106
256.6268847217996
255.41176527278182
254.23943888500685
254.65241027888678
254.32350326971556
255.08092580838306
254.61325164010142
254.9352891967977
254.84189779710667
254.91171398907903
254.97024048839796
254.03213032129196
253.55815560002378
251.7442718677953
251.4555489731381
251.27968516486106
251.37017552775032
250.13887632007342
250.1276132776369
250.24092719884058
250.6616112575681
249.67452998975543
248.2509157909724
248.26769016010195
246.43803871828337
245.73689717279282
245.37573132082494
244.09470880740375
242.0652465002555
240.71088351747753
240.15961573692712
239.45520237965445
238.39270996834256
239.13501508240483
237.78553230635626
237.6722698793959
238.0964588769331
238.37774714733206
238.57159961807744
237.2294527768463
236.55816757092526
236.46020729933355
234.80233717807093
234.19876877294078
234.8173830917534
235.16489529797423
234.92370960669686
233.71102869089944
233.64461631231364
232.85154671085422
232.61067635685225
232.8721762980578
231.4308720990648
230.324836573742
230.0586427409324
229.49603589378904
228.45997676774397
229.4735595289034
229.07569690325116
230.6970711053947
230.6778889828304
231.88955555327806
232.43514281759028
233.7772903743665
233.37585691398218
235.02599397498008
234.77833518129916
236.51010741007903
236.36885143760608
236.41469502547872
236.03318464933582
235.98386708023642
234.20699480951174
234.6146419292309
234.7133954804989
235.2911295879015
234.45779649120786
233.6062817597458
232.85489062808367
234.01797266845495
233.4017244716032
233.66576114761546
234.9437718931499
237.15677941793808
240.61737234995928
243.06726782206457
244.94032291250426
248.24520787347052
250.3986029000583
254.88297604355517
255.61301434903714
255.9388815953214
256.1621014152993
256.7334368330241
256.92306850759974
256.60944363312325
256.4708725771798
256.6584103987497
256.0915293143597
257.04416968802394
258.57222493771536
260.14623128962813
259.96844058442224
261.24912355064134
261.4010477801211
261.6242620504272
259.4097543899724
258.3487899246286
257.14369170725394
256.67488263782786
254.38259916281692
253.62710145111035
253.55989578252743
253.45067810968024
250.70652244325285
251.0740867395859
250.42094560684444
249.88436767777412
247.676066560324
246.25671118554993
242.25694096720264
238.95631732054522
234.6179937476374
231.47985233719456
228.35548915136303
223.57450652801887
220.83644624497109
217.3758209592008
216.69627638232927
217.11504638937484
216.60299010149745
217.60155774605232
217.1000626886248
217.77630450496278
