10
0
e
102.88465504525117
103.5029324990506
104.27545692888309
103.90634851758351
103.79928319505834
102.35936532447774
104.87486598462863
103.38203473118169
98.11008630532855
90.20845960179612
80.58939785688521
72.33038547394754
63.79508598998083
53.36262399425911
45.452607341459064
31.983418642972563
22.29419061331608
14.777567039263458
12.939217994450226
13.887062328440955
13.918876730169575
18.645756982221716
20.84035062666949
23.769963927524685
26.411314461350297
27.046082788749615
26.06602059290416
24.948685804107335
25.0522031130511
25.03607603931883
23.846982882103347
25.1885060319875
25.989605435687356
26.939652796259814
31.010061295127258
34.10844766809481
36.49688693265173
39.49257653903422
40.9250943405705
44.77926770762515
47.58344887339835
50.2662089370141
50.33671321824253
50.186352549431156
49.759392992433504
48.220220755433
45.79347197030818
43.98928750195069
42.61568165000115
41.84747762344768
38.98546978099051
36.06354157701724
32.948445750494116
31.73607271573603
29.507497589353633
29.134193339753125
36.33083852301435
46.22994915223473
62.364199073623546
72.57732414351818
85.74643877166268
104.24483417440337
118.24946964178875
135.72731327662225
138.16699913979528
139.02968855505813
139.24274268951189
140.07524033386392
140.81357258068175
141.0510089612845
142.04553220651005
141.40736743818985
141.39469811765585
144.03561894368107
144.68829240903
147.51243042863453
148.14757629406753
149.40698916842018
151.24118405995355
151.98797017204382
154.4666041866813
159.13524529980168
165.84205458723824
169.29514183122848
174.74985243940068
180.50857390130292
186.31121298384082
194.42926392728253
200.7272768885101
205.08685462008566
206.2976676067239
206.09800915433243
204.92523922243686
203.9365052436344
201.97586147764582
199.7796765678071
198.43238296618284
197.81664953859098
197.05484430236152
196.21045031605058
196.38775427595795
196.036998752681
194.9007236081443
193.99372620664033
197.7458455767015
200.49131320540806
204.0760600357033
207.34920630396917
210.85596566065286
214.71206386399152
217.99587396398184
223.4644951480095
228.09310011195402
230.57070723869975
231.01622947889896
231.36619369801338
228.86254398485258
225.50309875243397
220.068185157778
216.4257656584769
210.88161416673435
207.37329471353544
204.5037233655059
197.97508951373004
193.66319419426577
191.5682746856021
189.38942881460795
189.33206200842676
192.62078900993066
198.15140631847012
206.51248717263832
209.68975515658377
217.96464726615147
226.44522897795403
232.26335548547686
240.0072572290036
241.25105838403675
240.21810746332767
240.81384495808132
240.8421873139507
240.90816939683307
241.0112124638409
241.16754988335498
240.65623715009062
241.17878578340955
241.500160264216
240.7173085067189
241.4952804848051
241.999461152132
242.20114142403162
242.15032604909857
243.0984115189981
245.19658382132988
247.250065961952
254.46142778548287
260.0408977597048
266.9850161407668
273.7925494795741
280.9410637038622
287.348924036554
291.7325868119519
294.19719920532134
294.9000225860306
295.1637166167426
296.9215769577591
297.25904258336254
298.3338199952198
300.13864211399545
299.9729925458113
302.3639005315393
303.5345780573439
305.5087884868497
307.02593800590904
309.24438051673513
309.96910294893877
311.7555806118645
314.3711954704331
317.91939040357863
322.79641722056806
325.7528808100937
330.5141529136896
335.2696000554438
340.38869476340165
347.0215416134049
352.99774401847236
357.1028178601733
358.1432890933153
357.3573394985995
356.0015831232914
353.4329669721754
350.0206420206959
348.5992523662002
346.42621535691734
346.0562136240551
344.99464500663686
343.76521493068947
342.641181028304
342.0383619612058
342.92429834857546
341.7079324045756
342.13344456295937
342.10869011022146
342.7273476453702
342.8671432199604
342.6268469321047
342.54897107747206
344.38633002583265
344.4369996730244
345.00950163403417
345.7484532342784
345.7057547625724
345.6414927991728
343.42866458809027
340.67345374654633
336.6388877687041
333.4764602568248
330.6501877813168
328.5645775655235
326.84906022854756
325.20310430779165
324.149416172649
321.34296026791293
319.6235393979164
317.60752420077495
311.29534890694526
305.49054831334996
292.6739970958002
282.10538480294645
270.0841336225015
254.79720030482648
241.24682774124196
223.96032456991517
220.17868773382605
217.6095238760087
216.8457973541685
215.20101671565774
214.09104677591617
213.26331628386214
212.95301180492027
212.01964372539254
211.2982326539143
207.8517579596753
205.3582968099029
199.10133096727367
195.72501825092323
193.03502422893575
192.56673043473305
192.3279664853682
192.9490616799412
195.31653664146887
199.341142309375
202.6473283091017
204.6041696467137
205.90290707238748
208.6957417138675
211.62146443221056
213.70348271160796
215.04867440026325
215.51394478225353
216.14266284343873
214.92944883279634
210.09203119513197
204.56200089788396
202.09382681416278
198.2047925129823
194.03742178855873
191.3994134026054
187.23779627781934
184.63772908157821
182.94841217035864
182.4218993786324
180.87811725870202
181.12048929900448
180.64973435665644
179.5965281149165
177.6636674954983
178.08015780098484
176.32539390085714
174.48346115708006
172.0309627538566
170.1178810074662
170.86953522928374
170.15870457695866
170.22949424979717
170.31040324841402
169.91774073967198
169.7953068713589
169.32936824028522
