10
5
d
78.97390166127398
78.08958376481428
78.14915035225816
79.38190920973474
79.4519899980776
79.04934684430476
78.95158828617433
78.0545120652276
74.83389431240214
71.47243118827238
63.10154049476379
58.841131433734205
53.277366362207175
43.93751306293438
37.474141938514684
28.08212684119944
27.609568395914533
26.76709903743277
26.800073517262547
26.121840604901102
25.920683716818434
25.69147352181715
25.033265783742177
25.675320387435445
25.127421751461114
24.078102647852027
23.201388663775155
20.400503392523515
19.15078083838048
18.94473347191768
18.552349523409926
17.536181710654905
19.507812732704224
20.02777510007789
21.07091005566321
22.097484162670526
22.86497112364459
22.781960224678585
23.297002147947993
24.25620873784739
23.878122382840782
24.12128782168797
25.090444376969995
24.898428037304566
26.123687979974942
28.843968336741096
29.648429937443705
31.388768618597606
32.4272471387718
33.768497215578165
35.29600838296719
36.60464102968933
36.57691704238457
38.33034271819997
39.79436653840407
40.17648715006703
43.058520597051924
46.4896694370944
51.712149031710695
55.44001395117226
60.85173729009557
67.0718389494264
73.1359981697059
79.23847342944352
82.96444060927705
85.19181600350676
84.28821555349964
85.10778282505426
86.36029826448801
87.20715389051287
87.08001231055412
86.89112946829921
89.1253559266685
89.59532154266745
90.86997347023457
90.7451542840834
93.18096201373044
94.1285091575217
95.48408412014317
96.11286890042943
98.79469131102427
101.96578828699737
107.63162149707175
110.68265269970352
116.70422361560087
125.23296612334282
132.6793988489886
139.08116294612083
139.56863269407415
139.7384222019668
139.0335242738574
139.5496929757005
138.43459898235344
139.6106116253101
139.77416912044404
139.72481193780388
139.5992795417389
139.40850470968263
140.90022187205452
139.66186616705028
139.79589820894165
140.4842461379969
140.28228876030437
141.1542055112712
142.28908557332676
142.54689032916235
147.10318144818905
148.26759951843172
150.766415555499
154.10262826608968
156.9483223722421
160.28576961047253
163.83379880314058
164.86054197581393
165.00082499517535
165.76705587147117
164.41331638709636
163.22282471451422
160.80639035314658
159.79579707296676
158.58698423337023
159.01592459786582
158.7964165643549
157.5401322663544
157.5753464319577
156.22991676403845
156.18015370005142
156.38433421294906
155.89996187950504
154.47167650330013
153.76619079980895
152.35975641588306
151.89756099783955
150.6046759442005
148.7789502586276
146.4344340861537
143.71449449863192
142.84573813725584
142.2292549295628
142.36906273721007
144.56014115031627
146.90022644537842
151.93374212046987
155.62318154966843
159.6999196052303
161.47686024358688
163.71109857685644
166.30409790935744
168.3797150413848
169.91623527824675
171.7791264732626
173.10629150264108
176.56023390711735
179.92599427544624
184.95439650926716
189.3774047516824
194.6745367642715
200.34470102609805
204.92239025114378
213.45240125699155
220.63505042965502
225.2119299561475
225.88174549689367
224.66615247826988
224.25455101675308
222.21610337092204
218.526054545156
217.22936708559644
214.30455672933158
214.36802745752644
212.98498897665044
212.67845985025303
211.5329425525449
210.0199679725549
210.98818200729065
211.90675530846895
211.90435600127222
212.19353584093275
212.93923011966007
213.3316218959414
213.8419745272763
214.78624684490907
215.80251581625748
216.65023941680067
217.096470121158
218.63385396208187
218.51619171022588
219.2847328869626
217.86065209577117
218.5961461010647
217.04085053170687
214.76635993628418
215.62863646105885
213.21186028057912
212.50053170585494
211.5262070552491
209.3212670251926
207.8531259637596
207.0306778010121
206.81179474316832
209.61205174781736
215.07212192888852
222.19710386204167
226.0726775140089
232.98667903014754
238.024565683103
244.98303208366744
253.07617684244457
260.4223148643226
266.87833261573024
268.0804967895776
269.5250990232312
261.1714131078118
249.51085593224602
233.6954703186156
219.78972359763011
207.19770893977767
183.86702071025834
165.00425893560922
150.56515649890764
153.49418875983463
155.57310806054522
155.80961194677653
157.3525888606687
159.16785483217026
157.18438282264455
157.94549673581426
157.92770017040985
157.950561951642
158.82541496663674
158.43601250943448
158.18683195677687
157.36792267394443
158.3854554196834
156.544873397837
156.6824909969881
155.40734188219872
154.2483533038441
151.66545866253392
148.62338239309216
145.39669083460115
142.78144468378352
139.2868224056936
135.38401065930694
134.53454134775546
134.8641442979867
134.6879479048705
135.0236682544073
134.4255028208098
134.28823276505227
133.6246696724796
133.50313255745394
134.2492124547638
133.14359329643392
133.58974778450232
133.4944595944802
131.90198516367587
131.58611001740923
132.5834048502346
131.77481525326615
129.98888749051122
128.57569025056344
126.81457325364768
124.58250735102861
121.9903204603851
118.46127208750258
117.80611240354143
114.37325170376756
112.56230042570432
110.56396625300629
109.85635522514733
109.30530777482966
107.30536958708151
105.34769917358575
104.03952853515604
102.46258838823152
100.57131280834173
97.71818545469162
96.00304936784346
93.26143702167332
89.78632985716396
89.81293209318365
88.41596916149787
89.34447579711113
88.27490184155721
88.16382050171612
88.78304353117737
88.22814975205563
