2
8
d
159.66119304966227
158.15135721723803
159.67086537005687
159.1542549998531
158.89270323812522
159.84988910527474
161.03071836894392
159.386640709815
152.44423852727869
144.02997476575246
131.55925275752764
123.30411021306195
112.745205976688
93.53360023666907
80.13707135963531
65.17906399492155
63.19651070411417
63.64274142756134
62.78096121869252
63.27499229092279
62.45090990565423
63.21547016579329
63.172212406395545
63.33068224271678
62.338549977552596
61.492055352861236
59.044838447869324
56.79730234270831
55.3410662391318
54.14858656207863
53.34637627832604
53.540364370935336
55.12647891412797
53.65423392604679
54.40099749727386
54.55899792955835
55.33484044708919
56.39136919850645
56.56722166149305
58.17316097616653
58.20060600572091
58.8906810735657
60.31719411465579
59.25842412664007
56.34354795980835
52.503534206316985
47.04069128195321
42.818845370646216
38.10232394139341
34.633423372908396
28.41318821684269
21.982817104653932
15.432034215249805
12.300573952401296
10.873926836233519
10.70608406204392
14.394554902382685
20.779333035600697
28.5224677410339
35.27284578655728
41.99672139266104
47.35314552033024
52.42300344458639
60.402341929919835
66.16772076063697
69.70077416862532
71.08931077162232
71.12236278068984
69.90083540927252
67.91362220795764
64.96823899033231
62.029451772218856
59.48162067311475
58.96597902489342
58.34282900861654
55.551073188548905
55.0846297417747
53.43984306858345
53.008283808377094
53.53674726609258
54.06923890213068
55.86021319923185
58.45768740966954
61.11794053829506
62.093953453812226
65.03799603241754
65.04688631565871
66.21476280095516
67.55294661282596
67.65316531188304
68.52584498389075
70.17585908201636
72.82140823277818
76.69866417091461
79.84206589439091
83.77929170823988
86.58184133200457
92.18465512762624
95.43667257759033
104.19488847178695
107.81812180198192
112.36269464871697
112.04903320954529
113.67948988078685
111.12348354090362
107.12426885575373
103.99148261397087
100.52426785089214
97.72877126738814
96.83424486850504
93.45021362697697
90.9692753776622
90.03912974601609
87.73062817946177
87.43354251335832
87.77541196112179
88.07071124909824
89.97179720641842
91.27060044112467
92.86086676331576
93.751984317931
94.54194892932135
94.94217734707757
94.60142092935575
94.65555925065006
95.33763642678693
96.12272253771197
96.46702772269259
98.88682431272393
100.99994342409789
109.31428833269862
117.17606118102599
125.51604116844065
135.3045181973125
140.94218114146426
149.24804236504391
155.0461094830214
157.71085965954333
159.16733232621883
160.30795411354396
162.26814651007984
163.75739034775756
165.19362665599138
166.11588629292402
168.34895673616452
169.29369166181797
170.89073903695484
170.54394373022978
173.06519212229298
175.57237069452387
177.89445958320158
180.12114184765645
187.02583390215761
194.61179470473226
214.6634270943087
229.38661177216994
248.5791943780206
265.0339960777744
282.1761680593726
308.24921456027425
328.5414042338816
344.0549573424486
346.4933033746089
345.92581564683155
337.77608559633177
323.95144483384485
303.90789573006856
289.4804736851643
273.3998263437068
251.93217809842545
235.10915505588932
221.71274811324727
222.83786326532788
225.16278234134384
225.2966760199868
226.8649365626395
226.44951811754714
226.86852344388015
226.85674257426322
226.58814431566483
227.05399051949018
226.53278186861274
224.27803515509183
220.57437411799802
218.26523206878525
216.46914466460606
216.5322248871652
215.87985169127467
221.1699107224477
229.4134900020692
240.73863168058398
248.62471772363264
259.2805579040122
267.90781042276166
275.5526843112309
282.8874620138288
290.1965860500445
296.66638819555743
299.99176351982607
302.12661379882496
305.997181950261
309.90725997543194
315.8301770895093
319.3845324536624
325.1766501549891
333.8363102120586
342.4581477612813
357.6153472141455
369.45156918909976
377.23965610630466
379.2795135396623
380.01977769862094
368.9669143635496
354.2842965738925
332.6761657494152
315.394076336184
297.6664438150464
281.19530163096385
268.0864033457319
251.86771041272326
237.89772096761178
231.00506574802824
226.92891210736965
224.1276291074908
220.43883144355743
214.37797773712842
209.1920561535156
204.9870187506593
199.62686100827935
189.64569885696125
181.34401827174216
166.33597396423625
155.86139381867523
148.36250091600746
145.82379284905898
146.8201827715335
148.86905142680538
151.296153268526
156.6997172436222
161.31267855646882
164.66031084241115
165.50594644114062
167.66561150849293
169.68271538136298
170.71914245817723
172.28520997513598
172.4335582462454
173.32058589167843
169.10002346910744
165.79905774013613
159.7464956861454
154.655223808314
151.79245008095893
145.66134834581692
141.4103271202247
137.4777218318927
132.7653064665667
129.82748314610302
129.8607633095982
128.74986407718512
127.3441058326462
125.93955651525681
125.30536725191554
124.10430878637248
123.7812394723634
119.65067528712069
117.08554224658967
112.20877825995636
108.46812437685607
105.6746662426233
105.73987968973505
103.98367174183856
107.61609159897952
112.0006149860689
118.9627295127085
124.29813362939451
129.42697608197406
133.7052913924714
137.9335295712372
143.9881584638896
146.94151847267474
149.76509879092742
151.03347291796976
151.54985192531262
150.70512542903538
151.00179724504483
151.8679065178127
151.56595371371492
