10
3
b
151.87964625297482
152.11630885273797
153.36589604942233
153.06105087198117
151.54297978575906
152.25199597713657
153.4100258325214
152.57728126096595
146.6468806745646
139.37958295179575
125.91556953282316
117.51288009060929
107.72866512905713
89.29588552356704
76.47954008438991
61.91091143599001
62.13438788090206
60.74747543763617
61.02575186227618
60.25640547238469
60.49769178935868
59.47204002808845
60.33253533399527
60.90973168295363
60.63154645044257
58.32543744778997
57.155892283399105
53.74291161146362
53.32642026471962
51.156163995234934
51.84644385411727
51.30199082028288
51.730783827419884
52.35017300942422
52.439817260769665
52.52543821650267
53.64903802780405
54.32145861789276
54.339302616756065
54.76100207043998
55.9556942931864
56.77370913360059
58.0410578709821
57.490079909966916
53.7371238396927
50.27615823444974
45.08870957357036
40.49482190706493
37.84072428617465
32.44852588259325
28.1666074374527
20.93015670316448
15.907418018502128
10.766344610536029
9.974895371585836
10.489522544276277
14.312145044004213
19.020471951481138
27.675131252397456
32.95617168852847
40.50780380949031
45.172710781700324
49.40537458731205
56.741665743800155
62.93558685198214
66.27372343111415
68.10437913838423
67.55521957060746
66.69614961011189
64.59577268596234
61.844306408697825
58.88750102072096
57.41083781907699
56.019592024677884
54.54628227151033
53.97066626902566
53.25217393184568
52.29357566502624
51.16977861612095
51.29507285370019
52.42854964765596
54.60432686231537
56.18989254566874
58.22185400541871
60.52810745040948
61.49541452047798
62.65281405633084
63.73052891825907
64.53548503150913
65.40921097113137
66.89677125160196
66.92989742908583
69.50361247385293
72.51412735196841
77.00961916102358
80.25984841024673
83.56695046172418
87.87113245963326
91.16994064353435
98.38745775335892
102.98595824771937
105.88914151457156
106.57494342927681
107.93969483838443
105.58509036394318
103.39830516758235
100.21961976049066
97.04857637165627
93.63323685619406
92.51166141951268
90.69635160026489
87.96811663465627
86.22730728052737
84.63425619456484
84.01038321455839
84.07304326926902
85.39957192795222
85.8493207095449
87.67200029526833
88.78457659954043
90.58761365498214
91.03307210553717
91.04880004889881
90.80469208173302
91.03623535430054
91.40650241046129
91.95029094566569
93.11164936887658
94.7287252491478
96.48056031938158
104.36778269127923
111.63049611502157
120.6708176696306
128.9803896913485
134.48983029749553
143.5804860126809
148.9356738354873
151.5483605275287
152.0973052954412
153.56935425978264
155.9612369169512
156.7485956058347
158.3684228537319
159.6830993497668
159.9872576938579
161.73555033214066
163.55543905826835
164.42734452595946
165.72457145032962
167.74871989944995
169.58862662415373
171.95681545864338
178.0339766030063
185.59415505658515
204.7843629831151
219.54730944758762
237.6312324101593
254.27311171424867
269.76647376610697
295.6890351966973
314.71707914755797
328.72539976126865
331.6824259559868
332.49875175039574
323.4782999098997
309.66716536178046
291.4303715288481
276.826723862014
260.78576434781036
240.6838538271774
225.80631406661576
212.68331792769297
214.17523532634874
215.82668527347104
216.06784603069613
216.01979573305627
216.94517537201105
217.6183316201428
217.739902961382
217.2827248081579
217.2699364855798
217.1416247957502
214.6842467241539
212.9271587710042
210.59753039142535
207.08152369527264
205.9955721611493
206.36918982448438
211.13803199478332
219.13298745484298
231.2332606148662
238.13003078037306
247.68360353472067
256.390282218588
262.72241076065444
270.66878573987805
277.28461622107204
284.3127675490826
286.65496302755713
289.2235080299858
293.18002133395
296.88032497053996
302.12917972202683
305.9447512313926
311.7417699403571
320.3414130408058
328.96162222589896
342.3835524740345
353.0914617965736
361.49435901727554
364.10782333363846
362.8444646601311
353.5918644588934
338.579559454029
318.29194861964237
303.1718189487568
284.44662764619903
270.11351675710563
256.20414239899515
241.3960499034949
228.45491601231953
219.1220307260755
217.15391247571108
214.99954446942164
208.23987739174132
205.22536031230717
200.53888489594695
196.21350901530806
190.6523022191219
181.43364996995405
173.0296053197208
159.7952564361252
150.43502913127236
141.9482679595876
140.44093126807468
140.38817742685734
142.76388433106305
145.99956969856677
149.97170252038816
152.69622603672056
158.2064198770293
157.77286479685762
160.02055001375427
162.15568158670916
163.4280540067588
163.77837114736275
166.02575459856374
165.11604528912292
162.90653454717526
160.07968487927144
152.694950556456
149.04884179139734
143.71001952704407
139.22906914929476
135.40932501890842
130.73708815647484
127.23949091591001
125.04620066491331
124.46168615210506
124.05977401524254
121.9495849091718
120.46408234651196
119.31256663491433
118.39731429648336
117.41455885246891
115.06174083024499
111.23252402947269
107.10116144831665
105.01251253903183
101.04706538100196
100.39445392910413
100.79521607434323
102.75912912070267
108.0665081195773
113.72365937548322
117.82601316680581
124.74386672575875
127.6983734293031
131.94406736624873
137.79275403196814
140.78354542075408
143.31078057959814
145.15141713002217
144.3061924517357
144.26230156388053
145.36843159160344
144.35424276569205
144.31206182010285
