2
10
d
54.82352823924221
55.99057194904352
55.18122082961333
55.861360376075346
55.3361788000866
55.848851519627296
57.395810310655555
56.11749954948856
52.73792638007159
49.59874010305131
43.11883959295242
39.0707975663392
33.61932769426459
27.8999183835066
23.897313223526282
18.293619336358077
12.299154531480921
8.99830351150018
7.16038799154846
6.973342086495596
8.273367422113285
9.62263236734873
10.825677563578063
13.665842587336728
12.60388296028161
14.222683204593924
13.464387765488386
12.92827421461994
13.64269045686415
14.620865651804257
12.400138507253125
12.642213923893003
14.071438632156173
14.714277854829525
16.077785571017387
17.781560477541767
20.265711449207274
20.504851342929392
22.890354387755604
24.56205225912969
25.530642092955024
27.25062950223197
26.081035693982738
27.865319814442344
26.06145497149984
26.053755105394746
24.580341464525496
24.059350060970548
24.01721506873226
22.59400234414452
20.65013486426539
19.89377335273669
17.178756509771613
16.64934253030942
15.921596472594626
16.440326915349395
19.937880128106052
25.350811835550555
33.3148456969174
38.93832850288662
46.14061372607193
55.83254553179671
63.40487163723926
72.7123471724087
73.29333538903587
75.05621088328279
75.1164601989126
75.62728633543847
75.49473753638647
75.22523552968508
75.35336838750275
76.20373665369905
76.31704160827941
77.33770246162211
77.82211767391799
78.05262559284441
79.24302425024452
81.00740694774233
80.9041367006438
82.1394002330568
83.94530439293735
86.25864401725818
88.41626085621985
91.45656988940293
94.56613131199056
96.88489036001236
99.79746304854983
104.69232610281803
108.7364692585746
109.98588129921217
110.62968917924348
111.17017305160746
109.8045183190355
110.2485970289746
108.74293043898055
107.6148779915544
106.38491692010193
107.30920061883026
106.7473871057348
105.76684036305157
105.99851676879977
105.97018641765027
104.77234658796539
104.55327665054395
106.31087529583905
108.18049872423352
109.91488109180345
111.19124061569681
114.6707738848169
115.45198236803485
117.11732636070106
121.03513045893143
121.87702035294556
124.01820168324257
124.40261167450997
124.58551240930306
123.0382720007815
121.12196100591655
118.69881425134959
117.00485989101911
113.44637121725535
111.00924799819327
109.44032576461393
106.39228090650215
103.55324649703762
102.65778506095066
101.18487946386637
101.85197015641873
104.21242404223527
106.78932890762718
111.5484536456889
113.65611051321198
117.69029297890984
122.08745732413779
125.48362450644639
129.44199582047452
129.78430864696668
129.46753348727765
129.92274411241547
130.1469858906327
129.83262917303014
129.44813732751402
129.20672036687546
128.91846646613885
128.7166391365299
129.70667349795244
129.6387435302475
131.152412516914
130.16568779461127
129.9937989569487
130.0832755497958
130.96863059970448
131.89910702575384
133.606727812351
136.67361593098985
139.47194901759877
143.95948138424214
147.98954055376402
151.08439630395756
155.7769666602772
156.36281497310148
158.36210431747998
158.77453422531272
158.95129464398468
160.20506981839347
159.66565906984712
161.0800022274224
160.06380712513484
161.89350471786256
161.48070199277885
163.40230616429218
164.026015877587
165.72598737456224
165.71227360013114
165.76605967927242
166.93748716125037
169.25545085527455
171.06632474740243
173.99951168375048
175.21702602137228
177.2704397852761
179.06538050101253
182.86052307067692
186.7710479935564
188.4484984513465
191.99734767245963
191.7313025972519
192.1506531563763
191.06473018786951
190.6963776632271
188.57738150637007
188.28038993886003
187.0255903421547
185.87389248533532
185.12123554911932
184.146440274984
184.13710753900307
185.11043328296714
184.52414804839816
184.29603518219633
184.5922159614407
183.5384298955889
184.61149150464243
184.65491929909672
184.49178301010502
184.48896267563538
185.99432219038573
186.2005718396558
186.73849949144065
185.50566039539606
185.27008190762473
185.7834732246204
184.099478299753
183.51300656829326
181.0243444042045
179.27774228942295
178.0902454863344
175.7570029665467
175.40619524004487
175.2641047758832
174.5514681826746
173.5373284992326
172.1279473519316
170.812114976609
167.52343459943242
163.7670128393403
156.90099441341843
152.69779194809183
146.20500477312316
136.38651465151435
129.3429151713497
120.29093522698177
117.39807467046856
116.91896488076789
116.92208721515301
115.66715927546073
114.82496493174509
114.3991564994121
114.15651915076326
115.78823109247487
113.37970490161511
112.16948042362297
110.16544523790476
107.16019837668004
105.68266617632685
103.34880376290194
102.42465880938985
103.30631234412105
103.80305950414639
104.71423750205177
107.56550015035673
109.13271957029706
109.94061729462425
111.45938554828217
112.94995935232954
114.23292076013583
115.10941031264808
115.85577553352405
116.21309136647328
116.21745407477528
114.57992703796678
113.57367738869137
111.37850254390203
108.82712517387432
105.91434054805424
104.61738832027741
103.03641552254136
100.30612496052407
99.13636353618979
98.24547028021561
98.079642922348
97.50909913335691
97.010915546355
97.93379596325224
95.95953937921074
96.7178989730556
96.46260625357364
94.44954704845493
93.79423009754856
93.52473956267396
90.74026168026734
91.0393064466062
91.82598781740413
92.02084522047585
91.07498685122557
91.35034082322548
90.92360300884201
91.5212861608916
