11
8
b
98.0189197239601
97.78207305714793
96.51093810246806
97.07402860562138
97.0776525741085
95.99239912333046
97.8602525329894
97.11713256617563
91.7205962448358
85.24139010226826
74.08710379301151
68.3507621147893
59.611390987561855
51.43677802087874
41.954750341572705
30.511553944110318
22.106141275441782
13.157999857298808
13.134492690053426
12.79612160262028
14.803112581213073
15.987450221797154
19.445625045336655
22.24838904808428
25.08900681491089
25.16546606723668
24.562858213048354
24.4933122699892
23.334978224358665
23.423088409506057
23.289856470826702
23.16377217262327
23.97753671246907
26.061354803056787
29.12860414673321
30.782535445723944
34.78436933266479
36.43348869301753
38.607428521348346
42.174832158368396
45.17954346199051
46.771246402744794
47.803765223981614
46.94194936252365
46.40828507074228
45.10812554316349
42.78457453820954
41.3979982856259
39.89910651663324
39.03914905889745
36.90151052771674
34.38230190303995
30.430863176621337
28.51522345495168
27.533443206727647
28.5775533311376
33.66061066255957
43.6242568521947
57.64415712398781
67.86672265978542
81.02960786531855
98.3031806748895
110.9156466567305
128.41083338540653
129.975284790287
130.39983039437254
130.61652510129804
132.4256019536488
132.8496856431302
132.41916960171562
132.73444089844182
133.18416909631165
133.58432774760215
134.808146091693
136.78420445800305
137.07134171187568
138.56034739234906
141.1442098976679
142.54798034300416
143.25264406001054
146.5084415911933
149.3283322076255
154.74073460638147
159.05036989663245
164.63112402879395
170.12419685161507
174.8927299766437
182.74069537181634
188.8414346119461
192.11950463505568
193.6453461568091
193.18675084595844
192.8207389973699
191.39215923184076
189.37669428858104
187.17355604617276
185.37260675036723
186.19028236489257
184.86036235590666
184.425342261098
184.78643097463552
183.7769544888291
183.4242801493015
182.2595105544226
185.3115626146758
188.8898500157241
191.95557669001596
193.5466155237639
198.3991517462076
200.71888039913136
204.39456449880416
209.31963368841977
213.7086261296251
216.05276616442106
217.65349737681817
216.86004636930377
215.7723608075588
210.89217009580818
206.50431728387494
203.29602655912282
198.6471770045559
195.6759952654721
191.6412941440342
186.188865792855
182.3416527926848
178.74659473939656
177.0679751627335
177.88511934091554
181.11313656099577
186.0219589883587
193.72022446312837
199.25940504638717
205.3690140149843
212.64169113635526
218.27361980129743
226.1293714728789
226.59863427030237
226.21013089931347
226.34402610202517
226.4125166008239
226.3450839399652
227.18276011272758
225.83658503157275
225.36026303837448
225.4531151251895
227.31514384038903
226.9576840299122
226.54768309189998
226.39694295758116
227.28776591761073
227.76471386843752
228.84355092905338
229.51008285116143
232.71801988533505
239.412780524005
243.5187771661605
250.8441290557176
257.43195661736667
263.3244625823722
270.9218980450274
274.06969582923205
276.33175527240894
276.90756599858423
278.105671395505
277.8742535305171
279.24660530322524
280.159781188302
281.2046752901692
282.2438558481302
283.47442174840563
285.6982406164572
286.23579479399075
288.3474390925824
290.77931195014406
291.46606197591905
292.6398024591767
294.4192598855394
297.84895026026607
302.6554955039516
305.6678838907182
310.44028859802484
315.68113672079215
318.7559235043605
326.6645173594398
331.34199588275527
333.7384843437205
335.6137980007273
335.3779290295759
333.9543125873715
331.98237115934694
329.8952736641719
328.3616917100716
324.8560750923057
324.65632524718524
324.3960605155756
323.60615767099
322.08783513212586
321.19379602637
321.4145986053112
321.27719988254233
322.0817008113246
321.0592132421988
321.45775910138326
321.7669666466466
322.974689709785
322.76750997111236
322.75298329496434
323.1489385830218
324.6518853453481
324.2453411161589
324.59180330779327
324.84763831173285
323.45743256209124
319.7702944983443
315.98968731170646
313.47164046975377
308.98403810810015
307.84485172811736
306.5278369793011
305.5706043122325
305.0605845780615
302.15190490869617
300.35050717457784
298.6695539071011
292.5904407709903
287.2940530757457
274.17961797985157
266.1007601130142
254.96012599503848
239.74241073568894
225.870958217197
210.92396086714552
206.1601186932189
204.06991567736068
202.9206904073249
201.76796386797972
201.5640381934566
200.25037984124344
200.02147242498333
198.13635683167595
198.72178719710354
195.3540112300742
192.07584577079413
187.8274874895003
182.58800665401225
181.5044838141753
181.2848998426822
180.7443957893969
181.76728309795638
183.73193093378498
187.87692518801003
188.7723582650793
191.6054202775071
193.57084199163492
195.6185874303413
197.907064099942
200.73518239677486
203.1834851938341
202.6309220587615
203.56916965626934
199.8238387958536
197.77341060385706
193.24871514206095
189.10566821464687
185.41071201663294
182.05899029232003
179.25052011044926
174.18068614028945
173.34783626100665
172.03961845886158
171.6282006150549
170.54370288779995
170.823865506665
168.8907494040659
169.1430839447501
167.93140754188084
167.4117877511513
166.08314962475484
164.81651740445176
162.40780547600815
161.12922340840365
160.61057953297703
159.6877562278701
159.8709252706182
158.92258685459598
159.49336893995425
159.79707977752528
159.21954435436294
