11
9
b
50.672045088079955
50.30984028430257
50.027084285597354
50.932745628571276
50.8242015902995
49.67192721871639
50.74509803627548
50.108014698685025
47.9029410877135
44.96586041795256
41.060668988537834
38.539789980820565
34.405989037880715
28.396137673447367
24.4782861054813
19.47591011284109
17.396586401566687
16.835003546005805
16.546965630113842
17.158441413494383
16.769216167669367
16.544248885330845
16.243542442739994
16.57131833138575
16.028073951187224
14.568912901485815
14.746008487383705
13.623719604537866
12.147522139493956
12.007603849703164
11.781013556903645
11.450489397526587
12.451683841642396
11.50199274166206
12.800463680973845
14.180315140869473
14.09351404751144
15.284565313012704
14.537245206029594
15.302051407275753
15.639983268274015
16.177222365054803
16.63699184278272
15.887789846502903
15.566402494418202
17.834301227778962
18.554341471089767
20.524165311051227
20.337453715150147
22.240525152061842
22.754437462403423
22.84454485840008
24.647962529081145
24.484180845538678
25.31476237258598
26.09514017734833
27.246050823781513
30.583275187239522
33.695456101344526
36.14042139858336
39.49778648410406
43.02184281188556
45.74643930931016
50.680351236142535
52.83437949653109
54.151236129602715
54.56909552164005
54.95385435469734
55.62104512709366
55.83094702652375
55.66754058195463
57.007567971487106
56.106707760017215
57.69521141285283
57.57513343163317
59.34929445237364
59.3236192081743
59.99858441007403
61.70974128541792
61.50316179470182
63.203209261959415
66.70088946302496
68.90305981218134
71.7570115980062
73.95301691315163
80.59484753967162
85.97386520072432
89.9551663978319
89.27776722187846
89.31150859497266
90.36525684762555
89.94405478343246
89.04287510594177
89.71345701453791
89.37516886116832
89.0659207529233
89.23467512804625
88.98038551295947
89.76918047648797
90.38434727040587
90.43094834170991
90.0259455067564
90.43425866978599
90.0622996656598
91.8780351830988
92.54862602320227
95.38409031520827
95.73625735862598
97.45409183762875
98.82854085288629
100.44902386104103
103.26316183643047
105.33785849968584
106.85020730068861
107.05984913162334
106.98756065730205
105.55821757227484
105.89370217492855
103.81051032027838
103.24960167727276
102.04657325721679
102.65242348543026
102.01009582665169
102.35070146824157
101.10232683709592
100.9327892343277
99.94782719118336
100.87935125224632
100.08197894339047
99.69864687012968
98.51338285487813
97.8680538963275
97.24090226810209
96.24378098898363
95.43986398582835
93.45743704249956
92.51526441395903
91.35853251937782
90.60324615096845
90.71954611942299
92.67777552864597
96.26576564249243
97.24329120071306
101.0739210456094
102.52368752866907
103.35772127187656
105.51455654682724
106.59421497347354
108.05653148287982
109.95755519969111
110.44693339182558
111.10966982862388
113.5960952240595
116.20803114445127
119.33613057437337
122.07331843417327
124.61418679185091
128.57245122403933
131.55649570077927
138.73640483288636
142.0330323346393
143.8649112110874
145.28415669516698
145.49443483503296
144.09721323616952
143.50869449111482
140.94351995041234
138.68901348646713
137.479361824361
137.14863085616173
137.00674835255165
137.23978451791749
136.9652023393281
135.40208521468853
136.30456202175276
135.03400003988722
135.13186194892134
136.08736990331883
136.87484444511685
137.92853764908904
137.42536029218172
139.11242917182497
139.62334030133187
139.4755326865566
140.70332382370017
140.10586862066134
140.96296102580655
140.9708510952519
139.19114143428658
139.74991250499045
138.54520872886917
139.11899618824523
138.50037938262034
138.04898496085525
136.5901613245068
135.60238128413425
134.76049154620785
134.11670112698394
133.4646717436464
134.1548611575432
134.7500402195559
138.50253450670365
141.52113107037138
146.78155314395678
149.1065621160317
153.63828969908604
157.97752399362247
163.03190891392313
167.27609203550986
171.43621648143997
172.66276068283355
172.57939124834627
166.80932241892143
161.2341447490028
148.88428487381435
142.92896415801067
133.47219887348587
117.40195249909544
107.29476804792982
96.11700099601637
98.53247517201329
100.55364956616275
101.4705171208351
100.94446697056064
101.99620963777589
102.23613693748977
100.91179481488957
102.44462607492254
101.3352740205537
102.42858818729464
102.01966421317125
102.03162844854592
101.66118370060283
101.50329350437765
101.63882433422653
102.35450770107076
100.03984943741318
100.22496647429647
98.21937743774956
96.20489492821822
93.79046207677999
92.08460048726666
90.29421106672457
87.35221506522642
87.31089569764389
86.68502546943071
86.34011587267567
86.9370261924781
86.7275536338218
86.96233336497711
85.9563958719493
85.03336673023679
85.25078366201518
86.10838540825088
86.0867763083125
85.67191883446978
86.1319468012786
85.40000987899104
85.74509236173435
84.49025027918974
83.85947278970391
83.8515267610208
80.95509942416116
79.80723403309135
78.36876762486868
76.35825008098793
75.253282275055
73.02981470528646
71.91494515261414
71.52178577315075
70.35126725868007
69.92028068081487
70.3257335787014
67.99712591361377
66.9984676882912
66.17632633839469
64.83496815158648
63.04205134275092
61.846379018618286
58.95741944475329
58.8724023571082
57.32305433325675
56.8699023350656
57.01837862783732
56.492383842175514
57.194186454631996
56.043515994779156
57.26027786965353
