10
1
e
57.84785659359644
57.116282419993766
58.18574559881646
56.78230728107729
58.1657300993008
58.424398027632805
58.84502556155329
57.77863258888392
55.575615039985514
52.83131023924178
48.38116958173818
43.83137153960612
41.12894617120826
33.2873246120362
28.858695300880473
23.595754247898668
23.543949306755007
22.52895336791142
23.161891654677202
23.255187181096403
22.597598630852957
23.07026440182515
22.95001883533463
23.306632430364864
22.07815908885117
22.32129147340865
22.364670491000307
20.672501877806166
19.925184142291037
19.287948496817673
19.15634328611926
18.855866431002877
18.93499636417457
19.764348557045327
20.26554568217373
20.811575450674685
20.24707477434154
20.80091952986399
21.069513425373316
20.975774242466823
22.041907478051264
21.767724671425118
21.28610358657277
21.847307000416087
20.869849203137587
18.791765798229644
16.513042635166542
15.276095774114046
13.818259452411823
11.447249185564608
10.136025935340509
8.454756554288105
6.20606361174149
3.9871565106421833
3.7348778306383195
4.2140489315054275
5.373617165906456
7.346499269500762
10.972829241796301
12.074066476706918
13.800942371310473
17.752326623030733
19.622159644210477
22.802760730297358
24.226125177586866
25.820321743127764
25.544349575063954
26.14303643185246
25.414445283934448
24.83537920153031
23.37358386372183
22.64028713004943
22.0167746011674
22.012299577491408
21.0096609825833
19.771931799456315
19.742333934486798
19.90670620230886
19.960149538159076
19.196675528507424
19.512946252791444
20.57257224997663
21.416916369810234
21.924812729351157
23.030875547029567
23.71044534917726
24.186999589750403
24.6902820046842
24.525044503966534
24.413158071815964
25.138056308261064
25.597843055673412
26.14043345097002
26.87850501814157
28.99364959802107
30.528454126101302
31.85234977345274
33.50388863486931
34.4781499804147
38.130183348941806
39.009415545747636
40.615130786904395
42.05632233340439
40.77087911045888
40.79688584596478
38.61464346050104
38.26599096480716
36.73242054107347
35.948873871601776
35.372284047552014
34.73866726791219
32.78713568104064
33.27088280790487
32.337304393448115
32.20777828113654
31.8593766101918
32.17073999223722
33.22839854584562
32.75055368369921
34.133939624705164
34.54354588648259
34.32563054560525
34.8808967652658
34.848718513845455
34.686072127040845
34.37769222612561
35.047526026972314
35.364713716117556
36.31409270538793
37.14321785634697
39.93173349931305
42.893406740205336
46.50869237790334
49.02594643119214
50.87575841181295
54.92698986824222
57.29760979128441
58.24754910295505
58.290882297911736
60.01957079175321
58.73932762636816
59.33578912937759
60.51646836402298
60.69357633471698
60.7056053755339
61.330320491414476
62.94004903399644
63.64417455966554
64.04948291309636
63.91569777714757
64.45902334424814
65.70944496031666
68.72996010510536
70.14958000412756
78.45472958729734
84.12722314766596
90.31424040012695
96.15939570155817
102.81965797918829
111.72983577324406
119.00034282177036
124.35668387566395
126.72123699241058
126.23347754529694
123.1104062079132
118.63565478035794
110.57166380649699
105.33051336022025
100.13708354404842
91.53398962286646
86.26524760209224
80.60974907459003
81.71135203580934
82.26230323886958
83.1392920644435
82.76949296318055
83.01549088032779
82.46349180301756
83.72121213258625
83.07405102428102
83.52168979937069
82.24629711186294
80.91202772858783
80.49934250738832
79.39326245147024
79.46232039361504
79.1596701023127
78.47404992325545
80.45504874393171
83.28589131191981
88.13726128703894
90.356432860529
94.18966577442117
97.20935807607333
100.01034240898639
103.60256457660836
105.81273358140606
108.79338414946504
108.85105451160571
110.19464689012574
111.02012040429217
112.79027246641009
114.33043434371555
116.38593082494815
119.63121928224038
121.6372089548301
124.63924550440278
130.50400531910267
134.5784375480913
136.9742172946589
137.3451117231816
138.20198503094076
134.31682487586895
128.79084494902747
121.36785474158766
114.63483652979426
108.37432389919799
101.92570919729788
97.56971822637526
91.1122148241036
86.44974997314407
83.16969338201392
82.6453020708286
81.18104905948876
79.78856270513272
78.31382697010078
77.28202959227792
75.07922634289488
72.64538750289957
69.58281958329522
64.99496637816382
60.09354667701388
56.16315279188519
54.13782194085919
52.88671535865146
53.47907022858541
54.68220682890129
55.05017213187933
57.23931797353707
59.00954628431006
59.56714313262675
59.68767479668142
60.63395989168335
61.81399280282343
62.33392895876465
63.318807341762366
62.36127148067212
63.128989446160595
61.88866363157989
61.174073345629445
59.16964983751531
57.192599930576925
54.2780976702162
52.90396966894731
52.468473031910044
49.809288197904024
48.79056335726729
47.31135674553378
46.72825912965495
47.56876795315389
47.47130915009142
45.06835637880224
45.07884964374781
44.923547314057956
45.41431047910992
44.10539704219224
42.38881255234135
41.03593628110788
39.63193347893264
39.01787808358409
38.38311400804921
37.70764625314288
38.882069046383016
40.98407027484577
43.725698657109106
44.26521024124124
47.19871580566526
48.72792452291411
49.395234344539226
52.56194788005701
54.075802342015606
55.09842709877014
54.017009835134544
54.509683579416404
55.02295126247478
55.02190631222408
55.08405926030717
54.94811615153404
