9
6
c
8.581557646023159
9.328992261484405
7.639545639507551
8.154692713681154
7.848666476593948
7.746772011236386
7.816041464305159
8.379219831582814
7.643401041329783
7.273062129840415
6.131653050794563
5.809199491264862
4.013536752988951
3.257852353230932
1.6271991006968525
0.1599795690483407
0.0
0.0
0.6571316429209628
0.7045163717935261
0.7957857230100613
1.5063576707309654
6.334039922325426
8.319968062922579
12.121200626623324
14.818370146029784
17.819542184500392
22.5018507392847
26.647380840797567
28.799925376165874
29.50642737659721
29.478768590566368
27.301741440864934
24.282181236604
19.399718658785147
16.621414276860186
11.009867941268055
7.818584640798218
5.530668759643568
1.6422099050064256
0.21929928804914572
0.5845237749199532
0.0
0.3581065214882609
0.03589443714864961
0.0
0.0
0.0
0.8528456541758456
2.6380299078419616
2.402073287070227
2.274687453160308
2.1525446745902945
3.1451363620008665
2.866796635980057
3.827198364211236
4.017647483672844
5.636160617889062
9.485750706348815
12.724707786806178
16.540966282525236
17.672802368343184
18.534179517894387
20.559818562803994
21.090527367636735
23.972122204523195
24.639010406154295
26.972452333476216
31.343231069596378
37.17698884646546
47.72301726798885
53.25162616314288
62.65256244861641
71.12950043005921
80.49317795655904
95.35960121894884
106.51454951365108
115.43077518333916
116.75786866796739
117.39518462840624
109.99495083536529
99.85318936974355
85.50465095493047
73.59410184588347
60.15419541727272
51.96299456880596
42.193164875764026
28.462372384421787
17.365516201126344
10.74601216992344
7.873568320748993
9.359373665716484
11.293008163995493
16.31755765603808
21.96472865331295
27.7504815263155
31.345631988921586
36.36380898943942
37.47944997207671
41.67472913351822
44.58419189231265
45.413179774439996
45.83056659412757
45.67416304587426
45.98111818810157
45.17406751563415
44.60124167961077
43.722892171788374
43.12567043645644
42.113734024102705
40.288530267430474
37.98092707714342
34.6245575388078
32.338401283015365
31.38621314462655
30.960982000141282
40.6304932676714
52.5275784808063
72.31926823257385
85.11023993152767
100.26203269574223
121.35698985392392
136.29320970443368
156.04342270045953
164.76007102625178
169.60089494617685
171.10243571355434
172.37941125873442
174.8176123117944
176.79158984329132
178.04733717757802
179.00436889038787
181.36587518739873
187.4617930634606
193.61473127392858
202.8757925147213
210.5780977556509
215.46953784195168
217.19120151607657
217.2412752344451
210.67325607093838
201.49124763452286
188.65604437205118
179.43588186741454
168.1207532097769
157.453438947205
147.92173127682992
137.99692842199812
131.01762604642036
127.08092361423195
125.61780552212736
124.5633127827282
122.35052084903012
120.85038685476957
118.45317205663527
117.34267964104095
114.39450921483385
110.51980622309647
106.89915425996226
102.50901199218688
97.9368813108123
94.84686244465503
93.56423833599975
93.61679187836211
91.07018359711036
90.09113895019978
87.93395859222376
87.96062567782342
85.70647632020442
82.22680056817754
78.87011996916358
72.58204007821301
68.55080195790507
64.96574283702446
64.16140388404648
63.63049393552903
69.43220720551982
75.56941893137348
87.25652175774142
94.22526003081919
104.22030995156409
111.23470534273962
119.82041207185839
132.58839397923202
142.3190706255704
149.63990922833383
152.53413294443857
152.78250407193485
143.4715745369818
131.6713721521772
113.47630758501245
100.97675347216519
85.93975834819344
74.28103301875171
61.335207454394734
43.755094673941116
30.986551044163413
20.67075365522636
18.871193545756288
18.526459299416985
24.229087063381165
32.07825132198002
42.22215894713823
51.00005760807061
60.12886783199848
66.89604898327244
72.53335535536407
80.32403620746938
87.34955900625599
91.6637911192538
93.09841784287146
93.41380396486565
89.71866377225635
83.74037658954992
76.22731995514066
70.80116157618238
64.1980007355455
59.747766400019756
53.011256568262965
44.271214257463086
36.71529248687898
30.79740364006796
28.660194827364098
29.234351044549886
38.54788024266483
52.51350264299017
73.48444155535846
87.95249334354558
104.2434703006993
120.70572687653716
135.41110918732872
156.60646921247505
173.6180340378532
185.81803548257724
187.54651316805612
188.45908986545388
183.16274984297374
175.0765854269713
163.02648505271057
153.68830237937593
144.58803828512598
141.07523862536328
138.70737393141357
135.80005057973034
133.1841473751636
130.2495241908407
127.5712931685524
124.48558537371483
117.9020807133604
107.95153453596409
94.85831150153308
85.43044324102534
72.74115810376455
59.244035633965716
46.11584966362996
27.2803095959634
13.566484306911601
3.119769211464168
1.0346560970955334
1.0846217505876616
3.3671017351964565
6.309035159534936
10.943518380466214
15.45759591482919
19.09618193442631
19.079828739033843
19.774465387411798
19.71408960854338
20.545597680289756
19.693393805673
19.10889267261696
19.05744985952748
19.574628993816162
20.338603245867777
19.386227235198824
20.425640667511907
21.06614267905188
23.200129921946296
23.00682154159487
23.134214085262734
23.634050665398902
23.596404838034097
23.61712335547687
23.72300042045105
23.059424911093245
23.969209614096066
23.572004289140633
24.19969819821856
