1
9
a
195.560133208216
195.59330664423928
195.33366235005388
194.90885862205533
195.40827631718338
194.9338941738355
195.8420268433124
195.5665872328732
189.1491583694134
181.37875330267113
168.85028348553988
160.66349164484026
150.3175221884228
138.5420985739083
128.3707854961463
113.48185889600163
101.63493703852618
93.67817869678659
92.52344657230289
92.82685907947943
94.60006461423232
98.08182143659535
104.85238695929081
109.69255163031623
114.81998044561408
116.30037724661494
118.24793816962372
119.33201640442145
121.27767885889408
122.07173831506827
122.88797784495958
122.00188908865468
121.99313729338022
122.9895865249855
123.41700122998469
124.60052767698913
124.02244025514705
124.67156417876741
125.7897492365731
126.55743686517752
126.84898559801853
127.79375236617047
129.3365348156925
127.3150692457227
129.13762370458136
127.66066690263533
127.99771174354507
126.26682747016578
127.99421297186403
127.82265281189365
127.07484386885002
127.10962184469624
127.16548588406094
126.50740172296894
127.3120774445029
126.12329600394798
126.51811433947739
127.14328929968195
126.77698793060948
127.08410626800901
127.02590067185865
127.2619853515325
126.53862669334208
125.84953230383557
124.99137954636406
123.9718669227246
123.15096886226729
124.32203313045476
125.25682796079508
129.60462440602427
133.89668188101487
137.89356899968442
143.33988971877724
148.67781787346405
154.86936197943035
160.15209037885373
161.23382180640425
161.7976643109273
161.27225860306504
162.10925776028355
162.0269566222726
163.46498157834964
161.76386976623854
161.954078219872
162.1557698001788
161.80934280086998
162.37363239533366
161.61278936238352
161.93418540996407
161.84493388897573
162.12912726946632
162.95667062173902
165.01198771108665
168.29253139126715
178.35255542691976
188.52427394004386
202.92559783654903
213.06122558574103
221.02333829193063
235.8234060143632
245.76677513606455
253.59678971364255
253.8769772960754
254.7188073496955
253.4083412761684
250.7846059112621
247.57050721867205
244.13060499372142
241.20148991850255
241.33953245767907
241.80375571621644
242.47155522840492
242.87774484349646
243.20893246548866
244.56763834818574
243.61758763878936
242.01424784545404
240.0718531313846
235.05911099949444
232.26485445750544
228.0346642375341
225.72447601161136
223.0718788108546
217.84356534934335
215.23688388565057
212.26740267511693
211.37815500663135
211.20709116492228
212.0262287937781
212.57938611053328
213.96903480488805
214.4233218465041
216.5168549278202
215.1824281602657
215.55634982409046
214.58423696863738
213.27447295729516
213.11490391738502
211.8051814451157
212.48278510126283
215.963604140481
219.49904935978782
225.73119334026867
230.51268306341652
235.3739470682461
240.1500793624442
244.82134235531265
252.52585134449936
257.8908737471748
263.1656643168462
263.530468049151
264.23773721935106
260.40187958510063
256.2111533740153
248.6520812407288
243.0995804299735
237.99189966352216
233.81857535777752
229.57407817416077
222.98209894881396
218.31617851954428
213.991405100306
212.47843879360548
213.7841596895976
216.68906635651504
221.23778970125065
229.58602315967192
234.47585745625392
242.86715819694513
245.195688559626
249.83025507868658
253.2758614169891
257.2179584464606
260.8645263671002
262.6856970464701
264.0634987704939
267.71051228885733
270.7300664926083
275.75988547717395
279.63504103880126
283.4906782886464
288.1242433414637
294.1204919336081
302.7163275963675
308.258824193664
312.84433868415346
313.7820816506208
313.8324495290747
311.73503517846984
308.87001267873825
305.1252250208227
302.10793029735606
298.0444140623746
297.41624035142024
295.4923940090006
292.4496088618147
289.160338713601
287.6602017915179
286.14102237569557
285.9593726307144
289.99126426943525
293.9598535444372
299.08347400893405
303.43870390093997
307.1479539346047
311.7221393323391
315.61976224675027
322.132705678533
325.98259079678746
328.7736437746517
330.3707018726566
329.31837355452916
328.4318118364371
326.9013896322523
324.3618340715899
322.9277798894099
320.27414626717746
320.37605874613035
320.0805366778459
320.580711367463
320.4143955459077
318.1582366743188
318.63750571059427
317.7253303053187
316.7222494227132
314.4660841759314
309.20741212554253
304.69698581970965
298.4610752105708
292.4761938948992
286.0131338021291
279.91235609841056
277.6508075192369
276.4312406263079
275.56147446282324
274.60697517152016
274.94171030685646
273.67960951053374
273.62767398107985
273.279462202804
272.56213912272733
272.31197808629753
270.44758347961596
269.43797618355734
268.0576403093935
265.4015384403787
265.5575821741655
265.3790464970444
264.8364218821134
262.654960740968
262.6130997334822
261.8120803436182
259.87423530325077
259.3361666149148
258.94538699148524
255.34001682560242
253.36006302496938
252.20566143438043
252.75268326860183
251.64807703380487
251.64236594238622
251.9244034645089
252.7076748599979
253.38121150226482
254.2444687694538
253.7554147819956
254.66863444122234
255.96202242907012
256.37014516952655
258.0632535467505
258.1880237589485
257.16727659170755
254.6925587148307
250.72530592065942
244.503418091325
239.90059364292256
234.94595104223885
230.74887937940022
225.54061828307962
219.9646027564568
215.50202658796795
212.11054756616605
210.78767914396084
211.59625120912747
211.47726831101042
210.68428147858128
211.4338190180958
211.29966913344253
