2
0
c
235.6363615170473
235.50458615439175
235.25439703695338
236.11829499272682
235.1097234071394
235.8541581955601
236.16922683618873
234.95433520762418
230.99517564772503
225.8747161050956
217.2337805241103
212.2079778914975
204.66069401499655
195.29547310765986
188.57485071099185
180.30782549231265
174.84405062536166
172.50759287965576
172.12665339625408
170.72100145327101
168.55241606556237
167.98451267181807
167.11393910305446
166.00558463616076
164.17967084083767
162.0221950513381
160.19326973373566
155.87316623757496
154.04443587350306
152.1744386465065
150.87521971674784
149.49894758081038
147.78874827782852
146.0022433223213
143.51479326346075
142.8521993546583
140.21826066097557
137.00936691058328
134.28690718837163
130.46208368069105
125.99361640352186
124.22014891824178
123.25078989252555
122.81310720508985
124.35094018742225
125.6085706759298
128.23319663684487
129.41115575552453
131.637952578467
130.23214286676057
132.70670930636342
132.7665095331525
133.56869510444383
134.12420993732096
133.92232720529378
134.55786640097173
135.0480257333377
136.41977301161904
137.6582665965651
138.77991412033603
140.09867263900006
141.0955004885951
143.25236486579885
142.7201179621307
143.98013190427397
145.27991487035706
146.5391051136097
146.2380527160994
149.3975133766757
150.32008382759162
154.14188399745834
155.95122824068008
158.51153380506946
160.6940691405257
162.28146636028407
164.6378137026263
167.37202138446082
169.02433940686421
170.49867407009506
171.52446490002015
174.5221037888315
179.02802897168883
183.4838820013598
187.34780424145455
191.83521615240355
196.65710315987675
201.38863135579462
205.8673679242435
208.78672971380922
213.21962283614923
215.9394251180753
217.22376600682335
221.52792106044225
225.43265321207534
229.79100036088457
232.48311706989026
237.82677191599953
243.7779786685205
249.08993280242285
255.75167730438798
260.73166535064394
265.04209182719984
266.9835082698428
267.40058458699264
269.5918593891011
272.2853126305304
275.8871369174482
277.7570278855705
280.4191143173279
287.2564461380239
291.34417533357816
299.3508994828955
300.3849783404861
301.66433547348345
302.90058047074706
301.8226212806644
303.4818212276883
303.56115949110836
304.0001496828068
305.24299921554604
305.5365281030929
306.4384012363401
308.321579303567
310.6877336709068
311.82365003418903
313.0545510841295
313.5124871832822
313.49206225709275
313.7551510883389
312.1105359119819
309.321816943514
308.7002668343548
308.0954156585339
306.836884115659
306.3147640064391
305.6005448759131
304.5783885593628
303.2571151336607
302.3373869485108
301.88667743660096
303.3964349668092
305.74409810636706
309.68613320196636
312.2729436069023
314.2928559099168
315.83949390959896
318.53823916672536
322.18247199195366
323.80239739806007
325.6071343073965
325.818949846621
326.73434396999926
325.8640137806237
326.49096213286725
324.7370125333749
323.29391044655296
323.44394218238205
323.34054624386033
323.33726336065496
323.056950918546
323.3138245393569
323.2169401776157
323.1140541828277
323.6592199410278
323.77046613064624
323.4652904256341
322.0042594630582
321.47631741430587
320.11366776695326
320.2877955751761
319.68018285959425
318.0788596960108
318.96213748884327
317.94944591645697
317.5920352060102
317.95391709982226
316.84394159850547
314.5369069134965
313.9405443209369
312.1516585232585
311.2997082390325
309.49642933015804
307.2018985554036
306.205574601213
304.972940330955
304.46236332226596
303.6196952062354
304.21224904316813
303.24360617121977
302.82325102173786
302.3792637779357
301.956895692117
301.8643473095536
301.2304447661465
300.55525396958984
299.3939543198776
298.5501330090814
298.70676852228877
297.53770781049343
297.7047958144566
298.00472742392685
297.4592479859381
295.9814520586192
296.5232099319141
295.9024820289673
295.5423829876074
294.59801498483876
293.1966794080125
293.13173078112993
291.1749733243387
291.0740694025629
291.6183860992491
291.63780569877423
293.12979990422843
293.9944883144789
295.29478690949935
294.9999301118073
296.9770476389059
297.28992158335024
298.80305841105593
299.196933408763
300.4629747354759
299.84199721086964
299.8472001057563
299.4562905441244
299.20730886410803
299.2167519333122
298.83243869013137
299.04440374930886
298.65902863756014
298.3470275835717
298.1290565479665
296.1504091061597
297.2654199432851
295.67795700761906
295.58030942571907
297.78677296661925
301.3357870938413
305.96605187108236
307.46094408363217
311.07324543198314
315.5825533634421
318.89179462157017
324.6069966423693
324.16351852066384
325.44604373019166
325.3153060728537
325.65579671741665
325.84849806531986
326.03185038520235
325.4092745462011
326.7153195788095
326.14186461621784
327.0695681203414
327.8212149757508
328.49919173854323
330.425271862878
331.9285229281652
331.31011554521655
331.3095088903928
331.3098401558517
329.5436708993627
327.4118847420679
325.0183345143498
322.42878099943323
321.9593360107553
321.83197392303293
321.5409528203522
320.8413825752988
318.6501175224547
317.96263560721457
317.69268914486423
314.48080100829503
312.2314997481404
307.236033986251
302.9840966799341
297.79565812565437
294.34722854508595
290.19479282323715
284.1589045704409
281.43126561404216
276.1903024661391
276.5077598929662
275.8258604896801
275.5193373481764
276.1717403891089
276.77406524165235
275.6514171419424
