6
0
d
130.35156133040616
129.1771432213232
129.76497212226676
129.63823460477693
129.92733325831767
129.31540425705174
130.6876051806426
129.85760655435118
126.26339897076015
118.9687193199449
110.44960021491111
104.00077722927014
96.80969977748188
87.91898087638036
80.58897801225713
69.5474352237647
62.290683519385496
55.63577188721974
54.61005689433489
53.247174646738145
55.58753304877235
57.75098683398505
61.2008357818006
64.47372335920907
67.0261068552592
68.47278787932652
67.3470402753296
68.0653668257005
69.89295414398747
69.44544932051336
69.43841299483864
69.21800564170823
71.35004068809884
71.2610563721992
72.51139451769761
73.46057838829618
74.79895964676331
74.99334618173665
76.78303488203906
78.08193130567166
78.74233129181563
79.96351819562118
80.89894367569626
80.71586843962628
80.57685690918552
79.35134488051675
77.53387477768662
77.11259384113909
75.68673846049633
75.74910425141498
74.65679005663323
74.36554096735189
74.36161491827491
74.3890225685865
73.64242995992598
72.50612230045077
73.31310375350276
73.29008168917099
73.04966032454449
72.31316319893324
71.25630747248896
71.86902153158324
69.19891760288442
68.151601241522
66.22200210174883
64.07677372217682
64.27104530895137
64.90295403601726
68.63517871842964
72.20005452342153
79.82259995763532
85.20947302390489
92.22742651921565
96.42700967729512
99.82962817769888
104.69758274970236
108.32172663235207
112.99824090128944
114.04989980445718
116.28645577816862
121.73874591582435
126.37947893541993
132.14018114928805
137.70614611069985
144.04599571777248
152.33939109781343
158.8215345434718
169.25964186762155
177.63892126333633
183.45697008727163
184.44791851999727
184.1006881337535
183.45414678181555
181.09431388966595
178.11070055108158
174.52223245106794
172.73129154858103
170.65969888800348
171.5210624280118
172.48279827824283
171.80182909230288
171.61553846472205
171.58559544344686
171.41552504305045
168.8409320731017
167.70154352118612
160.44303627715877
154.16511506879164
145.79463844185776
139.29620927603628
133.58294436253175
124.32660704808474
119.35409948207312
112.9144671674508
112.02844148487355
112.21911068385353
114.31422032972019
117.06890339189582
120.51933171133975
123.3607694872025
125.78497253154161
127.27579236638404
127.92251349017249
129.88229121381076
130.9389716382761
131.22114965733542
131.50277307043712
131.04862231640502
132.26885481259927
132.21403246273886
132.0813111548581
132.63325574887008
132.23069716924684
133.22114748097806
132.843551886691
132.80323356411233
132.74064370873685
134.03122803907817
134.76440382285094
133.94236724086159
135.66577198255422
136.47696285525035
140.16582753282407
143.88549881283822
148.02062048567757
151.20397618572886
154.98521500314314
160.07082087208912
161.80908293376166
164.97380510918248
166.33859757858397
164.5773230570896
164.8183777938504
164.1876176634329
162.83248986164995
163.4304545920331
160.63185376557252
160.85189153695285
161.46777297324007
159.4546675489633
157.95057977167411
158.06364026295861
156.68108905695507
157.28380396930123
160.02334786594955
164.15332698074144
170.63349988192323
175.65759246593257
180.18572651727067
185.81778127190762
190.55507510268416
197.36462346155588
202.11106154901375
206.32681277091336
207.52443073421952
207.43362262703099
206.93650906538582
203.9106239078567
202.29534013505977
199.15214571356498
196.9216510823966
198.65074849774012
197.00889248777526
196.62158927213375
196.814960126665
196.05230858146388
196.00647085829922
195.49429627800245
195.34799829745666
194.3070538047105
193.7170956138944
192.4140544487889
191.664593018924
191.28998182744832
190.22833491696835
189.8212934288096
189.0580110445659
188.80753085825054
187.77777809701735
187.58504620764333
184.9627257540617
183.00807286680424
181.09127166757716
177.70887880757496
177.15894070091875
173.66777921923673
169.68377356818576
165.4825036800502
162.30007689754868
158.5671414814124
158.31520148676984
157.7805934295609
161.38390340161274
165.4960966982812
173.01545224959813
178.37507782587562
185.3451456995898
189.17691263141091
195.55871855177367
202.4764916398815
208.30707392719685
213.51907497707953
214.66558085168828
213.24296573466358
211.32213559887202
206.90204712324007
202.15645829577736
196.91875824123068
191.47605544353866
188.19386597486954
185.75301682430117
181.3456165325658
179.10623166553313
176.97067105299323
176.5992356694629
174.84081385951396
173.16769947518063
172.14485212100058
170.96590868778907
170.17136437171365
168.62314745908677
164.27571287472796
162.29405270567247
159.45476202087545
156.9383914993324
155.7162242637514
154.36083326364587
154.55566417704986
152.78168922830076
152.91580918872674
151.62746270633923
151.25037439052622
149.57592126038028
148.1147861244489
146.72561905174643
143.47927833630627
140.59373546223236
138.94966506405584
138.88302764558915
138.39247355512262
140.33808342389221
144.82298941718994
149.32587612778417
151.8905194580341
156.83720583706315
160.1081287215465
163.42113606687477
169.39323805790744
173.41108596396512
176.8785096925894
177.5998017810164
177.17117663143142
174.266562157837
169.94289232482546
163.15858739822838
158.48679182498432
152.12186247995592
148.5392925886584
144.13440998368156
137.9635738856172
134.7429045940553
131.76762220433164
130.05796274658036
130.28881565806222
130.52336308126155
130.70459014426478
130.63847122359496
130.67031424815912
