10
4
b
13.874450715480998
14.703284921406974
14.325480343952707
14.198548903898775
14.437890236819037
14.289909837493662
14.613555753304864
14.708098190397243
13.871572186306796
12.532700795741578
11.336194096894586
10.124890939004215
7.723355113190287
6.036052891759449
3.6695508073635774
0.9681747313197133
0.5349986249230794
0.0
0.4073682168628304
0.0
0.06839080198706311
3.7087892103859446
10.95379056134172
15.22300694479484
21.65160114506662
27.0506484950488
33.53591003186324
40.727630011183194
46.684655566686274
51.31832377601741
53.211158569299144
51.79456895139059
49.365384507060355
43.20233470479246
35.09148463610046
29.212465102717452
20.339639504629844
14.729214278571868
9.421932305465528
2.072869618693602
0.0
0.5836052408339748
0.0
0.0
0.0
0.1859550024674248
0.9558776701362156
0.0
1.7298754394663043
4.314519952271936
4.169659519044013
4.056185913264372
4.797273048380023
5.357766450337349
5.348793657373126
5.754534365506794
8.081119870769415
10.88994045202063
16.608716596115762
22.550657030987075
28.354994824723263
30.859544357958278
33.699391459360925
36.1235628837325
38.13846544751994
42.05793413560971
45.287217818797515
47.70514168461566
56.0263064855062
66.72919732526204
83.64451071379808
95.23810505722217
110.73406387389336
126.59416555332483
143.991701342708
170.11692996258887
189.68241432586166
204.54712026242254
209.14111928300542
209.0839906421448
196.12030264584587
178.9989584269105
150.16684170833932
130.2127631836481
108.21805764083676
90.435989675955
74.58780431834353
49.65948082481117
31.112870231356535
18.24821652735215
15.179288318661282
15.002113623070242
20.669509587828532
28.557345818138106
40.38677709464217
49.77193676607611
59.541029628638604
63.811290080837296
66.66493033129773
73.20922788291159
78.88923777359452
82.2130969279707
81.64417861242232
82.3033461051276
81.95489992367058
80.99295044143605
78.94434739679765
77.82709750757861
76.70858379928873
74.28771264417107
71.51632868630081
66.1373662485017
62.96661201444965
58.04571180545818
55.2803528697955
55.36062197670009
71.31859073780647
94.60680802123517
128.51080319535606
151.96757090804522
180.9686657644624
215.19850794418196
242.1967324238843
278.4479265203672
294.4969451950509
301.3363891580587
305.61849907406355
306.81022131907247
311.63832255246405
314.7925498509481
316.7110682521738
319.07208086557443
323.49588364721944
334.59349479186267
345.3983809657853
361.48555054347617
374.4536987250606
383.6064142249288
386.9443530209604
387.0219534098878
375.96562796457926
359.8153137039926
335.41867163677205
318.8901961947006
299.37854212832985
280.49356746545595
265.6938208625688
246.20172598275713
232.26798410988627
227.20116623069836
224.75474706325002
221.24343228614572
218.26565072936356
214.74291600624488
211.22725257361054
208.0417001339855
203.65889049053885
195.76362493162384
189.8017890630901
180.65701580160913
175.3200544472436
169.79243005915487
168.3264525148071
166.69983175075717
163.35406175758254
161.17554273764765
158.31285492962527
155.21155510905672
153.19532382745012
147.3778617923551
140.1713320685146
130.16485060290861
122.2841305311247
115.94560358365912
114.05546776918835
115.12330358570811
123.83453066255791
135.69257312868262
154.33641994572722
168.02174701735592
184.7830801783534
198.71163506409664
213.19860448519293
235.70737109555074
253.147870346288
267.24110653598143
271.0312802247148
270.86448733737944
256.271039487575
234.59508869604377
202.4479913286606
180.31028142737756
152.51685000518557
131.78925704182063
109.63262618662485
78.71014782836839
54.21910709346026
36.706929544072004
32.21387132282008
31.888281369508952
42.74910462787959
56.16729217686944
76.44667865511418
90.80321648402116
107.13126611369285
117.8194000659622
127.96312548538215
143.84315332153048
153.540387296094
163.4028966409071
164.78241563917695
165.6776229782342
159.77051728369807
149.40050660691062
136.1364233256711
126.52589540147575
114.80375569526748
106.08856587457797
94.10292610603639
78.83871168416458
65.65952026383314
54.97597151814789
52.12945245698332
52.06096941665464
69.21651164461161
94.19814910277938
131.49770632335708
156.4793910663922
187.68244386269626
213.97604066841998
240.69640972910997
278.20653587700866
307.3873502884787
330.3674604697093
335.09632343038106
335.04350144351736
325.8563184533402
310.6164075723629
290.5748144256452
275.0283813258396
256.68727965327713
251.25402287862383
246.32683934600706
241.8152690538426
237.78153560947106
232.02908854549048
227.136729257343
221.29328356216516
208.56383119728181
192.90157664065435
169.44597915900738
151.66876724514967
128.41921954586496
105.12141766813286
82.27825893544339
48.00461981515157
23.452224799058218
5.619795881665756
2.0618384726357757
1.6537851712299234
5.27030814446039
12.195331277104966
20.0227302366185
28.10619482804951
34.74814140258235
35.52923704592505
34.21843031028275
33.8636305930075
33.80538660028683
33.908695223833284
34.12388916653878
33.199680965414856
34.994375279955094
35.36642270612326
37.22870010706759
37.77731869589079
39.19314519947847
38.80207993844131
40.13262013936965
41.966384235321016
41.546195413145384
42.58533670931565
43.087960594899045
42.341057297426765
41.8492911438215
41.566707620260594
42.370170512875575
42.550037575241966
