8
10
c
233.27148732229864
232.5145093561637
233.3223092898837
233.1822559724628
233.43974573372552
233.41626524024673
233.92217470224992
233.01793199838536
229.96442506184704
223.55255689774143
215.4496971800269
209.864370124134
203.18081637539368
194.06781154159108
187.24405165093782
178.8078380651018
174.02115451275347
170.8313534609673
170.68644694282597
169.32385865959387
168.0086596507814
167.41818839438218
166.06738438050795
164.8503697233354
163.0463278372357
160.65810521107824
158.32692594260325
155.35622767054892
152.61180738484651
150.27382909044942
149.9120400169009
148.5293695958526
146.89668542553747
145.1363584651856
142.63137544912212
142.06192432023948
138.9633423244264
136.39632287820908
132.64385610493613
128.2391235641708
125.37106596953639
123.33789501998423
121.86345722501233
122.86527666488816
124.07350969648806
124.86664769076684
127.15648358991729
127.92312244677404
130.23926983071473
130.92820512437436
131.68602043047264
132.10370882428418
131.57470694115017
133.24615933881628
133.465967075174
133.4012611858465
134.1867611256081
134.63033249063815
137.25705454633336
138.35743392799935
139.19734457787868
140.04016588030157
141.46909569630176
141.92489303607502
142.8188319288581
143.92830191648446
144.39929256266612
146.7423502603131
147.96758155190443
149.91344988572322
152.20187500461572
153.90931394351665
157.02264950146136
158.7595027123166
161.91802350061195
164.2260098522518
165.596995909287
168.02270275658464
169.29788557042713
171.59226195746814
175.38686431397875
176.537447088244
182.44083546738315
185.01999985909552
191.03179917592567
196.2887102310827
200.1082781074729
204.09958708121596
207.82231068086855
212.92214853746665
214.09573126712021
215.85275795927632
220.19110981732535
223.14055272785623
226.87088845074098
231.25499700722423
235.58467594876547
241.34514813721444
247.02591486176885
253.51921830564098
257.9889203202336
262.3493141028343
264.43776837979533
265.4340703359328
267.7731897358042
270.64140361684036
273.24080383228045
276.08716886554055
277.59818282788336
284.78518209762416
289.2738351890723
295.94805345133034
297.3816577787311
299.7274863088635
300.88069268963983
300.5447612839114
301.451286776335
301.42359730540466
301.1275646807733
301.5832803390812
303.0585256678749
304.7305337748831
306.05935854991554
307.2804100657567
310.0461724220045
311.5174367635335
310.75839668866627
310.7972687144853
311.2116679490471
310.6971819044601
308.4024177766728
307.12427146437585
306.06665933332135
304.4698946305912
303.8182203758133
302.6930209731174
301.2713584406816
300.4665772507316
300.16509469034975
299.58269253092004
300.4420829276105
302.563248308538
306.4126947424876
308.73750059694385
312.61109552914456
313.44720626471104
315.2987200905188
319.07766403978223
321.4998104977708
324.2329708515142
323.73954533894585
324.54204193883464
324.2308196866085
322.74619843066495
322.4208186556076
321.8729066572709
320.4871090458656
320.85930511819646
320.78118489842944
320.57885182123465
321.38146629870977
320.579809598354
321.0178603535568
320.5401920337574
319.5960323074314
320.4956442751847
319.8043037379973
318.1113494875166
318.1694372236172
316.39456613369765
316.1100474519885
316.9209872871595
316.0415304900281
314.81352667034986
314.5493320933387
314.2213577344397
312.9926066255546
312.00165268579866
310.67411583968567
309.6607500652795
309.56754135427633
307.4704236365938
304.42505786554216
303.2151201723122
302.39816546859754
301.9981609746855
301.7561434911037
301.40239399301004
301.2542191189372
300.4575572877787
300.46667701354716
300.69615188682275
299.0502988125604
298.9885092561427
299.0996574388764
298.09712544057606
295.9340017085496
296.47798620233107
295.8229154874941
296.0021801024938
295.11491920684614
295.39061969617643
294.5245642450158
292.8928365114754
293.13749375796783
292.58296948919553
291.5750429500561
289.7050573535835
289.45680362617026
288.99558434186804
288.4499456623703
289.34884403061045
288.79764064544247
289.7818103785229
290.4583573671255
292.4160242778113
292.9256363624191
294.14580711656015
295.92793298524606
294.56874887450317
296.407751068445
296.86248822671035
297.2477489603717
297.3632206488985
298.06511214408005
298.01255408505506
296.7830106235445
297.0087496992943
296.57808780609855
295.7603379062416
296.4015076750788
295.29563117073354
295.09884302350446
294.15074450103634
294.41971586783797
293.1839319187513
296.5624404319829
298.3437919808584
301.6175531379627
305.8523248360675
308.46816264156325
313.4553140143185
316.4799391742221
321.3684280330675
322.10730541889177
322.5451774694961
322.84461916732727
323.15350047762786
324.1188222227524
323.61383734095915
323.22221270893345
323.85725768688167
323.40103081980976
324.7729649767222
325.03015696276873
326.6934111096552
328.2038355042786
328.9400808555281
328.6815942210359
329.031162461831
327.63534977742313
326.8739471231755
324.1607396192974
322.25766559655165
321.01343145866616
319.36271436146643
318.5121314103718
318.9750132609181
316.85029274289985
317.2952917555035
315.2731521315283
313.7111742175568
312.3133902394049
309.5348208012267
304.9661085033989
301.1814279517963
296.1725671250125
291.620120510703
287.66325145591657
282.3641946120797
278.2816504215156
275.15053345081793
273.97987629016654
273.2113575448211
274.4430370647941
273.11398538642436
273.81277370510344
273.37764185955115
