1
3
e
59.106794903103356
59.59478701390888
58.60348545991495
59.25810999215569
58.70795506361535
58.57537857879451
58.483623562997586
58.89220011984841
56.92337257803592
53.684112425147
48.78473534085732
46.76392870784806
41.84744434147854
34.61736345970064
29.40831790819456
25.041137336886937
24.835210437983914
23.926685286479625
23.050335896709917
23.24707445659045
24.003773641898395
23.636827404292067
23.269203879686522
23.353672684784165
23.93779628439183
23.43060114863362
22.21640816010435
21.09169177838809
20.399112629253697
19.632213914208684
19.143658281755982
19.14924200821779
19.134875551132716
20.21309305863677
20.563057405862565
19.67108045976639
21.395255351114468
20.67525134247314
21.074693365383364
21.22850272715423
21.361768441014643
22.092890499324152
21.229073548107934
22.919670975684827
20.626376315018828
19.840794981131623
17.284336066306377
15.413589227149261
14.223742011005182
12.42353420074733
10.864975545814097
7.791413573136155
5.83946890716298
4.044413845178816
4.378223124640493
3.619433597221035
5.799302414327036
7.791708134181752
10.059425810468603
13.580420590464998
16.368761803731932
17.722374043422125
19.440017323334406
22.073907364350656
23.92633020075679
26.026838644029826
25.489115237289642
25.765091996713743
25.716841240840935
24.857258987482606
22.908906641426455
23.655240523429494
21.56302665109272
21.28309928551493
21.098869761943547
20.78660189808816
20.852225908355635
20.006531724624395
19.033652863842327
20.08978624072559
20.75173954066577
21.6911674932645
21.51592234671412
22.688043288922838
23.204041532125242
23.814203555106857
24.398991497711098
24.774396011873392
25.763710166598646
25.772803072801064
26.03134738284721
26.428715648917994
26.554302316370922
27.853443281682843
30.416306236032472
30.38925560119191
33.19143478891549
34.417705148926714
35.32620615755973
38.22620892111068
39.42244299947299
41.85315948900956
42.771964298242146
41.86944898488532
40.949631844970476
39.998654057088146
40.03317990567359
38.018337418292234
36.49048855441135
35.53782187356884
33.51696182530152
33.89332559128766
33.40014467330913
32.810828991604815
32.67234644185471
32.19070731342166
33.068237393126914
32.4425827374861
32.9255373975005
33.76129736760527
34.57041650834187
35.92863021669542
34.26184492378683
35.558791430124316
34.91718984228632
36.17839538698898
36.47329621421821
34.73041634975152
36.27056666110048
37.159045268595136
40.508894207420525
43.18195253796316
46.547463178025765
49.5100501864335
51.560887345229986
55.27406066899743
57.87160900833483
58.473691952483044
59.11187719006459
60.260895750493866
60.15745337226369
59.73905836394839
62.06810023792203
61.96153261405178
63.183312840441
62.46258644824524
63.06590703810385
64.37829932476
64.15791211539008
65.96582816064208
66.88336371264656
67.37199572586353
70.09981159220014
72.12559839729306
78.39906846122103
85.27776553745392
92.77755733864399
98.54616052670615
105.04546466673004
114.36210772381811
122.33814423740279
127.47393812374061
127.53512595213493
128.082932340464
125.99879978091941
120.11097909847736
112.76506949442685
107.57613788971324
101.22062772379081
93.59285106195311
87.04849149452434
81.69625283211157
82.35809837609705
83.70075815514474
83.9534317438086
84.09576487255222
84.94513599389363
83.99926626878386
83.91541113326085
84.23632129758843
84.94157601004716
85.07512776222013
83.5915373783254
81.7985216426232
81.97630743938946
81.60461037798758
80.00779880359049
79.70799054249012
82.44223885813976
84.4047587159843
89.89339129040467
91.8061939022714
95.34952171922843
99.86634106055787
102.69954896874037
104.29489977041989
107.98049155362561
110.47680154417657
111.47681834306661
112.37036250537392
113.06420316361384
114.84516942762494
117.11759491395097
118.4332550573552
121.02425782047185
124.21059728831104
127.83921133582972
132.7550643280148
137.21436678837256
140.7718485134066
140.40430936071186
142.23487938339582
136.41587603880785
131.50127758494
123.22000152385228
117.6698677155538
110.38935445537808
103.71430887665275
100.09612390627676
92.21532090587166
88.08462416937206
85.81216477824626
84.31483208663543
82.77497134490339
81.05275072456546
80.77081573712306
77.67184675893434
77.12821079242654
73.69257838565309
71.09350418847094
67.02327340745722
62.39672699125148
58.568526395575205
55.60850442594732
54.40797208293231
54.922901166204426
55.88510141337471
56.42857857765573
58.17163676189142
59.87670664319608
62.14095223150886
61.27177831849356
61.30125211517366
62.57160196932142
63.28452502429576
64.6254817790422
64.09189755567593
64.5156138665526
62.739838942576334
63.165250906110565
59.65841781417587
57.45134945892467
56.363575134072796
53.57856961911093
53.524667456984766
50.04879633660502
49.101933531283336
47.96484886518332
47.54857433328337
47.45440533801013
47.43269196403435
46.743878440004394
46.347118232888654
46.887434009579195
45.62567354381961
44.35329640490486
43.60583762316891
41.5576483263452
39.69385198708545
39.314075539715695
38.27098329882048
39.28151811441985
39.80824516453983
42.585547460598335
45.13622982828222
45.36063199127304
48.59392405985215
49.74808987339069
51.68207845443157
52.57347178165589
55.04875163512721
54.874534940149594
55.24302207255534
55.78116791819031
55.9358131387971
56.26199208452691
56.11067108909449
56.65746434658285
