8
11
b
65.67278685525325
66.12059308469689
66.44566847219603
66.0849498478165
65.4709425558512
65.6348011182187
66.60657773365007
65.17477864190077
65.18216491024724
65.03943917513108
64.22966634256822
62.97059973840567
61.81145347887428
61.32325037723759
60.133875382751484
58.67274566876777
57.36433633115684
57.67313733561736
56.23760722039169
56.662197886552896
57.233322051557806
58.33199775936247
59.68428494589282
61.32818601689009
62.60972207773817
62.80368028124671
64.85092271829323
66.53393818381662
68.64554623066807
69.49994337889791
70.470360052608
70.52652575276525
67.35361823055827
62.39742137154539
56.71187073672004
52.062364211291715
47.84110343678082
42.79193257804916
38.52632035660244
30.529309886936442
26.14651678237488
22.108236416202395
20.562313468602625
21.639622102227623
24.12485622268671
26.43121741703254
30.263902296134212
33.98136956076726
37.15172278887728
36.64372548711666
37.80196073829751
37.65616260122946
39.16332494416263
38.21818437109758
41.473440392848126
41.87815730935974
46.468909632296324
50.44454333976214
64.19535704865612
74.04753861934032
87.59154099082478
98.70606089487914
108.45236348371604
123.73356487220961
135.7992819248655
144.67150346814586
147.3144029259694
146.2935384901027
144.78130380517052
142.35243926164577
138.05052320440558
135.88392827170907
131.54970241516773
131.2117777435158
129.27713238957915
129.36768852764757
128.11048271901734
126.4077302532973
125.35627697018252
126.18530697104096
130.59009353366494
136.46340389829223
145.98121552832023
152.06580451991184
159.66558478468903
168.249785909475
173.8949203777883
181.285832203612
186.6152982721316
192.44070766662458
194.53296868570715
197.63572685440502
202.05031553726423
203.8288697659759
207.48477589303033
211.6843507840075
215.16283222109612
222.80893090791216
228.84876509664886
240.75380898499432
248.5983475953794
255.87544347305067
256.0988242637599
258.0166776754045
250.89946440549852
241.22462395595986
226.2207652180917
216.499661573251
204.92586754972623
194.69641167816587
185.0129096996522
170.55108429256256
159.14742384191547
150.41202157745704
148.78158650960444
148.35245462479807
155.15794265546126
165.30287915182979
178.46045822461392
189.5887303223582
201.8815323552846
208.36117076674847
217.14607645432594
229.27040743402353
237.50110697208413
244.89602619982188
245.1029961309973
244.8479456826259
243.3755236699122
241.0164862061729
238.83501307559075
236.09738620816924
234.03504977981518
233.30449609307945
234.00676981175377
234.2033552515416
234.34432153831358
235.7284517495489
234.3241862789038
234.59241653597292
233.62269549086605
233.2554599185556
229.8572972198592
227.78941560610141
226.8020539070475
223.78968865212488
221.45172903579595
215.7251582669888
211.75017623879114
208.78504882564866
208.17079177404548
207.95530177060184
214.819478696128
223.76228479710127
239.52704068325718
250.40937398058327
263.1776893347926
273.87242096544924
285.56446663945064
304.4791783514442
319.03884709279987
327.85727688724955
331.31941698025014
332.02050268449636
322.0615283168885
309.0687136402629
289.7950312335582
275.0910080532176
259.25414232977226
247.91044942487682
235.41765289080064
218.56627137053746
204.02621606730256
195.1257162242654
192.48070591616425
192.72592168711708
195.58852463198542
202.4708552614639
209.57946523000996
215.9614554214021
222.65954459032744
225.19934710480118
227.8612025105841
232.97621085650977
236.22638287340047
238.70121963139613
239.542369274804
239.2128741559746
237.29207331961402
234.10438115062104
230.0984951673397
225.87910646964087
222.64871600526047
218.7903282288113
213.6262853201245
206.31404965248464
199.36996862639336
194.11472149360839
192.13954996390575
192.069299290251
204.3250534939178
222.7995433762763
251.2949620548834
269.1293351974206
292.3682570754707
313.26305956324745
334.68867113244215
368.34922279588295
394.25692136306174
412.19839052421844
417.5672326719416
417.32559821925696
401.52785673404026
377.8088566420148
342.7283282570832
317.01618676895276
288.3803979929319
267.30932989661903
243.27438088587002
209.66699972978623
184.516211361864
164.5858709350522
159.7381998835742
159.06799030778592
174.2308358360588
197.72779310808832
230.08287844605516
254.22475803777422
281.14212305982164
302.4784421472227
321.42868093698956
352.3456931451143
374.9739753374326
392.6316211686376
397.939379336719
396.9121217864379
384.85929680132426
365.68926671421195
337.8577464808681
319.2557285974136
295.586129433197
278.71209986506216
265.14416598088957
248.72184897783887
235.59101144307792
226.41142241083813
222.63413829772983
218.9085887174855
213.74258025714857
207.81907230777387
201.18079234628155
196.03588589708946
189.95800844318316
178.9340241481219
167.70459741702217
150.59114643082842
137.77445954671435
127.88798399005034
125.53213683920008
125.670003768781
131.31309950730306
140.59988116316285
151.8109883325194
161.22285979767125
171.43745969568414
178.15062246468824
185.08762517641242
194.5328123535752
202.98762599529718
209.46630642679827
210.72636406604377
209.84820025107834
205.98966738888618
200.20428688827943
189.1841750041307
182.37369063747798
176.18602821384326
169.75319779922867
164.66104933690872
157.95308476669192
152.54131034933073
149.6321834656815
147.9376213833582
147.67032294574608
148.22706944800325
147.25646058870052
148.17385271802948
147.81786937513766
