9
1
c
57.59964999327597
58.20435430533919
58.409208002010686
57.78582267082994
57.93058974046245
58.4147002937523
58.0114524702818
57.82451272858844
58.29908800619625
57.2456441751958
57.28937883204276
55.574601883497294
53.41905536465309
53.48442043033409
52.67313101198951
51.66537423860117
49.12226114259818
50.09061561429452
48.97327079482157
49.845986699134265
50.88030354730037
50.165426914139836
52.03818012505644
52.595956398576284
54.69727827407329
54.74670570162983
56.43346777686036
58.90446707941968
60.64400075592751
60.84039497168453
61.37713147110854
62.162043736076356
58.98896033012294
55.83796771885263
50.44205140361518
45.721576375491374
42.06215326791454
37.51576452203397
33.8565294907857
27.294598370230453
23.216869090648547
20.658540258404635
18.45274105662321
18.72328046835416
20.179926478552733
23.54076028656214
26.82261927590886
29.122568213043486
31.77000014800367
33.06271829956918
33.0013930325484
32.23100817798577
33.652144039841566
34.67795841813733
35.25108842029319
37.05970911726376
40.38190918329135
43.66592300375815
54.962177670264786
64.37138363650027
77.26100149096939
87.24830280572533
95.14255144658861
110.19909996663876
119.84078169936738
127.35525980478072
128.26769656677038
128.57361194081895
127.30460452271986
124.09200521851285
121.3483453585235
118.14426894067954
114.23005884999556
114.40346400243104
114.05715549515217
112.63621509750965
111.83028504310892
109.89803236687301
109.93956307588321
110.0813296911642
113.8049716725817
119.38237881453266
128.83649594691792
132.79727362545225
140.6540847711124
148.38785781332612
151.82283880112644
157.93224530910854
164.14945636140567
169.84732760481035
170.547886176542
171.52694869289252
175.6930032005253
179.18571336790228
181.98635116512938
183.94920625259692
188.2719333135009
194.41289108504935
199.87480667732564
210.48316116322752
218.04072399308836
224.11393443536662
224.82744877798862
225.13393966429
220.33755770307218
211.9420441022949
197.6872314038376
189.81172222431104
179.42278086274115
171.25031966115984
161.76493727833477
149.5952950518955
139.60660516360412
132.06030572233897
129.98410309166988
130.37422724530586
135.11941576835753
145.699584475772
158.38832767693333
166.35500841805424
175.49081575822754
183.69130990326445
190.29608621095875
199.96563912572952
208.80619454291914
213.73146794492268
215.62974223182195
215.1652159263615
213.6666255713013
211.45563526833763
209.5417926039883
207.29109906830897
205.20769851088187
204.33225236592685
205.08259110269668
205.29293381268653
206.1099209432125
205.83028941688394
205.18782631434107
206.17517698733195
205.53623695864803
204.53673367307772
201.68302560202676
200.98591740656843
198.6498944628975
196.88440986854158
193.19944126821562
189.06248562995447
186.05868423862557
182.58961809194133
182.0644912516752
182.0076414671703
188.854362645863
197.1623737764758
209.40456326168777
219.91178198466238
231.42324995134223
240.35859495365537
250.52420851222615
266.61516798485775
279.19661849209905
287.91076028128987
289.8742846089755
290.395959281088
282.1632367570086
270.2115824352852
254.60150742478774
241.492319818632
227.82046649334907
216.35836309017103
206.05047308561183
191.48621368779922
179.65227168526786
170.56926763136687
169.63543886196777
168.8967439101686
172.24695610873584
177.3019570474024
184.34485299674006
188.60744245518143
195.5568024533293
197.95390491482314
200.0885972773999
203.99456107068195
206.6128896934059
209.0426251393528
210.19211824386173
209.9151227265568
207.55582964941553
204.84116917355462
201.26904792896534
197.56302927156926
195.44442425782302
191.548932404961
187.8559052824413
181.31476848701425
175.5635229158687
170.78911168767615
168.912033885519
168.52295723580937
178.42154370546535
194.61265106967357
218.97434939602255
236.6397495923882
256.90804617928325
273.55296993669066
293.4843442728397
322.93785030549583
344.4788557513452
361.5596409444767
365.45207302791556
365.186591555918
352.19336095821933
330.9620472243247
300.3535998886158
277.7637578473803
253.43903159627445
234.0855959043615
214.47160056680244
184.24294219909655
161.36847394426806
143.94832728742213
139.6088948683919
140.15534613803413
153.08110973155436
171.17452685756862
201.61337812382644
222.62511460444023
245.95995783185734
263.47823452341356
280.7949113209611
308.01671703632115
328.57695238844155
343.7783204631821
348.8408957725505
348.03990228649565
336.384637640087
320.0994829056929
297.438630214096
278.85075936771483
260.26622448467316
244.81037014587253
233.34494280505078
218.42622124671126
206.8155797685302
198.25590819200488
194.87949643255996
191.77044073675555
186.54131988616885
182.560385912134
177.01026288891006
171.47003225979762
166.2558079053135
156.28673903002166
147.45184035752544
131.75522267293488
120.45549650078232
111.9050334123362
109.6792504396641
109.66668035890885
114.39197639363205
122.94238691977048
132.8484857381511
141.0827978824787
149.62489839652693
156.79630639993977
162.54358361013237
170.66030866826117
177.85564196428584
182.88370078420616
183.86788872793431
184.30345194970496
180.5316307655044
174.38849416120092
167.3177803292605
160.1660439999672
153.9943155655014
148.64050132651911
144.75576006522934
137.40317466664874
133.15381423790552
130.35378690214918
130.12542977255262
129.90565367674066
130.0450770208096
129.89167417206954
129.32626494706582
129.93261731496807
