8
11
e
11.298300247427687
10.248194281693985
11.1316980375252
10.028918203686807
11.025575127923242
11.26150138935995
10.552160940317949
11.103374534340684
9.885132103135561
9.67168456852889
8.236234966343929
7.470217519978506
5.670993271481765
4.020745557419679
3.6910189486443703
1.1191976838765538
0.22648119356595214
0.0
0.2429006771606144
0.0
0.0
3.459902682495512
7.262653089571431
11.328209892188188
14.90718894185201
20.499283442077807
24.33206192519407
30.438253617566602
35.37966008732278
37.79707959299873
38.73988448331422
38.05597934642612
36.67384266758493
31.21607720199166
27.17642954587959
21.512757800093507
14.127723335186225
10.635434051183145
7.737861241382362
1.761320586353005
0.35027277757040903
0.0
0.0
0.0
0.0792130285469798
0.30182535707161506
0.3121824680445202
0.7957269939713687
2.256400222346221
3.6404389627838887
2.587474470948391
3.3022336267526877
3.149009769122498
3.466986711162051
3.9057200942019246
4.123213845804195
6.630102422666299
7.75518651170385
13.533669352768335
16.20646638668615
21.110005793185163
23.39629525339029
25.41352314750791
26.299144501542425
29.569933313745572
31.449059441574438
33.27352566247037
35.654330944535076
41.76893467032658
50.01614055203875
61.062157592532614
70.79681840298899
82.19175631073756
94.55179070225395
107.94316010784931
126.44639759519148
140.43053043824153
151.56284938934462
153.98786690598388
155.61194140867732
145.42628036870437
131.51824546671202
111.10910274536913
96.95264638630198
79.46335369330262
67.5569223261335
56.64003544807737
37.82702475419071
24.638517074495137
13.544373647186909
10.840685215746603
11.573010545796464
14.865991927460833
20.701488208706458
29.24224028242004
36.06607559046366
43.90146039554437
46.76542486067151
49.29691049435039
55.3845590562649
57.67413290240591
60.959994334272274
61.43722759338334
60.904357662458324
60.926312034632176
59.75958159108205
58.25024479650409
57.548356439102136
56.68721566733221
56.810757651943696
52.66464202961318
49.209724861126496
47.031432395288526
42.11933418937287
41.56329001726548
41.72112495388257
53.367324150498206
70.73007394838274
95.48062467144227
113.55632095504897
133.2536585526432
158.39095170683387
178.86549165453008
205.68637852201036
217.10707899027327
224.152193098047
225.59674246234127
227.1488941246835
230.5330872824311
233.09321986512887
234.3645265818115
235.98108569967656
239.28127862900766
246.91759225755862
254.5784422429194
267.41718400461565
277.60082292570735
284.6370480419823
287.12219937380763
286.71695530328475
278.6348775777926
265.88350425382777
249.5130518555895
235.5300511727427
221.42612265188993
206.29466278912966
195.87733811189878
182.65277900385337
172.85927546457384
168.26042049071793
167.35182596872787
163.9241016954512
162.36046051037397
159.79363961507025
156.51147052491376
155.50797952978246
151.5754906839051
145.6321868179049
139.96459546802555
133.81575368710506
129.6860311783801
126.92522517714762
123.99598190572394
123.59117410114642
121.50134335991177
119.32714788831413
117.30157522912161
116.05901013156821
113.5847045940646
108.72276176915696
104.51936932589074
95.69622439979501
91.44126209797204
86.67742160325317
84.82777485664678
84.35294787990595
91.90305269059485
100.81418182288739
114.99738650824419
124.66773185268605
136.30766322395192
147.18030606194614
157.83718689681982
175.06255561519677
187.5762344498378
198.51062595811953
201.20392747177198
200.89301841127164
191.44748517802807
173.1087639437649
150.5773309442108
133.5258980557061
112.59482992111064
97.57687339651983
81.6239238142654
57.98297930293173
40.927990684953684
26.918341723255093
24.321971640890624
23.99691688192115
30.91444266209431
41.887886767085696
55.76881029685133
67.14999629564775
80.46740696120025
87.90204352435232
94.85757375080595
106.67294530532462
114.9531922794183
120.78884364003777
122.5467278671114
122.10582293916929
118.66062709243597
111.72011748603359
102.31373728969571
93.62559804400483
84.1451834138768
78.27716951047331
69.74672252777668
58.70146953600829
48.83799787242481
41.14183218971771
38.218634117290115
38.56830781186247
51.96606343352324
68.55449409793658
97.68916221455311
115.44974191064132
140.0607677566764
158.90811827297202
177.51091741259097
207.1779644165465
227.51710095284741
244.78860526804388
248.18992107482126
248.79467409259433
241.11127338535198
230.71571247086618
214.89011698142932
203.9476830038098
190.02579951532346
185.58849336423677
182.69389348716444
179.5464013225027
176.04386054969652
172.02352606340506
168.16308536254977
164.36778556539144
155.02108344786794
143.5432183281627
125.52309667293564
112.31052441560136
95.14050731331419
78.40508705144441
61.30357476586255
36.15895109228258
18.341067327334738
3.450761416427908
1.1286741995980125
1.726764942242911
4.273375037978996
9.000878062924798
15.252166236776668
19.961754679174216
25.61498492307847
25.214066416129413
25.052602620830502
25.707884801083075
25.265991981897496
25.084232569716576
25.48418869766758
25.66862592990148
24.928201986267496
26.324178454790513
27.79004068073207
27.966108049450593
28.60278878874254
28.70553366589433
29.531443865501434
29.603129942804365
31.18368508237481
30.802575799356646
32.15444546797212
30.871512913292012
31.40360600855961
32.98087014554398
31.178535025722383
31.47243790476366
