8
5
a
173.4500820519608
173.23456462043012
173.30442142335983
173.77200444069186
173.2381030512914
173.08413069238222
173.4160815886859
173.69275919322575
170.16801493147653
165.501156709014
160.00533359503925
156.27982276495632
151.08306692731625
144.8169187671042
139.25287267173894
132.94839096240798
129.14781406979884
127.99529413572171
126.88112167879486
126.25912038289962
124.51430224518809
123.36749674321723
123.13560319781818
122.5281692159264
121.46517089088711
120.34773206952036
117.20896515199671
115.26231612147203
114.63812176993919
111.98531472263564
111.10492766529477
110.69985518806672
109.39166646858241
107.91525261642929
106.2124387988253
104.8349582929384
102.66698749624682
100.9045662816932
98.18214941857315
95.91197732107074
92.05394988767166
91.31210768607126
91.09780764954286
90.73684721129797
91.81769225824632
93.48647889083055
94.66813618952567
96.01540970241169
96.03137164167957
97.78405036773025
97.30199544093603
98.30312627839636
97.9932829891829
99.4740945742327
98.62230152400994
99.26800252633049
100.7722075284681
100.06729656744234
100.83512460389566
102.4985377769005
104.61249554783896
103.8447543324288
105.66228119934969
105.21219523383827
106.19659652161582
106.97611424550327
108.10925835146787
108.3277443830058
109.87832659889922
111.26842080507265
113.79123741905424
115.11128394315803
116.21327212019919
119.09957764827892
120.09696210456406
121.9999447313148
123.25471397088428
125.65466802064584
126.61692015121552
126.97186423242772
129.39884656147316
132.60730581563254
136.04604812754317
137.98371042047393
142.32240200143823
145.65867823555337
147.812935739518
151.68252582798007
154.78085500930607
157.37205079814666
159.44691578829972
160.34271945486236
163.6751932171611
165.83892269292946
169.4308911198839
172.16597113563608
175.46783323785516
180.28722657882687
184.6088548349645
189.06214860542167
191.98946188135213
196.08107897949048
196.76535955472892
197.52180823926292
198.79217998755135
201.5692663141322
203.3805115244629
204.86571971936814
207.20795715689718
211.67213069393594
214.57911336702668
220.132797073364
221.3477147450346
222.1545360749101
222.7403274949916
223.87581418620624
224.5203531955124
224.0569691323734
224.87648223062848
224.43007907516815
224.50919542256057
225.74291905952805
227.43691979089007
228.57290077690237
230.69824475081316
231.3943981289701
231.50073095202296
231.3923478681579
230.47260016616568
231.0283550151991
229.3458767898028
228.96082161443175
227.7303232154401
226.79005086553255
225.61244262277071
224.0266418955211
224.1761688299467
222.99723749291832
222.8909426074068
223.1341866247894
223.74980063505123
225.58016213909693
228.49092251532204
229.38165937484774
231.60495649750766
233.68138168597864
235.72808395358192
237.4768954362172
238.35714197667102
240.23781481107486
241.47114987571507
240.7290770195677
240.64321373766958
239.65083869975012
238.64585024028432
239.0355392359917
238.3956906807468
238.80128221117926
237.7347235670943
238.48618615236853
240.00434030678858
238.32893528405515
239.2454751244993
238.15552411904733
237.85949354602823
237.9752786041457
237.36978687875757
237.25514643457194
236.5847408033519
235.81886035199108
235.14276208331364
234.57516258522304
235.05853185311335
234.11793133494876
232.95653261886414
233.64610953400108
233.5373412216253
232.62300495794526
231.41762744742184
230.1016763810311
229.3792814964752
228.24645224000838
227.13452427351854
225.3189820293185
223.763259648845
223.82246411780844
224.5924777551297
223.8102284631911
223.10919070258655
223.81797497189382
223.57455548401956
223.41923195902004
222.54901328769628
223.30643728577903
222.03305912145885
221.34898081087408
221.37339406941837
220.8500766790008
219.43700504057063
219.50551516870107
219.377674478241
219.41668724532016
218.1874943911642
218.54788675459056
218.67389483434408
217.01573138885644
217.05989790519644
215.86414895420415
216.06444283381657
214.23387309254497
214.13097791670847
214.53899217208172
214.85709419446258
215.68186581036912
216.7743983229461
216.79858950459058
219.40094926711666
219.25539258416737
219.95481539275124
219.9920400797205
220.07076074345525
222.28553338574696
222.22376928493307
221.59759538826208
221.18066143123937
220.73041276139685
221.28697274010858
220.67641216224038
221.40191360096873
220.68798028072726
220.06285565244664
219.20529574271308
219.6991192513031
219.70464450413982
218.896968569517
218.0761146453515
220.06609906723997
222.7820205015279
225.72322474997276
226.37072441128
229.8459530617072
232.52427255152318
236.10896791169665
240.1766015492145
239.4420216217193
239.6286901157022
239.7668644632353
240.46668302207704
240.57913030155572
240.07570518879635
240.88629308336243
240.8698389766001
240.7580436290146
240.23644680657642
242.11859917586273
243.96617490996377
244.2909139901703
243.9770950267611
243.84518669688717
244.97759525115606
244.61823848273283
242.78593582773541
241.1199488813034
239.6807867348736
238.63700854985638
237.877212266872
237.30469432852465
236.8971295223947
235.6531393672926
236.11254813784421
235.4307704539413
234.01729592340774
232.05028958640574
230.68661057625843
226.3688339744701
223.82324423726172
218.97173400156433
216.5101083108316
214.98517491419082
209.6206518984256
206.66584814392377
204.01714951411594
204.05843574796341
204.0787266182466
203.68920413307941
203.2985042912293
203.81125399294237
204.12117045866356
