9
3
c
71.31837042329025
71.13606425065664
71.8753908341472
71.01320818792878
71.65298567764478
72.21587812677394
71.90037906172964
71.40252467773229
70.03207039220378
64.6122560586006
59.9451634188018
56.59172245206214
51.17805665790721
41.584130272321005
35.858694514620424
29.45876862662086
28.284970639470497
28.618215250131346
29.550940746467667
28.419790977309276
28.46454203034361
29.03561420529193
28.24418201136602
27.6118379382926
28.306843032951026
27.921141292641202
26.890184057302523
25.98465169019628
24.28905207368743
24.806265832227535
24.47494826973677
24.49196217455987
25.32310409240496
24.008329085044682
25.38352191748738
24.67350940410759
25.213727795327653
24.584587555696025
25.52900474584972
26.48626986509562
25.892682079525866
26.412936249926815
26.893758303418473
26.55345770333568
25.513361822368527
24.349730233065824
21.60264845771973
20.080054512654762
16.59740409332135
14.668551251173488
13.631581958036893
9.824900518299765
6.689829367020831
5.786838065770954
5.274459211867865
5.249049728674686
6.502810975114676
8.944085816002074
12.74089172159312
14.796317281303772
19.075985066779765
21.65204518689292
22.992186173081848
26.527077207596
29.798882245830555
32.16294621872724
31.5692303242718
32.44581016650751
30.95860012571226
29.414952492572212
29.145190561984613
27.360374513442583
26.758986600414488
25.821281424115536
25.30696128845844
25.258681930802066
23.77351267739849
23.498667247640117
24.443524159452558
24.496907168380552
24.362679217174303
25.302649311287777
26.504545373611673
27.193673355033486
27.585622485186242
29.110911026031843
28.7967992404959
29.762550124867825
30.28502668154415
30.365905312219134
31.96383398726424
32.0854102426721
33.58315141936589
34.109400907526876
36.28980258313915
37.8104731959832
39.10314944780747
41.90743840857492
43.14701566177502
45.79100031735569
49.64650798876036
50.791125795019624
50.19736092113765
50.76446652455991
48.98327027491998
47.97550516839311
47.13188443090276
46.021103374784985
43.48694273205532
43.175414669542455
43.81948874592433
40.977940657697424
40.90520411508848
39.959256030609865
38.95289229898253
39.374974109170495
40.42022705164466
40.36051842046882
42.24187366453049
42.0472651581585
42.14103023819112
42.52408066169421
43.221631912610945
42.766749139098984
42.38376566682692
43.04591619815256
44.13117848578454
43.039098670968606
43.197727489296305
45.48747764660465
49.37270736907053
51.9938630010219
56.98107280915512
60.17018502082431
63.18275362696331
67.58166086134999
70.20872777753145
71.12279358211259
72.5521081224362
72.2616996443772
73.46268702787873
73.6336875019452
74.11251635143958
74.49246239355844
75.74311711603693
77.15611815287532
77.45157931189543
77.69728921308307
77.32962996366606
78.1102579831977
80.02715034840656
81.41890235200819
83.55184103795173
87.95718280295335
96.24018912134609
102.8760860504611
112.34102035088561
119.067332256247
126.8870534361245
138.30390054815769
147.39430021271767
154.31977251299915
155.69285079982845
156.78924095759197
151.13970872777676
145.7613489954123
137.50393150137458
130.826463924394
123.24060447644572
113.29208586687295
105.8871248892073
100.11447658035053
100.44496930019342
101.58350649257541
102.40149371452331
102.13751392124843
102.15435034719975
102.13011518971167
102.35196071756816
102.97401431558912
102.2264504307777
100.79844972571911
101.31302088057689
99.9130271913735
98.33530177746073
97.08396760138915
97.8284842802143
97.43145576491075
99.74672506900268
103.00195482508684
109.12381726031825
112.24287837343861
117.2492724324048
120.69435537399528
123.44536483180234
126.99486122077718
130.71767551397713
133.42714176824117
135.1437063621522
135.71917161677501
138.01250535576582
139.41795048418686
142.27405445285646
144.38006426514167
146.38619943358975
150.75312436488892
154.39863551369783
161.17819442679803
165.31118898277236
170.032974089698
170.64961145340774
171.5894903492087
166.091385442292
159.76214713984098
148.72829939140584
142.34045844310833
134.2830802729558
125.83285021128212
120.15718272056137
113.98427956212556
108.00065667642663
103.73519798906831
102.50705372426904
100.46737030559932
98.98877769212187
96.70523778162016
94.22711899000625
92.87746446349121
90.37197133922442
84.98623347375123
81.95142145820108
74.69992672526301
70.39625973546994
66.50425130920124
65.36337800608875
65.17761229039203
67.2365577138026
68.16996114003996
70.88612328771458
72.24781115023819
73.55883505844261
74.93510609536848
74.81858344385208
76.09492900479475
77.25087902619977
77.44118679333884
77.14288310906812
77.95475188602285
76.37827813248273
74.6200415824261
72.10082547823725
70.03761121044397
67.56551628742608
65.24434069006544
63.98497582641508
61.9452602679947
58.75852552296612
58.879179496688884
58.245739945621
57.74500815100875
57.33761957414969
57.13564786263103
56.41384103838883
56.33927177701089
54.890708585207754
53.29353243025949
53.22830704524148
50.2821836194934
49.100199597223124
48.033519326298
46.98305626550922
47.43070688144439
48.610302802740634
50.54878223941458
52.60331468026259
55.96382848596666
57.782155415430594
60.184513172384456
62.72657444971673
64.61361314664668
67.2063324908058
67.72642412379113
68.69607207280968
67.02604847237254
67.03164979489948
68.22429697420539
68.25810279885503
67.50085321690578
