10
0
c
12.818321815929886
11.949660613948224
12.822285439316193
12.464820905901403
11.739383606798302
13.214053177635202
12.807195936688055
12.850132134487042
11.857660082893158
11.118007159908897
9.555216430830605
8.648227423858387
6.181402772720055
4.481995811824797
3.998116288954079
0.5155504379678897
0.0
0.14357082051680833
0.0
0.0626722710343487
0.0
3.1677879625834713
9.019947322144708
13.340556131879147
17.826762280840807
23.78753331442316
26.874063845361693
35.22736899723432
40.915125941028705
44.921332423955455
45.70010656502732
45.22797204620561
41.80070630916154
37.982342787435016
29.490152730445413
25.56533149390332
16.691165246125745
11.88114704475447
8.834542100639576
2.7172695652039596
0.9901381361254107
0.6242398153353189
0.0
0.0
0.0
0.9649246505854195
0.9729431909060549
0.0
1.7259435254729967
3.3576669147291387
3.120304289954672
3.5594552073482033
4.223412400749464
3.5737292962890366
4.787547435370414
5.3324671702816095
6.667037202866905
8.771145169636474
14.477966713944433
18.700375099460967
24.69803697458096
27.711986239572767
29.841266659246468
31.321555988296918
33.74731536473051
36.93722214414516
39.06541825561438
41.25376853260979
49.53270934616449
58.07323524020952
72.11150140559276
83.05764376539217
97.12178221929598
110.75666577697515
124.66467304551512
148.96066969283672
165.65437678949093
177.66688670667853
181.89435350387708
181.5813153124317
171.45914032843663
154.2997947834195
131.00459412729916
113.9675378329683
94.486066356114
79.90474756041655
65.67801773365936
44.13998586011219
26.904972450373688
16.079514678147813
12.608499769390564
12.479218269304042
17.32250588526356
25.34085491153897
34.49530884561434
43.21385718477263
50.85457324953898
55.27807169614901
57.94657792665781
63.78383050574018
68.79067590171263
71.20751411202006
71.84453817029492
71.59377832402674
70.37871907630038
70.09893385607369
68.4058042692823
68.1359187782135
66.09750850753541
66.32870528857542
62.80226687503917
58.340952408661735
54.22593890449715
49.65867808433103
49.02811487018338
48.15314661697071
60.91203418940676
81.44733506910023
112.5874685553976
132.37817396821094
157.7196392145277
187.63078711541937
210.00243406872121
241.94092064222565
255.1286673901757
262.47636906328626
265.1539632527803
268.2740296241698
271.4027680311444
273.62355869110655
276.40031558806885
277.8977019355173
281.87634226311053
290.8127579906891
300.54439883362176
314.0987315019081
325.90928748893765
334.26412359679443
337.3309430701297
337.3517152498156
327.96231581545027
312.9508491753563
292.51911252549337
277.1538595860092
259.45358440139836
243.65962524035788
230.65414960122476
214.51859654332347
202.54640296684255
197.01230768372127
195.212358380697
193.9252219094202
189.99773939611276
187.26007058271003
185.24585414770752
182.21730408321915
179.53614155463606
171.42958539197954
164.71595691272407
158.36197381878983
151.04548989117725
148.2813458989005
145.69215076486668
145.75147722265655
142.45292834670104
140.91665021938888
138.15753749108666
135.18708490555838
133.23016582283873
128.3385731809007
122.42984363579886
113.16024271761168
107.22783566622394
101.61651259637753
99.13390490969837
99.85168979213724
108.32702132270666
118.32008233822125
135.0766131353128
145.03612460229826
159.78749515797074
172.49362048916757
185.41146232419072
204.39522413571473
220.65412343204545
233.08244035256854
237.43339536203806
236.1188488927802
222.27760172203426
204.0830659408395
175.96771759662315
157.11235508532243
132.40348015755777
115.58640619660657
95.84500704363398
68.9773462986973
47.46625840159868
31.570195853578827
28.093517000906253
28.557097208897854
36.613647832347546
48.89817874099303
65.21978484980133
79.77827046360726
93.45450436835407
103.80470630730358
110.93272245552191
124.64973446570332
133.75152702836166
142.58599667146035
144.16784423367235
144.24608359362267
138.09567011816017
130.21862506161773
118.89932469302333
110.10697919939221
99.40295108798628
91.33964304040133
83.06604376055803
68.70127377652899
57.17057025516188
48.74481091385613
45.647543775575585
44.50086358860577
58.93218684288552
81.87406118118001
113.74411461448081
136.96920020131515
163.56154398540423
186.5919121718683
208.33136470740797
243.30983580288304
268.0669148386559
287.3580780481065
292.3277444243742
291.9096829151188
284.37481679330466
270.8545031727936
253.23206309071367
238.99918727645868
222.59023730073287
219.39876220537505
214.5982065283004
210.90422343685694
207.44878106011535
201.60662867205332
196.87405826423276
193.60084865891938
181.90055597306812
168.30577275966579
147.0560143075076
131.356860488041
111.2785629424546
91.7330024825536
72.6536696444717
41.987513196808614
20.79890149156905
4.3224921307208
0.6799301348595471
1.787358193461658
5.5878324770725225
10.786995420738105
17.543657326745464
24.466342496057372
30.555164083475518
29.944679159171475
31.058403346014863
28.8167086040031
29.189711112726503
29.541486315691643
30.41953369132053
28.88653436909745
30.891969882106533
31.317061079845764
30.973457937938274
32.878483903157026
33.06546690759593
33.715342778920395
35.150300213838406
35.22995568312328
36.205074921376344
37.69742840155753
36.599200318667116
36.98965618370481
36.228855315478945
37.338919871607914
37.46524078965855
37.00590361536747
