1
11
d
137.97023146271533
137.7116583102293
137.684469584995
137.61758647027966
137.37715924404986
136.91226871727906
137.1676522351624
136.75131185307168
132.45444116069254
126.12286246245688
116.2127962148028
109.5850912182576
102.07784135068465
92.58105538643174
85.99135640879398
74.12387724359064
65.03171863730292
58.805521670646
56.560383942512686
56.74747307508175
58.47436308090959
61.42730862930358
64.72994498500768
68.17418518010237
71.07888845695932
72.4988223473291
70.51853376955575
72.75728568812164
73.51273186347235
73.02808347160993
74.76477910467925
75.08153320507648
74.20116376650361
74.14765491828307
76.85830656533264
76.73093097039157
78.51675122188665
78.7362662917913
80.55596637494637
82.31307278990425
84.46885782002066
84.41784487640797
85.83133128428308
85.31876321082702
84.5318757262145
84.1492870131794
81.4532930840956
81.58076921794765
81.27176239001018
79.59789715267516
78.98074801892345
79.15681983850898
79.0878126638888
77.4262339901554
77.85871240983742
78.10081256279842
77.27002616118996
75.92584768377384
77.68217088072393
75.55818334439448
76.70740541305776
75.41131527956085
74.14728709841552
71.97268394832832
70.83071635968689
69.09414064594583
68.79070521240506
68.08784783681386
72.27619082882802
76.29832959141991
84.67193886013088
89.4902889468539
96.36617898710668
101.44167230444103
105.25044460202871
110.69872922583244
114.69360968304792
118.56256102081463
120.8728090171695
123.09258161257318
129.11997300997368
133.99691990475296
140.9621895792438
144.86540959350395
152.24303090009755
159.88657125758274
167.68384506206303
178.8500832945751
187.64237671052936
193.5921567059967
195.73555639988336
195.8266811405074
193.61386067835875
191.6710312339064
187.5810279125668
185.3436780549358
181.61332797208587
180.42469899945345
181.9008156521402
181.81617034920484
180.97096203018177
181.58815973127847
181.07858286360545
180.69311512710587
179.51817758839732
177.84608112377992
169.5976577366698
163.22064132370545
153.3484980318186
147.69037717815382
141.72320422262504
132.4869873269076
124.92559946149855
120.00310305122136
119.19549524325585
119.2639309433745
119.87412464188603
123.82603934782401
126.96652951217584
128.94461320775596
133.23960830218022
135.1012104639349
136.1967880360514
137.00272465924513
137.1845498860214
137.32875257061337
138.4929421646619
138.64892003478954
138.70062970968587
138.87411871443715
139.6093215808104
139.57476808849108
140.76714381298316
141.37494556261365
140.51434390387462
140.64605988144928
141.16439580256372
141.56783070758723
141.33296180253294
142.24407093007233
143.51035131701215
144.99397376329003
148.57134758090555
151.84107200200714
156.17526471982305
159.36949617956117
163.5373443962876
167.29279469751643
171.21942905471874
174.539677803845
174.74172498881185
175.2272173252074
175.21929851546736
173.45579206537158
171.8707997746564
172.0791585732848
169.41110081960144
169.44723410839381
170.44422566055965
169.53411332998812
168.3011744761053
166.42122289520276
166.08378630063405
166.12737497674144
168.99349941412837
173.7128127150531
180.16075260016638
185.3778878332508
190.89844573660477
196.60466423649137
200.74314766468137
209.4309552634303
214.61120622528279
218.9148984046117
218.9363543723146
218.38675519654464
218.70047330235604
216.83721424986481
213.27589372096858
211.40143594009604
209.81493082658164
210.00492330975376
208.57865370742832
208.2401408426826
207.41382984206845
208.0624496752351
207.9229965625811
206.81642678282026
206.77793499079684
204.8717768392113
203.79579718430452
202.89532456041593
202.18910308890435
201.95679502564334
201.26709559826034
200.87895313225863
198.86486967304793
199.2206917188072
198.48996325581845
197.81543015787375
196.438365890047
193.75202456145084
190.83963131689404
189.2766449268563
185.79136300835805
182.44441496747248
179.4118341768021
174.87269897383055
170.63614285595685
167.85725691088442
166.82009221270997
166.71120802696407
170.03346676531362
175.27946134035656
183.18153919885242
189.02203793895077
195.23577703089518
201.8802485782762
206.83445851288675
214.84795190259933
220.0127468889605
225.59853074012372
226.53408586504727
226.4127129901922
222.65409532562109
219.03228170965562
212.36320799005478
207.7331458141963
202.4201682270489
198.99759465985053
196.17181987850626
192.6609846141978
189.9415586507346
186.87621648922374
185.0732308291554
185.33214493066617
183.19888174128343
182.32954640159895
181.444334650152
179.56543812282632
176.61515049993523
173.48699126567206
171.95256086357048
167.43725395666172
165.462874819688
163.5807969064791
163.78743115210375
163.07335624042148
162.11580158784614
161.22734892712268
160.71389648029225
159.16884116131243
159.22824070478848
157.28193385978048
155.2037695469694
152.51588974977443
148.79582146837006
147.33836472583923
147.01545983746672
147.83806714973056
149.64600365368108
152.3281117741966
157.34589768609112
162.4255460224502
165.17731637510434
170.04481132964432
173.2792139763665
178.9696535120004
183.57446515045052
186.37156574152166
187.64181625450468
187.81540686747834
184.3122743282143
180.0777341975647
172.11011395414997
166.01808834682686
160.65586535201513
156.027163896578
152.27725065087645
146.38352568998621
142.35410722588514
138.9869728761201
137.86510160612914
139.0453588081758
138.5802142709062
138.55013008324272
137.95043740412072
139.18030679991188
