1
4
c
82.29465644673769
83.32153183842436
82.98045221620697
82.50074439554267
83.54070829233852
83.68981939008843
83.79685746153403
82.16235524167645
79.63016142729545
75.01007387856099
67.74131439540494
63.56411840147342
58.369173705550445
49.48427820178368
41.09146623008456
34.11091840838994
33.26578909919316
32.06902780909101
32.8609448034346
32.910290423393356
32.713512858569366
33.01176054599296
32.50148495791328
33.6193729020674
32.75664995062619
31.969420020760612
31.546299731299616
30.041417075077028
29.04373150946596
27.720440698741093
27.90905211518431
28.405412091282425
28.20112189741599
28.241361287111218
28.00725266409026
29.346412404473178
28.457453980533533
29.27947281318978
29.387762942118226
30.29453374585474
31.085766010358487
30.892986872916016
31.83793729668197
30.941506814853824
28.723259255297645
26.84341539777922
25.056774197893567
21.997084748177837
19.747676788555147
18.20051388686698
16.150013774903975
11.114970495590379
8.558788371264608
6.268653701473799
5.9494508181479535
5.295773337490816
7.135768279278985
9.936858556804195
14.984647094301739
17.81323767988392
22.073819512028518
25.624146053144432
27.71209952665019
31.434141083573166
35.42472774069848
37.53828724197602
37.02543691248509
36.98304244292773
35.75441571168377
35.114149209186635
33.79147728303529
33.30748724826994
31.067637637742838
30.269766304233247
29.67876914788998
29.034158825344083
29.039168304269197
27.993367103025104
27.357155493461025
29.06065115830931
27.672432871731125
28.909754367766478
30.871955144448034
32.13313341045067
31.949223547561783
33.07331758456493
34.45919926446544
33.821397801120355
34.4476598780702
35.806881765422965
36.7933647485379
36.219275511609354
38.01037510190838
39.071142981797045
40.60105628377987
43.65457738348788
45.8866090841893
48.52257541321492
50.72758077364014
53.60644038024285
56.20554731802743
57.40091241433268
58.536877824355315
59.67285050287319
57.653689304135824
56.29361254672821
54.52512966728075
53.276220155383605
51.43947366111778
49.27460250274361
50.00205496595566
47.37576262493919
46.470165339239955
45.708746864607974
45.92692090737132
45.97263649088439
46.56286137952263
46.89806012466976
47.59351439242164
48.94713491371306
49.37065530970797
49.05414667959271
49.314993773049906
50.38045121590834
50.277011411566995
49.80745509760499
50.34593194629748
50.66839390385678
52.030014160159126
52.43965220499488
57.38789417553424
59.70747082914474
66.2326613416576
70.01093263519654
73.14194748435244
78.04567338306258
81.5205542459114
83.23308690366032
83.33864687909072
83.92300531310661
83.74794048816933
85.00551177973058
85.98236059030657
86.94839664032894
87.26596858065133
87.83930788014199
88.72549342807721
89.10401068082723
90.34897492886805
91.13199806957829
92.74384450369949
93.32551442736697
96.72432004579055
102.0195204951539
111.00559570544758
119.5122676853182
128.72781424681736
138.4160094698409
147.4312767393757
160.34758862770397
171.4133345381814
178.85357165063368
180.312461241878
181.64726052254966
176.4193761819206
168.88971057028368
157.97194552921755
150.86055032412762
142.61941350310272
131.75774626251575
122.2495194396891
115.12955937046213
116.0148212784227
117.79685237554108
118.29477585674427
117.68760623479436
118.6196551933616
118.98861712374121
118.37402844706334
118.89841072037731
119.03687925923285
118.89216441352107
116.2761639588526
115.56174050299909
114.28305981976519
113.30887715926566
112.80525555186503
112.58931431769089
115.87455665699157
119.44010322143046
125.64184755700425
130.14029666565384
134.62016168939968
139.52896693624663
142.34371636026785
148.1886772261504
151.24115548116526
155.1295447869723
155.72491323738777
157.74331383907693
160.40655747000395
162.3975435558456
165.1706522913192
167.00480679096708
169.18384004190128
173.67247691950251
179.0934190143341
185.83485206043395
191.9018398019998
196.2159749032483
198.45983632220185
198.01304667143296
192.80202327321138
185.21952984672942
174.15940704402067
165.05939555771374
155.6341632876514
146.3330921687616
139.34387165103263
131.2113728727662
125.28453679615102
120.3399248207306
118.38653119285878
116.99276603916213
113.39733277260106
111.88228139117264
108.87804295175914
106.69224171314661
103.72230318023013
98.90647861598103
94.51937395245812
87.10189728418237
82.120405414276
76.92231335703823
76.35132610891644
77.15963616148602
77.23979728799833
79.44759963272197
81.94458465176831
83.93143315207247
85.65380109485065
86.01022089025425
86.75705883525393
88.5631238151934
88.90032321172541
90.65993628450323
90.31876431546593
89.71056092666046
88.00618645899931
86.30767778094291
83.08584913494158
81.39424784966708
78.84644243897377
75.78577340332782
74.03714154546063
70.05483803830205
68.88214530440932
68.90461490558884
67.11428720565816
67.75930095281944
66.18966181109916
65.76782465202879
64.33301174988529
64.90533930625979
63.24841449324136
62.82555450544143
60.58682816570178
58.342091449384874
56.61250942903023
54.31911525634316
54.49268187812916
55.24729744523626
56.145626530535054
59.16862833717614
61.029882053263144
64.01944381861014
67.34527258962926
70.3134379464147
71.97054447823928
74.18315767187295
75.88599606018006
78.29889272164422
79.15699914309134
78.94224224920701
79.23595905534354
78.75347301146155
78.55289722633967
79.02488795941831
