0
8
a
195.77341192861974
195.09189305118042
195.88132224393087
195.640333026782
196.13836439816524
195.88126307508483
195.92263759187404
195.277954978622
189.49973808530328
181.04097285377588
168.3525570826387
160.50878112370827
149.0030587785561
139.08751704001043
128.10326252077186
113.10352113483096
102.35145287675932
93.61659559977677
91.57290445849603
92.54381735953936
95.01637236126706
99.31576097709399
104.64485636833373
109.2755171444756
114.6868173309021
115.75931942164908
116.96502636695791
119.27046969605217
120.3556228280832
121.6838074185346
121.69155016434037
121.11351697447182
122.7207899010301
123.4636985526477
123.08215144525776
124.18970804675484
123.7387640710803
125.0578908414445
124.87842975688736
126.76340502903899
127.06812922217253
128.1321465235576
128.76006107962837
127.89308496998203
128.1900435215366
128.43670520399087
128.47234770530793
127.94366768996589
128.21135383808692
126.43523481908393
127.12385088173673
127.38090405784806
126.63975620309981
126.9435148481196
126.52781906001327
125.89588915805236
127.21867683673271
126.69930540720031
126.29100798261327
127.42481413902708
127.16163416217361
126.48420432371863
126.74406680007706
125.61019239944764
124.12703241916559
123.99003563752026
123.94991494119085
123.22811854763162
125.8678998938449
129.70254106226625
135.07078657763856
139.0534709892358
142.85865484769707
149.31903559725035
153.19731120172662
159.87109340092584
160.5896682106054
160.98203645178478
160.4824692571558
161.30221823850655
161.41906475804137
161.97386056291737
162.1508947237006
162.4036766756437
161.2024371217469
161.91016906779356
161.41560598587495
162.48978142178117
162.3866768973422
162.22294751739057
162.3000925426822
163.82243672187158
165.76458201483018
167.8663341137941
178.22705746368212
189.30044180769747
203.03894930902138
213.21896375174154
222.06888880472414
235.27891352768393
246.07287281868386
253.76034318922248
254.47728874732869
254.67288662293993
253.81823572414262
250.41840274069008
247.8052150280495
244.58199794544387
240.86980289106714
241.17895680185072
241.702309734191
242.1799148589691
243.07715391321915
243.78800376231752
243.1749481805739
243.88031241285978
242.547457843821
239.48712618381796
235.03832969388722
232.04005772105077
228.4352131009534
224.94271715387808
222.45246137095498
217.92611642059117
214.64152520889283
211.6131119213427
211.53302692108178
211.6424322972093
212.0074117101043
212.87845478893516
213.91990487597744
214.41581004605692
215.89940060743768
215.2445512768977
213.97926168617911
214.41174788416055
212.9065285808416
213.01473535154335
212.92538264742822
212.94780804262493
214.45470153586024
218.71169733659835
225.4727757129373
229.6629046886666
234.92578553031595
239.98297251723017
244.50825064010513
252.87980078232292
258.6554048825246
262.2158501565322
264.6415654647562
263.7733319732599
260.3248636524511
255.63474037274244
249.22384845446027
243.45345055683325
238.05971840023855
233.6828539167692
229.54049873623538
221.99507013615045
217.93625288891468
213.6485177111946
213.47413653062722
212.7911715449455
217.00677924778003
221.9205325438552
229.8643137322724
235.15533913676322
240.75894217158006
245.95502323170152
249.1110066512062
252.74356378110008
256.68378159757214
260.6555088074402
262.23433367214625
263.99957468608443
267.01086462593076
270.5662145358078
275.1986653462718
277.5219818122818
282.80727777166294
288.6996443655114
293.3142520761661
300.46197931547636
308.4181792921189
312.48760091628554
313.7179739404764
313.405986502999
312.33960729683406
309.45160710036
305.3500785956135
302.3283783746728
297.51603135738196
297.329139900784
294.6453192670286
291.8561208492577
289.25385082100195
287.73992838622615
286.36020243532886
286.60428660296736
289.3390559446848
293.1722324342067
299.2851252614045
302.93728804621946
308.5791846634075
312.3805678885942
316.01570328298715
322.4477262774948
326.3003276635674
329.7374566485791
329.9881485619502
329.5942030804865
328.2748625887474
326.0006383675681
325.3580813147856
322.1037990493695
320.72984819542444
320.6215371225309
319.4919181282165
319.94801192768017
319.656095861893
318.3966312793607
319.1404256762499
318.11977360445104
316.3078046864628
315.0418913402111
308.83545706870956
304.3180826424966
298.18817791900176
292.4603341743116
286.84523905355536
280.3452538286048
278.0926549086876
276.8088415769925
276.0997638256215
275.77841110088156
274.37240569703124
273.3203744377025
273.44460853578545
273.90088915922155
273.1867658571614
271.4080270605007
269.81545042443287
268.5907956156239
267.7550357980111
266.31472878829834
266.2865744940542
265.77958085077796
264.815929132893
263.4909180591285
261.3444986044926
261.3157346810666
260.3780748716009
258.90958723731086
256.83121594137896
253.9480705204014
252.9277200395901
252.15696749897543
251.48110513219544
252.56876596667803
252.28045110852838
252.7443437579553
253.3080853899759
253.9610279248585
253.77846864715414
254.6642913003941
254.68167456954117
255.32954447347808
257.26059598882745
257.7427535121918
256.90742627639685
259.003597989199
254.65954295463976
251.3429241705084
245.5502177860544
239.69597085048704
235.34273439968075
230.7296905229265
225.63476420367417
220.00949982264424
215.9927234959637
212.9125326380974
211.04830886325027
210.9879999477882
211.43919054235002
211.5459329327988
211.59690970730907
211.05956195345044
