10
9
d
57.714874304234826
57.79724509790724
58.56161991436023
57.62507268311129
57.32492905671224
58.59760790734642
58.9038510138359
57.66007713192516
55.43407438935638
50.795947221214035
45.19708356333021
40.14673616413953
35.97054819547525
29.74043809364712
25.287927678926994
18.201962024589665
11.915820295625183
7.641129068380229
7.163939336056782
8.27997364211922
8.734690392119576
10.111973196770208
12.089308606691276
12.929537429622826
14.792187803042404
14.373322438370076
15.088163082399497
15.01937389515484
14.272520915489608
13.58889189285014
13.687607750238142
13.648156112207994
14.995016033062084
16.10515701171956
17.7963556145247
19.204011036608097
20.45431470857321
21.583648972407318
23.617760013956232
26.13343930697953
26.540400667548763
27.861205299347642
27.84753599205643
28.46437751533883
26.913748632836324
27.25853474124205
25.560121648285246
25.007230548502694
24.112933638747087
23.163505714677683
21.474172826236728
19.61353440887723
18.82359345001374
16.999573676936254
16.514139351832373
16.26707979923254
20.546764292046113
25.684317665486542
35.71949815560934
40.42344496121805
48.737293837576296
58.57793488775099
65.39030132141743
76.74532995978191
77.64938476280595
77.9455843927102
77.87842615904452
78.99507104697493
78.39119697417935
79.56666364159399
78.94015384510804
80.63563423723663
79.79038871687678
80.63125223682965
81.02535290231711
81.121280122365
83.45164047050812
84.20871695461868
84.07526617040223
85.8186738158278
87.11731594543947
89.33717823218232
93.30649137606227
95.0571064827358
98.81271548457327
101.20023744894202
104.08020248094888
109.09356767992911
112.44340835576604
114.15978488253928
115.68886405497338
115.6530594631267
115.42481852148573
114.49251627398414
113.13549574811532
112.34588759984624
111.06815889743041
110.68955977839211
111.26580093909159
111.24538211971706
109.55668759708496
110.5270865705339
110.04352584686622
109.09785120937006
109.4393234939107
112.63815080481874
115.01564963197505
116.73397983278383
117.59965406566815
120.03215859936796
121.68933519846281
125.21877447769337
127.63937574664799
129.51340610735156
130.52859244793856
130.1991596401966
127.79348009901658
125.92650926536544
122.47801065779132
121.63910895251695
119.00020977250563
116.77421202922741
114.64510339465429
111.07189140089172
108.82251435566224
106.23704060869503
105.64926677626929
106.09640113731506
107.09588956823029
111.42019814045841
114.9732310899228
118.46258421471211
122.44915279526127
127.77566760606224
130.51159887587633
134.11237579992058
135.32396170985723
135.82657835639583
134.68565369007138
134.62557903961357
135.0540469545862
134.80205737447278
135.22190735547247
135.16915639685456
135.11899213387488
135.09193641050683
136.1741373515783
136.00160716292368
135.5389764321171
135.9929712209902
136.17117376015813
136.72470719726138
137.67599732549644
137.66232786915862
142.3354505744775
145.9146380492501
149.38126131275615
155.11049452709818
157.33298000145632
160.96953470219074
163.86851959132477
165.04606784561014
165.21193728049462
166.2613723748986
165.85479551791948
166.45103770070565
167.79049928404564
167.23015568063886
168.09426268807906
169.0735734990296
170.74640096006263
170.83824341731577
172.58973992474242
173.17972242417042
173.66089665788544
174.59865985014173
176.76200501573126
177.35963821090263
180.5962245437783
182.35191059297952
185.73432900721303
187.7480680595054
190.46072469782598
194.92778562238013
196.83816770812163
199.31675889573583
201.1342559135328
199.36729401807702
198.39504394041322
199.11277616930758
197.01428589557082
196.2958236169362
193.44430626383644
193.86337353600226
193.43523432501104
191.61436331424633
192.4471649421985
191.8159014165798
191.06280199823684
191.72528158162217
191.91513693675344
191.94283266226756
192.52940093285017
192.4933958437281
192.45404085582888
191.91215612022228
192.54118155924078
193.52494658040982
193.71147509406353
193.92043395013891
193.90344118135445
195.13574561977845
192.6048229305755
191.1785814912663
189.20602480034486
186.38713379213272
185.1041487923073
183.96730429498265
183.13972067520697
182.47453940193097
181.0656445987633
180.20717871400907
179.07816774001148
178.15836770113103
174.53103487997416
171.05263545797683
163.28947726224604
159.30479583896928
151.1719657445753
142.67792516690722
135.3451582455601
125.11110850329227
123.55666302256886
121.8460429994681
121.07327389995915
120.02974206495156
120.14687046926788
119.86178178767432
119.19140626260359
119.14133977559136
118.12259133063709
116.66172534831517
114.78997608402408
110.54420478705414
110.33995021985066
109.44413289229732
108.49004304985725
107.69382662939591
108.86375275508016
109.42518421347522
111.01963691414758
113.26808718286038
114.48545571830316
114.57172320245472
117.13481659415899
117.48555106227415
120.73969495240867
121.32665979459252
120.82475530242063
121.24102118051312
119.70187489237615
118.28900469431615
115.7787838265976
113.76578757148566
110.80813569024113
109.57323921250716
107.12934668683691
104.98302006344694
102.74432511220323
102.70362963541817
102.23287566303873
102.69003775089196
101.7756526610464
101.37503994217631
100.78657576650019
100.66508948054887
100.27459759169992
98.56592568936992
97.83350541773868
97.45621503260023
95.63215554523836
94.97152827436938
94.99183481931696
95.4301258428371
95.46664893719907
95.02241517992957
95.42920917066999
95.22547517722819
