6
2
b
57.809351335631106
58.093344000717664
58.44429591438469
58.079327675837746
57.82991252845929
57.57303410537182
58.59428528668333
57.547840704223255
53.939433242389285
50.65345049499341
44.34980045751783
39.73404689646862
34.9697653895415
29.60369371968527
25.03721154021628
18.66460517027314
13.24869393536522
8.613459355312525
7.95411326123702
7.568514431432565
9.477251040436819
10.121984383657326
11.124213534773514
13.414409878610648
15.174411176055177
14.390574737245238
14.525306154651537
14.491086658280778
13.750873404617874
14.718573353082
13.594895594938059
14.244691426630263
14.788942139767798
15.505774246811264
18.034747775465966
18.5381668689602
19.59854745868101
21.858173851730918
23.133632083422885
24.76721527849084
25.939829623382792
27.145157626096683
27.785607425684802
28.48851186468775
27.58633777812689
27.13908922468403
26.000903044431258
25.74811742019055
23.81338363508461
23.283161186253427
21.730332786178966
19.338419125299264
18.04068324098038
17.23013716637994
16.27324874495166
15.919564156739021
21.178370907944558
26.721094166014424
35.348561106633106
40.01207230627548
47.88739739479515
57.045449095542224
66.63646656218296
76.39761234914565
76.93690197401936
78.28331581641423
78.08694537297832
78.34665896621694
79.86140208344166
77.63054781368271
78.58147850280197
79.51006305296082
79.4263481430774
81.0336675907781
81.08804417042465
82.31565255998514
83.60168930810998
84.9568528242574
83.33503924665538
85.64024693860058
87.4698977808786
88.31129981751911
92.65872684125866
95.16411385481493
98.08712211166396
100.84331532000942
105.03898053162764
108.48114581634573
111.87282591749315
114.85724589201803
115.45530746477392
116.28858220575617
116.08677743153706
114.77338009825839
112.6897421971561
111.20830581285192
111.11704553207507
110.08513024638248
109.62797408872062
110.207275527455
109.49964119257271
110.31050520811759
110.29140125920954
110.08346437136099
111.15446830822526
112.26611757962182
115.42282869792155
116.51194712855931
118.60212625109519
120.04005516813174
122.11820317235204
125.22550011026782
127.40962562671709
129.460984661683
130.17211489847753
129.81747788270937
128.18844552856797
126.41541782321026
122.58069634262111
120.61304610902631
118.43967812996883
116.79443438348815
113.94841704520603
111.7093453997117
108.36605336293327
107.6454677343412
106.53783859967571
106.22847756805774
108.12582621395961
110.88782712006967
114.97879092762703
118.2252541433192
122.84173908721198
127.4048410773797
130.8204287859428
134.86543080004697
134.360602875713
134.83934285473134
133.9859188670602
134.89590741635075
135.3956789035192
134.804722116021
135.54470216543845
133.67302246800259
134.42126172914828
135.23921759266725
134.87115516736174
135.3416108251533
135.77515751278187
135.51468576279223
135.90230569048114
136.48932508706227
137.06809759390893
138.38917303420223
142.53131655921072
146.55578169140858
149.94327248449792
153.95161957408635
157.15833039999538
160.78282844257973
163.42733097317702
164.8738716654102
165.13503811742518
165.64704067303788
166.4739246252366
166.68134811226645
167.17568624980854
167.19568081285072
168.2032748941151
169.03082056703937
170.81744580826077
170.33396718792358
172.7736686165309
174.13229960066408
173.39720101384933
175.16915448254827
176.16158793184576
177.83093729552886
181.2137325846439
182.45778972440664
185.45825002399303
188.21595250458762
190.38278291405777
194.39588823834941
198.2801367113612
199.72380621878494
200.5012691451852
199.62790713591707
198.90997545673798
198.52157582836858
197.49094675880673
196.1245122190582
194.37599465460463
194.1841930825073
193.49972169064398
192.79036175656896
192.53199982864368
191.48583877010302
190.97438391311564
191.95963614493903
192.44656461327511
192.44606161216814
192.44830258853506
192.2565114186801
193.18814664842722
192.6486385584319
193.14513303805748
193.64263141778525
192.8110403245392
193.40849734672403
193.98098786302424
192.9629546580062
191.97088191341922
191.57214457214246
188.67699683284926
186.84674510504541
185.23837582147115
184.1510014061927
182.36888840189272
182.11835548303227
181.36922444954052
180.44437102398564
179.31289095166684
177.2516151925409
174.72381007308846
171.1631304487881
163.41510118976623
157.57317852312096
151.32293723315865
142.19016755483688
135.55637821030263
126.10131107823487
123.58575059485679
121.72370272833899
120.94835609175631
120.35706014243668
120.26035478005905
120.6019805565091
120.25608563547726
119.76435607757175
118.68310565785278
116.45013739243748
114.661963700637
111.49156880288473
110.15195026098998
107.4928343495274
107.05623134687094
108.0228664185
109.1516645920678
109.35491398631326
111.87736564243971
113.18502504667937
114.70572765249365
115.55194503809828
116.92927214639958
118.12226054914395
119.41934192494774
121.78937375381058
121.37055295976907
121.16992434352183
119.9707206493074
118.1843744314041
114.87391464707432
113.40711264116526
111.65249794286903
109.23998640117266
106.89744695303301
104.6524629379936
103.06430957899242
102.73780843570246
102.76649857607975
101.47393988243286
102.02292187701912
101.21371973736134
100.58818614382714
100.11024698549691
100.29971105513634
98.68692105824287
97.17047495990306
97.08379485000208
96.60378815590992
95.74136134550359
95.62678738684276
95.45939299890406
94.74184052143512
94.74727950346542
94.50558287931582
95.10512471480337
