4
1
c
132.50263868777594
133.98794379601568
133.74060792783052
133.0070119838278
133.2589912133978
132.66429418253608
133.15418945014872
132.09598177817765
127.7963313394874
122.58946097701677
112.10482199987277
105.97008368505023
98.67991072203445
89.65287182699372
82.35564264871647
71.05705464214752
62.25442899263709
56.42118137334871
55.5696558454092
55.63310087275788
56.81462191712845
59.26709485605193
63.19922979860816
65.49664329144929
69.4419879477053
68.84133339009921
69.23498778577478
70.09263104411767
70.29290841486592
71.37252603523193
70.83480804776698
70.97114939743325
72.59770536265412
73.00070834068295
73.37056092285253
74.68064349173498
76.5882078817657
75.93717516321381
77.30223785398091
79.90609097939472
81.65801792472585
81.57362130869785
82.7638956359993
81.30818151282402
82.48042328028039
80.83871537547209
80.30395735034679
78.61132436982766
78.55346852624173
76.48334793516433
76.75360647608667
76.05420351421657
75.6364232510362
75.93890954436922
75.25800152577246
74.88734385456493
75.019000085529
74.2096791607629
75.02127861966088
73.49327291793584
73.3350966386701
72.10473916209986
71.4417892763111
69.67507541885101
67.59733642376928
66.71987077251512
66.38605851965454
66.19086234103958
70.12084644424995
74.1610388575859
81.26984890362633
87.7012579858679
94.66297179940767
99.38938030827508
102.28100976268077
106.88326933890129
110.22875352862803
114.47151319129954
117.65234217955336
119.56509439966604
125.23910160000365
129.92693968933753
135.4041374248909
140.03117693603775
146.86476525410254
154.82966772376437
162.64317513926264
172.64454656410805
181.324338387646
188.38610977576053
189.60810247622862
189.1668426321073
187.47100105270445
184.8993886895407
181.5833592241945
179.7940181141274
175.59669156800248
175.38088366111353
176.5901922764466
176.00656498097325
174.62192260420093
175.50791207347527
174.61717428489413
174.2529299209565
173.5241723555984
171.56491873720393
165.02160909417358
157.26719429323725
149.3308370970627
142.91112486759948
136.7022531967893
128.2460608954619
121.98349262328057
115.44706272306125
115.36049855732723
114.47848577790216
116.4653984878343
119.56077216379057
123.10828244670678
125.4949369292907
128.73669673178188
129.81168262600963
131.88513862892347
133.6822923120039
133.46380570385185
134.76113802653185
133.83833220579206
134.58510352310185
134.62394097073033
134.65023245141995
135.42661404191205
135.65426767667572
135.16082259001325
135.30852283137708
136.31529971991915
136.39816634312956
136.11419576251427
137.38529886713275
136.48446844423813
137.27413483704683
138.54795509696768
140.5306853103351
144.00352876544278
146.89452758799482
152.24292154228147
154.8664886733654
158.42740136715582
161.8844081526691
166.3606600222337
167.93926211301323
169.14600882809737
169.01043496471746
168.073641388141
167.53357032193858
166.409683314841
166.226371365341
164.97127534025313
163.75260440248215
163.81004432501715
162.82250281564112
161.8210932406086
160.96379691725
160.31785823107109
160.59382823586571
163.98624877471602
168.5346913185025
173.92770959265778
178.45579362215022
185.2458788458001
190.77772918494782
194.83320476857924
201.74975210611885
207.67386467246905
211.9102085893447
211.56685084974262
212.66920526614797
212.0154747492968
209.13192887456918
207.23810227361585
204.80342556570088
202.47281352306018
202.53362338474773
202.50711375411365
200.85626583956883
200.59163773048917
200.03695501362444
199.95358560901437
200.01974095547845
199.11892751227822
198.3367281523569
197.3089477865775
197.39636700466025
195.299291503456
194.57584318348205
194.46582597028788
193.31393166383404
192.70602889586428
192.7177285217351
191.92826778099507
191.16371736091406
189.95996970811362
187.6272112413545
184.61748384643874
184.000891525365
180.10088035399767
176.9302835259571
173.24238216742626
169.07325822597687
164.6087906847495
161.0747348949441
161.0097660274987
161.6509189847246
164.54062931792765
169.61326824652082
177.83847034899256
182.64581574335054
188.89511759997575
193.61507560310275
200.05966328103295
207.19003565390923
213.184699113241
218.0876982088873
218.53293434725467
219.29300866013477
215.55063400944968
212.53042644369734
205.6988734609129
200.86485195943575
196.15115886905446
192.08808628753752
189.2897130752834
187.0204758519111
184.16027473246933
181.27821118424833
180.71987379892812
179.15467805462592
178.27697882853454
176.60875442101147
174.9033675001059
173.47538317525073
171.78836768725424
168.0123266912793
165.1821003413856
162.48800628728787
160.14831308372504
158.7586406927828
158.13413175677067
157.60422777524875
156.8376323956609
156.9313374580673
155.12114224128297
154.80009088259885
154.09679511660167
151.54682091930846
149.4561293894886
146.5635480564754
145.2682787582817
142.78453854219805
141.72899028035323
141.04777137592694
143.28917492987398
148.06661241419556
153.14466091775444
155.87669563228891
161.07783001287956
163.272587254187
167.10897896406968
173.02141114688695
178.32636493077692
179.85057211299247
181.26929220533864
182.4319345701364
177.93758033863813
174.22183893594737
166.58216568599838
161.93081821140922
156.0112064636387
151.2043254830123
147.16705038336224
141.48114696307067
138.56833636216044
135.13378299206389
133.65669287949135
132.93329343129352
133.77926831814153
133.9509158714326
133.61679198301033
133.4327268993688
