10
8
a
6.534924494631784
7.698238258959778
6.492093269491718
6.273309374135139
6.304619936950003
6.686189711157051
7.182568009414556
8.04282080687819
6.458713538359324
5.381041991045818
4.858389318854136
3.8991390680603306
2.3738414293672494
2.413872212984665
2.0081033687214718
0.0
0.7047884636766404
0.0
0.4923865686437097
0.6229210007492588
0.07148521208995305
1.4435051206672997
4.846982282599866
6.260770484272014
9.641594774369626
12.429186532458292
15.884855985386933
19.26015865874788
21.29427798267504
24.49535097771065
23.789155311220348
23.596354400982065
23.261765952550356
20.71156720716496
15.814973741116269
12.146246094851156
9.095248321443108
7.0816069869113925
5.164005709766668
1.8289064346753852
0.0
0.0
0.2291105857539854
0.0
0.0
0.4261148524383268
0.27334001109231365
0.4611051860087216
0.8174292803534138
2.3301287212306874
1.4598556643800287
2.2768731766771237
2.186888709151519
1.5889494381391356
2.2710251896389404
3.8416747389443655
4.37433777024668
4.523266764554208
8.935873700680975
10.483712741757419
11.948256582281891
13.909688835803829
15.204786275717803
16.183652996237708
17.013521180596285
19.903647447049934
20.87471421664187
21.52044891977007
27.19533245301702
31.148093453745354
38.282178661945785
44.31185244050056
50.98862524355228
58.44924773309594
66.20949756865238
77.37864183577679
87.70252883982097
94.63448108773119
96.66308932458931
95.7215917849315
91.06692442767886
81.59994150609577
68.8630605044409
59.96682235271949
49.99517641698048
41.715993394574056
35.2612536936541
22.969412166782753
13.372958834584066
8.752864983349928
6.5639038146283255
6.923508673698879
10.123932642452706
13.124677042901464
17.31586719354131
22.504757906764326
28.164332763966865
29.67561747526286
30.803347473462328
33.43475796931854
35.40156583445827
37.87849919531645
38.777325076018606
38.57209620624313
37.843962754271075
37.353167889689175
37.39215979881439
36.439618960971444
36.11069163002003
34.04900417992801
33.321084500469254
29.89324262300844
29.5187019713554
26.087539700272586
25.80306274131924
25.966112598073792
32.3626055058647
43.095836157323035
59.84319734914434
70.19644082461039
82.89910047051796
99.06126448020726
111.13440503757958
128.84806906076696
134.63158176306473
138.65330073517165
140.54951638672804
142.56964213291963
144.45135274192873
145.1566812827292
146.2411249828288
147.3427501091872
148.31403843323503
153.6077671366347
158.49541055710395
166.79837913372685
172.2262066969338
176.88689834392707
178.00587889373804
177.99761714857922
173.86423067042622
166.21655403570472
154.57722181919797
147.37172576360774
137.9051354410409
128.95898299004006
122.63962885199798
113.0578749084215
107.0287367392871
104.70429263128702
103.56846527325565
101.28079523851963
99.77928163464303
99.04919148898463
97.22530239148988
96.49516942570851
94.61964886054459
89.86931779517762
87.25011565561277
82.70718264442634
80.96761642617464
78.6256274621693
77.30663171614952
76.06916237711994
75.91105678773735
73.87805766834374
72.50702759754296
71.61169417333073
70.55812440258583
67.38484827404693
64.46143955063877
59.65777509745106
57.040838604449704
53.726097395991296
53.351626728233335
52.6501808982976
57.3656800738973
61.6043029256276
72.00668944923585
77.18044572652619
84.38909249675743
90.89837543289376
98.10478940966526
108.50881450565747
116.65620646005804
123.48849907080407
126.15380322687541
124.21613952650156
117.1639669451814
108.82145928353441
93.6803885648637
82.8328745153351
71.26272008946512
60.99643625641648
51.14707986564122
35.28326958875739
25.047152630325705
16.310440286653726
14.731567278105372
14.155582689410828
18.293469472615566
26.278654859569937
34.5159381015278
42.567099502944686
49.457874201812494
54.21023833751009
58.660153487902534
66.486161276344
70.94539020959986
75.66749760865575
77.05272925106188
76.65296844577543
73.25990823627598
68.78165958310213
62.14940951684538
57.64674424844969
52.302297529212524
49.43730979907918
42.87103311703872
36.270280903793896
29.78600232063744
25.6176489713661
23.80756868859894
23.162530035771194
31.571735381259657
42.47117784501132
60.15752483358853
71.98713803597265
86.93282858516045
99.77332460725981
109.86906038656903
128.73508304043244
141.98997410746477
152.31951821474135
153.68478522596897
154.73465616796815
150.70864199486593
142.78132147137316
134.07833308569914
126.37339167971318
118.49436247056586
114.82831190459702
113.15920085791257
110.92721683624973
109.70624769566507
107.33564228951478
104.7698348801743
102.80916613626952
96.36212578048439
89.66021591716351
79.06355657169438
70.77576301581372
59.41582043555811
48.83941758041802
37.957247515453645
22.017672385414215
10.773862294877334
3.227686615812013
1.1612997720781257
1.257513381624946
2.303744305620953
6.263217638838494
9.745299948873914
12.074145511106309
16.69739507268832
15.886815303793744
16.133526951291252
15.650815710779234
16.032533017721537
16.145510094124003
15.840558019162602
15.46407072692097
15.930047975991746
16.029193370868317
15.94344542125402
16.79494225012405
17.362419143099768
18.429963584872777
18.773990072628184
18.658383833786107
19.312696050222925
19.109958701095373
19.451605541423245
19.766534179441095
19.012407809024918
19.68909829286188
19.12184543449698
20.0014022247002
