5
2
b
92.86048601091343
91.61358157264867
92.06099687387139
92.5688515429897
92.65686130166507
91.9987624264484
91.93913730180506
92.48165115913316
88.8541419908375
83.64043326752815
75.80311550743417
71.82092477341834
65.34951283523654
54.5286133707668
46.212161903544214
37.9766181175559
37.33738538540563
36.367136067850176
35.625016381618224
36.62013528392858
36.84953198453885
36.99644640171125
36.76183264562141
36.42067197358195
37.33669581272124
34.96884638112968
33.91044794198923
32.78833572803113
32.24738645515382
31.3576983264597
31.288132080152234
30.053472120357846
30.63860103019367
31.92194313530615
32.223952821857196
31.98803183546454
32.526754094132
32.28619493709457
32.887604298170665
33.778556023489244
33.6252550743431
33.96699875189219
34.787312310399386
34.526120472444255
32.96927102110313
30.017902457005967
26.98045127308868
24.92695138928177
22.654739310817046
19.397163819977756
16.93815798355495
12.336633636646882
9.69292635672935
7.956579756287489
6.413407954913084
5.430008831681568
8.924782247226869
11.895322767987537
16.257396389817018
20.40386996166613
24.091479369056763
28.425061586628594
31.076293304738783
34.90622472121268
38.513084809940196
40.76752160805311
40.810943364478824
41.08265564656073
40.40669165298153
38.5073963837555
36.48056667338835
36.661752363665414
35.14824250489316
34.4788555946431
32.66335643929003
32.14014826354763
31.885635563607966
31.378180427665708
30.884906342130993
31.034534663928284
31.584138821844864
31.270927549572583
34.80399225060025
34.667244891658584
36.94957268843637
36.961153998860304
36.557848423573276
37.70604145384613
38.10094182199055
39.73349471042961
40.79135434587538
40.90638599329637
42.715962042804925
44.00962448887623
45.84427156117859
47.52693900135219
50.64865185963669
52.49492829855048
55.81291547704133
59.31883650942695
62.85773581204073
64.09278058353121
65.39410554615384
64.64546077692961
64.63256206424202
61.63167151365662
59.59791964653051
59.07658934284993
56.56645642551169
55.541255079343806
54.98830103078063
52.82683843735055
51.9004136348169
50.179388962946
51.11419898292222
50.44841266060871
51.62877114537231
51.85183927881322
53.00730997857835
54.3530255348218
55.487596364848955
55.19013024820866
54.36207367986214
54.92458969450385
54.2386576288506
55.004614627880635
54.992036609718404
55.336439184084696
56.24454457490273
59.308590820993075
63.84400211838768
66.81377726108124
72.06946355198205
77.59488167278761
81.59720813235876
86.35919702942289
89.84138075732577
91.45032162364002
92.59036906247782
92.74269670969744
92.5730231915983
95.1676986852032
95.57988187538706
96.03977004904529
97.47250641026062
98.65297950329423
99.13774936532764
99.16868992256022
99.98032609823488
100.97784744281186
101.59343939836407
103.48291429319494
108.76752652889273
112.05553305159603
124.79486601656986
133.30044435293613
143.62388909694045
153.98471296046364
163.18640456650928
178.96633615135298
189.82581665501192
198.94557456179905
200.8410931519322
200.67853218884792
195.10715018939754
187.06333960806694
176.11960239525087
167.14646610091003
157.47657459487593
145.23294542302324
135.70357362111156
127.86930244415716
129.97903393483543
131.01208735787094
129.66080374365322
130.75838126729542
131.47580112872203
131.3216663577134
131.998579205039
132.05968521741005
131.33832477674562
131.6157184888585
129.7264617446966
127.70557970606683
127.20200395491392
125.53775874203654
124.38796947989617
124.19152489326298
128.1453617522422
132.708275143832
139.64826291869346
143.88334259439816
149.44052199774353
154.30180001681325
159.03023903225673
164.55455123336483
168.66659250774234
171.318599784017
172.75387330564578
174.97513615605777
178.0240490599317
179.51584114713023
182.6401017315238
185.41073268450378
188.16742547857734
193.1655105653448
198.31354341351857
206.6132804766951
213.76053260263578
218.14584357466495
219.2343437031472
218.44509460578655
213.26208246004563
205.31188949486193
193.69094562116405
182.10538202548955
171.461751363879
162.95612925610905
155.8827609005793
145.76688630154104
137.24732870579712
133.01313081754955
131.3578932643299
129.51403890609913
127.5430979262684
125.37387102568054
121.69022302731679
118.83995046516264
115.65834854112036
110.12236751791463
104.55578560315321
96.57772094388486
91.05824812040423
85.3376993129802
84.48449870873091
85.69015095766561
86.38367343334035
88.54845453650222
90.65430245707756
92.97964954545205
95.16667514345231
96.10616259012495
96.04707519620105
97.81569434849129
99.11513873838328
99.31508056464465
100.724116873632
99.74012359165245
98.1471800251893
96.47820619874169
92.53421175493834
89.72565023679257
87.35210211499815
84.27465643012818
81.83687350645481
79.37293768871331
77.1638710430756
75.27448662138545
74.73127319885741
74.20635625976898
74.0871501224395
73.6675739605159
72.01603775610371
71.08083582278759
70.88928320237132
69.47887184332828
67.64746432206691
65.33582961446938
63.81878112390688
60.202595563964486
60.868973804126
61.486132655621546
62.205235461312476
64.42791676676967
68.87894055068256
71.26051598847026
73.9510241781294
77.27836192066769
79.48764162773288
82.85969903019749
85.68608097447203
86.5469798099992
87.76605613399812
87.33360687703147
87.48593996395417
87.72678395554676
87.30260736033527
86.73698262904317
