6
0
c
7.660271210804756
8.035333833983646
7.793771669492957
7.981136923065858
7.425886477327603
7.820621090578397
8.15458765677786
7.785921775275978
7.697171926948465
6.265276018978984
5.220336070450697
5.928699188979579
3.5950100505814766
3.296514083934696
1.7501047554715161
0.3342569729358139
0.4423096574454698
0.9214888825320163
0.6528029919714519
0.6823877674148526
0.8900342437157684
1.5356699231906603
5.540943416303101
8.437766952049925
11.816282981897448
15.338223101286845
16.534023490463824
21.422505544085315
25.20862341283639
27.469774958968326
28.092568034822854
28.28788168103993
25.561945766104614
23.170046513047012
17.844564927008953
15.592693756035787
9.222538415950119
8.16814780703799
5.546910239994409
1.9109319834529046
0.6995213685176361
0.21194071004088466
0.0
0.044502794172097404
0.0
0.15611736482514
0.12221567268896373
0.0
0.7099654830008703
1.8412883060865248
2.4839696096065547
1.9697731494476072
1.870533622240698
1.6322055176844468
3.0621912030790592
2.7436033846992243
4.041988820844872
5.250642718022003
9.885047724822822
11.49280248277518
15.197474708326496
17.008680610082685
18.174191469788823
18.33682683302884
19.878886352060032
21.745927820535194
24.291579014269356
25.61152000849109
29.257212552635245
36.115927236538866
43.93603508415437
50.121865695355346
59.96148895234836
66.97328111467327
78.33553764466164
90.54110790117953
101.31517182026637
109.53161373494498
111.0133396810844
111.95814272970607
104.51225098718241
94.84477264177336
79.51425869306638
70.12199232344194
56.216462240877405
49.31165069684206
40.82292964294255
27.05554000235513
16.388122161163096
9.75915570435378
7.698076561508187
8.007221007539924
10.167275736150055
14.887034846058523
20.85021710706089
26.90677584398246
31.109318174975915
33.00385071896937
36.40343887231562
38.56758085117344
41.92696892098683
42.88893678467623
43.83664832288058
43.24096469227369
43.842386139806806
43.656009845872354
42.4396319435572
41.8712288868693
40.80239282172352
40.21920837025704
38.30324903512322
35.689838507710654
33.57538800163077
31.0911659424281
29.07295863773827
29.695106878863204
38.44830306257454
50.559198619128686
67.98475508005365
80.43352697777166
95.39539211699098
114.03238957671485
129.52248937428803
147.8025898816346
156.47210827248693
160.68831229227834
162.84534609610765
164.1522636333158
165.86713718950088
167.0820794980115
168.28728202768767
169.99747115417725
172.05755340299623
177.40737012165232
183.40283623211485
192.17065142167368
197.77488289430903
204.40869090024466
205.69083092463296
207.19194035453438
199.67730867194874
191.8300852327713
178.87469113225634
169.76651392062809
159.90051429716198
149.486652553718
141.6214343274667
131.24435964520032
123.54262704566715
120.23274043441938
119.43433757922385
118.0027056232732
116.89045878539434
115.18385711626155
113.91138441321111
111.24335769231887
108.43492906615894
103.9306289556924
101.38228208202771
96.64950366366159
93.06630273692629
90.71703931125421
89.45888747501677
87.6571052280494
87.17053554725432
85.15840064164554
84.80790022954636
83.84108775115892
81.1290646774191
78.02279402073066
74.28915307795036
68.89806748218305
65.21626481148247
61.35259110452255
60.4035816939891
61.06523894971855
65.48630030434116
73.46784467991444
82.72031793814793
89.45153355779807
98.45292845982121
105.8977919853319
113.46805249953486
124.77594242607601
135.51696411646873
142.22324068365523
143.8437954661965
144.12443271100594
136.68343306431103
125.25675416949733
107.98745574654203
95.8979761259742
82.17540108055935
69.82465648447575
58.08536271111322
41.90993065322962
28.741309130683728
19.853521436901755
17.794498055257154
17.65671724662055
21.530457331186575
29.662011052032145
40.26241646562637
48.429597976486605
57.670929670204856
61.81930932070146
67.69674355706101
76.51936928754316
82.74917028224284
87.73493561486791
88.74714091142351
88.8162227018398
84.07918144115467
79.77601036582818
72.1053551065627
66.89774705678538
60.38297217580914
56.23320818486245
49.9113753439964
42.66666481617564
34.80023059295158
28.705620976643818
27.231051013539226
27.482611994309533
36.83419503047467
49.305568072424016
70.0128971118076
84.13882448163491
99.59799019779986
113.9897588730299
128.15329461882874
149.27459234175058
164.2842127965936
175.422550118669
178.74094054515993
178.89166385191055
173.93516565690422
165.39148075930942
154.5863009675828
146.92970025258572
136.74803575486547
133.64123106844391
131.22859830226565
128.66213431518608
126.88190850034711
123.9814629602876
120.65039265354073
118.01782427350369
110.45592429112303
102.71413514317233
90.76717267933518
79.77003910515553
68.03310376162513
56.099348995476944
43.65324228666347
26.229351065529702
12.965260350335491
2.4835524298168594
0.0
0.6510011386502634
2.8924147267932927
6.3499705723271065
10.557699809602527
14.904862170365746
17.430224862457443
17.877124118313084
18.635405309678454
18.526116517858767
18.663476879743715
17.87918511281083
17.035345348722878
18.36339105289373
19.5444302286324
19.036055489854217
18.643706418776677
19.847065253266372
20.14156431450719
20.705634884049534
20.63205950489769
21.284089907369395
22.736005283520708
22.990718754750276
22.29523406210421
23.507795313100132
22.843326777949688
21.77050266920508
22.719780643104105
22.650044614929293
