0
10
d
134.29359437559395
133.64480447268485
134.03475233573087
133.78754153470837
134.0139118975986
133.8819427254659
133.70305744331606
134.48988740057175
128.28597613574016
122.09241312721963
110.50269949310409
104.63334550118515
94.80787074471945
78.40434350868051
67.1263599653566
54.803197893339615
53.844437412213736
53.81177834936437
53.43742245317515
53.81626774009893
53.995623429296046
52.638879746690066
52.816233297350855
53.429849111569126
52.47542739909524
51.84672352629174
50.27385843024204
48.47755722757693
46.5874998272103
45.71950894724597
45.72118182891466
44.880111452044964
46.14113284610368
45.98230319447445
47.3448813198381
46.94444278870294
47.043448315607144
48.242414842086085
47.64190748038072
48.172524907935156
49.80174085861754
49.538479298232964
50.20510051509723
49.8959243258781
47.39410129881396
45.33016461759414
39.82803426922456
37.23080438794383
32.92563267607113
28.54199326091242
25.248543524818565
18.82261601604728
13.485931282855935
9.791073239587428
8.72600904974766
7.7319457847722335
12.094258039808969
17.777453491723946
23.993910700142838
30.015616860971246
35.78979128872655
40.303643915755735
43.20907521227358
50.16230030693022
55.025010371773746
58.96069098598023
59.91912050967765
59.33888540597586
59.15783528868446
58.083196849224066
54.342674431996144
52.81785201551552
50.41155796285837
49.37949905446087
48.16756820814182
46.461410028605194
45.004779196129945
45.964211372486645
44.28452209092404
44.80207606694729
46.444964858084106
47.48433912431506
49.89857157770577
51.79800048097008
52.938518036137616
54.773651778920616
54.34665925194826
56.239437727467134
57.14729604358182
57.85493272992557
57.655667265303556
59.80199771378281
61.06762215837986
63.8086632075029
67.70945468602243
70.35349515771472
73.85642886888078
77.3336749885214
80.96522877876876
86.84945535006642
90.90659609998316
93.70977846139752
95.14462276171636
93.98049900860414
93.66332008238801
90.91343637974532
88.05994282532312
84.93827289294727
82.11416204698
80.72508626346195
79.139346709654
77.19796304422485
74.6490837579827
74.83911186806093
74.22537325982616
74.76431993203083
74.22160336580464
75.57327820544077
77.03009898089293
78.29722575224308
79.22719850099182
80.21528737749885
80.24781536617775
80.53527491946771
80.49990891252861
80.32029835230432
81.23169707476137
81.5551592317396
82.68824034022445
84.72953492532409
92.14227485615245
98.35341802661416
106.30187660058878
112.30012915161107
118.69125987860708
126.24281833258176
131.49821325128093
132.66741585538475
133.8604631831285
136.1057541971556
136.34243559848534
138.24827337320275
139.53359454694598
140.12821586274413
141.07579930640645
144.1056192026938
144.42718320074368
144.5791205706169
145.4824113120955
147.87126934611047
148.85320172692983
151.8485628232139
157.73246663814578
164.65927801417152
181.64923258246276
193.28604890815174
209.20375343761282
223.6469786821802
238.26838612928535
259.24741404549525
277.91884323696195
289.0623951025482
292.13969852558796
292.39236241196755
285.37482896878964
272.5871576871788
255.9431046121166
244.3155854623328
229.42045552493744
212.44472255331024
197.20321009770123
187.0669499765021
187.38629091697297
191.12162683016524
190.83306024397933
191.1398326434556
191.18090324453487
191.8444414123757
191.39719165122864
191.5054715414117
192.2784464134654
190.22301015737582
189.36260866895677
186.65434016220456
183.5944966623275
182.66671935485354
181.07432586490685
182.27872685563148
186.18731144784041
193.47978929226645
203.25547149619717
209.66784945813777
218.07243300142233
225.32258948155862
231.77058407748646
238.5216274845036
244.77638331509976
250.5910896190409
253.63996539674307
253.92679546056107
258.2761056489397
261.76855810266505
265.59183302991033
270.46877929044797
274.7450970189382
281.96327787760185
289.1055833402128
302.1500871975361
310.492296261665
318.55645413779007
320.53944744138255
319.73876379931073
310.39342396015604
298.15379440593426
280.6495740912946
265.6189169426245
250.93121664394707
237.04221190418917
225.94437184845165
212.33487760632383
201.5449944874794
193.55583736897225
192.07021307891085
189.75516646638602
184.66758106656272
180.75675773731493
176.20462011778227
172.6389752755225
168.04981475585177
159.46578892806892
153.01105956456567
140.80603201676436
130.84666616730644
125.41361479807553
123.54455454790177
123.89905073991322
125.19611468593888
128.15416877177174
131.94065808206142
135.00214752407297
139.21615220191686
139.93887899479296
139.64494701118946
142.87024381872956
143.71605865789346
145.77084407402046
145.6546530938693
145.58716890771635
143.74183115246382
139.91090328034522
134.66105825862422
130.58914299443904
126.84542651653639
122.36305246750453
118.95916024466094
115.02206480293955
111.69890769483709
110.29910631071655
109.05877442324491
109.30866449164822
108.14148380609764
106.53664402983505
106.10383614828856
104.29453026163897
102.76943924714206
101.41665818058934
97.6997294630658
94.9339675257003
90.63579221750099
88.48906250828932
88.671295078522
87.35603068214459
91.52610641060994
94.66367382108389
100.22814151993092
103.8055470771917
109.29415032055189
112.95172342980692
116.6671839205707
121.69593088503642
124.4428259116621
125.67938099545856
126.45276667360257
127.74301642169345
127.21528562628511
127.35969520174139
126.8614119984812
128.33793909494435
