10
9
c
46.69346173523298
46.67870793673325
45.81326478066712
46.748151466659515
46.51449881872568
47.253248509627994
47.03976061514273
46.85864056371975
45.86086396753836
45.35393481987168
45.44008197161847
44.714551767916184
44.37178156179422
43.79613665683144
42.75082274629343
42.24714050279197
40.603229910940634
40.866695633581166
40.39398192320814
40.08562626170186
41.184869160788786
41.93115713195342
42.73427024033864
43.141095903767685
44.39554564527561
45.31937548822685
46.67510641371577
47.250146935213934
48.73765358504236
50.35161275886577
51.249505217139905
50.59974387940002
47.37629991331678
45.154660392374815
41.214475020482574
37.15687670373455
34.04744537814416
31.03038403445337
26.989840575351035
21.899809623806913
18.489695061819845
16.178381849283458
15.145583912793663
14.957185446305798
15.968560152263276
18.557133097257484
20.746985442573006
23.88492051532446
26.26494763673485
26.139825127960624
26.310488033522624
27.26529602045434
27.81278386238648
28.173839030623103
29.000902309839603
29.826439477753627
33.290907025291816
36.05304740047649
45.05783593093346
51.974873921252914
62.30006703562857
69.27498295244087
77.79484401927687
89.21332970432759
96.90691117076737
103.52822758726357
105.18770044487586
104.4985278270845
103.39473308215815
101.1233760630376
98.08270225961547
95.8989254840542
93.45301492199204
94.19684779220148
92.69197534092686
91.08659530493887
90.97430903115333
90.34428455577384
88.84782314069164
89.94377421505273
92.7890977451538
97.0251776851988
103.24885668740629
109.76967259362266
114.04247276232437
120.29175096650722
123.65607433584475
129.58351504030958
133.29032667674224
137.7351322798836
138.65114868393962
139.70853847830048
143.18010338280268
144.968212227934
148.25740955896228
150.26972829644143
153.2366542163674
158.70842737875063
163.9758171465302
171.4728134219332
177.87453637309096
182.34289811922832
183.56192419582345
182.68928718108035
178.33351227582813
170.37762877650687
161.42400406233642
154.26572901221192
145.7741095896702
138.58673735904551
132.06905293767164
120.52580600652445
113.44600002622619
107.7395532733743
105.44644415903707
106.0624392982729
110.33622008803471
117.30295273607119
127.91750185007028
134.5232606023225
143.10258951984574
149.87141001107526
154.51268174723583
162.73834555237
169.32437621013943
172.549713936948
174.2641221351672
174.61203109634351
173.13405618085733
171.835710070202
170.07563454814473
168.4366591963699
166.27015608268084
167.01623733703764
165.34683689076576
166.66443333738152
166.99644090359183
167.48283993126304
167.02269880364628
168.1021393461778
166.59528148429226
165.92917579095297
163.129707339783
161.81808393396238
161.7916840377773
159.1843895007456
157.7990957881383
153.47353976412214
151.2972799558107
149.18693977138756
149.09339619212435
148.4756863023569
152.53688928101155
160.5732560831253
169.67265516534744
178.97172813415594
187.24148387394774
194.61861858258968
203.52571004449356
217.07862365065415
226.07872497436233
234.10454902020578
237.08848987163853
236.27660491209645
229.32141629469675
219.578841274173
205.11928965675162
196.14306628139516
184.76240775865384
175.63115436627012
168.56591485764687
154.8098209167226
146.7193956249384
138.6206794279433
136.80064655878766
136.71270055926766
138.8440482245766
144.4975144820065
149.80492736476202
154.3574902893588
157.97491740708816
160.7535876393304
163.3105364898771
165.7424225027547
168.9130506512084
169.9283184496574
171.11953612008085
169.7884357129655
169.11562091593328
166.7480081342316
164.45714057937
161.71119895833465
158.62186130967092
156.23996871414369
152.3222115021161
147.2552988402907
141.66089815710868
138.8942513141162
136.67875788041354
136.71611363372452
145.51178393081307
159.5832276503053
178.11576057715342
191.38641467218463
208.28743225991445
222.8172160507134
238.02210343718403
261.23967766377785
279.35399348663816
293.0284011786882
297.4235254316634
297.0937046907957
286.5185557454131
267.7968929148926
244.07002412456458
225.4944134491188
206.01962272035414
190.21239414292293
173.30817654490195
149.59610940909573
131.49083036835444
117.5207546229354
113.63423694330231
114.29953462503933
123.74588894286144
140.56550939998797
163.26454313975756
180.2694753090161
199.71302408918038
214.85413179452817
229.0653667409673
250.39234399368786
267.3982088480621
279.8856652199604
282.3655703701221
281.3642763886816
272.90405825275525
260.3160940178007
242.49280038419303
226.52015141978055
210.00008800128293
198.25828012345224
189.8957021708002
177.37203697077993
167.32791958793007
161.86096034586626
159.42017275445676
155.91693477937739
151.9198424118066
148.21829652368893
143.51489821000018
140.35058274126985
135.12678277406272
127.15137199353472
120.33895543842662
106.6506972403638
98.53745733050239
91.2768931067349
89.2211783031369
89.53283170139696
93.87458180743845
100.21613149170666
108.26555092613947
114.61694169739198
122.50125507149757
126.87608557594108
131.52488399305992
138.6684096899376
144.89579438060036
148.6559586566116
149.56832435444562
150.8856728575417
146.26848093878993
142.58330038979238
134.81126563166762
130.34114713906538
124.41389431686041
120.97814824329531
118.5892415397849
112.38243822077989
108.97268068690452
105.48515482936295
104.01230201157018
105.46636178218192
105.82491254409729
105.51864093409823
105.59832795003236
106.22741468644882
