6
11
c
159.10842226835072
158.05977812621208
158.16849790935427
159.10592765640803
158.99280189179856
158.51818889755725
158.95505457070107
158.4913607554702
153.31974188081642
146.60444753747637
137.20475143504422
129.8970396300553
121.26430505624707
111.61104587740681
105.42993753643691
92.38480394233738
83.53826159699753
76.55418979239481
75.24282092874418
74.59492392258329
76.16990582847382
80.49487419610415
84.57090072574275
88.2763177161865
92.1851835129758
94.48320359894349
96.10575011457553
97.38790288987265
98.2696678850798
98.90484303520454
99.24500504609217
98.66657232228069
99.3276039796637
99.58086271717782
99.62606105684954
100.04330849266728
99.99228666035735
100.75864476599524
101.49833762529555
102.45550502178678
102.70642913783234
102.8562275854869
103.64774416658517
104.27742484273018
104.19679311910258
103.77382708736647
103.19705468733092
103.34016100137337
103.2691838059369
103.14132106864088
102.80705022620742
103.29364448849685
103.05447604544176
102.70684409605083
103.89513318764992
103.06380875717082
102.33882753540337
102.76831767073021
102.08648932592976
102.50258771258981
102.90734697437917
102.53322023779016
102.2785529602778
101.98767304630904
101.72027765667066
100.29308660172389
99.90138485087914
100.8647367207976
101.94007644936535
105.25710102059028
109.75411793183675
113.44513492409118
115.71251104617447
120.98244018724249
124.94990785882321
130.66124723396376
130.45062517445052
131.89232556127718
131.24854987801766
130.84515257491466
130.9297284455392
131.3432129369217
131.21148798560455
131.66227666168845
131.4049224563938
131.03553481572285
131.07130905924998
131.75953456694856
131.9019937900425
131.15068286213486
132.13829294749195
131.98312360343598
133.6001615422706
136.3682064492499
144.69603977434946
153.68074950256891
164.83698369913773
172.21863888287984
179.9613849915082
191.3183714158713
198.76122382075442
205.69016822354422
205.9517044356975
207.15907503404102
204.73488458790203
202.67774603305935
200.71449966615648
198.71380169157544
195.61658888012582
195.79180889233308
195.9761939859602
197.38982898332603
197.62065824842637
197.46518157293394
197.5983522099576
197.63497013697793
196.33351593474626
193.84974621346456
190.56203976001024
188.7055469103151
185.13843002579463
181.94511384393962
180.16549040941374
177.2177589048591
174.02143964422444
171.48488360439222
171.04651146896808
171.21529756142368
171.35643078896436
172.49237664662564
174.10808668327775
173.39526884675175
175.12353893604183
175.20841684414756
174.28718479247888
173.48573464601216
173.49387343849995
172.3713360347841
171.45566354411642
171.32612744603537
173.78808719666316
177.80193414655378
183.4736889893954
186.29341848520417
190.5930424283828
194.44575964093923
199.20185869251432
205.0443468838239
210.0120463255231
212.53043484677522
213.88646595359467
214.51344502300003
211.6045717814796
206.78197232712787
202.4860121213327
197.13345340514738
192.7159245201551
190.1295226102701
185.63812799144512
182.07942711149303
176.954684333061
173.25646598979898
172.73586835274654
174.23947322993502
175.63257292648893
179.92484577385216
185.6087123797414
191.41471759797898
196.2162905021299
199.3872124598549
201.93859815931464
205.72853857574034
208.3335055134459
211.3099243847134
212.78240818133077
213.83755654445676
216.94478345347537
219.90256810647074
223.32550220244272
225.6203862076256
228.74296111829275
233.79032336674277
238.46408972550546
245.01191994166996
249.4343256961121
252.94316776425683
254.23233417175
254.38637101222486
253.02045601289856
250.99764363201615
247.76039653797994
244.37349074283946
242.32478173037185
240.3015986953346
239.31837306571066
236.2340539375321
235.2623887724715
232.36003916651063
232.05319682180075
233.00264702675108
234.1800709188958
237.59276523271262
242.69961269950687
246.02727934033786
249.96984830198656
252.77886451751507
257.4129778069821
261.05829163926796
264.2965859151822
266.91780786557496
268.0270103437269
269.0193755960893
266.79435335694734
265.29625358444474
263.82821608895006
261.789903251406
260.6353019529668
260.70274119487664
259.6306053767512
260.1054604341685
258.9079575832493
258.0937954947725
258.4968892400817
257.8402900171517
256.4715319206073
254.56325656544936
250.82024961175426
246.65221109510404
242.11539099950207
236.4631592391803
232.14304905645758
226.99670151817992
225.56491237960032
224.67357626104712
224.0191226224532
223.57933221186096
222.53096865631971
222.96122519196655
222.04081247414715
222.03557516614063
222.09014993594928
220.94335897476853
219.35203806246756
217.6803149043255
216.91002278413228
215.6719679555314
215.9478196859408
215.01274016765538
214.846084493359
212.99320543501156
212.44962839183646
212.43361204638646
210.8523044495776
209.23219509671986
207.66730632222115
206.57973363474423
205.30440408371638
204.37226539008304
204.3261304351021
203.40755158970634
203.91375257907302
203.93457828189068
206.04601605280712
205.49866604971064
205.94203087272672
206.15874245569003
206.76482692106057
206.94793877693425
207.51716674817436
208.60611418138052
209.65874737738088
209.277426935535
206.9132200742225
203.18835813332643
197.51742372786114
194.68260280735927
190.73228729380492
186.33719039628076
183.1912041021566
178.90260630380217
174.54000010476642
171.83728824266578
171.1299057811002
170.95452647915204
171.21320662793224
171.06568062320838
171.18670120190023
172.0566637455517
