1
6
b
29.34019150870916
27.835370937110753
28.383006423163497
29.263848379283687
28.943793811399676
27.46671460483439
27.999708063868216
28.935702410813718
28.63057684998128
27.79803716947478
27.811540694851256
26.751895269290976
25.71553134824748
26.385694895994977
25.305624221702924
25.57036478772215
24.96100448609151
25.40626108896331
23.50324217424466
24.268743569487484
24.28014681270763
25.20580724410152
24.62912557857333
26.033143431456335
26.393044089268457
27.31285578644341
27.72029067458038
28.435058809305193
30.13120333881732
29.7847507537216
30.70605617606611
30.281467450541154
29.67655019951768
28.026911027433755
24.86988890566006
22.615026220560242
19.96764871734577
17.980476587961096
16.188762331858772
13.888418792496804
12.10114745924633
9.15965540537472
9.440944979335736
8.783116422661612
10.254854424295635
10.895209679923358
13.13118944748461
13.396240601475672
15.096934042077157
16.02988608030137
16.256140942680425
16.652933725489003
16.346849138908677
18.334636969953678
17.52970536071214
17.365565988766793
20.327842409515707
21.811739049754614
26.702882422133616
32.12988727884168
37.784751396878306
41.83716317904922
46.64060420432706
53.570117474517666
58.49671804960367
63.08739308556667
62.99898552317242
62.39453372644653
61.855478836131645
60.653456781080564
59.35336730471994
57.17403314614181
57.087679560876545
56.329277386488016
56.00794771329201
55.349014007139274
55.01110302223354
53.9770036335462
53.12753215695802
54.31457319937986
56.26256545662569
58.43767399539934
62.63454384161583
66.26581355472065
69.32569742083314
72.48871471228507
74.86292555827606
77.4186359922166
80.62502703717728
83.18882026131337
84.25841237143325
84.92457560311176
86.67067787901853
88.17401391429034
89.72539493970832
91.6400989266857
92.41506741001548
96.06822261068967
99.39423477719455
103.85430293971244
106.82307782272629
109.93885736998797
110.94213654766143
111.13306410145594
109.17955616918977
103.93928913490774
97.8033366617704
93.51594635779236
89.14504331215964
85.04866701284082
79.50067302520654
73.93653896227106
68.94801925408294
65.55660316700536
64.32997822685836
63.09848832175221
67.54062760788938
69.95308881216728
76.42776335447671
82.52781080596068
86.7743060778791
90.71478975525756
93.46102367998351
98.53783760074367
101.37769099938629
104.79405085586359
106.10351528275247
107.50153013480339
104.27503149148986
104.59975714008661
102.92982866295112
102.25928746568701
100.96342654065927
101.31915363026664
100.90335501946389
101.01223098097024
101.05803496572116
101.65221017288441
101.83998156383596
101.02468680752015
100.47145600155653
101.33491125740474
99.24131571101834
98.71679492174574
97.58298768668391
96.48048657949906
95.6034267425751
93.65418028865888
91.13445367050639
89.44476598659512
90.21960271080471
88.86925093334662
92.28164840085915
97.3072926784466
103.00531124817306
108.44877195735603
112.56242896465385
118.84282762552884
124.28761494027071
131.48840516604704
136.67496559457015
142.20506750991476
142.9277980861919
143.02154185042397
138.80149788574977
133.52142412454614
125.306872764438
118.63061277374459
112.42920248758466
106.89911737487695
101.90411958970064
93.66584402295716
88.54355602730638
83.85089166546915
83.65362578683616
82.73628968641293
84.22804365134517
87.05099698452338
90.25356317566529
92.96970052654422
96.97558038508858
96.28565362315308
98.38471632685784
100.97439894097947
101.87869744247239
103.6112813930133
103.1953296560815
104.15441170185433
102.51808192543511
101.05177970555944
99.08299958005578
97.84097735301039
96.07450332396819
94.66859714686406
92.46448443926907
88.89713571415041
86.08385160767358
84.23502807868404
82.02912569790301
82.32190890893739
87.88386499380569
96.19161758618486
109.05383342698143
116.4893721036352
126.22799617099882
134.9289615127487
144.06651642103145
158.79981020767502
169.27052024296958
177.6765982318514
181.07907051088694
180.6070480392299
173.1666572354002
162.56959922351828
147.4697418404123
136.53936917550126
124.69056465684129
114.69388784852244
105.13223365129329
90.1701926771872
79.336502752716
70.46159038368273
69.28267589561894
69.20020543756677
74.56508680902415
85.82715081432605
98.32198702558703
109.65027919118958
120.34544892008924
130.0454826744379
139.1651586823784
151.91392307297275
161.4815325844923
170.28840848082643
171.0899022694681
170.3525701476181
165.82718531847655
157.6384440216747
146.1827703758979
137.4307676238692
127.25662319612566
121.04848233176796
115.10487042176794
107.86364554272694
102.35875149006011
97.16597940377973
95.26715897767038
94.86551411679592
91.55027301065547
90.31675138459543
87.37498621772045
85.21097836359529
81.6580924357325
77.3873886375843
72.63276571039243
64.93321838675122
59.390626032268436
55.8625213842105
54.650402643327105
54.29913675792589
56.92817105461146
60.20536635658279
64.67614625020562
69.09776380167789
74.21132606637643
77.69826227394077
79.8503244324839
84.30735390809795
86.7938399555709
90.0817338918623
91.18656501957258
90.89354343508059
88.3871880567431
85.59032223760335
81.78036393111925
78.89783975532842
75.6342317229735
73.15443817353513
70.70632773449154
67.98247016565291
67.03514964397984
64.05564891267792
63.233925071894824
63.141833670451454
63.20158205098307
64.1509387751825
64.18406850676963
64.70361280691297
