0
2
a
63.27604193024316
62.37841211539131
62.158335550401624
62.02849308540494
62.575758229359955
62.40996193719023
62.57489435814101
62.12079363730654
61.70929848097826
61.01168640665445
59.55025120958934
59.64256161041995
58.99199642674454
58.20823347572555
57.60475848685495
55.23008906963011
55.80743746196873
54.55222227258041
52.883172699932636
52.575787476166745
54.61729432437214
54.29195291226179
56.498951068952366
57.34804292033492
58.95338154243563
60.214158405100044
61.11473636479177
63.357298927595416
64.90019094262497
66.44162428586091
66.44766823255007
66.8286495439406
64.26662748990451
59.73416122990484
53.696758550396446
49.39198997465663
44.66256200215419
40.46940578151161
36.50215665248934
29.396889811272327
24.64520735822375
20.289937345346324
21.185682345134364
19.836501908846042
20.78212444153347
25.716430693114752
28.41155700916663
31.63098341687157
34.95664851152683
34.86494230901804
35.843393202672566
35.91985109229128
36.1521292211116
36.35747235305498
38.282775060303955
39.86171768965387
42.873034350822586
47.70457015187715
60.54360697893696
70.4244232361239
82.78141452801493
93.64981015306292
101.97198140592894
118.29941722609512
128.60093231038175
136.87302110544996
139.001567150392
139.26150621431015
137.58185205207397
134.74925955075818
130.37464505014293
127.30625149501198
123.46449417552306
123.8943841727695
123.92849540814
121.6981971765496
121.5794294165003
118.73218991501868
119.01923506584158
119.6042023906964
122.86353775473142
128.60577169971236
136.93268715776128
145.40819647434435
151.88392260323397
158.39423064848958
163.95649233729714
171.36836643796593
176.25039600811442
181.52994894453124
184.20477323425095
186.1051325869346
190.142426741056
192.10272456869347
196.62132603600554
199.3222007913432
203.1823289886843
210.65659970388103
216.98031382006593
227.44582445607176
234.63386353303736
241.28205322715297
243.37457534462163
242.08749159074432
237.66566077772669
227.6266151497106
214.62123765642187
203.86339186435038
192.55758550493192
185.09488748140205
175.1908308825223
160.75882861332875
151.20710155888565
142.71302848601113
140.0652226464408
140.71991606983462
145.7528182225074
155.8553642225435
168.85124067163738
177.6533664132971
189.47753122743933
198.31463079217212
204.67221141543436
216.03998592095712
225.10598754254698
230.46464980547182
231.7078714438345
231.47759119376292
230.48613068499202
227.8412368513022
226.11487469917262
222.53055479280567
220.3475179796339
221.3061545811782
221.04083573518173
220.42130908752424
221.49399042028782
221.55373022811486
222.21070844610358
222.33973894090894
221.3910462612972
218.7031668476275
218.34585994484416
215.23973151046695
213.3575005697397
212.3170542854792
209.5265448670499
204.03068982549752
200.45740757515753
197.50675799030202
196.63511215011866
196.28936157866073
202.53582179648555
212.16825944869197
227.24185218662294
236.55759564407538
248.41402650312153
259.87267378859474
270.593942463489
288.34764589807975
299.3973971542877
310.42085978496533
313.0508537370696
312.74615173206234
304.96897951383403
293.020271131978
273.53209782770875
260.17896486784093
244.5721971626475
232.90065504898382
221.94368265813574
205.91210816148964
193.37717443003956
183.7246909701134
182.11540588798832
182.76994989852173
184.7105117843139
190.77631279070582
198.03628834025773
203.36959912091052
210.51508397800808
214.3089413506482
215.86956762142677
219.14409244578303
223.49566174483567
225.751364637931
225.91259601236598
226.14879178193954
224.67765875093568
221.19805478030554
217.8574857729555
214.25035735315862
210.6360997633139
207.181889700275
202.66744949709226
194.30427782499993
188.9428634750089
183.2146686226913
180.6436638166713
182.23846716097978
193.93798241815486
210.5546358091194
236.81076219157006
254.46082422820436
275.7005945253716
296.06738702736396
316.667410884223
347.9127174520171
371.15976894659
389.5476864929484
394.9770604636181
394.9983980209014
379.8623323276662
357.0366693698365
324.3487988872022
299.95084403700406
272.71813405535335
251.57430957691935
230.32447534549547
199.58840041451515
173.50222567742628
156.44352801247916
150.3421567168937
151.24280181154538
165.43049537203387
186.4415941334658
217.54908713541928
239.35701799838995
265.5706027312038
284.02950204858945
303.30264869519885
332.325345014768
354.1454270459423
371.1910001835962
375.08530296857646
376.2385667760069
363.96804653967405
344.47505942140856
320.6360528686033
301.29947649883985
279.1465989922425
263.207201010253
250.86930214332526
235.46311459506086
224.42263150508842
213.21081242380467
209.0267482552673
206.7064766054548
202.00596390136775
197.16548070631842
191.16746120539062
184.96971133946468
178.9033351631033
169.3900697508818
157.72658889503145
142.47508855367292
130.3792980710178
120.19466143060247
118.69288500614796
118.86457998520605
124.24911338307679
132.27203579306092
143.58079079415415
152.1428107557587
161.97966232061458
167.94254383486683
175.1003010312225
184.25126035424663
192.04069592483177
197.71471446388094
199.66476351049553
198.99406688962472
194.31050296186302
187.90432749616957
179.51686268032253
173.00219096133125
165.95394295990863
160.02622075136156
155.70244207370038
149.51047778225782
144.31884331202872
141.42197801896563
140.3384507181264
140.54759319341474
140.94306000350178
139.9370554638896
139.73720384920594
139.90616552537958
