7
3
b
110.00626144903168
109.1768860863071
109.04162346972939
109.31700199404801
108.41122196185103
109.80204707366418
109.33219968217206
108.68630961212423
105.03305815300169
99.07988812275228
89.54124511441503
84.33119927950708
77.8281817586304
63.06913676962241
55.41990493415036
44.15335610276154
43.72496301787946
42.93787464865377
43.99820707447723
43.62314063150476
42.86070645660326
43.7814656476087
44.33539022835024
42.97602620319431
43.395349705128034
41.71887657134431
39.91868834102701
39.624570987420476
37.48253910219267
36.41105479584145
36.99748032633839
36.10641122084003
37.427203644994236
38.597584907639835
37.608066894588774
37.65301382086592
38.35483316895083
37.72962104407263
38.184369518097995
39.38593018996706
40.60272542956371
39.927269626132464
41.31532027427172
40.88592520807086
38.32043859618031
36.69055561959937
31.965853957916817
29.798263614378467
26.739984028701034
22.93112771380565
19.763666465019444
14.78111439603922
10.90189407997345
8.763232957737557
7.399297956055657
7.897574679975142
10.328167451394574
14.05979498155703
20.10228074107058
23.195281573179333
28.87095557425769
32.149765825830045
35.42631939271583
40.33407193664591
45.34849748373774
47.997336737370865
49.633127733298146
49.49407782736183
47.97263424730069
45.96021274108461
44.79245771057635
42.23197822529258
40.54935751499706
39.64995977683379
38.263824150117635
38.66145891405115
38.16514229640523
36.954517087534946
35.805669716195375
36.80271068117498
37.90986493900701
38.279659709573934
40.648887020972836
41.88444856065376
43.03314539627362
42.935251650021875
44.39441539876841
45.869716987215675
45.67138288917485
47.62068160282894
47.72470619603856
47.98338161893833
50.05231042871687
51.7783953873408
55.31238539975909
57.26684466098286
59.59704716468656
62.50855869162217
66.154540783784
70.40054459620444
73.60348335262681
75.93486176571793
77.67294001865078
77.53087429940992
76.08788672640142
74.39645061228322
70.88639310605137
69.21148011187981
66.6793448501521
66.52063818599545
64.31226838409407
63.66625761287999
61.52403034586283
60.72634364497102
60.64443820658242
59.84711192505212
60.01419813266502
61.58828969533829
63.539535216128
63.643942656479155
65.00658092974058
65.0920934753752
64.88527315726529
64.95843085273164
64.94553887727976
65.36898502205915
65.79753730940989
66.92679974514917
68.04967796711458
70.03009608357746
74.32303367800363
79.61329441829167
86.42831788575849
91.66227804688928
96.14087923617173
102.84250678202015
106.26567023176828
107.70450310157172
109.05910473025179
110.98056460074001
110.51107962028341
111.95517670443965
113.07640998486703
113.52234302682594
114.56457464053416
115.7384266342487
117.42884798080341
117.59450085488812
118.80850392324004
120.8160794035378
122.28901564494149
124.12550556253149
128.18076002795013
134.21356281679144
147.22873314212615
157.74874659568286
169.7154998096951
182.50982048188405
194.6829186626215
211.99621239862313
224.63075872629332
235.87278700233713
237.15715181260543
237.2502374668693
231.59501792943493
222.1885499660147
208.27781155097702
199.1416072897836
187.0633850802752
172.82111995460454
161.14139963559796
151.60060033678417
153.50530161032762
154.94931188893293
154.8947526473399
156.06564298942166
156.32847082976653
155.37072953314527
155.34227202266058
155.73055644703774
155.57090596722654
154.45350704600258
153.3984015536883
152.120532322038
150.87053203144214
148.15732196634548
147.54699380663567
148.5612330987358
152.13201681039837
157.06143336868692
165.0911250168024
171.20877688016373
176.78500725940924
183.1392780885599
188.11372949002984
194.39349530323187
198.2002939820797
204.34355980775192
205.66001770911947
206.4160410326438
210.6690306944264
212.226635260753
216.41649813159034
219.53518431513487
222.7899015024317
229.41652031553932
235.56624278361963
245.14607518917035
253.33900981447465
258.6863858874394
260.74722872281615
260.22530402628803
253.59657955081346
243.101938069268
227.24423998132494
216.25314194503918
203.7450714224407
193.39476331540223
183.47266250687804
172.71658364312503
163.6517507993611
157.70246321617975
156.13776962817133
153.92278521920838
149.39669616571152
146.9427440756231
143.8033181629086
140.084169256334
137.05725093003753
130.33017609246824
123.69025690186271
114.18985226317734
106.64857224377872
101.54546244516412
101.4298291368839
101.39400157107167
101.5742399841603
104.18842864615767
107.73921932506636
110.52703124965278
113.52526911989018
113.65727104788924
115.41157027083109
115.84439430965578
115.80906566504474
117.92706167356916
118.0852290890178
118.47779380453862
116.03615016229415
113.54409232648639
109.58460663277101
106.6566566256916
103.49720045938545
99.87159181438975
96.8581927120309
93.97975031442184
91.71054769439549
89.81301087338062
89.47262212827147
88.1020733251649
88.18148119311567
87.07124523336557
85.80838691570857
85.18532104965263
83.47037721398758
82.86595260730928
79.68543729701767
77.02686577590634
74.92307596018784
72.99057635426281
71.49429693567599
72.26827627621816
73.87190509626024
76.88107501440408
81.85640063325931
84.3125879058581
89.7923625931381
92.42790337492995
94.80075981815783
98.42659534313242
101.7693294296918
103.27701483728954
102.57160794273142
103.6619121719933
103.64945007930059
103.82218700189236
103.43855786014416
103.20415441343009
