1
3
e
163.8026348049546
163.3551667951314
163.21670734681555
163.81117338171524
163.4369967265538
162.84368095565054
164.12835719241966
162.57416608177013
158.6652706106269
150.8257110612491
140.88418514458843
133.13532253991966
124.91736299725092
115.82493792975964
108.33842058872608
93.64945569217856
85.20477606127487
77.76140118066087
77.09983236768758
76.62249416000633
79.55547199692766
82.12086790649488
87.59624741555469
92.27991598411643
94.74306915752689
95.94502394433424
98.22865829467032
100.33103567000136
101.25783805014471
100.85047596839946
100.98311949067742
101.05180082634922
102.27843229845462
101.49358833010619
103.65113436845299
103.08101248902946
103.15648714158056
103.36116089179545
104.98642475017321
106.63259092264904
106.2352758262453
107.84628688384299
107.72504460634107
106.84221044767563
106.9470852505794
106.80888195401812
106.74088287668711
105.68020513789722
105.60396271693521
106.75651810707082
105.46026350487942
106.1657386212589
105.75089688157536
106.61790611207925
107.20785863004282
106.06739918123502
106.1113920831323
106.46722667482604
106.85188074414737
106.57454911669919
106.33300286349547
106.03510960764555
105.84344046207875
104.83125128548315
104.01493108814634
103.92478872954969
103.96440982036545
104.1729643566968
105.65387855828833
108.71043177692465
112.87890168109482
115.04006754047889
119.26870290343929
124.56860507574993
129.16554088216955
134.35847556068
134.44055347887442
135.1873529935786
135.07754622974036
134.3240316370888
135.39967962536278
134.5308780084485
134.5388449957716
135.67288318834636
135.73201299434285
135.4710019957629
134.97749486941612
135.4144228649106
135.1744634487973
135.1680939967473
136.6721801909919
137.16673368852602
137.74513341353403
140.36906998519152
149.56208681117633
157.70917528728802
169.1896329257995
178.31748604445525
185.7091311918798
195.8723117981812
205.70373910294956
211.1548582912153
212.8278511320303
212.82536374850162
212.05524994528994
209.23009001304365
205.2679134057196
204.31856125243334
200.44853751842385
201.17910055880688
200.98597542873867
202.6528520882688
203.29318390653174
204.04917692182286
202.6338597345595
203.0517671810904
202.00747497870688
200.43038575785337
197.00688214216746
194.05376291063288
190.52498843477082
188.72375911979918
185.99236248799792
181.84106613698754
179.01844312239362
176.24539856469383
177.1998503405262
177.4929897955377
176.68101576140077
176.5742759040498
178.7539154145945
179.57603222181538
181.20467127541843
178.9919234222499
179.71473029936146
178.874073637689
178.16256945454813
176.88912770111264
177.6036590947171
176.88253308480887
179.4407230289068
183.4859408813207
187.84959863570162
192.23298943440517
196.71299608253986
199.68895708330675
204.54146398748495
211.29014870140915
215.5649309351452
219.50110190480777
220.89251037481287
220.76718320729557
217.4118788040267
213.62749458707282
208.3471930973294
203.73015828288817
198.07784278079643
196.32279210789417
191.38985712615738
186.5270430577873
181.43512887764703
178.50844250842823
177.4825849630155
177.859591031744
180.5542939878844
184.89415918228707
192.30651181849578
196.37353227562463
200.98876403987094
205.24140588551887
207.71247576516828
211.1467624684557
214.74222098141996
218.41557171543687
218.47992620200648
220.6847476796368
223.7635897047776
225.83669908803338
228.76950932379054
232.9498410658445
234.9331203229628
239.8640597667661
245.51970553700033
251.82015429103274
256.7313401956342
261.1356715653565
262.7314287784171
261.7822136476229
259.5566801026149
257.2998426631712
254.33905046278974
252.37695121537303
249.83267141939783
248.2496475992258
245.84786558464845
243.3894614149384
241.04003649255787
241.0174296339976
239.71967196798053
239.1996926076242
241.64194181952286
245.76795867846658
249.19494300230178
252.96483780413254
256.94505461276054
260.2246633320127
263.2495147560477
268.7634485484145
271.5409697132775
274.6610476533006
275.76711605324607
275.29989459513416
274.0252906165106
272.7467928879885
270.1106824562339
268.7564821508759
268.75419356296726
267.1601709309928
266.85233060691223
267.30733457618715
266.6533394496085
267.2348829071053
265.9152489478705
265.47276841534125
264.8663272391867
262.15072125843665
257.24581278386387
254.281242484706
249.12119085240056
244.50855886884943
239.54402640593358
233.39285655670477
232.19360292130972
230.26560878778724
230.05447407587894
230.2176840225163
228.94760972247323
227.58860582404918
229.5900963495477
227.95672473576988
228.3886395712219
227.22300800037772
225.36103946710315
223.93722385096598
222.99361877783383
222.50238355399782
221.5387904913412
221.15337952372568
220.8582920124165
219.47318668887272
219.77366682437975
218.35598369368216
217.36088229191137
216.75969113580715
214.9458602379227
213.24923792897695
210.89363361508725
209.9232782167994
210.61825544746156
210.43319293468235
211.1126610282236
211.37822797113006
211.58947354336274
211.31813668225254
211.45040709946267
211.60919895794714
212.6182339803772
213.35104344942962
214.30640676635184
214.18442796808907
213.90349173441527
216.4696028614114
212.5404631029872
209.65179257384332
203.76174627850872
200.75718011710927
195.55042381257664
192.55434820293752
188.24838294705347
183.28892026980625
180.18727155373216
178.15658582642274
175.98679870905525
176.06846872475757
176.64242054920894
176.71002983089053
174.90235231968344
176.9804043343782
