2
11
e
54.62670321246606
55.177413380189385
55.33993072792342
55.13799231440193
54.69425394680606
53.5196214720626
54.48704158326338
54.23202770599179
54.768408401038094
53.62486859115512
52.73296726600719
52.20439186770862
51.59483187680564
50.11913296827475
49.31889225732687
48.856482256098275
48.39064263382158
46.992940758753754
47.229728070009564
46.26347252929875
47.67876325921023
48.15757456788854
49.19589106196369
49.720417692774596
50.66748795883508
52.1614378700399
53.44165724088997
55.87984678613795
55.94653263338758
57.06058284072463
58.97262277026553
59.091078405670864
56.20958522162308
51.96579522452428
47.843155479824624
44.04338049623981
39.83154130873005
34.67447305130621
30.806979405978424
25.34351255718876
22.43742313727195
18.819543110638367
17.67417884603882
17.898060872835362
19.10549870586576
22.669897899001672
25.205637528597602
27.668124882171067
30.001371647743134
30.130107974643614
31.765456234499904
30.53078347639729
32.37463925107097
33.448897616484075
34.60284473426127
33.900957364038696
38.59077837898525
41.6091329915172
52.69936997599399
61.16535494254751
71.80940351016734
82.09780695995885
90.02788528537842
103.8570791176069
113.1866897754626
120.02960871786516
122.61670818125314
122.0699382111563
120.67651423458614
117.29969269413432
114.53694445738375
111.6478732332677
108.78456731291071
107.62947486200046
108.14247012330449
106.81661660471951
105.1732293804669
104.65689867515758
102.97166518928177
104.63544361073508
106.65244049223183
112.79834916152568
121.10578323676557
126.01255208411528
133.81539132415696
138.82050599294823
144.1104336502219
150.12010317130589
153.93280649055282
158.96167739892346
161.63868371054937
163.1499149120462
165.5515167813782
169.2617964747881
171.32787926416862
175.65111124848227
179.59622453234118
183.99758641118083
190.30914077341117
198.61680524749258
206.0828412290982
210.68438624527866
213.2421245580087
212.17684295390342
207.8038186440242
198.91327260578814
188.49827193367994
179.67186429360083
169.73772980601487
160.34996992084152
153.65728301938586
141.62969403336405
132.08719419421166
124.99615192980795
122.21407701884
123.60626769594069
127.91542756555063
136.09017946103458
147.9960194739388
157.16957126775165
166.11176356092292
172.7681810787251
179.04338282200004
190.23843104809183
196.50031376869836
201.69465817795978
203.87937080870972
202.67303073339056
201.63932364076905
199.4315712655267
197.83791000017
196.03945855837983
194.2733692295243
193.89503221004156
193.42410232120156
194.58159634178503
194.5246089164692
194.72448957012705
194.6104836494754
195.46460333395777
193.11522793537435
192.91535464293796
190.39138985922932
189.60814077121515
186.808585070535
185.58721197878162
182.63173429497303
178.3892913163487
176.09000316625026
174.11303846735086
171.5084196466407
172.12318681150794
178.67510785384323
185.8031615239252
198.2283696822451
207.2830205915515
217.71505356576623
227.5315558853394
237.06919471801118
251.41578778140013
264.71117632679426
272.903938606608
274.8342899440354
273.5067383112145
267.02925162840853
255.64161323996672
240.0864309382655
228.03384463831165
214.42635432791388
205.80779828612341
194.77548450680854
181.18893981901235
169.9603378390399
161.602484983938
159.4270829504732
160.17314693198367
161.7017421052166
167.26894230504038
173.78246903993514
178.65522003715557
184.23583207716817
187.07701439426387
188.84474587048385
193.36785667216589
196.14900802369124
197.29530131745267
199.55957831004375
198.70585562484098
197.26104666956113
193.6290092117014
190.3080618536736
187.93419274533863
183.610336546784
180.78587088327345
177.46303796859553
170.50949566887218
165.36204295182236
160.45731151749473
159.48060200551183
158.6586602247367
169.65251086934208
185.50908952990798
207.7199151667221
223.29809815935974
241.8153782366725
259.14353398555414
277.4566586250438
304.67861511304926
325.25411758731576
340.82093976726685
345.5253746521419
346.4841373292933
332.92042485924077
312.61772876320634
284.3335215044602
263.64328633406393
239.10453345203445
220.53432748041337
202.20348240977984
174.1247385186727
153.24567388751882
136.7268748085734
132.42454508214107
132.9582620056586
145.3155986938098
164.0323388127752
190.34824824595066
210.5445318800569
232.84203044328498
249.0920911945922
266.1786950465849
291.3044344551081
310.6783432708128
324.26034671270594
329.1988693050542
328.7238699774802
318.89275437803167
303.30564688632427
280.75277268122244
264.12631288904294
244.6650934362319
230.48505389526025
220.47429190567786
206.33453688188828
195.47276807125087
187.1693321092889
185.19384182233875
181.58178895237762
177.01745648951677
173.14163373007688
167.1173277120674
162.14990952243298
157.79475893177613
146.75446069074684
138.4010297423915
123.939207634188
113.91771879532374
105.72228652770752
104.1692979367055
104.45871268429659
108.01196422582048
115.84565707369784
125.53791944899247
134.22649421150575
142.11441342320984
147.7115581519155
153.85782963603344
162.4068318681277
167.98834971814495
172.85460952460207
174.33854943343846
175.0641832688439
170.89028411739335
164.41438582869202
157.4608921890167
152.0928698432174
145.16848372416393
139.91915451609364
136.07070394638598
130.8211452760904
126.35294326338519
123.45537521785529
122.2872030501969
122.80509630229707
122.97912234643307
121.99417922871872
122.58532219708755
122.78456495572019
