1
10
a
65.12133066615004
63.80615172273398
64.56432445585764
65.19792680225383
64.20077910922944
64.60008841479512
65.71322103114734
65.20931232130604
62.238304257032894
58.06104961167644
54.37420302749296
50.406140121758135
45.95797591915019
38.17035816508908
31.891224182865194
26.319254530005903
25.558325424758024
26.0528032504337
26.044122213796044
25.555417750134367
26.033986566160976
26.275949415708393
24.932838606174947
25.08234308453149
25.367565951981383
24.7704178428156
24.25225649336111
23.11335706240664
21.565882425451118
22.43599295554928
21.865095292759154
21.858820337317038
21.72815811914289
22.315884586576576
22.136824228892866
21.896726962752055
22.86534947577611
22.898257032411443
22.149706030136876
22.79509329782706
24.379046275851188
24.17893128447934
23.385903478216516
24.075385616437234
22.087380025298383
21.473442247002104
18.748452081422954
18.30046055894512
15.064784378191769
14.232474145175964
12.455864916744463
9.570482034948848
6.64359531564607
4.701124490721318
4.361276113112015
4.406660465475119
7.0046388264072705
8.235137188083582
11.9166671904135
14.55139873142255
17.526208413948662
18.70056636789427
21.180914033145097
25.4036868020774
26.81534842130621
28.485027867777507
28.96115932832096
29.399867909574958
28.59828190633839
27.893431007493213
26.572898440579664
25.9177756934644
24.892123544728452
24.078806059160787
23.74996666700015
22.509981329249197
21.738084367709913
22.8680058311906
22.449204398015436
21.95027100018218
21.97931685737723
23.074838655484804
24.010914233871844
24.8648363888534
25.703858156320987
25.46269295892598
26.698066604694016
26.75274341474181
26.632658899469966
27.836548853142514
28.57178768095593
28.84243757715791
29.21648623905591
30.02575672697938
32.65643005765977
33.59876495134408
34.864442962741215
37.2492478705426
39.752342658273655
42.67969420445096
44.51559189315145
45.62065410110394
45.01765024548162
45.670585954901334
46.21785872942187
43.79474960378089
42.40705091223944
41.704206327132404
40.57512778056741
39.37743029059629
38.52499673042574
38.12070029942348
35.956093809231334
37.55673271928505
36.22851387256451
36.14372072772394
36.063350751766805
34.948089836131146
37.10765054817234
38.385658071068306
38.41104157555941
38.86375625940211
38.4115491352748
38.56900144194373
39.78200387428449
38.30845787705779
39.66992986685807
39.90039646994517
39.350817234554654
40.49845590787044
44.006879850679226
46.68305008689069
50.3638316407397
55.03861448722905
57.85932363412756
60.670936371438174
63.627352367116785
63.640377671238696
64.63930420419277
66.08621803099595
65.59179380165341
67.16756424896148
67.47324989572338
68.35044706342158
68.4849351752727
69.50289267386982
69.94156737951799
69.4388660928361
70.85213574364423
72.57133699321767
72.20952598054801
73.98853095773082
76.7521276008914
80.1506268221083
87.30878273706182
93.35495065866954
100.75834872750627
108.40958900485288
115.97416145465462
126.11186179541373
133.433736997171
138.99607259284804
140.23878179172823
141.09571479801977
137.23933411450605
131.77727275650196
123.77405262174727
117.08328464583627
111.50193861283171
102.60572252170975
95.168205454201
90.10526595940203
91.52646703335178
91.19782668130462
91.77502361235132
92.1757440609588
93.04551191480839
92.512169857172
93.22962559630018
92.1899275375824
93.89576999723612
92.18769079147498
90.51547756652147
90.39012126381677
88.40532765108776
87.05242498850501
88.00405146721312
87.59572629810643
89.77488127000079
94.30945183812409
98.57899243746925
100.75963964516222
104.85506372898958
109.11537264721193
112.09047202505347
115.37599580129677
117.8889142836414
120.82171598755876
121.14529338339864
122.84698199927303
125.39677648467323
127.33451248065155
128.80860764602627
130.0775975572134
132.37329405384418
135.78459319651657
139.88188025530965
145.25640438850277
149.75555655078207
153.62656990654528
154.99366718489364
155.2968415402172
149.63776571415482
144.51995114356893
135.44987597594175
128.145423460224
121.37375947534022
114.20426403481638
110.41402244502838
102.70365555485535
97.03949506069658
93.98302299982197
92.04385795792766
90.82494627364002
88.72183508361898
86.78007492531276
84.98310994243123
83.73849688205618
81.7271889336873
77.54306594540671
73.15762699117514
67.6375319886677
64.19004634727145
59.60291565236461
59.95774662881403
59.89471842217483
60.30833806238255
62.2342674556101
63.09284452259662
64.52057264657533
66.94066914519169
67.64382434062604
68.7469680410552
68.73336907127074
69.02058757624256
70.23189020237682
69.76542006361956
70.7266664774804
68.80061715161537
67.46722732695699
65.15619454705849
62.779558812997664
61.989610594127285
59.373981820879045
58.09308589596361
55.302005787733535
54.139518133621486
53.980049306814706
52.80311836794174
53.51461934473245
52.62954306100659
51.44571864218966
50.82589147456096
51.221365212213215
49.32871509759507
49.32208030303622
48.21086663777226
45.93529012618651
44.57448350968354
43.10550494103157
42.69001730100441
42.26749385056638
43.882719366704066
46.16573036912974
49.01457097931006
48.93121381990715
53.15913279281373
54.8541024919771
56.90718859797909
58.47802474581058
59.450795166156865
61.5812898393542
61.37233794914376
61.816346874499956
60.686755277481964
62.30619211746219
60.878299276958664
61.188916296462985
