10
6
b
102.47028275779805
104.1912406582608
104.18376177371633
102.63161990746478
102.63513485660626
104.13809241072943
102.98428749214366
103.1117285592594
99.67441570893325
93.2666809170516
85.02393820632014
81.63541019194669
73.23708660109597
60.38548613459172
51.99639460647308
42.662509952079965
40.73976883427314
41.49437713604496
40.70887705025651
41.272846698596425
41.02142307594501
41.35577261389355
41.42972303862603
41.234293015736476
40.573365513919086
39.95306053820567
38.71772761535291
37.214374632151504
35.95826459499273
34.567983831978324
34.99361161739286
34.21365629414234
34.48870233388312
35.68754935419276
35.9474300790091
36.16724379254596
36.34854106198432
36.60886326679405
36.56096304043539
37.023328958136695
37.92453237451014
39.79217292418543
39.074211295977506
38.070450630827
36.41275622799776
33.93729614629261
31.1522369448661
28.594100489401193
25.06606031528903
20.626329451717993
19.652731199697705
13.436893566256865
10.212745169859957
8.271602752293004
6.395122936055643
7.518926676297449
9.332735071469536
13.752639119730887
19.025942423141558
23.1147253463057
27.240519617086658
31.896216918897977
33.669898006212904
38.96759195078073
43.36116962956
45.24876568856405
46.09804144056732
45.54571859048767
44.89862524127117
43.96737724255507
42.00375221059572
40.92306848243941
38.687692628376595
38.74599844134142
37.63624486249274
35.85822478988539
35.644274928167086
34.05453838194552
33.96389149319117
34.65449506899705
35.610807616717814
37.47662461757754
38.089178130764346
40.1059446891451
41.30684884390597
41.39336641311135
42.39279985763397
42.61318096102705
43.61852181468787
45.0299814871451
44.96969372811862
45.95881356643675
48.14666678376469
49.32110224258466
52.346457057121064
53.644762734709204
57.00471871309055
60.07012745057682
63.19812395179785
66.3956057269028
69.48790873458553
72.83385804256407
72.63914309092884
73.54889623446611
71.74206740353364
70.09597644815139
68.81566693707077
67.15180720510617
63.60204281038738
63.22079306163758
60.94665447921232
60.38870410381465
57.816429364407206
57.13268417809681
57.41449192290062
57.778649550025854
57.16207679394592
58.290364297348816
60.14277737828315
60.81808235756719
61.134751235423145
62.2093762359226
61.18099726030545
61.54123558444346
61.81012733537273
62.45114145654779
63.388301857394495
64.03267187714805
65.14580865685154
65.94286780714636
71.19577356305821
75.7249778388335
81.76215092486316
87.30723124465334
92.19639801761721
97.02486349197184
101.43466296572697
102.90022227830238
103.34809139773523
104.18095431643249
106.01299560414162
105.99499979220721
106.70163993835496
107.20317724044762
109.38815362394922
110.17765376765311
111.73228714318994
111.20003394142982
111.98910032648611
113.23625318294891
115.69234506378149
115.81921581993622
121.28810318132938
126.92487592708758
138.84924594448592
148.76466120209327
161.6024140142406
171.88643834054074
184.29192758404176
199.98846892625414
212.77206609513058
222.76044939984547
225.05979532739232
225.09335885439086
219.72740354121635
210.71723161506665
197.94058981753278
188.5665130325608
177.62672152347434
162.2595111707433
152.64934074785467
144.1037450243184
145.55448913573173
146.20676793062373
146.0040161259409
146.62403963626775
148.5356537613606
147.57514310652513
147.3874317958753
147.30160230011717
147.66838622165602
146.9020305081846
145.6352613528997
144.30422212090284
141.97879977752987
140.7935544744473
140.22835529624427
139.72667707115076
144.77104767909856
149.22521402849452
157.70939262557494
162.0881026100502
168.8419817028678
174.15338945676098
178.40960600815595
184.2875221673384
188.50500625640046
192.71474066293857
194.7364194889034
196.43219886557702
198.71743148967047
201.84628145393603
205.1233222400099
208.14763119746442
211.61673097904614
216.63307011659242
222.80273528125213
231.53854498589874
239.6289456225321
245.55899871422082
246.16552637052442
247.16019887795431
239.88555622874293
229.9825614799087
216.02235712518706
205.5790465010205
193.4431465185124
182.1943330604263
174.57555203542515
163.60764215695895
155.96765764274033
149.5033556563302
148.00846637720122
145.65534122955378
141.9460126318593
139.70665606554465
136.5467411697866
133.69226707840423
129.12136365635035
122.4384664592696
117.64475308855371
108.34880320081385
102.06961636094104
96.07901100049175
94.79691388715449
95.52136578783247
96.65971752029812
98.77254456781257
101.88620234761414
103.75803959314507
106.89550149411997
107.01438795433435
107.83844673875599
108.9093326456368
110.70657023752408
112.132174641771
111.79574800832115
112.47993949885922
110.42524751369271
107.44117363808311
103.66339962064455
101.30144705257528
97.75490575564491
94.8188874764148
91.22747488384499
89.71133568203298
86.55269595903751
85.4892607219906
85.27718522626044
84.07020917278531
83.61383868387146
82.20437932801883
80.61749646069066
80.65521737332377
81.22310280758387
77.42405224635485
76.73005362615919
71.98443122318554
70.78725919137369
68.71922980131994
67.19559369409937
68.28991679876307
69.62617710315408
74.15253913931797
77.73880635382834
80.44578637555912
84.74013799330166
87.55241451692619
89.9405966854027
93.2697593522955
95.91960685728787
97.52834431417241
97.86529640602157
98.17521981936683
99.21255954924301
98.70299616089186
98.3282691433929
98.17754505674172
