3
6
e
212.42154515357865
212.04788314342127
213.17653008376575
212.49980393126378
212.79083324640334
212.91390760181227
212.96928862770025
211.68470024473658
205.46237368542128
195.82666185520898
183.12843504499898
174.37022487255365
163.96403173022037
150.53458547972403
140.13397235939945
123.4939603708178
111.12983276849688
101.62007506521681
100.7108987509119
98.73086286261355
102.86004115638762
108.0138030185425
114.26632270333683
118.62718753523747
123.89034323867295
126.24240043181695
127.62691888684043
129.97361906147896
131.48928409339905
131.89354690819965
131.683982842699
132.83673581667261
133.1752248781718
133.48989213643057
133.59069900512858
133.86335400102575
134.38231312337174
135.35188970894706
136.01639358977764
136.52635979112208
138.00717450941715
138.91327807234327
138.58906555219224
138.65253627918204
139.7587559481361
139.2232865997065
138.57462686358747
138.24085192481775
138.35975250304315
137.798244918264
138.21916893019647
137.54343763189195
138.41797001677477
137.26881298791096
138.45453485094342
136.781073884622
137.46516660953833
137.66036521757107
138.16992168747694
138.5130415105291
137.7840050061454
138.00387481711223
136.7995867626089
136.6423808619886
135.57854432234697
134.5550105442342
134.6806878226162
134.46183154502526
137.20673948528665
141.16752617268043
145.72436058201862
150.21560780630062
155.57720859420436
161.6288121791196
167.39779152016615
173.37145799057936
174.8334931257392
175.6979035542019
175.6542849296971
175.56370007631378
176.05570170560077
175.31133055977625
176.6779615680449
176.00822643972916
175.70873841389562
176.82469994208438
176.11998621899036
175.5113302465899
175.92053965016777
175.6006843184464
177.0435672394987
177.08239771077547
179.88494684266112
182.78999079375518
193.0251471067633
206.66970829810305
220.3170418346931
231.19808245335693
240.138211727446
256.47325742038277
267.46493452416297
275.18643690860694
276.7793094835363
277.16122007379727
274.89872379519034
272.6782885751006
268.39235609778746
265.88411035056953
262.5710720707036
262.1125383828835
263.9244691767703
263.5648904346669
263.08573248519565
264.8416583953038
265.01568864614677
265.3964237619008
263.165689571775
259.07682773959436
254.76732021714216
252.11859524119973
248.50936932960704
244.93921596849722
241.2938964097314
237.1728617564404
233.17921590062966
230.19521168801472
230.21735135765528
231.39842722792335
229.98777578856223
231.41466172947844
231.70213318017653
233.9942651957735
234.86352995756081
234.3702298365914
233.17559639882916
232.32869223487478
230.9999346526836
231.29448478237865
229.62563192137458
230.21858960462063
233.5825736837589
237.59043975103918
245.61612612111736
248.8357415095245
256.4102228454236
260.6538733220629
265.37281587818904
274.4948734687615
280.93877400024735
285.5020100593259
286.7401968976256
286.61343369455807
283.633513367411
277.96721461059576
270.3484812470004
264.65613192987826
258.7503771617355
253.96726712774628
249.84529764610974
242.250885568195
236.52347437116643
233.52166069751237
231.12317427192826
230.88118026539615
235.3657417377881
240.89282366474131
248.77762871155227
255.32356885909766
261.1285058456165
266.445147805417
270.39216802571957
275.74275440028794
278.3546495319918
283.72637658062877
285.9977239547042
286.3767816207895
291.110418146305
294.1991561683043
298.6541018756568
301.5096421391138
306.6133794574067
313.2851611514279
319.9755194680866
328.7988590576726
335.44346485101926
340.1499322533488
340.8291642563981
341.67036982607726
338.9443987825594
335.91433317164916
331.7290861290678
328.10296421728845
325.00872412631486
321.53908504767446
320.9285641869717
316.3739202160355
314.7122280659341
311.4036250271741
312.1234589643869
312.3067165856553
314.44993641133647
317.8296877697928
324.31117692126145
329.20877483471645
335.51079013606983
339.1723464999043
343.312509947933
349.15785368695754
353.98197547750107
358.5786788471545
358.6588909727608
359.2326693257294
357.62141907075613
355.6422183559679
352.0933326706523
349.90936523319243
348.68548308082035
348.5633678933471
349.1256033089365
347.5523947053133
346.96844029481815
347.4451083309882
345.6426236897741
345.3387522596451
344.35856696374606
342.3721156481234
335.84799940880697
330.9717056360471
324.29947777002167
318.18409352844213
311.63236101694525
304.7175853881247
302.29210656660496
300.52828489533385
298.942681810344
299.2737971040817
299.336430599322
297.9391556141112
298.6018633697036
297.58610034466216
296.1730528623438
294.9656074379029
293.8781223229655
292.09290780481484
291.04529952903823
289.07428241087524
288.5118285655133
288.7221807734964
287.35032402612717
286.19458694946803
284.85372354786324
283.82406599637847
283.39800792965025
282.2389580166352
279.6564400059725
276.90396749711863
273.9588095661224
274.1389969205301
272.85536305692085
273.59006628897794
274.2831049644268
274.7089067208533
275.9665530425638
275.59300252565043
276.2383943940505
275.59002249270975
276.496358664742
278.4904617094181
279.18362301571096
280.2288579912735
280.1306821181785
280.26141071481015
276.5167340478283
272.87280862627125
266.1189215424725
261.1486624099781
255.84942352977447
250.0652461021006
245.5164847278588
238.53476486391656
233.75788874085717
230.80061697265174
229.43883210061642
228.7694441734307
230.0373791338698
229.50849158885492
229.86277029590326
229.61139370957417
