7
5
e
115.04491819997456
115.84786713471374
115.47195330807129
113.95751790076733
115.41859144074829
114.74876478790131
116.18627857650729
114.37548629673465
108.80920411871836
100.48110585417179
88.85279563697782
79.39729460220205
71.36531347610943
59.592647936921544
49.97136454110033
35.99683593406842
25.213215577774214
17.121077782583033
16.00974742204904
14.745822582762045
16.542269125873702
18.38212622371852
22.614312312837885
26.969878923982243
28.61073997145372
28.298367961954483
29.073110401228497
28.7977542069475
28.42246332928066
27.658966248650483
26.89660004763775
27.94533510273167
30.258611390793025
31.444731773393915
34.096348910604284
36.72456958850509
41.211710461856256
43.65887867990688
46.04681812066037
49.323401085006516
52.66529336301592
55.91648052056299
56.008871122914194
54.678012461654355
54.460737729389066
52.79424319397568
51.62752552837617
49.665559343822295
47.886047526355036
45.83154560224132
43.610800090051306
40.82856763823057
36.01632906976771
33.14978975700765
32.89203788610126
32.705667360661245
39.951079149506434
51.626284794668216
68.87074144730002
81.63462204048459
95.75865373490146
115.72747311575637
131.12878430103456
151.45776434682816
152.67222425193938
155.959620573845
155.36117535429335
155.68672008585045
156.02091767672678
156.77893255352143
157.57837670966947
158.57046544121368
158.55451946916614
160.87203368377945
161.1256918787965
162.83270366296807
164.8098612296974
166.908385860382
168.71759466381647
169.41517983618732
174.17111480186722
178.5428309446307
184.01161376194028
188.92365367704403
194.9479605036792
200.9949308874732
206.70827808117883
216.72703185480498
224.06634306386218
227.9146335764946
230.20265543435332
229.20802802174003
227.8996462972117
226.25004693492994
225.21398665828718
222.2257275024156
220.56756670249072
220.46826270760948
220.44005622911095
219.40426638285535
219.60031144777258
217.7225452238245
217.52866519976357
217.97199684575656
219.95538714651843
222.59728062974378
227.4818814253205
231.73943231170645
234.28495837000148
238.57974291230377
242.88401805584564
249.83962338641155
253.96100073601627
256.8316987194071
257.1587594649266
258.14295945654936
254.76733990301486
250.4210317177
245.03668450633305
240.70546109569634
234.36714479589895
231.14306101293298
226.39688313937083
220.44601783276238
216.23499275753872
212.4414356359772
210.58654525913474
210.62886781747017
214.5642306632623
220.17469786959518
229.26330382610297
235.80399025572254
242.75988465772284
252.0629836670855
259.3876846948453
267.3969270053753
268.05099584266924
267.91868445869426
268.71035417750556
268.1779648982626
267.95836758450133
267.8212202107383
268.9171369535708
267.93548904185263
269.0825036259636
267.78713941084595
268.0772466714493
267.99921312379496
269.5518382322115
269.2094380979326
270.3291770782749
270.54009370364935
272.5279392499996
275.8702826022119
283.5264400359918
289.6274711319923
297.7065042663374
305.93975599985407
311.9854470989638
319.4178192476379
324.7159880182131
327.3071858961508
328.99740264809134
329.3087705953291
330.16456055703657
332.0650536598285
332.67218874543715
333.03024255332775
334.45798455720745
335.9086018488887
338.6225316986613
340.1968077287218
341.8994933024931
343.6708493672503
345.07261882024306
346.14983073120976
349.98404601080637
353.3904893512936
358.4611476129073
362.6933063748792
368.18209038611917
373.268037856896
378.18188892997057
386.90907404326714
392.76590722024184
397.78357550641186
398.2113579845353
398.1229829880576
396.9027817636388
394.1390324943333
391.68037944660097
388.2856639934798
385.62725142151504
385.12724481647183
384.7558444261223
381.4382456881526
382.1311133829247
380.1159874464753
381.17496315750816
380.80455248156113
381.36918459030994
381.2097554328878
381.7955991296396
381.7172177356687
382.7264848273014
381.4686604541627
382.66055727577003
384.32143161687173
384.5657228192336
384.90190737378236
384.8801347065916
386.00673528180425
382.66245115111525
379.63097713789347
375.0249941374249
370.69590216102677
366.91353997889775
366.00368372294406
363.41938726151966
363.08474164001075
360.84745775864565
358.5017297555852
356.2636767929059
353.62496073959835
347.6027995492095
339.75205577245146
325.44519234023716
315.1792343118755
301.27820893954976
283.95820242355006
268.9026365419938
248.46321577532916
244.55073951226308
242.45410631823043
240.59183113791576
240.11567419767567
239.15175075898586
238.06018373998327
236.75711008941872
236.7490157827478
234.69140262802844
231.54594069559514
228.2051883829556
221.63898155857476
218.1090685541899
214.02354544341648
214.77390991933032
213.39833684434504
216.14053920636002
218.23565163762683
221.01327063801864
224.91917434032007
227.70237808926345
229.66040387880568
232.46396807055245
234.8398038741074
238.17036227472352
239.41216962762132
240.1625404502699
240.5657085022091
238.2765395959738
234.14954064763214
229.29235457517476
225.03151718121552
220.60981919692628
216.65805822533142
212.43275923721686
207.6970476355889
205.78835843427933
203.33266660857316
203.0364637507003
203.2962627239306
201.39625145960682
201.41072164695632
200.09009609761722
199.4997169356743
198.99851037196862
195.86782338625045
195.08165280155725
193.03606175707506
191.47524860338353
188.99489061769054
189.54100133355615
188.81738959165978
189.40589042269775
189.24738512304907
189.0406705473119
189.8928200810765
