0
5
a
78.48711914538983
78.2336759729715
77.87014341861435
78.06678805527618
79.0147414259561
80.02173706537822
79.8678506964173
78.71109072402764
76.07668919559524
72.75006077314893
67.64606051686509
64.53527788810766
59.696980307779114
55.147143950388134
51.78637142533832
45.36607490891167
41.29951349982711
37.04924514419754
37.77768402012403
36.269128567163925
38.4020269220265
39.991851006558846
41.912686873813264
43.65537152139947
46.036958553544665
46.60445327886218
47.25480930296755
48.241317278810094
48.896784614367164
49.09920247116013
48.718850838725835
48.264984361464116
49.51372717044465
49.049848894456275
49.85379801550847
50.112652139196875
49.91172441105784
49.354543341017234
51.19358438064602
50.729175008223784
50.87451259709883
51.50888062011107
52.124290414233904
51.4077645854627
51.19126546351325
51.70232722588706
50.50355724559282
50.587963630003074
51.07999977914285
50.962572245377274
51.328893527700814
50.11389443662287
50.733542116214956
50.53020962862589
50.93505630537205
51.656037344334294
51.17389495131829
50.80957432276244
50.65708245561672
50.59858206445739
50.9565328505494
51.860262641419425
50.22413727590306
51.13195621676165
50.77545191898605
50.567963131176455
49.170376605826746
49.894506695792295
50.27516044992078
51.73971558155312
54.07850423236079
55.41660722824203
57.56393098209779
59.78444553501003
62.449396021008575
64.89436407364738
65.00121077411528
64.93010731828036
65.72085873427521
65.24767528441771
65.4934457663547
65.38412517265134
65.25173022683218
65.4533027910404
64.91284942522908
65.3667112577261
64.95315460922866
64.39772338414629
64.84957141337937
64.8762940726201
65.59504330893297
65.00205305936326
66.11049816740191
67.65654308030544
71.39567964238721
76.34867717536842
82.15120545450026
85.32939191679712
88.9861585331236
95.19986575516897
98.40708044869241
101.77522297240112
101.89627321123989
102.49091459894846
102.54439236796813
100.24055823903163
99.29885516463114
97.88326088504854
97.6833417857309
96.9734255219096
97.74069201694287
96.55564812836654
97.40459620889158
97.35050662911016
97.83287474590334
98.1457757432292
96.69095848559692
94.98599064192005
94.65161004006869
93.06918673348682
91.49730067687025
89.25291309620371
89.16568654151513
87.59946218794667
85.81416264949195
84.81834490139686
85.11926739483702
86.23679383206631
85.94150635968553
85.55391226492068
86.54884571757171
86.49610556149628
87.43241734436728
86.7087069441644
86.71767444429403
86.89827083077536
86.14934553454317
85.13950314363619
84.99899840731477
84.45265393478735
86.1852343331509
88.98069545208998
91.10799515406181
92.4105537620015
93.7853393645712
96.03310455559601
98.2968282137275
101.38930964435541
103.65658545921737
105.92583730263121
105.86775408034751
106.16994376732102
104.60292088293441
102.9519439728974
99.23457508210117
98.20117575548204
95.38464756133028
94.07559280772126
92.16690599110966
89.90227015163326
87.04607596296567
86.0056432321991
85.74925110501972
85.89317850167183
86.2855005359066
89.06227229405143
91.2657983810421
95.1081945873435
96.81917529911779
98.4696610111909
99.53174170412672
102.09710201211492
102.500792688648
104.72686380472383
105.76190660627803
105.99960694592166
106.97693972790341
107.92055914895286
110.65644109908415
111.18693187219851
113.35095878961855
116.09113919008335
117.47923261013246
122.3192066166535
124.01350393575613
125.36835945688439
126.1076230515059
125.44630566366628
124.86866168682987
124.60793373002704
122.40648287946877
120.96268280371113
120.8226296584854
118.91794874092746
118.55321489029397
117.2161088869496
116.88519186622541
115.45245027799005
115.25172946478304
114.64354791908228
115.98737956050022
117.77941332919421
120.72003228541861
121.41843484637316
124.38962998492619
125.91081562446149
126.10222760931134
128.97792547250114
131.12556086349602
131.52118089206436
132.17493459337274
132.12336938931887
131.4825264690486
132.00481017083334
130.25173349252765
129.9505589889846
128.08555700689152
127.6452635825408
128.64432516173176
129.1613545955745
128.57040933534145
127.77597638959435
128.88174317079842
127.93293626871983
126.43246880750017
126.47480641947796
124.40908182184607
121.9176793113274
119.09885041943562
118.0201084586865
115.32913546456459
112.79158390982391
112.56953776413546
110.9888694811079
111.59167134609955
111.03891956395198
111.01180277066067
110.34852417242811
109.7397239663744
109.62235479412342
110.25666151684447
109.39839702751351
108.28926715199889
108.10711733445592
107.35468432979982
107.94615370555363
106.65942864570394
106.0371331187146
105.41833925157451
105.6090371659506
105.31517478971735
105.06129513767912
104.27802096918019
103.73134193810074
104.03481906793088
102.80190186154817
101.7892252995514
101.32978326452603
101.4079505885814
100.56519121934359
101.50858755182615
101.17482288085067
101.44085050898563
102.30689892468551
101.33595806015224
102.1629374562409
103.25057635978165
102.97998371382221
103.16622953691505
103.78526757958318
103.49375444385872
103.42931363721823
102.43855656592244
100.93648891717089
98.02048469595027
96.57379496902391
94.22321072327759
91.96188435094396
91.28694865636453
89.32211019357388
87.53505438233717
85.66332647344645
84.47037423065076
85.12990874935457
84.33484959817251
85.50639161324489
84.9815698470507
85.2385246483958
