9
11
b
120.55200255205877
119.2910737709282
120.41843020127656
120.63879589835734
120.06693060619551
120.64889316427976
120.77466066747398
120.43986316687702
115.46239230141579
108.92882787293921
99.78069720208313
93.00515886275178
86.48758842589156
71.04294918732097
61.00912189929385
49.7661054016692
48.5894901334127
48.41530338182146
47.50652371345584
47.60021899022299
47.95005977171069
48.09808588983607
46.778841786661395
47.867038844700765
47.70954541861788
46.217308591193266
45.76801561211453
43.21319435529777
42.87398221625072
40.769205515601534
40.64984126328468
40.637154577342855
40.69267325693813
40.5126755233644
41.8237281623567
42.52472736230496
42.29701718312747
42.4356251066188
42.86701520444214
43.69535909616038
44.97642746123548
45.055705116824846
44.59364115995103
45.12278018248848
42.695692588588884
39.78783304214419
35.16407018935871
32.96201741086998
28.002066294034996
26.579429594033193
22.07197589424383
15.881443312849504
12.095218410594944
8.94540648581147
8.118428050661054
8.126158554663771
10.979372112679785
15.178593955700542
21.196090145882863
27.0608187146889
31.742347251652912
36.28858055022185
39.83117229789809
45.658385540168005
49.50061586303261
53.336552663376835
53.51019501591183
53.60677436025207
52.206164513670196
51.13546692229745
48.588694159898665
46.62475914032419
45.63863404268941
43.9333876615271
43.501374613253695
42.70206756702726
41.582384035851916
41.384347238147456
40.269934235578845
41.3179018300412
40.80703845635807
42.46641620513289
45.01342958513207
45.21547269247428
47.812906705455816
49.08929832437457
49.164190578267466
50.42595710502538
49.97485654589337
51.28689112019125
52.47551863736092
53.20519687447118
54.692858847603546
58.05539824645022
61.10408866911083
62.97802472177765
65.7075313363285
69.27491677483387
72.88518918044649
78.48062092006364
81.42362113283887
84.76728049153354
84.59435213346755
84.64411214238983
84.8297754354691
81.69488760610786
78.81900937286143
76.59010057728831
74.6147310516765
72.69386995162573
71.60340359257142
69.73654992172825
67.59919773796042
66.9161217520662
66.05939647104043
66.445600672641
67.44817563972177
68.84242689144374
69.47433214254731
69.65214651542983
71.36495861791184
71.43162080981274
71.33059846746202
70.93950980261594
72.59090202435029
72.54632622481267
72.95579934318198
73.93181668159048
74.71263045239321
75.96781920174449
83.70887184269266
88.014788459343
95.04940281934005
100.95005505151711
106.77091427126307
112.85253302341971
117.39047869059561
120.17333217717774
121.31481784284118
121.68105412867163
122.41479154746018
122.97748951091177
123.69730744427294
124.76594445799795
127.88582938381417
128.5275381575429
129.53114695099774
130.7777622781484
129.69395188200838
131.8185599066529
134.69404460495846
136.7582298071777
141.33605798554785
147.02375803056051
162.5959630400676
172.9116627804033
188.16179785436645
200.99058338275822
213.34203477331133
233.21902630862283
248.50151207803816
261.00111909187603
262.6973083695416
261.86129595506225
255.02785152950156
245.1389151670161
230.89432593003906
219.6739988333086
206.27276301303502
190.4034967331511
178.01292932394472
166.81014003428464
170.29141058385434
170.16875790860755
171.46118885493627
172.54899756128222
171.33469458307607
172.12169312102117
172.27153169549388
172.30551339459862
172.3849076794112
171.0567062500824
169.89536324992287
167.52843449572984
166.04563002913693
163.3105465202998
163.606908193785
163.60222312625393
167.43790985312145
173.28998936662884
182.4139941125534
187.91917067315984
196.17627774513244
202.45041452278073
208.17175075190815
214.91390911057078
219.9288892530233
224.37162990480627
226.40253705256578
229.1159464716429
231.8182438264588
234.30967128779616
239.87159753942422
242.01913654021598
245.83248589066844
252.49745623501366
260.4831769646117
270.66811083618035
279.5226372816105
285.4824668349382
288.3063895007913
288.22592503619177
279.9694560562813
268.1740587881747
251.24716443809396
238.47160325925012
225.2021381528719
212.66919559086458
203.5923523037775
191.2075498055204
180.94589278236404
174.07878339595172
171.76460936548713
169.9741004292634
167.11224202933357
161.8001347799011
159.14755763893405
155.55432738239406
150.4980470496578
143.66909775781252
136.96644539322452
126.62939524657779
118.41590750322047
112.00255913832471
109.99955840704835
111.5582507982344
112.4073195258919
115.59775449946854
118.6658336640247
122.56348931148506
124.62765562605101
125.2416290926562
126.6833222018879
128.09212667624521
129.56773383787257
130.25890957823933
131.09772264252163
131.01413284835465
128.12478451855233
125.42563041066218
120.49228006504562
117.86445916929088
113.88750872596226
108.85556973666542
107.92626998726776
103.2787949918792
100.37571859411474
99.52332028875863
97.78467461754741
97.76573353735026
95.9863045731256
95.7402093573649
95.4952726364971
93.37684611270444
92.2691540256294
89.68552341378366
87.67372117428565
85.01145977586079
81.8967420103795
80.08694266476225
79.28717528679562
79.4612408652915
81.56655545925047
85.06359843162906
89.27984590212718
93.2191722403718
98.6035992613277
102.26118032761445
103.95014086044507
109.04301747799306
111.66745986561128
112.59910910139632
114.4642800907443
114.73714334548417
114.70145786383688
115.06601148496826
114.33882091947721
114.59255579278155
