10
3
c
51.15261028409163
50.52676591515221
51.791974612174926
49.824189461380556
49.77729779161328
51.0204174546124
50.097888387506764
51.14004219427377
46.74259464720882
44.20676659011842
37.25641156353362
35.516573826835774
30.616189063273907
26.12411694504344
21.59556945886844
15.838334758119675
10.461735818030808
7.783712423519525
6.324019432484033
6.671524041786933
7.27549585355012
8.859790337835951
9.849482679215376
10.74998452903964
12.741611673398644
12.807954220878722
12.448356846507181
11.599119862543713
11.592419956721685
11.983285774448712
11.7289170315361
11.722770530417511
13.313138063239492
13.47335271654372
15.123632064507678
15.69872521015308
17.640825526339885
19.4835046449795
19.954486667033102
21.528518308901628
22.750267515606254
23.254414839745188
23.781533080723314
24.164742018731165
24.524925505134636
23.06481552337411
22.265118475705417
20.93746362946789
21.078743410367377
20.370934069177174
18.739389119720432
16.405302255703212
16.244104992705438
15.127907895255793
13.757491084004153
14.285604302544375
17.4939045885887
23.53988524904192
30.05089927163866
36.081754520466426
41.353913485333926
50.015082068545404
56.9539675215776
65.53383090632829
66.86231872879347
67.64855373705807
67.40071517804927
67.31171110022414
68.03926859611204
68.83992238672073
68.34418955759774
68.30502370987386
68.64465680010467
69.60852299723479
69.76854636088095
71.63935090456442
71.4356808112164
72.15245836893847
73.96084976047706
74.61017124271905
76.48218959009216
77.39355326115403
80.22907579044092
81.14228539568099
84.36878629977691
87.64151150002407
90.10893400670014
94.62422532324621
97.46668609103222
98.89838002091177
100.34029430817405
99.81113303048426
99.76301458501145
98.7032969477361
97.4786332841144
97.79938717313433
95.80748691245397
95.70120340219877
95.12046088983816
95.18190283486523
94.65975567025593
94.89981341247345
94.67193812404611
94.5867306853869
95.85545700509414
97.19732819641149
99.36643556377443
101.18945872188047
101.45381328931646
104.60351893226819
105.84551678816784
108.30521224257802
110.64152058113228
112.10488128671544
112.49618462278768
112.68848639043713
110.93197181622544
110.0887419304463
107.22463157498741
105.55949164676623
101.90215401158939
100.86281909645692
97.93514637370866
95.86266044127412
94.40961329464497
92.38112541656847
92.19708443630728
91.61617834477069
92.8607677097302
96.16462939499337
99.26186690644194
102.86490209113775
105.46559486295908
110.34816619960594
113.25998867571099
116.43872273750306
116.47118999909785
116.47125676439201
115.63246073116501
116.05616334085103
116.73905680509628
116.68868151063332
116.55195675466341
116.22141536777796
116.91104462940073
117.02608576069305
117.70902207671617
116.97742325578605
117.52584328489976
117.79142649594648
117.88152352791616
118.68054779834915
118.77257068232474
120.38286576149457
123.82216448873564
125.3220419425014
129.87779666834342
133.48338073377664
135.27307131944738
140.63047610258312
141.26912149545845
142.53790148649102
143.03576112098463
144.46793907478408
144.60496909141233
144.61797581496828
144.16002116441376
144.99116533185853
144.85453887626522
147.1686966023347
147.54482250152185
148.52115150573374
148.5371741306962
149.39843205228507
150.36653746824106
150.5830272972249
151.98583947258348
154.03450779013167
156.39360461935846
158.08773476208202
160.77371449911686
161.64021966733142
165.74613186354776
168.66880937868837
170.90976888184113
173.1133614070249
173.93512926163618
173.11256584663087
172.07678682997997
170.3838097747599
170.52058364398292
168.63532133475928
167.358420886319
166.79281369883688
167.08131391930468
167.29877245221817
166.61299131757934
166.63637555218443
165.7563136627993
166.48211189475714
165.95978154542286
165.8167214873163
166.32696959328302
165.88752361552378
166.61645688827838
165.9493041432625
167.03209226567907
167.20747900806518
166.93937498269463
168.0991760255025
167.97593371400745
166.95457831426987
167.94669044076667
165.09430585941317
163.57082812795653
162.8905294981712
159.33968927778275
159.89513477668402
159.10667426680243
157.43280592509186
156.32187519227415
156.63048217837814
154.37253725433632
154.1731038548442
151.1718718691885
148.5114304502447
141.76775995264825
136.95138709750782
130.50953084778246
123.16790558456
116.87352805405072
108.30405094151244
106.97936831873346
104.64392970608598
104.37203859290643
104.3868401308067
103.56619271624956
103.42321397159175
103.41676349031032
102.00453505416135
101.25588416437742
101.04052223157672
99.55952248582528
97.16144205314538
94.41027973199944
93.51139149673824
93.20568717707114
92.7787154973844
93.89638098990493
95.53615528138778
96.16458406406144
97.52975275254695
98.57526270850852
100.0791100668631
100.90910876968285
101.73048492812309
102.69608910470163
104.1777178823862
104.98052591126245
104.83923754696372
103.74461017665122
101.66396440024248
99.7500888567389
98.8499063125858
96.3946555106967
94.19185820989554
92.94986430156705
90.61208369590022
89.38960938465964
87.69403548079357
88.64148998040228
89.0050930314169
87.44119644371476
86.19096795186809
86.76539315875864
86.95470337867306
86.01951393840646
84.91628089732566
84.55715418025524
83.26509169869634
82.98401683544999
83.40005284152802
82.0040045495872
81.78836121354901
82.19813894909882
82.11185892297037
81.92297531597805
81.74667525538857
