8
7
e
71.35502798109556
71.50774367175276
71.2049340467953
70.87625540769463
70.69856538969263
70.92037842090299
71.45947940964977
70.51575363486472
66.93217779437644
62.567126577376094
55.44193519272479
49.95487842482369
42.58727210314078
37.17334158691062
30.315441289417457
22.257603684520703
15.40255532867072
10.721538389747824
8.877860378177179
9.394427705007603
10.500862532228245
11.825708565748783
14.553397080038229
17.26830651404716
17.929530404876502
17.84116877525256
18.147894298724484
17.06213407523803
16.709880039640225
17.085625154394055
16.970819022343722
17.283107151354315
18.145672183845164
19.52233003243404
21.104700757739945
23.36592511809059
24.9036634171428
26.326950296498225
28.341462991536364
31.79097772023984
32.70152539251539
33.759554554917216
33.96471877017559
33.82720220370281
33.74632196974528
34.593280084047514
32.79213106431514
30.491955768576766
29.498153854045665
27.907063664293442
26.62241078760608
24.877680948130877
23.311045987030727
20.33664769795344
20.576248292989376
20.92776087143691
24.550330811102533
32.53837076791824
42.64653265893042
49.66901584623732
59.0857385240839
71.95488197835564
80.59805466477854
93.36489479217558
95.09534335080129
95.28393278643563
96.14560061268634
97.01664662476587
96.79902887673485
97.4746635275861
97.3630931883879
97.5261341471197
97.90286209439061
98.40853924184755
99.39710875914243
101.0938928663065
102.41898285806334
103.65052151344578
104.16749558361592
104.9144063866149
107.5520559294266
110.07244216874955
113.51126787050661
116.70526565401265
121.0639753255461
124.89615384528328
128.3491862865942
134.02275213197194
137.4232684506191
141.97020279832688
142.63038265323993
142.04154990200854
141.7843721949585
140.8502517914339
138.96156255748255
137.8471885667326
135.62991807212205
135.74056879821677
136.37104478568432
135.07003917106795
134.21021561848593
135.24691319705968
135.02605469304086
134.03896738325903
135.74089876079228
137.73612069422524
141.30874572167198
142.72925341015477
145.90340096672716
148.67210671597246
151.12973754576333
154.4342798841663
157.2013873766291
159.24772458987474
159.82634348294974
159.91521469187003
158.02702526253447
154.8644565353997
151.0012075133383
147.80632824503053
145.29798852930494
143.41607024286762
140.1152909351527
136.19759337157944
134.05301859315827
132.120962388037
130.61726463691485
131.28570812483628
134.33716840651005
136.84464559375877
142.3036729924038
145.74469655451657
150.10018470855638
155.59481961320003
161.24075714371224
165.5015549932681
165.28164156666435
165.82103148587322
165.82182772500425
165.69432714986516
165.90084901807947
165.91200257942268
166.64376800513145
165.98210500326365
165.86730512388448
166.1157001680053
166.6305913415631
167.2535954222499
166.38834153649503
167.6001497482165
167.03976716827952
167.84888847556962
169.50472518237228
169.48789429126919
174.64544632785953
179.44957364268942
184.13561834687448
188.68606198580522
193.0821677398845
198.90600685454584
202.01372876243283
203.10657190782175
202.72260553678993
203.18052115115756
204.69044529765094
204.7704201588253
206.11018600730387
207.23895899103897
207.00697506326142
208.11336935387874
209.30579814610178
210.73691242492794
211.71305217096275
211.81568380195566
213.53633390504748
214.16845222551933
216.29260809025078
218.71219786062346
220.99236312883718
224.37562441145377
227.9089201590912
230.19087468217458
233.97662811860297
239.44314196747374
243.41715669140441
244.96749220085422
247.3369116926318
246.20465713916056
245.10566690079324
245.02865714990196
243.26436889917315
240.3482197261768
238.83036539960767
237.99865059934746
237.45575019573567
236.76162586618977
235.60274772181873
235.3516922313319
235.54336461675194
236.65058465510097
235.55124852855218
236.08047371461612
236.26458772646288
236.87591765894337
235.8188902038383
236.6193531731639
236.85724431648057
238.18177937054085
238.49250864089078
238.19399208119341
238.5507001934166
237.81550999612767
235.92922435873447
233.84278490707146
231.9046927888145
229.59579685535948
226.90428107206358
226.80068897941564
225.01346801065338
224.49721322348333
223.39504572274063
221.39791836828894
219.69252018525674
219.0397401003241
214.91001010089894
210.1666124582263
201.5768672248811
194.5908408001495
186.00832446872235
175.6322179507473
165.80864007046904
153.3827281665555
151.74608203148748
149.98687646821952
148.69262686669526
149.17983697805
147.3362805608398
146.64362974261988
145.75991540243027
146.65537901551411
145.79001594288368
143.5878183201005
141.40012275524302
137.4903235310373
135.08788542340588
132.2124005515418
133.1879705264023
131.977236590763
132.6605618026898
135.56574518256554
136.8227887281524
138.63660283014357
141.72214001023488
141.73006248339973
143.49328564604693
146.32642691819757
148.27745252836826
148.28537561301934
148.9723945502556
149.3109505143953
147.42628372492052
144.94879951204874
141.4786310107094
139.20468818695937
136.95213566763894
133.83765936210574
130.821178658934
128.335127544249
126.80516552848367
126.07220424711129
125.91441394418034
126.03925302103171
125.07240162362051
124.58579264419302
122.50420965990415
123.60875071877904
122.80260477657359
121.30885700265844
121.19030173772158
119.13412098203891
117.62457457503649
116.90751907666784
116.7485865822239
117.16202823178506
117.06552888059
117.13990924117205
116.87908216995035
117.89965711434408
