4
3
e
75.21311813501525
74.90515798789596
74.98693108446379
75.57591120536955
75.88576652583681
75.0196486683191
75.47640056945585
73.85198276255538
72.12211290346525
65.87741469872945
58.84516549721199
52.56083581220609
46.720351135941016
39.636643746428916
33.13177767748595
23.36317728622923
16.105118154879403
10.989944465387422
9.840983404118747
10.63153534614571
10.389888395044498
11.69464686111351
14.873741345788035
17.1018668612896
19.37599333729478
19.07022231846058
18.42754095112915
18.394747127656025
18.995194577156738
18.01448434445754
18.386247424710707
18.47444901027799
18.528280244291988
20.44123339482081
23.72038915069999
24.873525032315474
26.33563315222399
27.695223578568847
30.996726299932284
32.52759573351151
34.794824050461735
37.13358760521369
36.78912100810428
36.94263860145724
36.37365326765718
34.19686408952046
34.09440815225405
32.376541903318675
32.286103385163784
30.590307268261835
28.60602820165529
26.178726269180924
23.687449757949576
22.488492303539548
20.310450042261913
21.00114271094098
27.193428476637457
33.751781349813754
44.90216603796202
53.11801351733599
62.39927957730342
75.37872842849096
85.88069075142735
98.73557693738108
100.62942873315896
101.45230382944742
101.90949756910372
102.23928651879518
103.13502325414746
102.44369053240708
102.43705585503842
103.07557072896023
103.58831974334666
104.01122471347102
104.54958615741029
107.00522350808045
106.73864875838352
109.12130383367413
109.88310071046642
110.6598364892647
112.21572995155879
115.76419165952672
120.37565545168006
123.47523710514764
127.12859995911045
130.60282019537132
135.78939329083815
142.25366027563027
145.70061677559855
149.3655398982477
149.91619690799442
150.08719059094705
148.19387764817287
148.76357996062822
146.5625357248535
145.63839134316382
144.1494960763986
144.6722767810455
143.45477149978169
142.52621427547462
142.55214252382586
141.95108692631646
142.30516415270148
142.805990510594
143.11645808217853
145.66875963148462
149.94956818543082
151.1671785081284
153.29358371563177
156.29620691579575
158.12359532376453
162.5005580074567
165.61023679137622
167.82482506161864
168.2715315543019
167.27681751293449
166.49085290318382
163.08498363513607
160.30857442032854
157.00208413801275
152.9890930602929
150.94362608611576
149.19849302412086
144.29773810033592
140.76742168359542
138.91913211947428
138.17280876693303
137.17292385445674
140.39055097435036
144.4982248288124
149.56918683156115
153.65550176121772
158.76769571178409
164.51416836321204
169.20812474601541
173.8551379301309
174.09106529796605
174.67925189096053
174.69431820249912
174.69225800221932
174.43992871468512
174.2769112579189
175.24429757145066
175.13417773921174
174.87978849239514
176.17995460321671
175.40720036743033
175.97956213959972
175.9853430046545
175.4186980774405
175.8013469473318
176.97211321424828
178.83233653497305
179.81293505405912
184.12937666396743
188.93711684630023
194.86407827154835
200.5887176092324
204.08188030552924
208.67833774567873
212.58627305295693
214.30912959521373
214.5114668098532
214.92031993552808
216.1796457491741
216.24769356591636
217.10607960020795
217.2543832654299
218.5858696114469
220.27637835880768
220.73024608980487
222.4927190682489
223.3526068549561
224.40804663052188
225.19393967654193
226.06687263436945
228.0697749567553
230.26933876870072
233.59783144089826
237.90341775347056
239.8942487825655
244.25732396069026
246.95133237561572
253.21754515121157
255.9476650590823
258.7931018529814
260.59966088067165
259.82397045211815
259.4122169514773
258.189034983694
255.31777960484717
253.19308689391397
251.57707268551616
251.21904258686746
250.14438255854705
250.11192384386746
250.10889478343802
248.60209074810703
248.7753087932905
247.90250257645167
248.92129383387447
250.13075296321247
248.885491592744
250.44411226880413
249.93176256062128
249.2820268563403
250.27455119094031
250.77620751948945
250.74776044574182
252.2608216290638
250.79293758334467
251.88842486270636
250.0467239181002
248.28328164887157
243.9439394175549
243.02827944519322
239.44855419634206
238.35339034232692
236.85369436638905
236.2105202256748
235.67738308234348
234.2405162075469
231.78866308726438
231.54361783946007
227.52269459110647
221.42866330328286
212.5161705820194
205.05232674826377
196.59413086895023
184.9159535918568
175.9514188655977
162.84709196004874
159.47930699499875
158.3775752000593
157.0190155879561
156.27371867679352
155.2170610670675
154.5625753914568
154.62516810121994
154.44503917491818
154.33079271602466
150.55948767268657
147.99704507216748
145.11459872941157
141.85238899114125
140.84683971663404
139.45999027565574
139.3208680775442
141.25599601745157
141.7132165733178
145.1112193288775
146.66409094178448
148.34239945721075
149.76086841020222
151.43867412867766
153.41140826205276
155.96978491562405
157.9539314674662
157.19004119928385
156.56251254079862
155.49888999541582
152.90581864047346
150.24280048120977
146.7859023228695
143.33777462791016
140.2965485734503
138.99264597674653
136.0037403306138
134.09321762843652
132.31807961481655
132.2498033209575
132.5897878970985
130.8347058010399
131.42855963706938
130.89826983543486
130.2414072583316
129.53734010417824
128.6202668061087
127.66672764662052
125.21513016681284
125.04853306769834
124.60391851166881
124.13506355914248
123.75838911495663
123.63127561054995
123.01605752561488
123.66944225594784
123.73052168406633
