10
7
a
65.37417160769871
65.12482783044622
65.06286186735834
66.08834807859986
65.83353516924997
67.28341066640341
66.12941307152428
65.90873673948117
65.22620852889585
64.94048520532972
62.82796269684452
62.69767972133886
61.87688778519188
60.85867201538524
60.11813016792817
57.95471314160852
57.59703433747459
56.013398586695295
56.0073397182409
55.50417287922182
56.585976544212535
58.368243205728405
59.25238321493921
60.190368310287305
61.61136630275884
62.77735850773863
63.56300532766769
66.0312371710316
67.88258417646296
69.70232882678184
70.04016077270596
69.6152685783733
67.51428697053245
61.993552766614464
57.62117404778091
51.68884400505099
46.51969729793914
42.61100767604679
37.57553260535682
30.72280890176705
25.61680589234513
22.20816841578908
20.781601839746003
21.758390407174353
22.69960920145502
24.927304082806707
28.94280963058827
32.973444018568415
36.137482829640476
37.327298204345745
37.972991052098166
37.740474321120715
37.87741862138658
38.7367678796601
40.68594014062829
41.31752336901886
45.76293503832329
49.97390544943007
62.89956203484011
73.1682578294396
86.47766412783838
97.80361503813077
107.96907645288421
124.47920754086624
134.8799245377559
145.0258396804868
146.46662622279834
145.3387476049281
144.4461808085265
140.93039213824372
137.49535776305643
133.79473546694095
130.3355339129415
130.17478035130793
130.12913262109012
127.54712688447687
127.06115205456013
125.29799266237643
125.04262538161595
124.74658657700284
128.5398069719225
134.80966136140998
145.1039939017522
151.5004227554149
158.5216739740639
167.11767001302061
172.08585873041469
178.9803551793246
185.08045264063546
191.29758607569522
193.1826467091071
194.7807483519895
199.01679574395442
201.62388530964597
205.49670653844024
209.4477422126665
213.4022154218937
220.4697955643914
227.57463644211498
238.25891735327136
247.71611439526427
253.0333219899531
254.499071177509
255.6568215716642
249.445700300401
238.94858126641972
224.32539678975076
214.9627932904744
202.97753127890095
194.38211259387552
184.25413933299654
169.30374561912996
157.66893901101318
149.13092238604736
148.12811644627791
147.16588579561176
153.7312088680229
164.25037170780925
177.6785494970681
187.27354219092487
200.20350280459797
208.10104143056446
214.1174971383197
227.51230511766994
235.83119906940985
242.2801890139803
243.44357762283505
244.15127393522025
242.27680531599358
239.71088152671484
236.72514566026024
235.15096741172184
232.87700049239234
231.90809408123212
231.8938728008603
232.79280061069852
232.47412749703028
233.6096044037071
233.216070267126
232.50059356053066
232.02537403320275
230.68594942432222
227.85870688990744
227.19233385286586
224.28926518181206
222.06714350963975
219.02651132267474
214.88691448350818
210.7053625603701
207.35693080378653
205.9955913867693
205.7988354398534
213.59299968152482
223.93302912350805
237.75654985897594
248.75736815907146
261.03204627375897
272.8978952097364
284.6067666789344
302.1888637990683
316.3631267258488
326.719080209382
329.5223119234032
329.31481120716734
319.9657368816238
306.95401195900826
287.4934851895368
273.4492862305506
257.40714076711754
245.87741433847427
233.79856257134944
216.77747578533436
203.8801039126728
193.4274161121799
192.21264324876392
191.0642394989014
194.64154068159243
201.24879177481597
208.0047204728523
215.67692629987906
220.8301807049378
223.74251716407173
226.58253928009515
231.63630537616973
235.1037515429638
236.48806495353412
237.92042496096474
237.45456799867412
235.67801273010915
232.62593756521144
228.65349734937197
224.09356476365494
221.3370730573163
216.82979501491494
212.353931550299
206.15748069852768
198.0343857007591
192.72156135495007
190.75371454795297
190.18812041176983
202.7604642556781
221.1435037012804
249.036445302558
267.2450114601635
290.4014180444446
310.6407190251486
332.36499469772025
364.3874343508961
390.34609010722187
409.0329667163984
414.55363747089683
414.2322005069432
399.3288303788956
375.0424702243458
339.8997867065914
315.17197132017736
285.9369357906528
265.0113856380209
242.3511103750725
208.84114563457692
183.48912721452555
162.97064174113126
158.45855966970322
157.6033279896841
174.43914651044872
196.7447651217222
228.94978121205784
251.61409802608517
278.01238245282826
298.8140105333757
318.3754368186804
348.88637438958733
372.3715575015875
390.0984885249479
393.9262262838961
394.3876018137509
381.69933423823187
362.32000515767595
336.7124256969184
316.4631625167647
294.4636327652337
276.9994714360363
264.3194882913526
246.8807170050167
235.34077520151357
223.1445769890984
220.64714539124603
217.83268946686084
211.88749909515235
207.01050978275813
200.15441500311707
195.59066584655827
189.21169092736102
177.60427215931878
166.0422470163949
149.80258973684755
137.04831403337175
127.04037067253927
125.31642470098706
124.11055182444562
129.69424536813025
139.01734766457406
151.23450045750852
159.34350033673311
170.89519581506707
177.40829132542447
183.78074896497893
193.96220440523038
202.14006317685565
207.46481215452349
209.262061788495
209.11233562635925
204.7229057895335
197.36803257415082
188.23107411161607
180.9640288406147
173.15964421273293
167.0959908959173
163.21335197376823
155.8014460548918
151.51676654902585
147.71851104731425
147.18654291822347
147.2639741740914
146.9022725819669
147.0646161382744
145.82877846554373
145.99746870625074
