8
5
e
41.756193038675576
41.98034811753099
42.69409844711896
41.95900288173366
41.80516532430002
42.038424863395136
42.83089826107003
41.5300099474409
39.969998697611516
38.8089035442472
34.28292519284078
31.53895398141621
29.16945950997884
23.356228243723297
20.075716343628883
16.144194527917218
14.063083412709574
14.611496823746757
15.29051763699091
14.82304747107693
14.361188399414889
13.351189893986739
13.035190805655727
14.308611257422717
14.002141561835423
12.278007160034068
11.954099274732837
11.296807127112356
10.56561343007123
10.22499661064123
9.528246548901066
9.471820223252339
9.223851494977607
10.38835859743569
10.924305678346217
11.8720380529868
12.149851688332056
12.754150028872106
13.119481071122355
12.750023415536399
13.05604713948872
14.1897499412613
12.956475705535532
13.140501709243518
13.723832234494974
13.97374144538131
15.464409170057314
16.68162010090995
16.554091845324162
18.055556922731935
18.662602266716025
19.10413705140102
19.75669230608697
20.128693520120773
20.69639887557591
22.250300803277614
23.036151660133807
25.422955070127678
28.07206141240894
31.18950139007915
33.322836942868
35.68181637017456
39.08947884075835
41.80609263098544
44.829516096692664
44.979906112782174
45.187642248247194
46.225226328870306
47.05145349095886
47.32060700411102
46.51332221359383
46.19427731232788
46.22799242469281
47.17307937479545
47.97345486157196
49.40723459489048
49.344513092103604
50.13658554326056
49.83248260766407
51.77681476075812
52.940676642179696
55.342486303315404
57.353524905874174
58.49954112391067
62.01006119565884
67.21417533823127
71.99743756870087
74.52649953792876
74.9999214046588
74.60775042632143
73.69690745888607
74.99075835604087
74.6631059103653
74.20204535626499
74.35613128113219
75.00037441217442
74.22650029400027
73.91913023072838
73.98512893069386
74.59708690006823
74.30139863739707
75.06078332052242
76.16654686777666
75.75684537124356
76.04795761777798
76.23362870205544
78.04336018330325
79.99199466136686
80.99303670167298
82.64236730163417
84.14765833782525
85.61344708069265
87.46083706097197
87.99156646070772
87.91880040480821
87.65515981356012
88.49875633953627
87.52001780054175
87.16411571973747
85.90338020750738
85.04497460680017
85.78989225409521
85.12395918712859
84.8185044194306
84.18902992485981
84.42784887517858
83.67952464731516
83.51097885837629
83.78247398637153
84.16627102243636
80.93960346568677
82.15325135765681
80.07106078272261
80.39664143332433
79.79003412265311
78.58815286972596
76.16622319811052
75.86386306374389
77.62845054872207
75.9477605977256
76.75941923831485
78.77033232284515
80.90038107412946
82.57851906541619
85.39299275229394
86.17124127212116
87.42945241058233
88.5175384185146
89.39841975437074
90.34729554706712
91.47768054820925
92.94003903299846
94.5725185741338
95.96859392242831
99.56527649590589
101.40648353230243
104.62259956049863
107.3575550520296
109.75345231443404
114.73218680997456
118.38150276961727
120.34250913957437
121.38411362649113
121.03635116369527
119.8501918944639
119.09754472872862
118.06344149337231
115.64663007697158
114.46363825427291
114.29710944365425
114.4526072094398
113.16211715111113
112.55007710824765
113.44489101342023
112.88344409219728
112.84032415007476
112.69199075026631
113.46774702862359
114.43899638256012
114.1046087974594
114.70213333056495
115.46310651825348
115.79467313722775
115.38869660550802
116.78790737937469
116.76252419731608
116.51145581435914
116.66512818297419
115.58673193730462
116.0605133763316
115.45629911589587
114.69362948132219
115.48701224000321
113.93806052552529
113.21161988732702
112.65674625534812
112.12175612020418
111.01727723770425
110.28818787102543
110.92550008400728
112.6106425687863
114.34757255256073
118.52922844632502
120.82057876393021
124.13205606834896
126.96524420158097
130.09007967071645
135.17102637941818
139.55548530226048
141.8483467726888
144.29436929376058
143.10592230647867
139.39957703240609
133.46542525090962
124.56769699972465
118.49890868760932
110.90248324903945
97.64668634106908
88.15665119612738
81.65689646011639
81.8663714256413
82.69137554763189
84.36566249888118
84.9332498966771
84.64172532397389
83.84818578245735
83.6354531824731
84.07442514435499
85.31744713008804
84.90937523108161
83.95516035272935
84.26532846940248
84.9278855002123
84.83229703808193
84.13068510424381
84.31046870686923
83.23169883137022
83.16319853417933
80.56944569479425
79.83234153889758
78.14297277435189
77.04180051020629
74.99852769806185
71.91220054700392
72.72413099045033
71.17419631236884
72.13636738496146
72.78374874755791
72.36557453626718
72.19529529362579
71.9920293302968
71.20841897241142
72.511075714174
70.82883592329905
71.05592956296618
70.79292263687103
71.28201608072838
70.28648652951145
70.62822681500501
70.29239913586218
69.69606303595224
68.60925376578444
67.79455286287049
66.7604303229505
65.4798070533356
63.20261502519568
62.935475358474605
61.09987439921934
60.14706806617576
58.679035665943005
58.866792191804734
58.87576468679209
56.898163621057186
56.46214207059452
55.95730297576813
54.676083819025806
54.17361579338824
52.7343136654011
50.784905971352615
49.53267447187402
48.652087620687176
47.367018634439056
46.35067107014114
47.62743811497001
47.67413381302346
47.8006036037771
47.575047734195
47.60131104625928
