1
10
c
14.445537519517279
14.211142930532885
13.60377462614715
14.323008002069765
14.634951529779492
13.36854801979855
15.27140508048899
14.226794770410894
12.903384078186962
12.340145588016874
10.11654945305818
9.74828704774481
7.638709478685216
4.491220490987684
2.874764412889429
1.011899154638893
0.17154711446700735
0.0
0.22388945672184418
0.0
0.7677351539789651
3.144039512246012
10.652780631046035
14.840177471168337
20.304120161722317
26.24737667242891
31.52059644786365
39.56651316760871
45.88002019606039
49.43577132139645
51.12405768867264
49.9783356222305
46.22373254677823
42.318843325789025
33.87062153900328
28.84439711583881
18.090456283155774
13.947910319781279
9.473668510897287
3.39638103466919
0.31282267581082873
0.0
0.0
0.0
0.0
0.34625252098462794
0.16895409901712008
1.151697173874893
1.9324087256518043
3.459551396093798
4.234700800952674
4.071508960696549
4.024365575345579
4.250492171525913
5.007284938124131
5.4465694792561
8.718373561357447
10.077952147737228
17.02857346894135
20.55276763248697
27.66662284058632
30.134483787062283
33.12800581599996
35.254059419595585
37.66646050750014
40.186367588287446
43.120931183793495
46.68426509282365
54.89551709954165
63.97229690293803
80.66499365192571
92.39548505952278
108.49454709263091
124.58525908725994
140.50434043921197
166.46198439013676
184.62666381022927
198.9512530017163
203.29608491037993
203.3129279608137
190.09641736231544
172.92193392665064
145.6670289669879
126.64919936497712
104.38747099530636
87.70678067470787
72.27922433942909
48.01436802658946
30.986344390708197
18.120275931151
14.881960541267834
14.13766992608538
20.83457489020361
28.149860946908195
39.28096544523807
48.097539136654156
58.08686174539315
62.149984831313496
66.5213663305733
71.55936957497583
76.38375349146848
78.25753731187216
80.50407969132443
80.14813792133313
79.34555326446204
78.36099807427502
77.62359484143084
74.5854237682137
74.14324883024639
73.36358598725145
69.75450929798495
65.02215478476865
60.884978300668486
56.79901680234131
54.56352878323594
54.18269628240073
69.31271129047191
91.79588502494562
124.67703083891914
147.5712067363805
175.0841627866727
209.1641635814457
234.1171401077535
270.14476423995274
285.35309789466174
293.08386190361676
296.36384708823726
298.960752146655
302.8318633063681
305.0066214142227
308.74163893385537
309.65272945856475
313.5971630298519
323.5231175045243
335.3350974884554
350.793007381087
363.52520258507735
373.2505724124934
376.3984210561945
375.9568280543719
364.77901141573204
349.51143308586
326.61633986319697
310.6313761286298
290.5756607869323
273.39851126930307
257.7444068965629
238.65414725224866
226.21321190112675
220.76059270986823
217.86951996517985
216.22591303702882
211.34382617455296
208.97631234170805
205.3876117196704
202.6891769066688
198.72116201926116
191.2413483955121
184.06797876711857
175.62401465700012
168.8524646452452
165.05494935833394
164.05817410828362
161.8682524730395
158.56942469482797
156.31781926152468
154.2057945406348
151.0742725256507
148.93716638858305
143.03058589497257
136.74336974349214
126.73979904875573
118.5819548511711
113.82956058393006
110.03161666158904
111.14168378374441
119.75489568560116
132.488420176383
149.66504916936933
163.59698431325594
179.0366625502526
192.107187479582
206.65605597301595
228.9441025964797
246.38157869620312
259.3882692074407
263.40577949728373
263.25571434387626
247.68182074770095
228.4661871467211
197.31289034433863
174.2959284264226
149.47539380136783
127.37525116815863
108.45764667331183
76.64463512092524
53.22843646884777
35.20367497341341
31.256260802194006
31.640524826622023
39.957397588309576
54.69078749576163
73.87348336802816
87.81598915363271
104.17506999415963
114.432893184712
124.89752198020548
138.7422540981171
150.73824012681263
159.20663754514706
160.55686240244682
160.2919529018097
154.1202805879353
146.6265472725556
132.2561329241996
122.33884361667604
112.39717788437535
102.39523537180516
92.80499407289028
76.15605084671631
63.64557411133012
54.2715086207548
49.80802913322672
50.013926262039014
67.22772001249952
89.98262469816777
126.84948116020085
152.3754112908622
182.74216653362006
207.96957477756368
232.6482938513154
271.4565664413318
299.84620512314683
320.8918234302504
325.31710280560003
326.00914553800243
317.2131244925298
302.2771699647914
282.5494857618949
267.06433244105773
249.76333784482887
244.17033306988213
239.4367711374703
235.1282443338195
230.33810644200017
224.17854626441846
220.3332341676769
216.09114559418038
203.60645598032002
187.8760331207524
165.40152504649137
148.0664172556932
124.63624338167443
101.52786825444853
80.17748549042352
48.4786196553913
23.771609110225285
4.841466482456084
1.5233718360194772
1.3168071492294664
4.556367076094579
12.342239243075428
19.165031114662185
27.1017970713999
33.766363415035265
32.78846531467418
33.24389902642383
33.43777735247899
33.303805674366814
33.898264303304266
32.822572386239756
33.110203619802554
33.78178970543619
33.9936083979946
34.82752768968548
35.404686791213955
37.48788730398241
38.19079505759025
39.14915715142688
39.85504253441781
41.695007677939
42.08779232721824
40.886872397707506
41.96166125098004
41.38978763818972
41.42112099840093
41.655438887643484
41.27738787809912
