1
11
a
287.7915865145939
287.4369259235067
287.97444089653754
286.6056709068188
287.22146944554544
287.59017926666354
287.7394919752859
287.9633340738434
282.43505129223803
274.57401738806084
265.2565810050492
258.1990039413504
250.47621839275047
238.4133116042756
230.91653447221702
220.33964511619382
214.47525548398693
210.67414343092307
210.0963640978136
209.47100554740956
206.21473397765624
206.0801668468322
203.17125762835707
202.058394663884
201.6864721131453
197.35544275482675
193.80108624898176
192.00122465986826
188.94185700351312
184.94786633386678
184.12780100555244
182.8952126468854
181.11545318071003
179.057252817693
176.28829587063626
173.78341524973814
171.6136264793435
167.42237925304477
163.13518488132496
160.226066101294
154.19747905476515
150.66207534037628
150.3199130433702
150.5068848030918
151.8882228281469
153.43689989036633
155.58403220719381
158.00692921640663
159.92508663693982
161.08343514361925
161.38160967212806
161.67420058094854
163.2134083978556
163.33126283933842
163.45497430016516
163.9053778878161
165.31274904137408
166.87841408126928
168.78124346517413
169.51335430493555
170.81990572609192
172.6124705381492
174.1360202990139
175.05863055695553
176.6783517069652
178.47715107582755
178.55685220116445
179.41103368301194
182.5987452854604
184.29013311424586
187.36594663049084
190.8674542991449
193.52897876560579
195.84861971279082
198.5771158519936
200.5795573973052
204.7540550049645
206.80606248160709
208.2116113880153
210.82955920449672
213.9254948930354
219.15839269889938
225.90938561490324
229.27954783719136
235.200220659508
240.80160157396114
245.48242800517414
251.10803349851017
255.73666483634656
261.171668661951
263.67105995147466
266.27205610244994
269.91647480012676
275.23436735519385
281.73117832900823
285.3249161123229
289.3563142316728
298.6031845600581
304.7130596445962
312.4989211267396
318.903741971762
323.8313362015585
325.6409270749768
327.5647869228317
330.0717092021239
333.9380696364438
335.72166831356856
338.2945201121957
342.5673899570938
350.750106002341
356.58057308396207
363.4873529046879
367.4235803879766
368.4666250882481
369.67551712149054
369.7310474511503
370.28404854789756
371.1206183977133
371.7089519821494
371.8936217380204
373.21728763503666
373.7067410212947
376.36513983159176
378.4863109854758
381.1987439441123
383.0511536395818
383.80790582587
382.8726701289952
382.85079904266763
380.75506396602816
379.5890525969175
378.0326371943611
376.6722241040626
375.55064640974496
374.08729602704665
371.4420853446689
370.7579280187156
368.5090814393723
368.6068534679493
368.5443577780334
370.51251048818614
373.4787641582587
376.16671823752654
380.5987392082874
384.26856262889515
386.30790516252017
388.77076059263504
392.5513268369447
396.5135991000445
398.17002843515434
397.76201365526765
399.4903647232352
397.9512653446092
396.65720332533
396.04844108407735
395.42088965311535
394.88632745914185
395.03248408863396
394.5831780977378
395.44386350496245
396.1029431458649
395.1411168146125
395.46934883826526
395.4079409123636
395.3072326319056
393.8845751392695
392.91676177357243
391.71651584044434
391.6796661323246
391.1690477083989
390.14032047457306
388.9778006208012
388.25109526738254
386.83203267662566
387.53120450059464
387.33607719364585
385.82308915668517
384.0062083967017
383.97085578806434
381.5544722385878
381.0786791521452
377.86296211955045
375.98150302464455
374.50967676068336
372.23794487256214
371.30573457286636
370.92005253725307
370.39477697583953
370.3522932236165
370.1282616648469
368.8852703956072
369.73874518922315
368.5251379118059
367.5189112076676
366.8537582251516
366.5519221946858
365.37819549976973
365.28181608898774
364.356828509133
363.62238459333275
363.50594449233085
363.0419154386867
362.8569216971108
362.76737285553423
360.50046668401814
360.00958270317716
360.08110064506985
357.4118230863182
356.4590353651236
355.64721217091375
355.8990861822667
355.6285122623081
356.79463542781457
356.43583578434414
357.74556890021984
359.5042267680302
360.2361439279276
362.605383794425
362.63086303233507
363.71316290656375
365.57311584033937
366.44608219128753
366.2182599058578
366.27862796533867
365.87665677078314
365.40587764379643
365.6153216984972
366.0318406226652
365.6756914097333
365.57608954663806
364.5889989128485
363.81897357737955
363.1310485317366
362.88532080397806
362.5728791014193
362.8232370842216
364.0646924110218
367.3595735556233
372.0488913105216
375.5124371328143
380.5904189862575
386.08870035874946
389.62499582727753
396.54214120144667
396.35229574051067
397.05230524050364
398.23012104630993
397.59686386552016
398.0445915824639
398.44256608497346
398.1900248609026
398.5410206377303
399.4160017092726
398.71996192777704
401.20688618797794
402.26924183305385
403.52700835211795
404.80410100885723
404.83838087143823
404.79491761667174
403.59909959140697
402.7065005722894
399.41416230364814
397.4007530453216
394.1052502141164
392.98105991186225
391.92235178301905
391.79596595017915
390.5198120990164
390.24491736164987
388.8189096582999
388.53444740257515
383.9523051950108
381.74201815536543
374.3359710407125
371.3591007095226
365.0466971640709
358.77326956457404
354.28840657619503
346.7090099674384
342.2890031855279
338.8116424011636
336.88594452166325
337.8003766092164
337.3895902414893
337.45078867245593
337.3299178367381
337.3337533821132
