6
10
b
75.06814147735606
73.84272765494671
75.82499714745757
74.5684199290131
74.89496248382287
75.20699093397
74.55718246222432
74.15804468599363
71.48981321841673
67.85692063936742
62.403211884853754
59.60706050705153
54.954373884033096
51.65930642544465
46.41998460470015
40.552179454265456
35.58460924227826
31.545306557658407
31.095967674896748
30.713068243759594
32.41538219730816
32.41986685415412
35.331896187938945
36.32379510784139
38.47500178986377
38.57385367848728
39.13059896875878
38.7434951917265
39.87058044192699
39.38743661746397
40.339409253013166
40.2893383285915
40.65964197781359
41.12914971207762
41.39550193402159
42.10229346337685
41.75473500154948
43.03004155517205
44.08103401310502
45.32567278637515
45.70432477557824
46.201492401398
46.78767384720916
45.564500501299406
45.307539931472085
45.34108714085549
43.87100216865559
44.23253969561161
43.281730074312605
43.366782455246174
44.32692479710661
43.89918082336705
42.945801155105116
42.873049534184496
41.79995012772248
42.606166750683
42.30528076498656
41.56540249465596
41.67124319012474
41.65340655741609
41.15125095088028
40.72585383969957
39.64198821194465
39.31185269393546
38.33146946423755
37.41772857938051
37.409372124850506
37.12096092716968
38.74451045129934
41.00322336910056
46.51037231447898
48.820148849109074
52.434526991192506
55.929588134934434
57.80332553960731
60.381540339387506
62.0845534525016
63.29149242943411
65.15279622796827
68.05837815149205
69.3245470086495
73.44518377599641
76.40240801346295
78.99252134674599
83.37397914064863
86.28487968115218
91.17360430640068
96.42084043653827
102.5487171161676
107.03098340711475
106.32565125080096
106.04821637117841
105.563965332966
104.77392031208656
101.31423693304207
99.79635617635992
98.990810107005
97.80443820338112
97.72940039037778
98.77648947174974
98.2394925377339
98.13765921267702
98.54910314300452
98.35568802776679
97.49245864864857
97.153547363828
92.82277514641245
89.23393508474348
83.79898405850336
80.61979500305465
75.7091586524681
71.88263431029937
67.89635104518882
65.63201673595282
65.1174893008506
64.20317778194662
65.05992193397765
66.32687633839463
69.6624558237997
71.0226070903476
72.16352858889444
73.55646216447028
73.80454781038004
74.71182907484696
75.58031210245687
76.27029156268918
75.67416410748126
75.63096375962672
76.3226926261065
75.86680801066849
76.10780246043846
75.58414647442845
76.3102040070051
76.47304682707313
76.15270337002775
76.95359035421076
76.50438444097158
76.7102761495324
76.69128639391806
77.9344369947592
77.34206478842533
78.75904917285568
81.02382734855037
82.95881878912252
84.85680374505823
86.31010556130431
88.89337736552986
91.51374185446686
92.4036944201194
94.52332537061338
95.02424480651749
94.71889780262347
94.89992297236527
94.27806181415694
93.66286878741151
92.72526155475407
92.52235518188138
92.2829499504074
91.28465821585502
91.44019492407341
90.52224228445706
90.8487289603711
90.38622337267336
90.60031791671199
92.33815365210229
94.67706303344684
97.32717688654633
100.34492813963281
103.66254038586949
106.61204137203634
109.15703725020037
113.62178697666678
116.56673621520599
119.90046240459732
119.72257003516583
119.5498827468531
119.38519808893155
116.95671630307457
115.8316247315828
116.30809984010443
113.8266012108759
113.89355013856276
113.60155085729008
112.90366334975322
113.18775185079164
112.64001579494132
112.0832611230852
112.06180901662832
112.13752900942718
111.82330279451509
112.01149790436641
110.25954431527838
110.45745948208332
110.16952970776823
109.70358321077714
108.23780454580637
108.8439213376573
108.40658331344693
107.06694670767585
106.68429465865364
106.84232006872308
106.16154806074688
104.27133280597847
102.74034437094573
100.63554519400643
98.24645518327446
98.11195123202417
95.3993590996847
92.26925911602248
90.99305663012053
90.5535115733419
89.95926913257814
92.25547729223064
94.99428114337478
99.64627697234496
102.38785961591918
106.35508627707004
108.21329738110374
112.39147980458755
116.78725086819937
118.86855783031136
121.98373406648996
123.05618572311005
123.26112304607187
121.2162219212308
117.35225020070604
115.89794233778113
112.92454752210853
109.87640809170435
107.90399682598323
105.90742642122079
104.31465457212919
103.18863547328793
102.20904707975947
100.96806085318251
100.97786176940912
99.4886916439254
98.76219592151779
97.54787317574714
96.38795835499515
95.512077016692
94.51397964583235
93.311363102802
91.74586278839372
90.1080736555667
88.01887414836877
88.76847364233234
89.23280600956652
87.9328986756028
87.81127451194365
87.16156917133209
86.72839985056979
86.86292184714617
84.73689841292874
84.01597572298427
82.83288925115585
80.9329200828293
79.92689599183952
79.97543397672747
79.47261664096723
81.98941912214588
83.25443987219884
86.36932742550692
87.2269816599739
89.70863987323453
91.72740069555384
93.9849616530866
96.79456078035452
98.75140943283989
101.01082739005379
101.94796762451469
102.9626009350171
100.70180751246238
97.19142281544808
93.15712199359534
90.03546293936392
87.4502142321206
84.98447952811028
82.97540448072847
79.75794116691462
76.83702945249046
76.08962150298973
74.83254593114414
74.29249165907642
74.96109765201253
75.40549502547398
75.55127667135568
73.93193003029822
