11
10
e
9.744878827124662
9.09167885944142
9.19938470795276
9.568403456441006
8.297339824036909
9.66199493932552
9.328748723922391
9.754317558720286
8.969168985881998
7.511838801773887
5.636641330430641
7.1216078827909595
3.82032640117997
3.947602466008972
2.4031275714530187
0.6445227065875787
0.0
0.0
0.0
0.0
0.0
2.0599720737096447
6.6988511788204566
9.68664102948054
14.063619096338856
16.195532808992965
20.054566131884016
24.75537783119484
28.532058546204333
31.264280972319856
32.95534311547656
32.64626983414735
31.245327494863645
27.78405297761557
21.355904977252134
17.97804314546003
12.875254025423903
8.990883549633821
6.93351962763328
2.2624530530216673
0.27955436481464147
0.7064945601724224
0.0
0.0
0.0
1.2512780471456872
0.017150440706416664
0.0
2.260648128486612
2.600241303149401
2.7734068934802156
2.9383510871956577
2.141606943250949
3.031352667999464
3.2481165868071757
3.4316160155570534
5.4036685855058595
6.555502384493076
10.297852091398697
12.39845761664424
17.44295084353942
19.51746138877469
21.264366480683037
22.12290805239515
24.232628398085662
27.380582092562168
27.749694964854093
30.217908566481817
34.703903151827916
40.7361186350375
51.04632619153501
59.3566274100805
69.38816226256435
79.54261492584114
89.27110287451401
105.3053185048389
117.00929308135481
126.96451923899701
129.16717094281398
130.24770981703972
121.11484678789084
109.78945494746215
92.90934732779084
80.84050020727453
66.46509694503182
57.04928638323166
46.60668487121065
31.371949077601375
20.475237312181676
11.751142381003044
9.30231135105609
9.68647739574963
12.095166885239424
18.88159498347471
25.107267679224734
31.067831282101853
37.000548516660196
39.720891495896524
42.10586354021163
45.60311253538847
48.54888100394921
51.27998696037687
51.62533026670403
51.41203612596181
51.968907566300715
50.98700412983181
48.62587980644403
48.022318556075575
46.68709729431105
46.69334456069149
43.51549425242323
40.665271219295796
38.25866115971914
36.171840813369535
34.32879641673007
34.49958452213809
45.02423835197709
58.7413717193564
79.2259378854204
93.9428809422806
112.2073393493942
132.70688698059837
149.3881498810205
172.00443702197413
181.34534989411097
186.53257936838574
188.36325293377286
189.37424811148549
193.18796107462924
193.90409777669365
195.58532973802414
197.70918040996315
200.3932807815376
206.67220328103156
214.6089134308104
224.12582936984282
232.20596877386163
238.1496761396692
239.27962722411672
239.73367191236355
232.44637196464768
222.22043213380172
208.39177909437478
197.87108940649384
185.51608247045547
173.67596624783425
163.77928090151138
152.86936194687584
144.04281773264944
139.95560645256367
138.5079030389869
137.09158321488744
134.69907330142772
132.74663038273806
130.56722124047315
128.16001768981602
127.08218562918837
122.12393733233748
117.08937018256881
112.27645849355477
107.1556520273909
104.55722900142767
103.4738748744764
103.02219458502053
102.09351302514384
100.13786952785887
98.40316792540122
97.02687799840672
94.6431639111882
90.77888551497892
87.40065053420977
81.01186060406324
76.35215183987974
72.95834881927229
70.7522628367615
70.62564470266908
75.59861832356012
85.11380154335859
95.57982078234852
104.15943721502285
114.68086501093237
122.93822558993509
131.0975119041776
146.19056072093238
156.83494924662125
165.15180979864417
167.80337592079823
167.4447033996253
158.21379104487465
146.04363092861038
124.91568449084436
111.48646997190609
95.1210237920098
82.0846576501828
68.22907824393977
48.74776614934533
33.515714026012525
21.82480564395857
20.29605677005794
20.52208554093625
25.612151130464405
34.01691736339869
46.47627723227683
56.917225235626546
66.74856982584105
71.80360921769436
79.05950893387654
88.91641560850297
95.53056935242812
100.5921828173908
103.55558456126305
102.24718212003712
98.4052153230696
92.8265753008298
84.07276209508807
78.62494278287303
70.44533256017255
65.85467468151967
58.83708720160845
49.00842336679392
41.85607699483149
33.705873249759726
32.165859984243845
31.203080072564447
41.97742808282294
58.35704338762686
81.9681248495637
97.31898939404007
115.63839104781628
132.50529840488875
148.1400723543357
172.711992234253
190.63756338438384
204.75327761171886
207.12574792846146
207.2060510554912
201.8579827015559
192.63051397739176
179.73402740227883
169.95200366035263
157.94629158379107
155.79217580901795
153.3397736518474
150.3497682176396
146.81029791178963
143.24972493087256
140.42899658468787
137.07576977099143
128.7306792050045
119.26930564531904
104.51737364272229
93.96509366364276
79.43649210918825
65.2651872296091
51.406938074637665
30.94106258629204
15.33116412057295
2.5146633978365553
1.2639454571414732
1.640280478457582
3.8854105838115087
8.311662047274897
12.80613853359511
17.09334146571363
21.490278188655363
21.199297760147964
22.456886258854837
20.906207542836608
21.11566751953708
21.10412980966568
20.591554147166267
21.218750519456307
21.632333691169276
21.919771285120785
22.519383041601397
22.540567369179733
24.027670560270934
24.663313589835244
24.76579409531688
24.956063065558137
25.89618971491747
26.265667474968904
26.204295355447645
27.211987382636114
26.745851014209716
25.04710875878288
27.31500519989106
26.226274253011855
