10
4
c
205.63521440692773
204.9352737401911
205.07776320956026
205.53754733852435
205.207405199849
204.79561304436515
205.47514056782535
205.12455818528844
198.28165959113926
189.48762254260782
176.12802680555376
167.8573288508856
157.21030941893432
144.4777384396169
134.78939004452442
118.9236669025299
107.17258511626302
98.03818132557939
96.83401472001306
96.62342341438156
99.28979140323715
104.25599045648677
109.69076448268706
115.19156334145887
119.6753758176314
121.45942624488343
123.48922873675922
125.21201579566562
126.0230488338772
127.53102993914324
127.22195324558588
128.31233398200447
127.61871342533274
129.1421573288725
129.33371054628688
129.30161209644956
130.17537542598748
130.97482703486637
131.04091291013046
131.84673454696986
132.5836976817882
133.9707647747715
132.95149422930587
134.30571480754028
134.38129538853792
134.19374265989325
134.45210630671997
133.34712097394257
132.58655604404132
133.72735798245247
132.53205824474315
133.02122306391456
132.31138742253037
133.23052922153656
133.2763092625478
133.1810920586399
132.8278555056087
133.52189701485807
132.76478426779974
133.43172152029786
132.24511298089226
132.96432633802073
132.24717623891456
131.3837392050622
131.10228680263353
130.34101890561556
129.10316599453225
130.151055776026
132.25856353278067
136.16337879127576
141.42797908738132
144.65515049891894
150.0126835433731
157.09375069865635
161.00176416471186
167.39819537664482
168.09474233680663
167.73123483130846
168.60468778145415
169.0777365618659
168.97197971740295
170.1497652702437
169.76781895331575
169.71429366876953
169.72757912492818
169.21967636327548
169.2519403065117
169.02388684722055
168.99311448406604
169.86611556116492
170.21778865716493
171.15957042007736
173.47113061568476
176.00175043550956
186.09349868050762
198.64693329490302
213.10144114779015
222.81862235524926
232.3367747049959
247.2667404634057
257.6503451130508
264.975874547802
266.3938987688736
267.38025548872724
265.45092147981126
262.9003180150607
259.09416180012636
256.0366054174856
252.5620699409883
252.52833075475425
252.96940409472708
254.42270301011663
254.66152499930462
254.8299205270502
254.78198031156094
254.86110558435456
253.98626137177428
250.2923232356762
246.50980214949237
242.74982354175387
239.2559965735342
235.45920422460298
233.43018983823387
227.93787436346105
224.10520518586296
221.87581207850275
220.7414353910807
222.13842754678612
221.4253843448098
223.4227141943511
225.44375200763258
224.47403027120941
226.03531396769662
226.4780335654471
225.85038615592305
223.77076069336644
222.9140849748299
223.18371586760978
222.3339128255677
222.4425355718869
225.10300701912794
228.95190330747374
236.0781552505536
241.01378786890007
246.0082723944464
251.31087021052542
256.1867241594243
264.2365112441414
270.1523228265367
275.94361958446336
276.2240339247186
276.18811289216103
272.68205833890914
267.206961502609
260.8874848414176
255.1294358992129
249.4527940332505
244.57872180214085
239.85730222749189
234.21225086638822
228.54243559411498
224.1757508889705
222.5458020224153
222.94235992351486
226.78930982465047
231.70835162326978
240.69882901336672
245.48129656654262
252.65562096316617
257.287403253365
260.4950023152279
265.08337214800355
268.0518234743214
273.3845609707826
273.6171226918206
276.94737136834743
279.8937726440865
282.9170814097239
288.3889718796322
291.52221425907777
295.41633361508445
301.20734393231413
307.40106854912875
317.16334928423066
322.37391809222487
327.54964234984027
329.3921589146423
328.0295644907548
327.72758188064114
323.4027810711569
319.27092382802584
316.1635676493296
312.5186892602739
309.80920659465784
308.70396202821746
305.1598882168954
303.35626747341666
300.69188845751535
300.3899062896202
299.72394467926426
303.9458579746643
306.86490140612466
313.4303283810875
317.9212772958765
321.79690996200486
326.5105848805944
330.94678478888153
337.4253792640147
341.3674732969179
345.17190179453866
345.1726972290937
345.54349659183794
344.27178120338215
342.73839120659267
340.29138256554484
337.6307952708143
335.907263199699
336.06347553535335
335.3700740501845
334.74338872542484
335.18633328224024
334.99244241587803
334.46965452358603
332.6074522304443
331.9082016472126
328.90443599147596
323.8597819052958
318.50573736268603
312.63474094279303
306.392887882796
300.0627200024891
293.76041777371665
290.6269928504351
287.9180609510502
288.56671163932964
287.4418592046567
287.5700963757154
287.7940591183889
287.84543625767014
286.8706970738756
285.1927618313817
283.2966197945545
283.63685897442605
280.3608052886433
279.11455347627077
278.88372702405724
278.78695667447505
278.1361040324528
276.7380504956732
275.7968373542162
274.84363338671415
273.47186987385925
271.902875879943
271.22702306474446
270.0761558874472
266.8708069519274
264.9132125297785
264.39184351788145
263.25891121365225
263.52102758913554
262.9379853368923
264.53841367133896
265.68777755826767
265.5238330969873
266.5228672132782
266.0302633052326
267.1281493164478
267.07688871388984
268.1773064491817
269.94695679871114
269.66210334054796
269.67431122410386
266.6556094656776
262.02636009937464
256.3185846389983
250.9858066757317
245.81928174075634
240.54499770940794
234.84605703493912
229.94528121613467
225.98954002471268
222.69399556746197
222.10128610049483
220.82529028215995
221.43196114920642
222.05391873251338
221.07831623495832
220.97666918138484
