0
7
d
85.18662132095926
84.00272624367815
84.97498582815226
86.17840245981759
85.45034744532921
85.51187830889906
85.67419605953746
85.54505510200153
81.56767103293082
77.88061070769217
70.12909905795597
65.61734611803912
59.674059067926216
49.54892179573203
42.06767862499574
34.02480415366742
34.36313164269595
34.7211369570249
34.02821676895038
34.05703885917447
33.75541935668623
34.18483732872822
33.40108310795996
34.033068129498915
33.066630659662664
32.35246224341279
32.877338734755824
30.47329371545288
29.177609714974874
28.599835818834645
28.786167608219003
28.816223461402465
28.760219536403966
29.231939499361133
28.744264830133034
29.706524410823217
29.466421262215412
30.170052040277813
30.256488134777566
31.067500215972935
31.232062418649704
31.23270682299587
32.55995876866664
32.87742372169812
30.07758003135895
28.415062959070298
24.55677999761527
24.06560164095946
20.4298075808179
18.0215483448723
16.233611185993812
12.238242611664031
8.603092031202182
6.55173230906445
6.449602411733084
5.910657716374038
8.164280434148473
11.932728609995031
15.846983266472986
18.313257593079488
22.688829793390852
26.096400805832538
27.764609124304645
30.942407410081316
35.266881427218586
37.51895432822159
37.40448621563216
38.19527313198127
35.82767870174528
37.105475606486046
34.58524692782384
33.109731902950756
32.38358849032849
30.555726148129317
30.408825327495936
29.691246032607626
29.44022158815102
28.741211288784584
28.793499446252813
28.59271702097504
29.312594471314284
30.938790555759773
31.251357061439393
32.7403077727321
33.35274331891167
34.564988184433886
34.29688189363768
35.36895705190858
35.75467060067624
36.75947012672271
36.383030536640916
37.07555217377407
38.94895819925934
41.01845352070426
42.508339577103634
43.861554419794054
47.324278717006614
48.70710233625294
51.81977883630045
55.1592044895079
57.39600155577075
60.09283222108857
60.26336779380173
59.94943354475978
59.19205510951168
58.11614977006828
56.3179894065557
54.8301783722624
51.74161105166818
51.72305233161096
51.34040254318202
49.513962417749156
48.74371533181574
47.2111208119052
48.38520354087799
47.57489317494561
47.238921443149174
48.00097045553234
49.88358712988753
49.46583761180417
50.95064715891847
50.89362197771187
51.124271165478426
49.78940435270998
51.42809795203576
50.894885806265
51.665305567307506
51.978868331951475
53.28810172760387
54.078756591095875
58.665046346452556
61.59863478268909
68.6679178476817
72.03259847534618
75.05522815156831
79.39733318757968
82.54207391022237
85.07356048784254
84.80318141923026
84.8458302856553
86.54786330552841
87.537094055977
88.68304216107194
89.46364338748987
91.08382742535721
90.8152422385332
91.8828378760674
92.32481438391423
92.77450805474427
93.879416459748
95.38225644015503
97.09260184061912
100.46502215829504
104.25568429889752
114.30165927474756
122.66332234317116
133.73897318151515
142.02705165285255
150.625099927998
164.83746963932902
175.9337467457638
183.4398646845448
185.96917417478707
185.66727661504788
180.70322648978
173.95158122729515
162.28833812479658
154.6596835693803
145.87889148664496
134.86042573991884
125.74117270198893
118.19300696440406
119.13553166643383
120.79811790198707
120.94001528949387
120.99972099556565
121.35734093377135
121.9323416372006
121.43696816662566
121.65777545873438
122.04471847135385
121.23082312730949
119.82557038930894
118.6051257914343
117.4806218158961
115.39880062060692
115.73185048181404
115.8113330369572
118.40928944782573
122.40727565696517
129.16249850537224
133.34874890263382
137.92842053755837
142.54280319936103
146.3543736532418
152.03978362179396
155.16706904606747
159.1054865563939
160.8597153902999
161.78729305030842
163.8309032322234
166.53070561033635
168.89466246971182
171.19698451300596
173.78168334630752
178.3975541180029
183.40083587988045
189.81082529036266
197.90880267849525
201.77973331277508
204.30118665330704
203.38037859386685
198.01184589009304
190.11658252887986
177.50594987415337
169.89120515379102
158.9426340405193
150.66504076172728
143.6182574074436
134.70262639534218
128.11345312374658
123.3578330514303
121.23044853291384
119.96955474788635
116.60567405974619
114.84655635685014
111.59954045519378
109.3849384355676
106.62929215210865
101.29119706610194
95.72294104698159
89.70306139650256
82.71771104894538
79.33549778371331
78.35518936504158
79.07781107623498
79.68262131086068
80.83300926750253
84.98903333583786
86.3571281459937
87.54673243683438
88.8966597212987
89.02895012154288
90.61895494543455
91.25568009898667
92.46665955720253
93.26688925110275
91.77842717241877
92.02311247012734
88.98038644343474
85.27143489697266
83.04365732905872
80.52682318616287
77.58776985093678
75.95616601756484
72.9342001313075
71.65625607002868
69.76950902994538
68.85339240634683
68.25824777412757
69.3414293357505
68.38566258170339
66.95459806962043
66.33865961517498
65.76153977194974
63.80553711036216
63.18852478635364
60.484264774710375
58.73214498358059
56.83491199227537
57.017288411694324
56.63329524020551
57.398084721336254
59.95559420587489
63.9744709138907
67.16006470994968
69.62956801327195
72.05430623563564
72.97451965430804
77.54326294522635
78.80071238318818
80.97204384456599
81.82418661588537
81.59269534329927
80.31110606143777
81.11391648839984
80.8031488277149
80.70667059241521
