3
8
d
32.437347798036164
31.309412537824013
30.205909905621393
30.479806528962047
30.89319866945738
31.168492825714576
31.756754637464642
31.6346285117889
29.37494668143201
29.266169735674342
29.237058394119803
29.57074683090758
28.818165765839414
28.860688778185715
28.313492258007514
27.510883171561392
27.722436921300563
26.328618236529863
26.745052005465027
26.4341301980472
26.520873355156482
27.364525808094356
28.025291302418516
29.107243589723435
28.53475353695344
29.444106519539442
30.064859148500876
31.56923902272248
32.003862328489994
32.166128001551314
32.09192978992154
32.65863304022596
30.683734534871594
28.79840707257566
26.186798531966094
24.6619947006684
22.5534503753047
20.619707177984253
18.102272263331262
13.77888534625961
12.254493688415593
11.046876377653492
9.642452197153489
9.919203800104963
10.203246102959605
12.383037078175477
13.604644705139323
15.490434301687825
17.321026241699567
16.803569939641992
17.704812840123623
17.869420868726476
18.271955830212992
19.104844721009812
17.655755384982726
19.681995263818134
21.124299105579716
23.93530589860904
30.369541857071034
34.12704575849348
40.84977180591851
46.11668636995529
51.0254777260516
57.43089863363687
63.73020770342618
68.28156068135773
68.36528915186162
68.58554972046703
67.13595979925735
66.37735271752827
64.2353906843829
62.622641890449906
61.28714367747571
61.51205017615711
61.11514569658085
59.97591568773001
59.809185915004825
59.082866313658535
58.716429604868765
59.17129428617418
60.838797772067835
63.56646969793037
68.2984081538816
72.06704679108384
75.16658571219111
77.8323187813234
80.77585556699043
84.89433233539962
86.81021725279024
90.1844646317047
90.47089398033698
91.52837839709699
93.1877188556176
94.89485216369215
96.9255494894669
98.09826340199032
99.57173684466393
103.05155355654018
106.79238265281955
112.06261814257458
116.5076852974664
118.14233797403959
120.06966363089724
120.29333611281737
116.3234495517187
112.46053992312697
105.8410325475116
101.6982541481362
95.70414832057912
90.42814933754885
87.14440926230358
79.55295355290852
74.39882075291874
70.31931847095264
69.18535746698485
68.45346449130548
71.72514407274248
77.6589144520149
84.19086729011929
88.03787290246784
92.77425732962338
97.35273550209335
99.84861385862826
106.3486415016315
110.72306621614679
113.58725085950928
114.08493098262545
113.61938204480248
113.42792346223186
112.36480555640367
111.5131451705297
109.63708973305083
109.98469552674291
108.99769475225654
109.38502083522863
108.19317660766043
109.24274400072326
109.79746605601235
109.86311465812958
109.50352874843463
109.1152267601918
108.5922086169946
107.2076743847998
106.41753464790625
105.7169465377994
104.49333907919825
102.78591074789702
101.29838273964364
98.41468589946233
97.14086435047635
96.57957902003247
95.82197804733524
99.5780956947652
103.87831658177892
111.764132220824
116.13233172675588
122.29120538462624
126.99487182112102
133.77457223858843
142.64649728223856
147.65418223260227
153.13963766431584
154.92278997431666
153.84781301611366
149.79066904856904
143.55372661873105
135.5346689262894
127.62221816765404
120.57779350781468
115.31231366686711
109.73538012067323
100.79453075043055
95.70130532520771
90.77183241509249
90.44536101186885
90.39504217960916
91.21675456452543
94.07875098227186
98.06135216117899
99.74828098947687
103.4423845654602
105.15788198101886
106.67642182034324
107.7388778736381
109.438833902976
110.99209672363098
111.46978379611029
111.2270714128004
110.05724840810633
108.56732036047619
106.78628613562272
106.50411107766939
102.95200442137636
101.59400392769517
99.18291394605001
95.0864137272917
91.99783671730889
91.338900571368
89.23810285100525
89.63865439705879
95.79612633696944
102.9168692243814
117.02138615973335
124.93381433797501
136.02462884163967
145.61882142302005
154.61484591061378
171.2095179079949
183.59312276912468
191.3468098418249
195.05765812005095
194.40497233931916
186.87077258178246
176.19744849631934
160.2061159007454
147.46502126093557
133.93813273241184
123.53586690882508
113.30785010370822
97.22406711186647
86.60056502685373
77.30344955336346
74.55393588605956
74.4850486247465
80.83108569618823
91.53874352571749
106.08526072689702
118.22077279116795
131.21747223791027
139.23105165924653
149.7900284001527
163.2507712680483
174.3159600148843
182.93688972894404
184.65078003044619
185.0733646117631
178.75017009915493
170.21597546879656
158.012846860661
148.4646982813771
138.23822851086268
129.93413172782155
123.59845333145137
115.97092098624348
111.40902832432478
106.08486094853197
103.15633495101602
101.82124283639304
99.06184033392819
97.89867560268917
93.01271620365345
91.60641533896728
88.58767655357093
83.0589909787273
77.91691549944237
69.77133691899418
64.1297909561907
59.44365932670501
58.88784538880499
57.287130948520016
61.62499490775052
65.30620245685436
70.84337175084326
74.49271516688384
79.57950835253433
83.06645519542012
85.89933460457262
90.78317066862124
94.96502608684659
97.24872663340223
97.45473693223855
98.22296481348636
96.0461449348117
92.50662282582395
88.76100221245926
86.04175958250848
81.0727174828779
78.91291771599273
76.88141915993558
72.54994868488888
71.25889815397237
69.71852022949308
69.26565364368221
68.71451104198081
68.7020362795872
69.14307117770183
69.08944850055322
68.12476292737213
