7
6
b
25.57540063207318
26.067752235393918
26.375263434270156
26.18575402047752
26.659303545210822
26.64141365517799
26.292698295208886
26.28535907772932
25.35989817657231
25.681893852681544
25.50779164559642
24.704102498442047
25.619832218989107
24.30223596423424
23.35499974745172
23.600019702478168
23.132901226235788
23.405313562895657
22.653945815911115
22.956641696772003
22.977558096540868
22.29751388701238
23.66682054546509
24.102323051736146
24.20470491905017
24.763032174806533
25.148840781529305
25.903491104260087
26.58186358496439
27.407675312409836
27.46203299503269
28.831828372740947
27.08537388562472
24.421562429526205
24.14220308947308
21.331776634250087
19.04581849146739
16.799437182992932
14.580664138152702
12.638379880758455
10.297772090539802
8.19341736005477
8.271381051312035
7.996155432299146
8.406934479463816
10.563092984228238
12.263367664300121
12.784581411023812
14.286287907988491
14.845798360538886
15.0657344364015
14.812856256772156
14.130583466858806
15.763494929993481
16.904593740668272
16.657463117599196
17.84965787397278
19.86969605008769
24.907908317860798
29.637932703374887
34.371708869561964
39.18694869876541
43.806538087309285
49.73832321647813
54.35998976257097
57.74618167276244
57.93172261543841
57.7567338074695
57.10350096724366
56.57245919662545
55.00706173216823
53.09706295578974
52.08154428491785
51.244804179478656
51.85377855532278
51.79366263021416
49.805223928003066
50.058145873860575
48.301365765799446
50.19575619016127
51.33018625758521
54.07598489029221
58.36430097672843
59.996838021057584
64.34706364030463
66.64010456445574
70.03023204789449
71.73234810825423
73.91135323831534
76.04087673478841
78.00807922249706
77.57410531337962
80.23854154397422
81.52739550345473
82.97061637958966
84.09547583932014
85.42402809351044
88.16951932940492
91.90630067741158
95.08286383533827
99.15435948968192
101.56012009854189
102.60033875377805
102.0135072402285
98.87875930207834
95.15096952404262
89.55406282152215
85.95181106199125
81.0676722729265
77.87329142999008
73.16807635208409
68.38785160316588
63.03713451665303
59.227623896347154
58.982451393306114
58.74459083192464
62.1009512553326
64.88944981993669
70.65311497950465
75.50482158907803
79.11686465019163
83.19462402809366
85.82811079129706
91.69046628571377
93.81721607266613
97.0917260186031
97.29072625624086
97.21809956614389
96.55884395772108
96.56982472113651
95.54738438044768
94.49627973039745
93.0415910507206
93.33410114458206
92.80839225325617
93.15549196870958
92.65858692011166
92.19910776520796
93.35272423588546
93.76173444880658
92.93945641181485
91.00399791889322
91.02432876046998
90.80919272546686
90.05743240632631
89.1804789053325
87.7689457559094
86.7546469242596
83.04239313801979
82.8888617695043
82.23051882423886
82.42339344555843
85.86767221515652
89.32319162067348
94.12664146596164
99.69731415313262
105.00171324212846
109.38615611387897
113.33409198094279
120.57254534119227
126.21497069354939
131.37831622359894
132.55502464136953
131.6477457754577
128.16795323463717
123.37417730798818
114.93104988265429
110.45376829308394
102.83978760706317
98.18869542200878
93.51965902470297
86.89401628896142
80.72820247262375
78.32878644151603
75.54472028426949
76.06351363439639
77.83494998388475
81.23400229774552
83.04896272053709
84.73177378798057
88.87308245793362
89.62468179328887
90.80352012212036
92.6522137381629
94.13283242700061
95.07183106162398
95.33522158216557
95.49520728531408
94.6824362040028
93.13379441914104
91.66229952355903
90.1006904952324
88.32199048125798
86.43455078667333
84.70215257832392
81.3126383600217
79.60262508779417
76.95182459766338
76.01826631736803
74.9877543256657
80.45029165688783
88.6615815686699
99.10861134552843
106.9903117990308
115.63442972692074
124.02295815147423
133.67903325952085
145.51610997395173
156.32775056455412
164.15032783056895
166.5538270396265
165.99702405064824
159.03518019401545
150.01925644541646
135.93779840859466
126.59131534384939
114.79520429533571
105.92766226697698
96.72673628204863
83.01931358992503
73.8428089647414
65.84893781459115
63.48940519711848
62.75268204390001
69.85761884368212
78.27760623716537
91.25891620871992
100.34411303168277
111.3834855978651
118.94130230457571
127.43766206798583
140.31148536567366
149.49964775898417
156.19555469072085
157.85643551274305
157.2455308473732
152.27222621406816
144.68638478991775
133.75887368604313
126.30650506650794
116.97034910377585
111.19535659822748
105.49120454773264
99.00267890628008
94.54517900856162
89.87377907479332
88.31782961199049
87.07815697594792
84.58790270275114
83.89915454366326
80.36369580014949
77.73188929587536
75.07324297006011
71.35102161012617
66.75183964521464
59.996502071992
54.90574689543998
50.8265349164888
49.92688855976346
49.6128185647587
51.86262956306214
55.249029548085595
60.30570469954804
63.80620155937381
67.98733995948199
69.97162916469536
72.87708483770912
77.28457886881569
81.26265232283117
82.8483636689233
83.28162749055872
83.41909547337303
82.30623778230968
78.92685918020203
75.33812429142591
72.0136885260026
69.70952048478908
67.8710812019145
64.99920761115543
63.19617923130224
60.56929423151805
60.01754891898488
57.87652180175325
59.341597744342224
58.80991340542202
57.952826809349645
59.91355506159907
58.547682576862584
