10
11
d
81.66871030120768
81.32378744794055
82.18298975239101
81.32707310631532
82.38738767312722
80.77710556424178
82.23550017138963
81.04878048879374
79.23522716717142
75.48161561674948
70.1541556297426
67.29077264188312
62.74111459473577
57.877353429262584
53.16655853735606
47.53911697170543
42.45479282825877
39.00574619675271
38.65875861166066
38.186479010410395
39.729036247852456
41.48931043145421
44.28575541827482
45.54002182392285
47.854308354142375
47.562279033055496
49.40998879804558
49.17125568346692
50.22973109892958
50.81614522779995
51.180000115585514
50.73544014966821
51.57303867993876
50.754491232787444
51.3608225978069
51.75696233319201
51.83546714357305
51.53173592715336
51.823500109877315
52.14871920472445
52.968611130326174
53.93330662591924
53.72586691579033
53.69495377436923
53.29415487869225
53.053412707970914
52.80636551238172
53.777023364711766
53.83950167425805
52.99599415266364
53.095634933761666
52.55772554811848
53.26621542388478
52.26109460662148
52.32293850111895
53.1799648739412
53.27886006248037
52.96996092396656
53.18115565421333
52.60884700935204
53.02938568158783
53.214552398175094
53.052830961222064
52.439720235385956
51.58713258414092
51.8667959505234
51.57452784088258
50.89614283052101
52.445765582167766
53.75739423482692
56.264789887543294
57.74893792817943
59.340433310314275
61.23849161396368
64.76951447358911
67.62392151845985
67.21692768793673
66.89786474915462
67.79993368806804
67.56642868142036
67.69065952530909
68.12030387868477
67.27791978251936
67.63562208815672
67.67419805797269
67.68862087260932
67.86211007748307
67.25485444327614
67.65078287075151
67.0528734017487
66.79382952800925
67.21956419903344
69.6694495882907
69.54839254696878
74.39809972476976
77.9950024257
85.47189626495948
88.5180752635975
91.84842337701993
97.73683338800373
102.66977025897732
106.26548967261778
106.76452763786261
106.18167607143691
106.1484725522556
104.2768466081361
103.48619456672269
101.91472311165751
100.92111608064496
101.46807992935658
100.77173767725236
100.61363920447832
101.54646850958494
101.78930606052147
102.12658580332563
100.8096498314482
101.2001685438251
98.94563086004507
97.6354779517388
96.6141341092761
95.48445293806662
94.46055190909999
91.65410875619953
90.64325895042882
88.88347691095609
88.80496671480672
89.05516543782953
88.84187880062102
88.10414974721535
89.0036384851437
89.80004160367282
90.27312570433678
90.09959775008932
90.28863512615622
89.48490614959762
88.46522656757256
89.79031009860599
88.21728179071287
88.96249944634093
87.61804601988463
89.6278024208694
90.37448554679959
93.88097954194716
96.50541038928132
98.39063793123026
100.36913805128978
102.58980360269483
105.12531934017986
108.14340469463954
109.60153295118381
109.79987494211144
111.09908903850223
108.67219148366743
106.57881382295251
103.5254084841393
102.30317961738804
99.20030007741072
97.83898806840214
96.24365914468571
92.40691736657935
90.48693800430412
89.76327651179018
88.34394220526472
88.64601066549842
90.60679804751894
91.93335328511583
96.23270311041657
97.23912476788391
101.2810463772313
102.45992582425355
103.68034477073066
105.7791642168412
106.36808992455387
109.01412660515439
109.93764645967165
110.53553098326307
112.48338246546248
113.29871940580011
114.08951251570218
115.7443582565161
117.33015687492784
119.15175275254498
122.22392184568697
126.46518625290182
127.93173725195203
130.02705226788646
130.3760660286818
130.8752438141926
129.86580810039246
129.5415754254056
127.50787022747393
125.65901846662321
124.20343653374017
124.6380099667601
123.96054453612601
121.55522465306237
120.80060857745224
119.01180383125438
119.78269185248129
119.48249235057435
121.11059612129287
122.18643974812257
124.54412261010762
126.5915003645679
128.46442635256216
129.8446350590311
133.03558634190807
133.38936596352542
135.8779078764871
136.91736593237965
137.77672377789747
137.3399583409601
136.80636713018228
136.20721180999632
135.88246904855546
135.83502221307106
133.66441400478556
133.99687984798015
133.63058094025067
134.13347661888128
133.73977867991889
134.04225082772138
133.49322595811992
133.20909193022464
132.5008981734403
131.44242561280439
128.80994937446803
126.61496619936838
124.46053860848669
121.94683545487999
120.04071767433024
117.02925495260297
114.92588038438839
115.47090457447538
115.26133217891447
114.79756308176238
114.38320931481253
115.35256560657113
113.56806146836017
114.07626712801728
113.95884920856379
113.9934592489644
112.4184307648138
112.04323597460028
112.62667165590257
110.91764705233784
110.62512384008492
110.61153216209746
110.56337020766814
109.27556671560265
109.75498973044851
108.07837759091531
108.95953292713047
107.50834851261807
107.26031041984679
106.86093172038692
106.25490869082898
105.02833980496979
105.64835811684428
105.5049156941244
104.89340230468845
104.66204697815144
107.25564582846073
105.63478443517437
105.1841613662495
106.10005708235398
107.02305247983547
107.38048965494781
107.33038653960091
107.13226864381336
107.5093452247678
107.58347065741829
105.9148752966076
105.0756608490689
102.41153652659939
100.43997702541222
98.48816855671554
95.76233198491305
94.42136951000964
92.24637508209709
90.21617506426712
88.72063621230463
87.54068867948706
88.92434836232388
88.63309830282239
88.82887622693652
88.38514383831195
87.78696576519896
