7
2
d
145.43249520766835
144.70237247132192
145.5482582390386
144.8208716479803
144.72502999151084
145.2408814320214
144.359095303917
144.68087612324405
139.65787763608313
132.94750781515964
122.69785695911429
115.50640096547085
107.78536200078024
97.8254692043395
90.51878600742921
78.6374450719133
67.89052414712408
61.63548093776513
61.44151431134975
60.21989669281396
61.01724356174586
64.41495529657377
68.57627329135653
72.27430556743623
74.66978734486194
75.73784071063707
76.12049952573163
76.4163111765543
76.39035230150206
78.08783464709511
77.78657167527692
78.8847073026767
79.33371663627562
79.43683153611386
79.63332485298316
81.75497023995518
82.25897652011885
83.20305184985047
84.01702536552298
86.60087595412736
89.03578537270323
90.15630068065735
88.89958474407726
88.8801831760456
89.37997368552001
87.68466862470885
87.38364741991317
84.9572929302167
85.16748011763357
84.10494776444457
82.97225363726568
83.18274628811938
82.56282472779768
82.85331516713914
81.88536746588842
81.4850365768285
81.51477142177978
80.44092558662159
80.19569634169201
80.3403226289011
79.1824134659703
79.21479885907304
78.478369437569
75.81789197841934
74.8474647420076
72.13768518375994
72.05399979200571
71.73500544494551
76.4596267683643
80.45199461274875
88.70177973653261
95.32277226220151
101.44454105765779
107.69122945885876
111.62858112782008
116.03688885480517
120.01411062748487
124.8064722689994
127.78607917282805
130.3363442134415
135.92361299239167
141.91853219023827
147.87164449158843
153.671438788381
159.919193970205
168.11363481445017
176.5056311840271
188.93245755887833
198.6647937221861
205.08908559203297
206.1573983514529
207.10754270623437
204.8234243643727
202.16506324072606
198.7011715979805
194.5027194457367
191.8417915355509
191.42212167591467
191.39299423409824
191.83268762072996
191.25073872325467
191.1936801098349
190.2777353203521
190.32396446581444
189.67376979844855
187.36719956470273
179.2447150083583
172.66415927015552
162.02924879946949
155.51921534214904
148.41551694994317
139.42100456865614
131.83337178892324
125.38804779454907
125.3152863289857
125.37147057639191
127.42264958547564
130.1195893232176
134.5539250616461
137.3397402645418
139.95791595877338
141.71657477149387
143.72533053112994
144.627990569729
145.79066872612574
146.34370455496384
146.46332955333648
146.57322868634708
147.3218292775682
147.03032435736156
147.18441048044403
148.24584633855733
147.67955932612927
149.16762272287582
148.050306585887
148.68119015176794
148.32176501632415
148.50675502018817
149.125743636133
150.14499573233815
151.3512575043596
152.77559385213715
156.39129975521362
160.65555809013694
164.59970675096636
168.74471720150407
171.89457656293828
176.75674903078823
181.23088518429634
184.09838749980076
184.43457802851603
185.0221680854909
183.47812184212083
182.99680808972838
181.52059528145998
180.6609839218505
179.1017110627814
179.74876708729505
178.4102612296014
176.97657386017224
176.62722115460824
175.5010547087095
176.04924640128704
175.31300434043575
178.87768296137358
183.61448001533236
190.48710368728072
195.0768869575245
200.5391528020976
207.04380475629665
212.7610801373357
219.46821254814878
225.7970597437757
230.25111443749103
231.1079916468758
231.14746261230508
230.58058180874582
227.61063340229492
225.13852352133569
222.85299884281358
220.324035873735
219.64949189079988
219.57545826106883
220.66451617331464
219.2916621687813
218.57753638486233
218.25775126964396
217.54841635208865
218.13539276292255
216.84167358258375
215.02015492239096
213.68473050716122
213.24777741857233
212.7301394453146
211.9398340052372
211.2643918745291
210.61272587084574
209.3673981291694
209.58684459392788
207.97869139013827
206.8748412034697
204.35444499511718
201.19415116764668
199.37484794809228
195.1932622295638
193.24499812385017
190.28731089876152
184.31276578718388
180.39751269514957
176.2477738918462
175.26406759940832
175.96379983463004
179.33859011824097
184.80965497086584
193.70482895095208
199.98536218496557
206.55979669251852
212.46607997317224
217.46896511728235
225.43064424139743
232.6569308906542
238.1852761408046
238.695096566442
238.62856811840126
235.39197744154663
231.2090118923778
223.65448797596244
219.10499395739515
213.0570692403949
209.10443411275867
206.94665140451542
202.72053333434224
200.138147040593
196.86769644070176
196.34103459359156
195.88474529506277
193.6841142595266
192.75248789786156
190.4914933572548
188.38249396102267
187.33866029823747
183.84417089196964
179.66414026590235
176.47162535703723
173.4953790829889
172.82630249842774
172.50427955458514
170.98079525173551
170.5355771770948
170.51855283638056
169.03356046915272
168.46334027405612
166.76449315978684
165.17992063136464
162.78551243337486
160.35994817150134
157.546727351055
154.9775016610518
154.1158766221896
154.43657708763666
157.01334637328367
161.46704095434814
165.81266806077267
169.89807493614526
173.59302065043542
178.0555458763713
183.04599440258588
188.30011122500426
194.23149792209676
196.89725548772853
197.42000705971915
198.13713813941146
193.92178356846995
189.83197188328307
181.9597223800708
175.87260162113688
169.91119189550886
164.4047857451126
160.21749930492388
155.0010991795384
149.23190744377598
146.36230590883054
145.5721707835673
144.4581244364305
145.18020199379183
145.27935607176317
144.72862497291777
146.4786287956915
