5
8
d
82.94425297506407
83.75550662338777
83.12532692915043
84.02607123957299
83.75513011085128
83.46837448079275
83.24451675074772
83.8735264334133
81.05282630274539
76.69805414854451
70.66977290134199
67.27008752729192
61.4691760267008
56.21930461553523
51.61370069655121
45.075093046204096
40.01342457197967
34.81411042965605
34.33619069606643
35.049685730662794
36.0008917697663
37.92563133867823
40.35056641264356
41.907638815227095
43.39103591886424
43.35084835104839
43.83479973515855
44.60097547589317
43.45519805082559
43.492788538627934
44.746765066050834
44.89941656518581
45.46146010445302
45.84171891273329
46.002780546622226
47.16279989631725
48.12016270276425
47.801657458061094
49.58165572388735
49.87606264629934
50.48731979072017
51.40748630233798
52.22218172928481
52.25067915653084
50.81338949951776
49.07020489304619
50.31258869092614
49.66466558084925
48.50864310954259
48.12985562004854
47.72065084038606
47.76461925050779
48.02295809095968
47.96958520808201
46.892980735069074
47.24850843821941
47.37994938176654
46.817632210050505
46.85660055376224
45.44489496591454
46.18709362779151
45.71807638891476
44.57748013648059
44.31892795455515
42.276385218952704
42.67418414042337
40.81280406700253
41.33197952411401
43.283571622652566
47.853200666002444
51.1550390415018
54.22279628706822
58.703806977550144
62.791055026558034
64.34618823627432
67.47432391543818
69.47682820127032
72.69558173955328
74.10869072709977
75.47738156898762
78.39292169933373
81.12795684819869
85.75563168894848
88.56697604987701
92.42497599033508
97.85775373585936
101.32873322436987
108.62218100645316
114.90192780928726
118.22088301604293
119.31278844390819
118.53330962255122
117.48580170118842
116.56073498800654
114.06183642317463
112.55340800975317
109.80645912676941
110.86042374287275
110.86937089516567
111.58103369224217
111.10769585906215
109.98796624479061
109.99508997585242
109.05670284853637
109.16161051119327
108.10846115098228
102.32334288106046
99.955956004619
93.66999519789319
89.98994554068196
86.58137266952495
80.86493280548734
76.5297602525622
73.43456825981174
72.63688260552495
72.67512590496162
72.15609217587412
75.03456537949926
76.83894495683104
78.22738339205374
81.54223931493436
82.41721058040943
83.0130353842613
83.09903903775901
83.07984527683398
84.62752558278483
84.66646764923485
84.65582997485885
85.2373940181139
84.82265825790405
85.4161510356898
85.22817476078595
85.71382496137737
85.69888585227793
85.7603479520618
85.02091615635595
85.67097571093547
86.21968084502484
86.26333446285025
86.67946863338182
87.49301453742535
87.86403058012789
90.22562199639539
92.54884369951974
94.49575631672347
96.95577022631696
100.02748314306898
103.12991853442891
105.24923095442082
106.01039214153306
106.63602042869175
106.63795359087844
105.87781860588925
105.81015053590953
105.2901250782637
105.65823949441364
104.05290143490681
103.41206745559823
102.52280724558226
102.37631664182186
102.34475339330334
101.5780750446311
101.49477487813952
100.25309218570978
102.7957936759348
105.35020772479372
110.5566573800156
112.1146026227516
116.36308644887876
119.10665748741351
122.6228061868442
127.16585695908532
130.61515172854055
132.91358059695543
133.59320489045328
133.1711876124283
133.0480539550406
131.45667684421986
130.59465677376167
129.8368776263842
127.6729715594851
127.15562591114256
127.02907188604297
126.33386722780499
126.61568592004734
126.58053767163099
126.14917882537786
125.36704587822571
125.72731618062437
125.12460140997776
124.38528488120052
122.9494530457272
123.52744863220298
122.81654332573119
122.28984559648167
121.61634134431353
121.41280338740563
120.83393639583657
121.02048126169547
120.34326873294064
119.5084883095
117.73763563880934
116.4927242365809
115.23001624172134
113.83562393988683
111.06854650408744
109.83969742665657
106.12824433345476
103.51386059295173
101.89389811764727
102.29265956224316
102.33448186248707
102.79527149992737
107.02590502792584
112.10907605533389
114.82343188032944
119.17252078299798
122.4028682368293
125.18634735394265
130.73339081032844
134.59120690233803
135.97899023280965
138.67751197089368
137.28670872127358
135.22095009727653
132.88854518905117
130.18996892880088
125.81829627267878
124.28159809439886
122.05476756607324
120.46668950890047
117.06765629091554
115.15226664558469
114.90416315253741
113.9702211901758
112.98738613151563
111.97949342680505
110.52109873984358
110.14593804907597
108.48756520486944
107.56776737759066
106.29909705250516
103.85008907808749
102.97200261723859
101.56003948965906
99.83095750517408
99.89437029404044
99.77993539937508
98.8778755901097
98.3518923317024
97.75296006001795
97.85257165462802
96.97410255967664
94.08375271399336
93.97585606084834
91.77403118875789
90.25374690311071
89.28324799153904
88.36348986426398
89.10851464274496
89.63388263600535
92.80747215903462
95.34715812556175
98.36417004515332
100.73398147234535
103.41287565196501
105.97096228239866
108.46216584305604
110.93249521555995
113.30185001396008
114.51624386987142
114.30278299322966
111.47736813657887
107.94710390628384
104.68045691949801
101.2528649077297
97.69288004695076
94.85011204617325
93.50805144505519
89.7559791293673
85.83561056012334
84.44479865509578
84.8539038855857
83.45468125970936
83.7520655911875
83.2018747462242
83.8217804025271
83.8275410118601
