6
8
a
168.8526270563525
168.2400801138659
169.56800323626442
169.14247569031699
168.69285102705263
168.86142539211997
168.72506545740444
168.30883816870363
162.17231127371295
154.00540350309734
142.46139377438365
135.24856670608006
123.88973501327129
114.27703753359425
105.07809310834189
90.59865892483913
79.08274338319778
71.72894661366406
70.10850226960264
70.07924220478625
71.20730248773947
77.4936790228671
79.44550477161178
83.81428734092339
88.16633040404648
87.6048192397309
87.72916831956628
88.62891042953481
89.36038094828749
89.70121384523839
89.93895194392508
90.5348173967077
91.70620035392419
92.1081277289283
93.80096899003806
94.79028268746016
97.13213698088491
97.69288072404271
98.86580474983526
100.54750888017635
103.04822918898525
104.47620135512342
104.69826711648795
104.37288514292386
103.40308383771435
102.10630443957811
101.15896813079847
100.5233182590436
98.86410191299831
97.20253951981988
97.36475546022164
97.37689204637314
96.53556186186934
95.7719703716276
95.3335777689572
95.65692785403978
94.82315474451593
94.17601812435001
93.55347477388861
93.76696380695182
93.73555996635837
91.83663727040944
89.99763696521455
88.71383262111476
86.19617090895625
84.69142838092993
83.75210878627526
83.62561045174034
88.37262398220301
94.6148979081547
104.48310304805463
110.65269745549006
118.31773972013437
125.12275573568155
129.41614271329914
134.71955692061528
141.36750346340995
145.33691072112896
149.2562551460768
151.03288419179864
157.8898780433859
165.60042194991107
172.26762535379908
178.2291430554178
185.7581787443814
196.3578701804655
207.13675089848232
219.75951260443307
230.28899130853011
237.87750062486992
241.02749122974802
240.98484400663145
238.11541373995396
236.06220875913607
230.70771320169374
226.86268075079118
222.78514688464747
223.436896776751
223.1865812500546
224.2270415024931
223.35631200568662
222.21191387001775
221.6127480391506
220.94183072256277
220.65830105400485
217.36372908492987
209.60704172221472
200.02116307194956
188.84092316556467
181.47556850747026
173.37944236485725
162.8500393981842
154.1590730089259
147.96936700207488
146.70947178816357
145.3915380943598
148.64001353109649
151.16162544489973
156.61154455349185
159.63550849761674
163.85629867039665
165.34834358080874
166.4598502849378
169.75326246501703
169.6475940417836
170.85992676115617
171.04922965882767
170.96430059043303
171.08925442498128
171.42739066741981
171.69478469789115
172.11926850998483
172.71259601457686
172.9227232451993
172.71187980283912
172.65885490360944
172.78396939358498
173.79882418462245
174.08510836723298
174.00483625340013
177.07132711465175
177.91912277140426
182.77637926848286
187.41215133809962
191.96592637981425
196.79372637832225
200.47509144663601
205.8865495994018
210.75511153865062
214.3482785215146
213.84843541402887
215.33320799440068
214.8029868642425
213.7711901422734
212.67497881490755
210.97447074460152
209.3215205036469
209.5852159611598
207.32125411248666
206.79895187888488
205.51254122372023
204.39250134383366
204.06536015825318
203.17502888258616
208.3717990187262
212.51234037501413
221.5904934694424
226.77477723868216
234.3614442166396
240.60884770608644
246.51769582515172
256.355608404174
263.42593139919217
267.8187254417067
268.7247296190982
270.17223981524137
268.89026069667784
266.13888777442287
262.42794539179977
259.34618459095304
256.8217264726917
256.60930244283327
256.4905383094643
256.35991334022617
255.42429436306253
254.54930437169898
254.20166350994958
255.11961617241067
253.031275609812
251.9319432920816
251.09438630026625
248.8310546375428
248.1659888593621
247.18692626929476
247.19622047676938
245.85777195530778
244.94918442221322
243.94611445243814
243.54345467518547
243.78721419698144
240.6821804894077
237.7541299305494
235.58271683575714
232.44611994591065
229.75445743245578
224.78568048315117
220.51733047993682
214.86024968841727
209.4026598582111
205.79101859410804
205.12974981385855
204.82823319524218
208.90538562329436
215.9285243359557
224.96025983306717
231.862796100854
240.13969476775134
246.80034198893927
253.262868653535
262.93000725389584
270.5352574889593
276.9912198517605
278.3796470770729
277.8742796283247
274.3239470702584
269.0074881894493
261.32296655245216
255.44833791799803
248.66349625063313
244.3837015472898
242.17286886693773
236.85317056093166
233.8551936276918
228.779686599601
229.04430525306498
228.0767331581442
226.266425642531
223.77099195855513
221.58937492975824
220.0175829139783
217.1030470017998
213.76520909313317
210.57799544248365
205.5417091377185
203.7621559424532
201.39413454130724
200.312633985503
199.85370937660832
198.10627403626347
198.50251903712086
196.4183292387192
195.81120654094474
194.65780631320686
192.2193213990698
189.86817363169973
186.65957400758822
182.9912862232026
180.8766394185416
179.9213057732648
179.4558484692912
183.75884062158806
187.92038598501003
192.92170703735403
198.128374549997
203.21539920181894
207.75261582507724
211.85268113133904
220.2147418982495
226.20803394361855
229.24304475368962
230.70299483393185
231.44525795715043
226.72304820509217
219.8591464106547
211.44578487354818
205.18499337394368
197.33950227385023
192.93493959306528
186.79295412589627
180.14692366725308
175.47978419022525
171.53814091448788
171.05638668909063
170.2421324585428
170.1772214856699
168.434627469087
168.7876658118477
169.069575921179
