5
11
d
88.95480169950353
90.25667909809918
89.85054688721358
88.97996307067287
89.67878452630289
89.48070733454578
90.12313009696861
88.74201597566325
84.2698135118262
79.0866768278774
69.18503854510541
63.50227088257085
54.846381950303794
46.204961574899194
39.513454104310036
27.751884714726966
18.612912051495424
13.947413633277653
12.655406337277823
11.933854636731278
12.078742172860776
15.602374808975254
18.28183133074739
20.28169056587844
22.20133532348676
22.92266251511578
21.719040263189424
22.9793383256267
20.949797453660537
21.532098019402632
21.184380331098524
21.221457993590185
22.542651553033963
24.863621039989614
27.020080576862313
29.441251519209295
31.741716334877875
33.758716775828574
35.90704930565732
39.90349834190903
42.21297576567675
42.484801562239625
43.09967420649435
43.287429600231164
42.64885115367973
42.05093668686176
39.619717827925285
38.94891459510523
37.54803792932263
35.77914801609535
34.569110375611196
31.632511041497462
28.652425643798143
26.374212751132447
25.3351308528577
26.24729656192612
31.391598622960807
40.78974730431288
53.51919147877129
63.01341883040475
74.5651759946029
89.39628616943138
101.92678387156043
117.63157105013899
119.28979675107081
119.67330052782461
120.86311281639786
121.11984200835818
122.4798055587029
121.8914921917529
121.93171404945909
122.63440817019085
122.7078951041027
124.62373566586784
125.23834759316921
126.72645656551289
128.3074750930768
129.37200949980829
130.19315866127948
130.64452718767646
133.890441353855
137.05554388438645
142.98556221368386
146.1388493546647
151.0029579179754
154.60820186490437
161.3524074755459
168.10701075011394
174.164112932733
176.32394890528533
178.7086425977442
178.2927869319759
175.91594522876304
176.06940076989156
174.46156187034074
173.23329809988584
170.9385960129018
171.36347849389273
170.8892367021185
170.36339516450937
169.04332659196362
168.85080102432826
168.61516881705654
168.01063687577792
170.38134317048687
173.19154794271512
176.34520064011156
179.23435475449546
183.03620529497
185.62792746511482
188.1819054013972
193.25241871404762
196.25935297862682
199.19444149327626
200.84126410698775
200.36358192017389
198.1741867998765
194.02050631743163
190.21180766484107
187.23598192433252
182.7155357248569
179.3935316204526
176.94428474013358
171.25422191156983
167.97692038763296
164.9877540927386
164.10381651405464
164.1875471680586
166.0732456827586
171.07681550344327
177.6241611073266
182.85211998272055
187.8928436672512
194.88422860913983
200.79738203695635
207.71210777117105
207.8782453258626
207.74890122595102
208.06094446155373
207.67751060923825
208.15502969894095
207.3911356015436
208.35086894751373
208.48253635360015
207.78863779556718
207.79999353343965
208.00141298742818
209.0208811884207
209.43030439482507
209.1691091771327
209.45394964155847
209.7126443812969
210.54629534933184
213.65136534519422
219.02057474690176
224.36700228827826
231.214485059394
236.1780651763674
242.8436576352943
248.56640254959768
252.04518602130526
253.59730131021797
255.23712881422261
255.17204346023314
255.89961967756219
257.40213316675045
257.0935747216313
258.77173395243494
259.5733034106145
261.6819056852315
262.49056520460084
263.1970782380023
265.01752186858795
266.7466351611454
267.5720168938586
268.94650293608316
271.201931820859
273.00564444728286
278.0668822265526
281.5422199527272
284.8677885764388
288.9151213372838
293.04231984474296
300.34337411700733
304.38873179556646
308.26389592950227
308.1545583063192
307.94798388249865
307.5818772192552
305.271071100575
302.5736185045445
302.36793770541004
299.56576666546687
298.23492797809575
298.03585234359707
296.47733182200864
294.46520016786
295.68196510121834
295.4489433042013
295.576425914227
296.0089288448971
295.7483924088067
296.35063438395184
296.48242468990304
295.9720386867481
296.1794371179458
297.81148952348957
296.67206335571285
297.7244388475118
297.57898419442853
298.81975430673646
297.5729788901582
297.6905272998263
294.86922213497667
289.52646328285346
288.35027620358267
285.46254964601394
283.220263894436
281.2097544254631
280.26185973071426
278.79445814116383
277.1705817269305
276.79013139198605
273.9112655394217
269.05759998748414
263.63156350444933
252.15912962164464
244.2943344431852
233.89976531773962
220.13116780430425
208.73136101756413
193.3606401848125
189.81636443856206
186.58054340796627
186.4160414259134
185.97637604531448
184.8201303820838
184.10278939042308
184.2639199287436
183.75066789738628
182.19518150775403
180.03341851452447
176.7369745427867
172.5802185663996
168.78841309525467
166.4019127579393
166.4681859996879
166.0504088996432
167.76046891267004
169.336554881876
171.85789573501825
174.27687041770113
177.13951843506356
177.59554747383282
180.90733940000138
181.97460295543542
184.82467010140917
186.50214047695482
185.97917741991085
186.84688639576865
185.38597563505004
181.88172890014457
178.10282771611207
175.11077042113675
170.5770744454931
167.63671953430597
164.63739870892294
160.91151981061665
159.42437306723448
157.9718705708883
157.0530423556598
156.66431342581558
156.16334948114428
156.29470226939392
155.2343468222695
154.58711569354028
154.05755396341635
151.54977627976362
151.7182617398776
149.60041367022387
148.0809726657648
147.42495625084703
145.84439176615834
147.5735902712019
146.27395896822298
146.9000101437298
146.4896988232572
146.4462890192614
