11
6
e
207.37172061576257
208.29545872145906
208.1835166785333
209.0637837271208
208.70356559531047
207.6109208562499
208.50338317907844
207.58491533534797
201.4865724481023
192.42379165043192
179.2882641841338
169.85164280052592
158.8741599771138
148.06243507893242
137.40815274481076
121.30132145345057
108.7225370938883
99.636623258965
97.63632703018972
98.38245929739291
101.31377845529371
105.78771518334524
111.32096927875229
116.28437788741134
122.20655765391734
123.4740682275703
125.72690404355309
126.59382446473491
128.68088525810546
129.00581958992163
129.12973903863715
129.59067506534186
130.42927000079348
130.87589992008765
131.14962968576552
131.7593709065612
130.94730740841968
132.41471919757436
133.03702427704985
133.9088607007052
136.09797436485138
136.61055711641743
136.38164735882484
135.52180690389795
136.00278461614076
135.90278559205876
136.40595898436808
134.91309084276094
135.79903889010663
135.0953228374281
134.9189106071636
135.42249282820424
135.0435390928311
134.9318551402973
134.5587720986452
134.4744858453371
134.64780057377786
135.06635227392394
134.737214605141
135.28543515611392
135.18291343176605
134.6781019661116
133.74560985326087
133.61718750897435
132.04852137029891
131.39123070165184
131.52454823317387
132.07707942248115
133.55978452605365
137.6030910744816
143.23774958142383
146.98376688433257
151.59209244722967
158.52750156021636
163.85570370649435
170.76390660718764
170.4758407921794
172.15889035335567
172.03416496307312
171.66386721860644
172.22271311310706
171.91480183496446
172.2809664034118
172.00041602471464
172.39913413792507
172.3552530300704
172.26245525664874
172.01030280229193
172.27573465645847
172.28033725103265
172.3636101599979
173.53077637764122
176.8139938292971
177.84516650077876
190.04463917092096
201.98611530646414
215.52317421254872
225.69672116349489
235.24985510070334
250.87245160825185
260.9346877081624
269.89359730940487
269.9727409642327
270.66464453955695
269.2347761062793
266.6988222545628
262.1599665827212
259.8127756790403
256.9165256939968
256.59418303907216
257.6985223790159
256.9838729804197
257.9647472611107
259.24535077942784
259.4240086918003
258.8313420411455
256.43051974652246
253.64577003704753
250.14646013693894
246.84402959446177
243.17084439004782
239.99754311435768
235.81079816129235
231.44865478351562
227.495448321944
225.10960355056517
224.4212211345921
223.38351272852404
225.2487344984071
225.96866420596857
227.20409687287096
228.09807693706867
229.78965010304708
228.59488510303171
228.90420673112436
227.34104821836587
226.55284323617332
226.5930945162083
224.90465239891742
224.98224777529208
229.2601744329378
232.98241953539747
239.95232683665876
243.81672868147476
249.39599809054167
255.06876292735834
260.1452479451954
268.13989099697585
274.9323956053494
279.8646605311971
280.81342215908876
280.40936913933297
278.0331547901929
272.34492826527134
265.34585861568485
258.8757961391011
253.0264237641977
248.0586559266267
243.83967443253547
236.5636171404714
231.1572505286838
227.02845791408043
226.45722634209724
225.98898785311187
229.65176618882663
235.49925850952857
243.9804254654314
249.85513537376968
256.8887046015153
261.4009072122995
265.1778901425278
268.9974137396222
272.93491758849143
276.7359820416399
279.8515709229308
281.4687677762923
284.9964965181351
287.88840024272065
292.3235248831071
295.8073309864936
300.67846579421
306.0675285236428
312.17701653956476
320.6230401634079
328.05387874735914
332.6362622661736
333.21784614268125
334.55134787949106
332.41129080680247
328.7095960659238
323.77375886809847
321.1090496545075
317.3654089902435
315.32016171714446
313.58667382669694
310.3963292514005
307.00765013603524
305.62368157233686
305.21740140518034
305.02065693031216
307.07771111087567
311.7704920822117
318.5640997631208
322.51348845561415
327.53043593129115
331.1118304138841
335.80638499131356
341.97392280086433
346.601578543565
349.5779559598021
351.07656377850395
350.5394682040837
350.30619530390095
348.45621104172386
344.4907467779293
342.596414518883
341.33729387414104
340.38405890918267
340.27787825051735
339.80815073236016
339.4694342934438
338.8750336075684
338.2787256173155
338.2103269055482
336.3856129153081
335.66744989803345
327.7947482880881
323.74680751644894
316.99895394819055
310.82169147870263
306.07691405284487
298.0605590169194
295.1305326546511
293.2969550342809
292.97032814652334
292.830554061796
291.86465112059574
292.21654641786563
290.6826972911057
290.27977174403014
289.85124427380305
288.7067948823971
286.6843077432792
286.31439561334605
284.3162501911703
282.4752520094256
283.79211627452946
282.0633512328946
281.18642907028044
281.20875983501304
278.5734373377614
278.123641618705
276.981001620185
274.5156381081472
273.2709566303395
270.45641493654927
268.4386995860635
268.5432871208603
267.7817305587191
268.2489423468701
267.8157548311867
269.14955493604793
269.15361673540775
269.79499911416826
269.610869708126
271.0458436225512
271.03278359891425
271.70424106041327
273.3450690360637
273.15739708378334
274.72189373509923
274.1290601281939
270.7809422988288
266.7158637789815
260.33946868853945
255.51543451105266
249.96388703881905
244.73163977303756
239.34661501859105
233.0335144682064
229.07461756732502
225.36701058625496
223.73904800406987
224.69139288555218
223.74244062098157
224.256664890981
224.49535524269933
224.81837779546447
