3
9
a
81.40416695488898
82.28438544306029
82.05179656029419
81.5667121083213
82.40688163020694
81.96838046344345
82.9937554986808
81.46470865144899
79.128166814935
75.56870041536342
69.37846468038516
65.785119795951
61.74959134529499
55.82754889760017
51.05712744556074
44.819921683905605
38.654741033560924
34.82402906390454
34.23728765176788
33.551488200007924
34.41342871255628
37.02212781464145
38.78141237915723
40.15153997112247
41.95081745206319
43.06497551207829
42.768880323935676
43.65859385408569
42.94451767272898
43.34392024380452
43.32983771031759
44.35494507281371
44.57408176546822
45.878198650398595
46.315433426561526
45.35329234879857
46.34416091756919
46.957709683714306
48.01730270723604
49.31416672309824
50.217492311665104
50.580644855244
50.88804270032809
51.58931899183043
51.13884851440879
49.9352717322597
49.73491774295026
49.30922084486384
48.03841931312292
47.73114500086519
47.18745878243191
47.27897707239915
46.47990891882198
47.28275939970573
45.472859609245944
46.690876942798276
45.801295884685594
46.57492379225477
45.294658449802526
44.95363180902163
46.09635721237795
44.4908099077543
44.364586024401724
43.04499554160322
42.601934618922975
41.60190355080139
40.95466296165056
39.67196513447266
43.518874025788534
46.175179284565885
50.318657494261686
54.609791235630205
57.77760734037462
60.21895755873183
62.389584007767176
66.33587859496164
68.0391422260741
70.30922024411008
73.06000887291572
73.88666098767061
76.80589874056294
80.00069231178456
84.0920315218177
87.08507037678686
89.60952448644078
95.57498940918464
100.00611700831851
107.15188196375293
112.30870107781975
116.10223683565243
116.22353635887144
116.76790559581433
116.24764090623918
114.54286322209563
112.4661617891068
110.40781778479324
108.43186332082183
108.7106209158013
108.4782564417422
108.88208927600797
108.41251209047151
108.44927246744328
108.60760338080117
108.27614214454181
107.20783451018109
107.11510900776054
102.27590279291329
97.25649825726768
91.78927823149368
89.03725439229369
84.61018394158017
78.51403484145276
75.61820568752168
71.95049487417275
71.09033435331453
70.9297076094634
72.89948291878824
73.00313775790065
76.51658246938659
77.87537158368683
78.98335461143444
80.12235291299108
81.39153022143063
82.4211670228933
82.2075713706805
82.71456493409745
82.4782065250489
82.9722345415258
83.33884886193026
83.48639563673332
83.78855521455844
83.94546075319717
83.98191246017414
84.43580960066126
85.22317290487983
83.54568232525101
83.90289512247693
84.34067582195736
84.06067336617464
84.88215950176645
85.6512925936634
86.91173967714994
89.04492685906375
90.79538073021796
94.07590888405772
96.22716062559776
97.30907959182939
101.21453380662916
102.10238543939974
104.17907540070321
105.33969887319857
104.79091232878696
104.67772957138013
104.23545590755066
104.18074366603406
101.66539923239566
101.06582141116873
101.99809392399709
100.58423442610204
100.43505887458116
100.31149026516835
99.41479744856997
99.53577943329906
98.99640205995439
100.7634676337717
103.96558050120048
107.85215073410747
111.61616779779622
114.83799746576037
118.17423656843818
120.99513616869585
124.40713514695653
128.12453808456317
130.33509990609372
130.84046610334272
130.5596032718627
131.00559932585324
129.44111489699642
127.12201957697062
126.27122615227444
124.75722664048692
124.99417232867566
124.24388286022808
124.83236013786816
124.11435420583
124.34052725901665
124.3843347269069
123.74727108558515
123.27619340034902
122.79200205642658
121.6977646467732
121.51935115954457
121.9682666055446
120.8061797930239
119.78788922519647
118.94505688964385
119.81185527799998
118.87267348332362
118.55119130824626
117.5618488632033
116.98765189977979
116.46105992087037
114.45562857205972
112.98504532083072
111.77221440983189
109.71210580825972
106.87527593439707
103.89296537548431
101.82317640714444
100.24515022012673
100.18269128553666
99.32566710384084
101.77565546116338
104.61483444681576
109.96457445355162
112.79639737347063
117.7976135966192
119.64316238684192
122.67310291211272
127.64684626332388
131.6152730621186
134.0808004410724
135.50903732074354
135.0986673111578
133.3435968991741
131.6020388548317
127.08014205004643
124.02334045182636
120.96274478473353
118.72482808415852
116.76246605838912
114.22132162175852
114.61497206336006
111.60708756584944
111.77237989268184
111.24181861290697
109.52448653436785
108.9325749797161
108.53307466446292
107.92984710920423
105.89704798173632
104.14476710125231
102.37521808275373
100.7760193350911
98.51037580408733
98.04412687233567
97.87397325736099
97.2867745198202
97.87034916810623
96.36046666614752
95.3509345513906
95.73066467821096
95.21876478389024
93.80046862789462
92.08609507246773
90.11736456307295
88.99853666618112
88.40658696524935
88.27092373603332
87.91527609101323
88.4611794253058
90.98453359071125
94.41613319639241
96.46332583018595
99.47785539939942
100.704014992826
102.90477751331657
106.66915210542312
108.88167408063012
111.82214831826194
111.65126168325983
112.14150505726008
110.34865799543113
107.38763493747918
103.1757057599387
99.71678736703072
95.90952168306615
93.96777704443542
92.6365421665199
86.96242330188059
85.10815978855743
83.59176543935179
83.01343806305803
82.60721170325687
83.26761361215802
82.96016399779984
83.25626835753796
82.24362678267147
