11
4
b
116.47774664518823
116.22840449726097
116.1005748973447
115.56608673371886
116.5113117533794
116.07771478252799
116.33638617471219
114.50267656174468
109.55416115951184
104.88537348405562
94.07428093993074
86.91356616920078
79.21815776026486
64.9646076737682
53.97877823280014
42.084898594176934
40.80353193826022
38.98913270027353
38.5994143927571
38.60742260717335
38.2316997904931
37.200089858813115
37.53934485901876
37.0204018683095
37.11381518210027
35.139482553709556
32.969224724645684
30.513856183724528
28.96554680760431
26.823359792025343
26.338165577747645
27.166799450144293
27.612991178541527
27.81515192916498
29.81853560046815
31.973802224439137
33.740306195302814
33.9762100830267
35.44093462674989
35.46816721091562
35.52508013290505
36.822103197755034
36.97479473274527
37.02282258852935
38.84419308278441
40.40855391342403
44.367260472287505
46.06208900779841
49.20604489453753
49.50189719394033
51.415687913615145
52.94258363242357
54.103690471463416
57.18739963804464
58.305137499933814
60.233666013531746
64.06329815809661
69.00622763751342
76.04899330317866
81.41605363250646
89.96903090657828
99.2303962175312
106.73885386858726
116.54919115642484
121.170085512197
124.14711884309932
124.77084843719115
124.99579561068182
126.69643306844418
127.73319539057
128.77346074733433
129.599045543576
130.75705964775645
132.83511010255182
134.48250027480282
134.63410734734785
136.17236961654078
139.67650033392013
139.57324011201922
141.4954511508446
145.63644598411815
151.53075828733103
158.7110578335362
164.6670534364112
171.1261085970937
185.10392250547451
195.08381304226705
206.13579932807025
205.74754734335838
205.4239016893023
205.44147820623024
205.13631592066238
205.6062816230569
204.85608918329154
204.86788578619692
205.38136280462507
203.65041275754115
206.2920431491894
205.68809038441262
204.97012449863198
206.10814556677624
207.78562708141737
208.3006012563648
208.48212199171633
209.69304201645488
212.20268634773268
215.39453881202485
219.40413830876648
222.76547892592146
227.39939011024595
231.08452108819176
236.39362230842568
241.3340770274886
243.2409441963297
243.02749418660554
243.6168328854725
243.59042212990178
241.40314849005253
238.6919557283862
236.72603082605514
234.38003252106796
234.422625150263
233.10159053452833
233.2236549788696
233.00659504414273
231.24695170609863
230.9177929463451
231.07769036048478
229.83361856949176
227.7442151536117
226.69931974343893
225.5092496513781
223.45125166620636
221.60074100326813
218.82067703147217
215.56600599086082
212.79388182522848
209.94427479302573
210.29335780423293
209.60286745962784
213.50822823095936
217.54288775329204
224.35729257522777
228.53263684727617
234.62522927014572
238.50034436483986
240.65434778913178
243.95887674671204
247.78000719306948
251.2413118368579
252.84360320136713
255.28427645512218
261.152024447922
266.5163078529355
273.5353526813854
280.1914833112635
287.13326054446566
295.21635866111876
302.9571331208509
315.92206546955674
324.7138129290612
331.2121810681099
332.50299421883716
332.94428373134707
331.7654516785808
328.62426230140613
322.3404101315223
319.97844104269643
316.3841230085466
314.9444624117841
314.5364756749668
312.7266969681039
312.4005298581424
310.73319691212646
311.6321301523582
311.66564812195804
311.8202304296894
312.56049986283205
313.632168297787
314.69658632975717
316.57950705676836
317.662808135304
318.67654824833335
320.27094146841824
321.16306475749894
321.89300230593005
322.9179009114386
322.50543930032933
320.897319648364
320.6678571571127
319.61527784142936
318.05870147254905
316.8275694341224
316.1753162693534
313.5066209409245
310.77797405678945
307.67500106791437
305.98341568521647
305.65837120822755
306.4603915906128
309.32210304502564
317.4025638393572
326.84666527999224
333.71329014479977
342.6443085293886
351.37901695101317
360.49810786232257
373.96746576278133
384.97562030813134
393.6844709335032
395.3461085225176
396.4354858215736
385.45088354471653
368.00042537504646
343.51233511277513
326.78584299246984
304.9881824254732
270.57128463244527
242.874170300539
222.32465458087123
226.35749885710186
230.0503527290565
230.18363082654395
232.19927520077567
234.3443556094165
232.58039065676016
232.83569827436074
232.66972402255664
233.30801336055958
234.57253890635525
233.60546363098618
233.59207379347276
233.1851550408636
231.70760559103155
232.47921296864135
231.86747318416346
229.49185823570022
228.2540334806986
223.88684254377503
220.84392856400012
216.12683756759995
209.61023998646127
205.72618259359066
200.39555975555314
199.46199051554706
198.20559706208124
198.6655487663749
197.86062877170613
198.32060101442036
197.5254450601016
197.74837689444828
197.1677241177727
198.0014276075062
196.72477426351634
196.99648784238593
196.30028144670965
195.6379139086211
194.72137237299202
195.33496748557704
193.5283090564711
192.98420861722454
189.366223228245
186.63453616285153
183.01315209410745
179.15839251483152
175.35555830895544
172.98717235471744
169.5412773775572
165.5018591519725
163.9587163138125
161.3156259124147
160.91956142467805
158.23231451918173
156.6067425744459
153.68904010079322
151.69761930009298
148.76332622126304
144.55082736734076
141.8601924538782
137.6138792909243
133.8287016314678
131.36009037218716
129.77854344293632
129.71517923032346
129.4216255192567
130.97275903554305
129.73941158487037
130.0420009049604
