4
3
e
54.3437851533564
52.67100326529813
53.44187600124934
54.612838623903095
53.575418160028924
52.877500002991404
53.12795957534252
52.93819242385671
51.41171068323701
47.71885013402774
44.38526227981984
39.36713471969262
36.35079818748311
29.85169499895605
25.542556551209696
18.77989355129052
18.856266048532646
18.667232103947445
17.707102154852862
18.280986335352186
18.487945732531326
17.91941670866454
17.283249714211266
17.444112191681334
17.853484648286017
16.75703863998505
15.424240179620517
13.791732403644883
12.95646834991309
12.900594920835605
11.352809251999668
12.68594382575199
12.708832933864578
12.591171377338085
14.006197771446992
14.035748945663116
15.579710255131841
15.980424654447411
16.73124075022749
15.496863341675986
17.09035591760632
16.771044271152007
17.130495981188055
16.712367138765607
17.18298997738422
17.638540039925772
19.806376313675955
20.264025369034588
21.72473813074061
23.662641885123318
24.900215014559866
24.98044426875391
25.90688483587131
26.579833195746946
26.916202581006146
27.526220898098188
29.66996004701086
33.56938856269404
36.28998280841306
38.26587523551213
41.83443192107247
45.60686888019122
49.224977754008314
54.09727672204334
57.013694885885585
57.11432874181183
58.33700883867972
57.86338358841051
58.323745976009484
59.05483775824034
58.73547851296573
59.53943157062559
60.25171979463988
61.46291604896844
61.11946735327867
62.03997680918114
63.804430665249384
63.95734580749765
64.99766439919223
65.83825865339846
67.67585747821234
69.6091705933385
73.5969207571318
77.1721079576435
79.85753694997237
85.30145104551227
90.72767780038583
96.36479144555744
94.72385439945603
95.49398786562459
95.53995447118994
94.58161683827974
94.78153448617711
94.51410934342707
94.34320645272872
94.97193139781103
94.78895467679939
96.01252081800419
94.57534111446078
95.58892922169123
96.4120895485226
95.57219131288308
96.79928761359595
96.23721055528543
97.61803865778245
98.07323318924814
100.26709089911786
100.78955830716008
103.16829248310434
105.27493812051178
107.05122751529646
109.56242968004466
111.09042018677057
112.60346976338772
113.08694831799603
113.77665302565123
112.67742187040383
110.60880304031839
110.72474921709903
110.29072041498526
108.58293375692264
108.14337003186495
107.80391387116083
107.39035158396834
107.90582000349022
106.8802944484591
106.50922122932225
106.36307956326604
106.20839550813167
105.98360009859618
105.13017982663956
105.08952952728862
103.90328389746144
102.17707793793858
100.95333763858171
99.09447702285479
98.52921690299095
97.72506729760518
97.20757462610605
96.9923103126251
98.79347569447485
100.37165810725315
103.17901858118465
105.7305606513915
108.3717940897537
110.98556996473431
112.21720245448884
112.86521624944771
114.20796757134268
116.9205315533046
117.03141463082007
117.46867787924621
120.67882519358855
124.18582027223077
126.4551837445611
128.94425574132265
132.05465301550336
136.48023088712415
139.8694991190387
145.72131128701366
151.0495553619441
153.9349660506445
154.37882193504637
154.12119168178774
153.36112508605262
152.0849149779494
150.33837112498247
148.53658814779655
146.48228126456252
145.26650374865457
145.5412912259879
145.28402988281346
144.2299474958434
144.03673742413218
143.37481491693117
143.49342102999094
144.6437671724852
144.59637328354742
145.4473579087576
146.04266023235783
146.75786099734913
147.93056428390173
148.04047078575329
147.81302365285615
148.62271894751984
149.74135050290002
149.738685241091
150.0130802584021
149.1796313026391
148.52703365642813
146.4884616971782
146.82998382514523
146.48398240213507
146.09021852352203
145.65733471405028
144.90179808279936
143.03965101249125
142.01112252348722
140.95114477183276
141.1441050200811
142.91983057254498
147.484080867943
151.38657527802036
155.4986931548858
159.56180499639623
162.4921729551805
166.48023992701607
172.43472622203836
177.91151821116443
182.6445130631526
183.96542110189546
183.90529401337716
179.27199350554622
171.00759007395516
158.3406061375929
151.21049235207067
140.3129040197194
125.45239756560416
112.94711127567159
103.53954488772517
104.61360905948949
106.23470390229708
107.913867868231
108.58248493716864
107.53191700056222
108.17243979464489
108.32348397645761
108.30166678909205
107.27074338465754
107.89482281515502
107.42790843600015
109.1360231589844
108.16662913226357
107.79629528773398
107.21256292541997
107.07940724542105
106.40303187042198
105.54435423635535
103.45736476325
101.41137738180964
100.12956633027736
97.71762884980042
94.842334257875
92.60784464996762
93.42101130122565
91.92424363988196
92.01413657733802
91.1377069822589
91.05446018187948
92.27935131689473
91.0756903287086
91.20838120611585
91.51852588914878
91.60805250113206
91.21354581150646
91.47237150961894
90.54523701850992
90.37556654072226
89.63698829565827
89.58376207084618
89.75346898890203
89.08227425650817
86.29412581988522
85.23800535124983
82.62332970080878
81.44012869467491
81.15977453125045
78.60657512111122
76.18908951207017
75.36662461675847
74.65797841416081
73.95601819305665
73.91120134154055
72.37229549912367
71.41257706515299
70.01741071536271
69.41236898823375
67.46228342322247
65.22887471462198
63.611984987709235
62.2109079180459
61.44607114662173
59.92873863820545
60.526912007966466
60.61998388666169
60.88310620024493
60.63646695349217
60.32111440641646
