2
7
d
98.70408485321524
98.70580479634683
98.97322321035423
98.37886386045392
98.95936184886023
98.2870632179727
99.30673986605672
98.56860342766095
94.53854005815269
87.88270708249135
79.1366847761761
74.34958732687319
67.20594438813437
55.62251869819721
47.069864686565104
35.44541620815047
34.09968561114371
33.4737237821674
33.902605759516796
32.73607969304965
33.17886237478895
32.482657249420996
31.94465316502315
33.029016734543625
31.909044510010087
29.143484654488176
27.805186728159452
26.46471194266612
23.669998813589448
22.461490471340525
22.274334551816068
21.808300305451283
22.342918947349748
24.657945341236122
25.851353734110806
26.959750561422133
28.832150952637324
29.0376368490525
30.384414572591417
29.06211821070811
29.767127058549907
30.65561659653718
31.363068046265813
31.917589510539766
32.39678009215792
34.67771437863667
36.73887192678156
39.22626621045947
41.42070794293363
43.19520221682096
44.81558058774636
45.65474977970594
46.441512266278075
48.1665176527556
49.68022744870789
52.27798507440348
53.457115696843374
58.59636406150563
64.47046444592516
69.79484730917768
76.8116541300826
84.14763018006255
91.01370938515304
100.07947718492268
103.97521953247393
105.89669945170202
106.04950515346968
107.6094984424687
108.25307049375952
108.87001446546905
109.28463627127289
110.9041455611693
111.53571191554394
112.75375848359866
114.27463581407284
116.0620663467317
116.71937579438698
118.16314585359783
119.02530778868795
120.13344302915593
124.33952946138474
129.11147992138422
135.07181301062272
140.02703147743202
145.9360306034362
158.26985595457606
165.84658954651624
176.47376632170375
175.0087486966474
174.56307865653704
174.60071541052318
174.91693336346518
174.40557939990717
174.0927773612922
174.05127370643459
175.86341743834768
174.96951920843048
175.27651907292727
175.41198791106586
175.56334338397943
175.71743087374097
176.32641220983498
177.73827518751222
177.49524710426695
178.16054840923346
180.91446886907016
184.25681824145133
187.80309593022528
190.82194196495303
193.58346514987633
196.73201447456964
201.90702347106983
204.9070476789848
207.05254425958606
208.69523227873907
208.68586353752661
207.0510396417753
205.28270157551563
204.05647570522603
201.64657543027045
199.74949923336308
199.81460891692672
199.08584678497212
198.98393813382955
197.33976208387716
197.80692346851973
197.1268868196839
195.76515978796874
195.579052871975
194.78081680387433
194.0062814989265
192.28629451678023
190.34757621831673
189.47553648622696
186.13537143693713
184.75285145526027
180.7881885251622
179.28425920813697
178.42435045464066
178.89487024779643
181.8383364264545
184.65156783346913
190.9540864389655
195.04588875309057
200.04447650403043
203.11971835695806
205.67231499819445
208.09932735220633
210.80821529671616
214.11167512798778
216.06899451192
219.27167399391791
222.23230827883822
226.7728594248355
233.48523108590348
238.61684167728646
244.4638575384954
251.2397293941372
259.0418605684621
269.18808071849946
276.39965405136303
282.4242390016006
283.48538220496124
283.87222831641674
282.3913908611293
279.99521609973465
275.4639790643222
273.9404270398631
269.4345083581133
267.91698581815837
268.9260413778127
266.181694473957
265.092734607973
265.3655006089275
265.7625839148295
265.4537285852094
266.9731497987305
265.9904688862869
267.992372905132
268.4866870198393
270.39153815380183
271.38941863462003
271.52316387584574
273.10130720072834
273.2548157010903
274.3436012891199
274.72901811574053
275.0070150214473
274.13843228391266
273.4404944903622
272.7259238328918
271.6617544402426
270.0190143689309
268.19899039715585
268.3679531544142
264.92844710121165
262.8989233061663
261.1249184938566
260.9533459439788
260.77024275636217
263.68969245047145
269.67989985267263
279.3767869005735
285.1492971496892
292.79076286310755
299.94436625931303
306.1709334156728
317.9384396844019
328.5348179615159
335.02034771371007
337.6723760485053
337.2570489287922
328.8210891933549
314.6363396337717
293.1212784522671
278.1113792741796
260.2562486231681
229.76457091262444
207.9753413732372
190.4102378063789
192.84100632361447
196.8073934812623
197.62983439718323
197.66043872225876
199.1707416551101
198.51758796848694
198.048921565343
198.59892237178033
198.74740352358913
199.82941100652243
198.8282612086455
199.2939600250224
199.14442806493307
198.1993032426977
197.91262277350702
197.07724738315514
196.19748285849695
193.6424242961664
189.84360605209946
188.55022717753636
184.466926242277
179.3385516048615
175.79620738276583
170.3597019395847
169.70105818634863
169.6410036419467
169.17166153765382
169.56536823673494
170.09543198620452
168.37982680630597
168.58706632507543
167.94665966471266
167.87246232221943
168.07794012682473
167.6654039119115
167.38648463579358
166.90562083479605
166.38057781775046
165.51106054666587
164.9551054507028
164.0652839771811
162.45342139722334
158.82507066465737
156.5986884095994
151.57423044206968
148.83922951787787
146.7336532685517
144.09498430781585
141.02567018535112
138.9992513654336
137.26339204489665
136.59083667513653
134.0705945465839
132.8123639817319
130.92825063715983
129.87811892667943
126.45275651137462
123.27435535059271
120.65309823089964
115.65745742748354
113.12117739886207
110.92553573872658
110.96421392879876
111.12001961647411
111.49635774112964
111.28933647561082
111.98289919371165
110.22282815900351
