3
1
e
61.488154887770065
61.81104738703745
61.39318758856157
61.24081666880052
61.54693006055164
61.65748058209704
61.24158732069995
60.06265045903543
60.254566256522224
59.87869126146082
58.49553483170862
58.519820031595785
56.463435188985166
56.724998869320665
56.15836814594932
53.68022044674149
53.27207066425818
51.95642325054001
52.215810869642304
53.04317577440798
52.25744304502395
54.38510673022914
55.5669582053051
56.55749499711427
56.77131352344148
58.268668678722825
58.69464949346553
61.93425805107425
63.23319680432613
64.22141598662802
64.669391394309
65.50015644634861
63.032315140120744
58.088370261612084
52.913466584978885
47.97362655803614
43.23027829752893
39.28625550546655
35.82522604741132
28.34119123953688
24.161403167046647
20.300223416069105
19.630507013468225
19.164897854403435
21.627079192883905
25.24810507707362
28.184760212953893
30.351976117617532
33.36712542327126
34.53590466034693
35.59486756445609
34.99798498472764
35.746089010790186
36.48538797239727
38.08666859050648
38.75213917502317
41.498006422326476
46.444050924426044
58.98943350272939
68.93664093941376
81.01388214426377
91.61910770085937
100.61176723103291
114.49899666729952
126.23058068301637
133.9429002675274
135.32211065468474
136.01226396264022
133.60837168803775
131.17643276408623
127.26230723849108
123.97426427107658
121.40100969129551
122.32485346383815
120.68406898794522
119.48955987909453
116.91279568005018
117.72406723455008
115.92989937762441
115.16540314601218
120.78263866015219
125.85318189628012
134.88073421226923
140.40293321609684
148.47972311763849
155.52908066055156
160.08323149722304
167.5586952654743
172.8446442683428
178.4091628633208
179.84324416650622
181.7748887833829
184.33723437815706
187.10339424135958
191.5816904118738
194.8608757298308
199.29221701298005
205.8155085533536
212.48799693713994
222.70952267437104
231.1536333808519
235.981237981445
237.14115901291328
237.59356241300102
232.12636009943176
222.14582808177894
209.1312949176927
200.2361735084851
189.69462433590007
179.0892903491333
170.6416157059342
156.67047485088708
146.9586106125824
139.72991532275913
136.58588636459814
137.5412981109971
144.11617476128137
151.8847042161922
165.04893839972058
174.67815436933873
185.3072949275617
193.02288257629252
200.4244560570185
211.726309681338
219.04427713144298
225.13347739631092
225.73933328939603
226.43356645152417
225.3792882237221
222.9988571809403
220.7006883604992
217.59782501439724
215.93061513608043
215.91261749236733
216.8021624396132
216.60792727570515
216.4866205278694
217.21307927944713
217.04195996801565
217.5731887448538
215.99116564820318
215.8932246399418
212.9437218641367
211.44687965785815
209.51272822602297
206.83041442332274
202.91453333102956
200.7224297368422
196.01883507930526
193.57069568673214
191.71691075220681
192.54842668429114
198.8487313283003
207.79293390544697
220.77390493053585
231.13991407360047
243.63300243920276
253.97210943855586
265.0050485860218
281.60439406635436
294.4670833787528
303.25746168572954
305.9729810395344
306.01284161372894
298.7928107901458
285.1307365566562
267.6331355130195
254.34425664766007
239.6904892697201
228.67390130541648
217.88962579884827
200.6738372769157
189.93453557935547
180.04169539451874
178.27571663305045
178.92413345163317
181.58959171830412
186.50114084796687
194.47504516735808
199.9064328063929
205.7621870468594
209.0428156278381
211.10403784013343
215.77517815680073
219.0750383556335
222.03224803503164
221.68726576500825
221.17152385735807
220.29797294547018
216.79979861707116
212.22260459743015
208.79423645447878
205.94493363609027
202.63830894202425
197.69869130781677
190.9375356701093
185.03731466409667
179.5519020232359
177.54759895643568
178.02061827908742
188.19578638788624
206.42472166660656
231.3835239572672
249.21386665289484
270.6230972301879
289.75688547730516
309.6526121600116
339.97605022148764
362.35043130263045
381.058482697325
385.94095531206733
384.6696534906759
370.5599938739139
348.74617766640625
316.72916460942
293.8686473063441
266.40329349840835
245.2264040021754
225.41663303525485
194.07182426289003
170.89180566113492
152.4743529171381
147.79707304612788
148.26033696249047
160.80036234298623
182.45365171006864
212.90277653375688
234.24281749754792
260.16479756195037
278.6735050128496
297.22299400725507
325.438772687765
346.9930481102392
362.6654158050826
366.48947222247597
367.23961531605727
356.1944980389585
338.5995264975089
312.79939201613917
294.0465336652755
273.72290467168233
258.44417880714775
245.4500005211022
230.49910190647424
218.11670293254065
209.0918805933567
205.10407231803893
203.34332806329454
196.67519243413017
192.72389669010838
186.88636247549493
181.62346890374457
175.51149959500074
164.08612522375682
154.45587051274944
138.348972644737
126.87045300091562
117.85184694044271
115.90595448448087
115.91753263874102
121.89298274505067
129.22821045370017
140.2141933986819
149.61343904204497
159.08217432475956
164.03143087652694
170.84708009995921
180.44231144296847
188.33786907541
192.66432791016004
195.51404056593884
194.44926430690072
190.6811600806286
184.89612528790855
175.2747337427822
168.69437738511886
162.32341464041403
156.3930998426878
151.4020929186534
145.96561445644252
140.94047977347518
138.03566840648767
137.13663419394052
136.8502955632789
136.56561861974566
136.6189926141414
136.1665823954409
136.87083156790047
