7
10
b
134.15090093961655
134.04926572835416
134.37893515057652
134.56701689101186
134.2059151785596
134.58018585627806
134.9012692870119
134.50813382874892
128.43952212289497
121.51373115969594
109.96760866722843
104.74475983371295
95.71250827796999
79.70192989942683
66.26471585453841
54.96209065031439
53.77271923892503
52.65192444547035
54.01182885236982
52.70951459804149
52.57688675071677
53.10172271283522
53.54831028058632
53.6336520366137
53.00156802448272
52.22814750278435
50.514753192804726
48.11580762080873
47.02019149770888
45.24998012760768
45.20531809279883
44.77459979682401
45.500882291952855
45.53073864842903
46.4009196014467
45.606115059968204
46.7129556664339
47.28711686424393
47.66012972950474
48.9995994563108
49.58534523529065
49.375354325790326
49.61675757887889
49.576062882726795
47.87477865878737
44.62852712786681
39.5929962186288
36.189375578819934
31.960816848857675
28.38018735018459
24.49628343366798
19.396910417424994
13.358617490768653
8.988338863782934
9.076031123066583
8.104916465966197
12.20424303905559
17.009867375865653
24.867632390008072
29.447819235286556
35.7905340851268
39.790375243340875
43.46243199120377
50.99376663979985
55.62835306408428
59.059039449646725
60.16690717249104
61.114658532072134
59.04382805367798
57.2812054611883
54.94347076162642
52.1034645883372
50.72405871458717
49.50208440597286
48.589240986792426
47.05152237408105
45.853953501548624
46.34411726182107
44.95078088041042
44.87777208397555
46.681568869377045
47.97068056738181
49.850463698344946
51.26423541630692
52.821399481901764
54.658843720079666
54.95675942868008
55.28380513763841
55.94598432312045
57.10640935328978
58.59118312361446
58.27058225095875
60.63951098695253
63.7365661009852
67.89853035691367
70.57078679981045
72.71903426744936
78.34289079819573
81.01985874172144
86.02255691500602
90.43339488312509
94.1456062855147
95.31206077144073
94.50927272092258
93.7719345196808
91.37021473774159
87.65273451488048
84.90413639407964
83.19671831563619
81.25421535297836
79.23822231292715
76.59132718197785
74.9529700991102
74.03681325696193
73.73211058193412
73.62908196810523
74.33550588597618
76.00055000344662
77.5835518823772
78.9916801212704
78.76747554927037
79.72846046312587
80.00760560865868
80.03667384467312
79.6777882809885
79.85544937108256
80.9838678899586
81.24770347990544
83.18913983755742
85.69055069612092
91.34693359149004
99.10972277241687
106.53280419722618
112.7864159350221
118.78895756106485
126.5858020589041
130.11527721941638
133.09161040935388
134.10670335619295
135.03150061242792
135.9581886578589
138.02699635165797
138.61990399562893
139.3702032621027
141.322667080859
142.40822661093287
144.13803141715337
144.0948436446388
145.57808868743433
148.08516545640688
150.67490357128838
150.5974764148636
157.5797861018612
164.270502772981
181.14730133954666
193.02064516141823
209.34085004739438
223.1342921005592
237.82058283428927
259.0650945740217
276.67114432901985
289.90619068326174
291.4767283004149
291.9867824136902
285.39045501363074
273.1850414378547
257.203642232998
244.08419396562203
230.75671935915568
213.42402827580847
198.79222158974173
185.81456785381147
188.16937680328581
190.56647096000535
190.22735977569295
191.49110639437154
191.4024511102405
191.1815148973035
191.99066976391256
191.81736183989463
191.4772292014214
190.9639118629453
189.60450285763855
185.68044642864336
183.98066964499336
182.14341063081395
181.48601723134342
181.4124878126595
185.90203049285194
193.3074921106165
203.55077648729417
209.29173541298167
219.38401763468275
225.5731550246309
230.741566700973
237.63242025532028
244.6442611153841
250.56266273058066
252.96892420672722
254.2675536228127
258.8433450901095
261.8552240282916
266.20918715296494
270.0594793816591
274.26676744362385
281.61744273397613
288.9851606089018
300.6753435257054
310.0037118090756
318.89756691318337
320.1487683878085
319.77339686355856
311.4080898978726
298.604205300613
280.26604575743283
267.1419700164349
251.9071021556706
236.9814309678876
225.81458539220787
212.54880882995536
201.2159035587173
193.7387922955598
191.14958549856303
188.2736311267779
183.45054616821835
181.4223230517356
176.41655138991322
172.9927706740889
168.9455866279588
160.7918425444961
152.21860726031815
140.53699402888492
131.31024400655474
124.70550908077172
123.40180106950773
124.2864816709164
125.31808891639821
127.20680844169392
132.0216165507656
135.27485507896228
139.243060474262
139.05013007328006
141.95461625534415
142.4783694499208
144.65621312089743
145.31190145125876
145.21464543361688
144.84164919572535
142.5939800349668
139.0760663218214
134.2803105229193
130.856386171507
126.73159295408217
121.98665146625099
119.12177965267394
115.96710211160944
112.70337321065512
109.92508563388662
108.34820614190247
108.10096046936528
106.91576370642981
105.96755837971529
104.45464548183371
104.30498724216743
103.56431607509313
99.9330949923687
97.73052380816021
94.84929621858748
90.62502539442586
89.73272889044584
88.08464914043655
88.02701757697585
91.20784323609635
94.36157160198631
100.44761253558212
104.9282039948541
109.08210830248717
113.429957220969
116.07168475507041
121.74524084457053
123.83586881798628
127.17554481057368
127.89447034122112
126.92676708979849
126.67879434369554
127.84298980229383
128.7504198688695
127.92476321502232
