5
1
c
112.30497953349652
111.78907732558756
111.53186138386833
111.8555355599754
111.578438963338
111.69529661132496
112.454188103768
111.48265398401684
107.54015446563612
100.44037559717243
90.97578643532303
84.74756831717202
77.44004921968504
62.592781417679696
52.90282613912708
40.96908632390621
39.18988833492585
38.28209896081057
37.271161065399795
36.654773664803
37.3244215194493
36.17695312380543
36.47724443164571
36.49248070320253
36.317017661594285
34.23774687267343
33.03286110751903
29.96252384090922
27.154778608259626
25.41728886958765
26.05521861380842
25.299881923250787
26.58544693241018
27.24510457635012
28.87055711787644
30.36684462387468
31.80158860214371
33.67184456032156
32.92390387377172
33.60961005088496
34.22687741386033
35.07892909052346
35.09046652066821
36.144969078497375
37.99543847790138
38.80956328157045
41.705673460266176
43.80511386348747
47.12604820962334
48.55199694823575
50.03943656139611
50.97657609510879
52.33763746621562
54.78658004300824
56.590031446063804
57.46342966426169
61.70793156788889
66.5033790280089
74.81925845940884
78.79981406360858
85.91527082041658
95.14393549162342
101.99395112782044
112.33972801423386
117.0527168150101
119.47628603718866
120.54654527635819
121.90021781391287
122.74738849195867
123.24068305425794
124.52749817686076
124.5436522091614
125.83094217716288
128.40350061854326
129.41086251123102
130.64456431904708
132.1294880448594
133.97729520818368
135.38756495361974
137.49213526671664
140.6363331789097
146.62755814193417
152.2719453232495
158.4168114992425
165.89995832232367
178.21867225360262
188.7734372343253
200.04462487603763
200.17483206159517
198.32063749297174
198.18257029603808
198.76950260240454
197.56773917165458
198.17480234494454
198.45561598632747
197.7044241212463
198.66387446591216
198.41284892025507
199.10420887593355
198.69587063867132
199.98929213677
200.69253628884013
200.45774035417813
200.91979823298846
202.3435320670656
204.49043513991037
208.3045535189118
212.01731532479846
215.0322506642507
219.45955292714135
223.40827044400694
228.88708603894196
232.6415543544102
236.20585440323336
235.94324012313245
235.66206804245596
235.4935047868085
233.41164025884962
230.74537926071088
228.26156029814393
226.39002409907303
226.1399340882287
225.27979211606527
224.16318535541143
224.31367419636823
223.3752415780328
223.3558243075587
223.18191905642374
221.9396104919204
220.4063407610385
218.9823765625948
217.5424776678524
216.79974598704587
214.565775426635
212.4774631954804
207.37389777166905
205.5531730416982
204.51983878882007
201.92519417133815
202.16805688866393
206.13957228887008
209.9199112081341
217.04001096065718
221.24260649921635
226.79476355575846
230.47869258800287
233.22059460742318
236.49740422231955
238.43749654019652
242.72788846434943
244.7500382014483
246.45439361972262
252.38095121201656
257.0392817086121
264.2128420875589
270.37784519508864
277.08070388135286
285.39644996076584
292.2797140515578
305.3628000126844
314.42814045779437
319.8240374112684
321.7203898863884
321.5536504455474
320.2920322271079
317.3530327142355
313.1545788097573
309.2341699010099
305.6042895396274
304.6404361346041
304.760648220185
302.0025154313087
301.41591224948456
300.6415908454099
300.27028828742186
300.2563911891831
302.0883656709664
302.06974316071626
304.08029850582346
305.31872624106086
305.9307048246562
305.93836045481663
307.61117056250464
309.7854708267037
310.51374666718857
312.0957360448627
311.5141031897625
311.69287785265965
311.2061044968338
310.5966475827631
308.0601800734084
306.66506734449376
306.10683541315086
305.1041023417832
302.026167673498
300.6408581949646
297.73780877380625
295.3880986093222
294.93035129544796
295.8029770169187
299.5247200803992
306.6223719198015
316.3667005212425
322.6070353832636
331.46581917825614
339.038420013532
347.96451570548555
360.37730417333773
372.81931060426547
379.9667233609896
383.2939092356628
382.37887157645343
371.6762199094375
356.3121662261694
331.33562494861235
315.1804334950184
294.1995317615778
260.38222711799915
235.07098935417693
214.8588300761182
218.85646853210602
222.3568152216895
224.15766280662965
225.61369888315076
225.22008634507506
225.63562092763993
224.75816796381164
224.8361735572283
225.1124572751228
225.909094392194
226.5522129253457
225.986125701022
225.15215836131776
224.82799351453983
225.00904166611673
223.75477906491108
221.93180521339912
220.46647485049382
215.958951941799
212.93122639285508
208.9567930194904
202.5128999572095
198.2489579499608
193.95556140574598
192.65918894496437
191.23096544333345
192.02872706075624
191.31317035611525
190.95509929631362
191.6714625492096
191.67777041687876
190.5374425370816
190.78512194809446
190.96334005490309
189.61844785415332
189.7767022796194
188.73392539718313
188.280323848576
187.41183522783052
188.26819293762114
186.36349625141918
183.1735592650621
179.3421442205565
175.4818144324138
172.3382305352321
169.20058498146292
166.7012317197441
163.43834519363668
160.29934099085048
157.1659747786042
156.59399928810316
155.8015931820228
153.01305586401244
150.82581962937127
148.9317373514495
146.8073249780472
144.77574085714195
139.4490815037056
136.88902927798773
132.44220317656013
129.24023368813334
127.64933535682512
126.34022537282733
125.9313181407137
126.12684074645222
126.24908996325533
125.86397922311029
126.11557343615718
