10
11
a
125.30786350623008
125.90425582665983
125.12797483189614
124.46326044533734
125.58676118873274
125.36679837391895
125.88547522047999
125.02955405618282
123.10503754368669
119.9947312319
116.52754788445772
112.69790448264429
109.38063975490762
104.45198562414805
100.78733285745261
96.15119868322417
93.50836520804603
91.8339399824055
91.78912997841852
91.55450573638247
90.52960176309122
90.01933279615947
88.79697438361049
88.40685477914359
87.16080774878756
86.53243665285319
85.94732784972234
83.25651827831511
81.70579039263089
81.2162580807862
81.14272443044163
80.66198701761026
80.1061120636
78.2184791564376
76.49394804238514
75.52262122101855
75.15130217464117
73.33261852768267
71.299827895226
68.95198796945826
67.80801589514506
66.17450393936056
65.17042202446987
66.33033281585888
65.52654158942563
67.48614423784325
68.95202105849829
68.27876521268445
69.42059763742002
69.90765129663649
70.11390206480132
71.00676110798234
70.60203141098073
71.25940865751728
71.46547672006047
72.31514605434191
72.09677283999618
72.52535845040202
73.51241169219335
75.16865040785487
74.93175563298236
75.78850635893352
76.01198508965761
76.25942138133549
76.37183035285997
77.66195936684024
78.32132469599517
78.14834130393899
79.52171018126425
79.25470436839689
81.7997654736905
83.00307848486676
84.06124576966133
85.12218754597855
86.18672539861716
88.1717249179658
88.46903239906472
90.02011264976187
90.34416027097627
91.74765517832816
94.64948145850796
94.94532678943831
97.87652345629003
100.41417351009727
101.58787126013564
105.78944113905682
106.24653067052802
110.07635288135957
111.75953570056299
113.80533089955233
115.46019719404185
116.0559752160015
117.35128814630279
119.2843225191159
122.39362887560965
124.98786443806956
127.25360859049009
130.84549438108147
133.48220769613624
136.78734260677572
138.83105713739513
140.89690442139548
141.4420202056466
143.0510867341976
143.42055161501216
145.23530941616465
146.8550718909569
147.87115685219152
149.41692612082042
152.1109211264468
155.59998626793617
159.09553432468348
159.92447967699698
160.6113680979587
161.74500588497858
162.35136028386094
162.80823468370914
161.3232055393703
161.65105062736794
162.12465986136192
162.50588020063364
163.4016141998188
164.03682398872417
165.45357911911597
166.30964814209847
166.75474530150623
168.09025059348193
167.11585229224258
166.67042651810084
166.4954010642292
164.94211206589722
165.74099394399624
164.6939264775655
163.59575065850188
162.2145594721176
162.30761401736518
161.70735990404555
160.57776338241726
160.8530425124578
160.43306025797753
162.0926631217873
162.62400722240673
163.6654091470114
166.38055128391974
167.45623707664924
169.24639837639452
169.62092513427774
172.21209613489822
172.0455266858975
174.00514495839457
174.89330534489875
173.64269590483102
173.6573431306028
173.1120716528199
173.3136889912832
171.99509405221056
171.9522273152222
171.70983801870244
173.1710170909635
172.696697553071
173.44843057964374
172.76358691273074
172.72625707704998
172.78604848621288
172.24598237164147
171.56334852303803
170.89112717222218
170.7134832373426
170.91065862184917
169.64928883351035
170.3096778092067
168.93803049932936
169.70852902449792
169.5476978302894
169.00785141920457
169.14879200223965
167.98953620535792
167.65505405626968
167.53923516307583
165.81657721763148
165.15865040650465
164.95635631414405
164.58461824333486
161.9923247203591
162.19736807187263
163.18393483039148
161.15714970152348
161.40501847980335
161.73673787177128
161.21542574274036
161.7577435528206
160.86895406021063
161.7108071700732
159.76354057096538
159.75246015297932
159.56767953868072
160.171163341714
158.4491017026665
159.3409654409885
158.9887745304875
158.59889560395234
158.68483695292022
158.02406627008696
157.11356294278758
157.33100197160803
156.69444564249005
156.5043479455341
156.90398595029296
155.40226336993373
154.94239333882788
154.99387655796744
155.18097649160032
155.54809435935167
156.13977430374206
157.42374539414882
157.07017784982725
158.30926526790984
159.38871089325355
158.191875989021
158.36147070386681
159.65873171698914
160.2575124981431
160.4071682238426
160.25005003090953
159.65770322071043
160.10365692019346
159.05066169599368
159.85459026523858
159.60505561549994
158.09009110899711
159.57436392633952
159.3559341371279
158.0087415853447
158.24632180727784
157.66233098202807
158.13302382389728
159.70119812609596
159.7499329338906
162.8655566649426
163.77721023639256
166.2200531134223
168.1930631392085
170.0116953723595
172.37119593195763
173.2506990601829
173.45431194814117
174.05868466641147
173.05925962987115
173.50587243055983
173.25183920261176
174.10574664695918
174.03679422776332
173.95688306724844
174.42290607873645
175.2490905306997
176.19503115624983
175.68634015733815
176.56103166161125
176.7186297499582
175.33740729617895
175.5864003988603
174.54809159602408
174.32954015938725
173.4533998062957
172.71572893911124
171.2656940933464
170.71679246093353
170.75523930291945
170.2324122697986
170.36209502057744
169.54887823166703
169.50080828357426
167.62101431064153
166.0335633565397
163.70901078636396
161.81252168845776
159.45414949778407
156.35403119498383
153.92414600038202
151.57862243335376
149.64976883409807
147.2348221951867
146.01978238729063
147.3530365695048
147.1811373398857
146.43613504369839
147.63332514758102
146.77462349707483
