8
10
b
15.452442511498914
15.292194033100614
15.967356044977008
15.214378363252527
16.03568457967828
14.847364687468424
15.26301801114869
15.929763760218062
14.61316707962606
12.780293818950721
11.891210981145147
10.492619404297765
7.616853540438336
6.116654370571693
3.47705408333124
1.1661748091700361
0.0
0.0
0.35668303729861606
0.0
0.0
3.7223447215416283
11.608394815777626
16.193475254462307
21.83914575883655
28.18834081268174
34.293805428759
42.35961877183725
48.5677278524123
53.84035347999632
55.11704698673646
55.28771909342676
51.23975292609881
44.71182234328478
37.227394370284905
30.73670634730186
20.240325176183738
15.08226141003631
10.391234601445502
3.4697741977164847
0.39364848807244435
0.24055306284857922
0.230344156107229
1.2049497189741116
0.08363462227826098
0.0
0.0
0.0
3.039838939505918
4.466212919714055
4.430212850407439
4.289673607941236
3.685183931353764
4.8335857050403845
4.673662598870729
6.199564030066103
8.731292508890755
11.427730001760404
17.34032513970775
22.98916088448063
29.032665412567994
32.9949917527239
34.604508502686
37.951894418420686
40.458247705266366
44.79980017214568
48.04158521429423
50.37370794169118
58.43065061346595
70.07107629798332
86.61202626449486
100.53655795911828
115.68155604791221
133.61665842819883
151.09768575102714
177.84104885084602
200.2785205392309
215.28084751834422
219.35670908767534
219.55237857540655
206.0995185012373
186.19407022470898
158.20646282477074
137.38668938404558
112.5237505001714
95.33595275290003
79.09691623395764
52.734996317168374
34.01852503902679
18.519016429356856
16.486305075741523
16.467245568160656
21.516352199098698
30.425747355087577
42.73356896294644
52.46568211944388
62.19369412309266
66.75583369929599
71.37553826976291
76.76865268799486
81.92439849637906
86.32605254491635
87.07786347737812
85.60353494617524
85.54475388954168
83.27098336818979
83.30701464894372
81.97378691346735
80.80680976888418
78.48633646734827
76.1346919339954
70.43476817669104
65.56033994800245
60.75995977588827
58.663275552848326
58.62575662294613
75.1302093859311
99.71273091763501
135.7835659571773
159.37364018135037
189.64965793628127
226.69386264365747
254.28948404564557
292.58127556544736
309.12540750208234
316.3642698015651
320.0649868986283
323.11042518186764
327.5142891282144
329.22565071623984
333.2611424971583
334.0425096428492
338.9700667572917
349.93685762444295
361.46658616179394
378.4918745847732
392.8639300218855
404.04533397680467
406.17854885935674
406.9204296886986
395.08024648162353
378.61977008919234
352.03070684646906
335.16340692544486
314.01941558966536
294.07044217136763
279.0416037853317
259.0671681990478
245.70941349300193
237.90275981371244
235.11783997713678
233.81780434087463
228.89230817776973
226.53934197994343
223.1097653789848
219.04419023107232
215.42476387387313
206.63480980202834
198.5990054822942
189.99373506706021
182.75759286904628
177.85643209545373
176.72199137609792
174.77846208157996
171.3370082089055
168.71612734471185
166.14480786975645
164.301694598512
160.7695920807635
154.6570550210997
147.38189825591922
137.6052302522868
129.22889802977676
122.77480912257646
120.25234736301736
120.01761305538605
129.25222814114977
142.4197084337058
163.44461620727114
177.59020730774273
193.66897567749987
207.8037197173621
223.9720765108201
247.5515010411506
265.81251804308255
281.2522816409781
284.9148519035578
284.6989511436509
269.10348331672515
246.85570300574207
212.57991547973666
188.78631458057652
161.67481567768175
138.19863952552558
117.08123374019864
82.68984425740058
58.50730898652885
39.386006750606946
34.62727979186163
33.80802116044808
44.760734540163114
58.87458612471874
79.19747202186578
94.95082074157978
112.36713248527201
123.36082953496806
134.04608589727476
150.1565590760624
161.88871142613877
171.31126413053195
173.1682222520462
173.94136953655865
167.96941600853876
157.34273343334013
142.52346126900497
132.24000845937235
120.0244921706775
111.16363880799348
99.0172270377103
82.59562936179492
68.58130646875541
58.5961431047528
54.503612106773424
53.65338444547877
71.84509262011939
97.96562421518526
136.87688288086937
164.7375177251473
197.3340611999235
224.33967674858576
252.03305706246078
292.9896471745555
323.6597063730595
347.0649909907478
353.32244245417445
351.67407739641175
342.91652529870044
326.09960095927977
305.2953627563424
288.48563105601056
270.3913769644901
264.0638201859664
259.62420390582065
254.32930502595195
250.40956030656744
243.81329698517646
237.9208392930705
232.56544125750557
220.39853669361665
204.41401784160686
178.16346178060962
158.54465232957855
134.90929300238338
110.61165073631565
86.0676329238963
51.51493373448294
25.324401350176593
5.401417298652789
2.250306510647652
1.4793596569068894
5.266322185277032
12.79767348456041
21.105881862771025
28.77448180354566
36.60462633787113
36.3676365906963
36.49597000309629
36.555300923587104
35.88950666602267
35.857491106417996
36.32559951247597
35.609544458416124
36.481098014473126
36.97137209336871
38.19977026591487
39.52577028291912
40.26653295126063
41.13659867903186
41.14747322425637
42.97820024537191
44.86166562437899
44.67342153194488
45.71342212158838
45.15578550314323
44.687772935060096
44.345375411381646
44.83787016960952
44.869149122520184
