0
11
a
109.74971391482005
109.69237804316127
110.65064717598067
110.42984067741872
110.66072644590174
110.60893590197819
111.60560024079678
110.5469506602744
105.95734466389456
101.2891735247523
93.40024457710821
88.73341502909055
82.21905622748207
75.1275048571752
68.7005924724497
59.36325944527107
52.11766129608605
47.42552789798356
46.06458108117605
45.4722982893188
47.521739769362874
49.55276632017122
51.07770504233587
53.858466645698456
57.63129354539982
58.35624202948601
57.65095405017841
58.23296012950018
58.52203616879985
58.363820042578
59.53759543164814
57.96052097825499
59.39601463709017
61.061960413423705
61.64659124303871
62.19597825848474
62.6910113329784
64.72987517729253
64.69057111073515
65.81382030638899
67.6593373252382
67.53657242280048
68.47349307753159
68.13283775790867
67.39066664467825
67.01370039038322
66.15779785240538
65.44859562249941
64.9348837843384
64.14074707677162
63.95854554987354
63.32619530071433
63.18501368896239
62.69688135595679
62.039131182938405
62.994192618467444
62.344646071761275
62.52956263355591
61.801057750211115
62.179172916565896
61.42631273242516
60.06910698176927
59.48464642339103
57.47066118551028
57.6528914175061
55.003772316767225
54.588414800557494
54.725985324550614
58.45658215585405
61.720205511249816
68.55044077442052
72.16433110103391
77.30430492046521
82.26411782859351
84.539409838105
87.93324150788105
91.75223366011836
96.2224009689377
97.6590990886021
98.76825305361459
104.26926159164883
108.41242593597556
112.79091969480687
116.64686042312755
122.21502030645142
127.9919278932276
135.2606221566678
144.3001433175771
151.20783345745815
156.41369959156003
158.12341520900378
157.7010413071839
155.6781221845814
153.59550498519647
152.0690080302523
148.77995553969106
146.1838054732606
145.5013170274287
145.8486362616331
145.68247749511784
146.87938672893245
146.27192075525508
145.51728011439565
144.93507944297772
144.1443926850168
142.56283856842842
138.36201974117475
131.12549108271327
123.28036812866777
118.6390616987965
114.96833173976172
106.83111995182826
99.92221676888195
96.65619870710654
95.43828512899725
95.8708294879164
96.87837612547585
99.9244136759125
103.51571172630979
104.38829799549664
106.56365528435792
107.8213338071816
109.10358633503166
111.20453431012447
110.76335443442247
111.4420311209324
111.5375541170286
111.90279255674481
112.22452514766884
112.1663345878343
112.70601306096542
112.38765952280089
112.80721555639727
112.81687896645869
113.16507268613216
113.2278085920616
112.56717557988728
114.11018582080975
113.90837653893995
113.64934659297717
114.68576313495026
116.37776632341203
120.09560989382578
122.22000143765017
126.22089028863115
129.55048866034016
132.1294822593451
134.50562319630785
138.04507052105959
139.73088628844866
140.4585263240492
140.66845098631458
140.69438302065774
139.28247808581673
138.72214159500606
139.17355185283375
137.65028510649014
135.95844965995573
136.043103331684
136.1413368629337
134.54117408146075
134.382940907194
133.54567169347524
133.83114086594423
136.10562557046848
138.72879118607878
145.66079938461507
149.65362619270945
153.75093086886335
157.81640714167534
162.64252740412837
168.1098699056687
172.34368099358488
176.12787323881574
176.12302762520005
176.914882980445
174.61898166683977
174.04499001528214
172.12036745524009
169.83934680958473
168.12722942226725
167.44727437789322
166.63180312679344
167.3477738564012
167.12904682372334
167.18091953150076
166.04377055566968
166.12745109435198
165.31862332304533
164.4772863323205
164.78828724527386
163.04070880941816
162.1510746097447
162.2488438380273
161.7453832907606
161.29889268905282
160.4823811821079
159.73238612338247
158.78902177093966
158.55623894849373
158.65764864007357
155.8694096221655
154.20855929164574
152.1840667121383
150.0801808668996
147.7521777135378
144.53163887857838
141.0690028610316
136.77393120026537
134.9964626390781
134.52678854933006
133.8626135155521
136.84764478509024
141.2070755842356
147.59885417066653
151.37469224208843
157.55056333710016
162.39357997868666
165.57863709273485
172.02992717692294
177.70984912263995
180.71752872281112
182.25461739664135
182.10769852198825
180.56900398681574
176.1565320812032
171.45294584071993
166.5807556421068
163.47099664725587
159.5478866300956
158.2515069084678
155.1785765291912
153.05680916950402
150.53191068557896
149.3483896616206
149.45180816378266
148.3223466191333
146.92229331125833
145.2059794603965
144.41384264497208
141.39079849502093
140.01370907893866
138.2306272424321
134.26405291769518
133.62540161755393
131.1790821596945
131.24120139441348
131.2685101887528
130.10468003479207
130.00895273024003
128.8183858113288
128.75338544480155
126.51853066780741
125.60508116882538
125.15342046337805
121.75085248597686
120.38457858826372
118.08110288139017
118.79693581015752
117.20013744680513
120.24295475825329
122.25601789709302
126.76226495944286
129.79931779132056
133.1786046490463
136.22149459525363
139.53378532351448
144.36025526788742
148.1319133473619
150.9384996955814
151.74166875505276
151.9727954088938
148.47308969437108
144.36603621382827
138.25686950530982
134.52225396478252
129.7383612825924
126.58766244366673
121.86793527530152
117.97916018079212
112.92836405664812
112.16512633257159
111.13814623172605
111.31523448835205
111.45194619382164
110.85098825706461
111.6369742859733
110.7823955141537
