3
2
a
29.693296646870696
29.20023843738435
28.984208179128608
28.847510125990002
28.547417876876
28.965041054663637
29.5013561823789
29.194099318968025
29.115511596629894
29.692156304736034
28.61680463440641
27.966782327646378
27.841224231764944
27.77668779864646
25.94384132834558
26.7262923799763
25.496220574254245
25.123603451902888
24.371432033752473
24.542250095654932
25.832889999678386
26.03421124037538
25.89874025308015
26.306752766523935
27.63848956811605
27.698869444559406
27.879420707452965
28.932229196668803
30.26715393865709
30.854527993818493
32.399826041348355
31.712130958001467
29.63690543440696
27.34908068184484
24.955694413455788
22.379651526236362
21.76917354769177
17.83266169917647
16.679651509437292
14.355444382391637
12.236802035824176
10.798096205004423
9.800343446032297
10.089865247488913
10.045431487036167
11.052085629365964
13.088509126769486
14.553380489297187
16.80813496367167
16.371906401595787
16.234790267147837
17.33816367321391
16.81612263178952
17.46090038542763
18.560407119645557
19.225563257059182
20.848076281056795
22.634190896118024
27.54346231709011
32.28541044791395
38.809609008037064
44.378661514697825
49.04753982612784
55.12306186082569
60.8683184567751
64.35216570041987
65.65441022071285
64.2078405935951
63.8441798038337
62.93834122961901
60.80002040199314
59.19356858972311
57.8972959099585
58.84778355587905
57.697679080937554
57.474148255458005
57.002988527875615
56.348770636649625
55.72076952002862
55.95848739905245
57.65592050916292
59.77269646135811
65.09150892830269
68.49131742628529
71.91450044463899
74.66658439082201
77.58203575019475
80.12592802497451
82.00860538869144
85.71217783869893
85.95909017184589
87.72884130141256
89.17040478445853
89.70794902630924
92.02640964206377
94.63851587683796
95.89423844539287
97.90520773524928
102.24394093543927
107.28253621642149
110.66859937702027
113.54967321103102
113.70243169053438
115.53356554357876
111.79362911200954
106.94792416739658
101.90165382606742
97.01425320156105
90.59173251393872
86.43760594446758
81.4291070579253
76.76552604791662
70.7608266007308
66.99491929874993
66.13424701911995
66.86020461407085
68.5548274204683
73.68958821445983
79.11024811256421
84.67997541759475
89.1054451167149
93.45126010597231
96.38092138646792
102.21684008533698
104.6557909821373
108.40205375745121
108.9144881076977
109.21711942315446
108.39304326968812
108.18581405677537
105.5820908932558
104.80767631257096
104.28226467655556
105.54840008916179
103.80178253107469
103.56247785124134
104.37158680293119
104.25784002831757
105.79410767526053
104.70181283419404
104.35937237644859
103.06776790598919
102.96693582310671
101.46443854551613
100.95657397899751
99.71641100288927
98.62668279045674
96.05458265260843
94.3491371495282
92.62743710548146
92.48885135305063
92.5993410083769
95.55982271459663
100.32776806782032
106.36766099044243
111.07648789951455
117.94194232961935
121.91944746701245
127.46597735700918
135.6875563256521
140.8909717936457
146.3030842053434
147.2728565500063
148.00064768213576
143.25217966348933
138.16422919725613
128.66866433336762
122.90927469243809
116.37961586788558
109.90317549220708
104.85227507976983
96.71915669295709
91.36674114579515
86.86543653560324
86.19157325159944
85.52752974410711
87.56908281235214
89.38942714119813
93.33477400522013
95.9666589943992
98.86479617555973
100.25662983241438
101.3579601646487
103.06467143349579
105.03068299053456
106.23144475546822
106.11303403184239
106.71202469760826
106.0470432411592
105.00109479625598
102.37530713983963
100.06538810109646
98.8306060865655
97.14146212448631
95.0104371285835
91.57349932009087
88.58569440054683
86.7271946473092
85.58893194234369
85.78767090653275
92.06118074707251
98.42537512962983
111.29527894395538
118.98846167632993
129.18617585700082
139.87487443024736
149.5717162677526
163.34430626682848
174.89046876156488
183.46358820340444
185.23037485094216
185.6781836707059
178.3395029322189
168.74323167200052
151.4634691193384
141.39716951631425
128.43433118986596
118.38893841880049
108.52685052862462
93.71891204763398
82.9094754732153
73.02999572038603
70.35275964721768
71.90202146141834
77.29437230271071
87.13556005894418
101.78777081067528
113.26788764841585
125.31966774917001
134.38880923192394
142.0131214553421
155.96746139056077
167.2096159558406
175.13774749657546
176.12373854034024
176.4466486585823
171.88232191481495
163.57032027375348
150.2156294105348
142.49402068950536
131.50050296163874
123.30821633883913
117.89442357911084
110.96504219664202
105.10880385841854
100.58470996244662
98.93837202668827
97.40996383345384
94.82002175998268
92.83354379730885
89.87294142521222
87.98975024599041
84.70213105989697
79.4118020071333
74.28609524043083
67.00079019819059
60.99367602020951
56.527657290078295
55.77815092345327
55.85444297011291
57.932138849089235
62.308829660023136
67.5556875680532
71.20877782072633
76.75335649237732
79.626359765266
82.77461318933938
87.54240298038899
90.44869431759075
93.3315544771477
93.47790726034886
93.77796276285109
91.75906469769649
89.70905830778875
85.2510808042953
81.3071673587444
77.69258625049804
75.4643858823944
72.51746831797573
70.52326009312911
69.29609865075982
66.15637854059536
66.12981081576524
65.8456439828548
65.97061568196675
65.1764355146655
65.29454761425134
65.95288280141203
