6
0
e
152.46888970668138
151.7188022147315
151.92821962046082
152.50184271608583
152.74516131770608
151.7861497321137
152.88738010018596
152.0335737295539
146.16292679469845
138.58894236684714
126.54069344358346
118.11275988334691
108.26826670006132
90.08065800824002
76.0588308596184
61.23559343499411
60.56656080028321
60.60225527578867
60.94638884371919
60.53496808455661
60.36555147409423
60.85343988795454
59.29401258317286
61.064854152142416
60.440246892500745
58.96246864197448
57.463157329933225
54.93797794203456
52.82945710778149
51.48724146942762
52.033625781828306
51.03153906717363
51.12221124353217
51.718727760762654
53.649701677675445
53.006445509420615
53.96510667459288
54.22326496502987
54.57641717287468
54.94814679896456
55.85020222028265
56.670553208874054
57.48531684400951
57.32259308717076
54.024720853311536
50.46746075756719
44.36706036919178
41.79152891763652
36.71256481764114
32.31135988291632
26.789132986031923
21.141208618902425
15.808364762009335
11.285830567974044
9.751581682839447
10.501933200194948
13.645816510036488
19.140753976091663
27.32954076366667
34.084962979800636
40.24408929361929
45.11712557616895
50.120954064640934
57.64924237642251
63.283863426314014
67.10361767179349
67.38338519762435
66.78252795543482
67.89388482822731
64.39856402866994
62.4564400012763
58.856007196467694
56.87937392335796
56.07720294532357
54.90012525911838
53.606807838441924
52.782469987829046
51.85391010637972
51.738396090743976
51.090978327169815
52.33266476528447
54.21065351897287
56.090497332436534
57.94684157628182
60.14600214827787
62.237679891537724
63.24546425072808
63.070300558846824
63.77923889481874
65.08899617577315
66.32737093553672
66.54635094587618
69.9821262652459
72.25888674471108
76.9739478066884
81.20038672519787
83.70253100741563
87.57758633053739
92.81613728420739
98.1375337484137
103.532113473205
106.83426764966514
107.78570766204615
107.69701655437976
105.71277860507408
103.22509249626358
98.75511844794434
96.52692343576379
93.05780487241513
90.97114628820836
90.2082366276523
87.576374177122
85.8942651763529
84.9528866436621
84.00035233788986
85.26412292713222
85.17861198460673
86.46081327542048
88.414823533637
88.42516326457287
90.35048218157947
90.71140590742316
90.80455524265939
90.43011277662032
90.4029479589136
92.07546982286934
91.88518648177254
92.99986924449719
94.98118829061544
96.66307405289503
104.11327577421106
111.71094090332649
121.10493345316907
129.08083467966213
135.6992218704505
142.619093722215
149.34099521259986
151.29083707125147
152.77061755130407
153.1935080384462
155.33315357723035
156.18990646054846
158.11044445467635
158.5840336465615
160.8152000653593
162.122006525239
163.67003966484864
163.04787255132925
165.13580995562262
166.61969712422805
169.2988394658127
172.31025289059588
179.24379558729015
186.87831331971688
205.65867075421858
219.40463824207507
237.4450154736462
254.5924762320353
270.83468030650073
294.8394432507455
314.82817685282026
328.6727206215295
332.3131124940581
332.40592531152004
322.0900681106954
310.4365509452159
291.89239605311536
276.8448195200695
262.0681850693679
240.855108070743
225.2593593705896
211.23670907003617
213.78063049281783
216.04572941992447
216.3002580697781
217.53285895155088
217.31833275186767
217.98750234566484
218.22477266620248
217.7629039151619
217.5785793093983
216.13353068075503
214.2922837944265
212.31318884161502
209.46374006614948
207.3520293226696
206.70527204058624
206.82855571126734
211.91337365738607
219.0770472081302
231.45075723031155
238.25096503588188
248.41866055095863
256.59778048911386
263.5738502420022
270.40851307334657
277.58455493192616
283.79047484240033
286.76574486349557
288.5360379905651
293.1379034592914
297.336045329722
302.9839316839827
306.47942130335565
312.13008478528263
319.5821202380716
328.5750703353093
342.46113249664984
352.5329224722584
360.70666536868936
363.3740080714022
363.1444634513386
354.0441722608813
339.3011110505801
317.34878803788854
302.6283068552144
284.3191063529057
268.72876933266843
256.72729194392144
240.97280851216243
228.61721433849792
220.94849896638246
217.80534492122715
215.17880528742967
209.33241038037082
204.85731113063835
201.08910447098668
195.83185797755345
191.51167383086215
181.37048292166568
172.75340300764142
158.89985886715883
150.14887221670412
142.4827143914305
139.99567383017893
140.27499523183945
142.42405706157425
145.75227743670172
150.30349980230235
153.48994708082816
156.83250477921547
159.1127316120929
159.63515348211877
162.6425828449989
162.66995158730356
165.14568447892776
165.45976884678888
164.15057804639238
162.11767732074873
159.02523555215342
153.0113235422601
149.83792560812134
143.66862906191247
139.80952546108682
136.1621253255389
130.27399746014746
126.75825525460766
125.18740190737795
123.56964881600685
123.91721356514087
121.98891433846363
121.44736379992834
119.77832709288445
118.03914297337376
116.91662131163623
114.8829141909206
111.29853218160162
107.25691436583645
102.67371456045834
101.85072506189421
101.05159808334146
100.61770796021152
103.0834368358768
108.40432237670699
113.96313889179028
118.6325211228414
124.57091137981497
129.06410362874135
132.25159562520716
137.54321866877365
141.12735641067198
144.28622531701572
144.77537051775542
144.31758424945153
144.27418677285652
144.53787215760246
145.44445226209805
144.85979676813514
