5
4
e
5.527400762458437
5.449575446568684
5.652822523768825
5.471567361565793
5.882021882653699
6.238671165763113
5.4767004230702945
5.016438436403232
5.329719655169049
4.892730040767689
4.366461539873572
3.8939400126180095
3.0061325704413906
1.5643086835160493
1.2019945821079747
0.09425885311856352
0.16946877432876722
0.5148697901991346
1.0902856130229372
0.025306782861075783
0.0
1.250078182637187
3.224188893947865
5.741463517269656
8.359676209150049
10.096238699461086
12.774922973683317
14.915145683425783
18.416732394008054
19.567545774436894
20.758053173648616
19.881290558856424
19.18335712049749
16.32731584755963
13.534871659641398
11.616089382470559
7.428118746505835
5.9076498481175745
4.253762377657523
1.2633324171695854
0.0
0.018823374955437747
0.00985724389955743
0.0
0.023690016856032562
0.0
0.2829915027252392
0.0
1.273816819562824
1.1451409288302474
2.0176744162091893
1.5135185899668286
2.0595593008957223
1.1369957780294158
1.5773359805649427
2.6350155009567118
3.9135407195551597
3.458893754893658
7.044498336842343
8.084028145720266
10.829896716877661
12.829068633187795
13.17203751598832
13.489534276483594
14.785635580411954
17.402121083927586
17.901940191836328
19.52249690798237
22.23528160421378
26.274381001537343
32.19012204464322
37.38265826423269
43.13963916055504
49.22837036679669
56.18843955356891
66.00063203905536
73.19786762216744
78.88961426799233
81.5454933712008
81.0668476923772
76.34134429871217
69.22013577008107
58.79530491226184
50.50295695041263
41.07423267378071
35.241828855397515
28.889938467228088
19.782255129643254
12.339027978640484
6.781726627117321
5.703361377191896
5.581587656870562
7.334271289560059
10.998432999033154
15.713067187702753
19.85439327420697
22.448069451195337
23.93150585148203
25.78485185889987
28.212064318943774
30.42891843514724
31.233660902931465
32.05399031757227
31.584047798943278
32.340077318258565
31.59573712975953
30.491392351894834
30.576504491654497
28.955022579736
29.20747599554887
27.9439017419985
25.60535542691051
23.356714671033764
21.775067461545422
22.43445115367605
21.04382699624412
27.254959668287242
35.87683831399685
50.55670628880334
58.63584040107012
69.99889751762092
82.43578237783242
94.10409267721262
107.15537511444514
113.87219427762017
117.09512679779728
118.58533666170254
119.37654912498495
121.26962650584976
121.96075169060278
124.34063211152016
124.49570184179194
125.4313159012819
129.43158472389342
134.197675326203
140.0942584480902
145.4927780625103
149.7149806148764
150.35466370963388
150.0389672463071
145.6540876716378
140.4328813638022
130.45027222337094
123.07897787093471
116.0264299946357
109.39041244185432
102.88241200590755
95.92511937608106
89.92499539429234
87.55393942292157
87.04588627010043
86.22497416837295
84.94402178559213
84.68256357599485
81.3638960854976
81.64765035917847
79.00275734121568
76.97288626138347
74.0795841548374
71.20469119149632
66.71232175186998
65.416378040705
65.28152578297438
64.28397053315902
62.45232057350369
62.36428868273097
61.38346972883447
61.107980181969026
60.33212708666106
57.662044327680974
54.193539594347094
50.933100270216045
47.74233299864562
45.92703121718037
43.941914412076166
44.351910501500505
48.15171463647522
53.4741972239776
59.984985228175944
65.76454772344704
71.5900802976571
76.96428183179952
82.42229707406948
90.67660571738138
98.46249054681113
103.86471120795647
105.50095781973755
105.9061949071506
99.6377098705821
91.20369845523489
79.27908220028928
70.35779733000817
59.66003515830832
50.157076478305314
42.8979211460261
30.730536469179867
21.647657820972892
14.674470169198203
12.264496581921296
12.770939963496287
16.902862793242512
21.3129453019572
29.403810281072072
35.37180816343182
42.23034023435371
45.133503219824554
50.26271672402934
55.29369217126587
60.547064114245515
62.767191135041614
63.845585349552806
63.74793236077957
62.144690806716774
59.05947050194369
53.20747336326549
49.00954929756776
44.472726939262344
40.748789289194754
37.07676724994766
30.38383098863343
25.93920082542777
21.133993744929466
19.925021513232608
20.223470680532056
26.45853663514642
36.335581485735375
50.932485405003625
61.76118537090972
73.8285048954824
82.8913346706709
93.96775476735908
108.0803854906464
119.95178092586812
128.34209314420056
130.65058825257944
130.62055613255006
126.31501055531874
120.57994785111305
112.87734775793064
106.70043392331523
100.28296063694485
97.91585202132678
95.85022395564259
95.00319863746589
92.61295124425347
90.74830505718613
87.90774148089967
86.5374970149919
80.75155976189811
74.9484165118634
65.85585460635356
58.937066059514784
49.8771479312456
40.397830405418595
31.548010702418644
19.590599877193654
9.522493045479424
1.3985303015729875
0.6834244817268588
0.13936262991813753
2.559991825830345
4.2692150764718
7.862950559189473
9.53423994049217
13.042961104956309
13.234730130113629
13.654813895950406
13.176061345185797
12.72693960498192
13.743420891068237
14.30572115935095
13.989571807045397
13.010618871783834
14.780185146366092
14.801893204237135
13.612691441177668
14.050106109661526
15.76988866970841
15.510169848350497
16.437390360056014
15.776143724921441
16.73651623950251
16.268144323936014
16.890066393155767
17.547916469076235
15.676139744818311
16.770421846537484
16.641827546970067
