7
4
b
7.5864506865477725
7.926143247116444
7.622324557509856
7.75206508856113
7.8706117881413205
9.243573827861692
7.964033370971363
7.812498156707439
6.547269008633962
6.741421071243933
5.4815856738925435
4.849347142754498
3.536786384832881
2.994434339786117
1.1863114164537805
1.0937650271954826
0.0
0.7972980226829319
0.0
0.4853363624868078
0.0
2.6248380600497123
5.81104119481293
7.845223985544548
10.891470274867041
13.434537946484449
16.516695539608197
20.524847973121574
24.20297667493152
27.14877393189436
27.000771160210043
27.22059028995103
25.999603765057707
22.62777447111015
18.566955022575492
15.505170615187515
10.784233845171386
7.919332669809654
5.4203126868663105
2.066277233841908
0.1256223174694507
0.0
0.0
0.0
0.31756502844969525
0.0
0.0
0.0
0.9923677797230558
2.642380616010542
2.065048898956142
2.5041301333030144
2.000057103844647
2.9119076623503988
2.035320810435603
2.7001305000492115
3.979090381941464
5.203130670344381
8.583897455523836
11.283935422568359
13.988078573856468
16.2432884464628
17.809084128674026
19.025926179205996
20.013026872057694
21.951856433469366
23.37310841873047
25.473062093077008
29.26871148861985
35.18009956219926
42.9406184034987
49.215114695969476
57.77331764134739
65.88064727455782
74.53189028818443
87.13352643672597
98.9153553884275
106.39926206652568
107.11614117957603
108.85858630190486
101.09181821885824
91.77071931531098
76.72553745128164
67.99993824374403
55.71369237054749
47.151612113859876
38.580378999556
26.327188626998076
16.353223198937187
9.214630994745052
7.3301803667744725
7.929378303466149
10.482441691681098
15.483541391768703
20.570016538277283
26.08714575151587
30.542827346395374
33.016430028468
35.84370150415337
37.93025121844244
39.97608780646783
42.563400694928056
42.37387682860709
42.29062843317516
42.1293688408006
42.086380396930615
41.035509609649374
40.679997973722124
40.20310431975554
39.432860374980145
37.0307241965489
34.423066140900694
32.14584153313326
30.788150496823835
29.357365816224128
27.828838526789912
37.12146124590429
48.23868496137216
67.04820140877442
78.74676590822351
94.60031467189697
111.3152613759209
124.46777739336228
144.16572332536933
153.02061566849176
156.1415657395015
157.92359031397896
158.86735900663615
160.98350229059875
163.000939450912
164.94161869845416
164.9853034232489
167.58892713477323
173.05768802000176
178.49565132153782
186.1663962367441
193.65830124222492
199.05951908429122
200.9737511730605
200.46436143019346
194.58876836701123
186.1916266448485
173.75860101111812
165.37853575261062
155.58284406603843
145.80398916590426
136.76850682466514
128.16881286502564
121.20580272939776
117.83389689630489
116.63893847227648
115.85649680749313
113.3774502882903
111.61067099375401
109.46644981986852
108.07499961129633
105.49407892812155
101.74394572613936
98.32309049049502
93.35682229247142
89.26204227931878
87.3465301280094
85.9015224172505
86.58601915295885
85.05338759600032
83.46906474951119
82.54649843831555
80.83592623279111
78.28640101652817
76.20442660444269
73.1451506871064
67.41749210847262
63.48762813282223
60.68444124025122
59.318755388469675
59.530443235709576
64.38578257309814
70.00246891060736
80.46030348778893
86.38837373167924
95.8937913196659
102.32945503239092
109.94689511630956
121.003416280445
131.44015007492402
137.41218793096658
140.71561960387336
140.74328841755303
132.5969049503965
121.54895595714639
104.48012054306402
92.80400605042483
78.5541050964229
68.02592631629477
57.751625865229684
40.736744229315875
28.586346772922024
18.425658698596056
16.987350238436964
17.435625463652002
22.370518293141856
28.860824938510373
38.957386528565735
46.061768213506966
56.188782935961434
60.700587727004326
66.79502595989801
73.89895419333932
79.24799379318736
84.20317486861143
85.3337130210906
84.9414273348929
82.62522952357529
76.69928458211307
70.21628438220029
65.7548415674495
59.31168393724104
55.098669810612826
49.43894401133484
41.59770138784333
33.60105844362995
28.92119978491871
27.68465660815522
26.938281997373917
35.25537636797077
47.98595392105913
67.62249571113057
81.07391339718455
97.18369656116221
109.74947318321236
123.93421668100383
143.74611321608393
159.40253573099483
170.95169889643077
172.95933364219007
173.89049103588712
169.11689400038952
160.8243556687086
150.41290734076026
142.37143503338862
132.87643510099795
130.25252294281194
128.03521414507287
125.02447371125004
122.79924304678012
120.03308354698531
117.2414975901417
114.9092121800392
109.08405189106662
99.68788492378924
87.95895831506944
78.08711178452985
67.17498670039603
55.043078021284536
41.98031470082853
25.090156986635574
13.466996815032159
2.12337045539331
0.737850811060097
0.6231623696395037
2.5228976769812617
6.889686023058791
10.57316999528017
14.154972709690835
18.876326656787732
17.74192278478988
17.2351404611869
16.645612347694648
17.870428881158688
17.38482329936635
17.626429556136774
16.56022937608639
17.86596421373132
19.11435267485233
18.20757030889803
18.976448374410086
19.310155757137622
20.620705453858644
20.893021688979463
21.429818114534086
21.612587088835923
21.524103895215156
21.76912486217233
22.783373355782548
21.17142446306564
22.42042841900851
21.937195626081312
22.729984682712942
