6
0
c
115.40175576104834
116.87122010950527
116.25377947840185
115.57046560917473
115.51599084535445
116.09922919380698
116.97871098643878
115.97272784649645
109.46644330195092
101.4386908064754
89.40386749580559
81.70678461796322
70.88627510814909
61.36018432114018
49.16264214884991
35.408289659198196
24.53861326935331
17.255588647502172
15.772233588953847
15.741216200331412
17.244534453440583
20.320093586284944
22.986353898876796
25.98623420034736
29.995693653555485
29.09487074585212
28.770993603940905
28.38322841134903
28.48761242349892
28.029467580793742
27.77569279991352
27.3870870909683
29.225709009247463
31.546811818823606
35.997233488989146
37.635700025336504
40.69724391145833
43.34774580393477
45.29723191498168
51.02168209211757
53.909178328999985
56.190441217566786
56.40960019942602
57.01351149122102
55.23071228782752
54.12881056500576
52.71593638704283
49.848484094462236
48.54228155781081
46.495734725138334
43.95865685454252
40.659801053611886
37.11314027594535
33.628407563160984
32.88982451173083
32.98334495531613
40.65663283399291
52.425189791836715
69.35868003359562
82.10675869330792
96.274125355847
116.52144482059131
132.07018524917459
152.12045695158727
154.36390240345875
156.36799253487393
156.15911312501277
157.0568734875157
157.86588542102768
158.0141528335202
158.8544262091571
159.29466142440296
158.6111182961292
161.25696446688266
162.56239788687992
163.9237902488829
165.44902634588328
168.1587459406186
168.84799664421308
169.83700951107153
174.6320747992954
178.45487616251742
185.65723683502287
189.75953434271452
196.18643594253203
202.71560638595687
208.9059089638151
218.336767402668
225.11022308089883
229.0585527426684
232.35985764675647
230.91264262970287
229.35387604730374
228.61265356364893
226.58563486207348
223.78991263310652
222.47700085063516
221.87625162816894
221.2404150578079
220.2104254835843
220.13192142206165
219.0091703485184
219.38619305087173
219.7585186142235
222.06151618703186
224.19096912810951
230.0642274847988
233.8231972485756
236.8910085013026
240.44008555795352
244.51341488958664
249.9459035991918
255.30608680967936
257.86178021076586
259.3620576340311
259.4689170623255
258.12265261274547
252.2593858661728
245.2792833781613
241.60946187852997
237.16909122158893
232.35302005680919
228.4902141394834
222.08688666340552
217.2154245596649
213.47382734058485
212.07123169357772
212.70889171114067
216.69476241515582
222.3420833785187
231.37792768294287
236.1404563934117
244.3700273084249
253.70924487756417
261.1060843541797
268.54797381123166
269.7109917318576
268.73492132279915
269.3462112537351
269.9161103599418
270.45067073385724
269.8833615542155
269.61000915784666
269.5358289750091
270.18424709321744
270.0442822743762
271.19926013903824
269.53084928041415
270.24095771142345
271.60894161719045
272.0902469596494
273.27226462941763
274.47307467131714
277.06457370648263
284.724199524487
292.1395684952637
300.20919192174466
307.202183416661
314.99985617506354
323.1956855930324
327.39690493955817
329.4768466072558
329.9425571978809
330.8636710242091
333.53277613226845
333.38462848559965
334.3388808919617
334.96119879257833
337.2192320883146
338.20434800919065
340.51948571989703
342.5244143757228
344.28197596463264
346.09430118660924
347.84742789064524
348.4936415189886
353.61050535805344
356.1110639621499
361.6548371207957
365.85057960419414
369.5291892204384
375.79866973461895
380.05709661784726
388.82734246703274
394.4264750129005
399.9050193716639
400.67368774385227
400.41147863768236
400.2444303441627
397.57034623953035
393.8720271302263
390.95519666887657
388.90458223641247
387.33695654253955
386.2474049251871
385.99622799104986
384.6937006107592
384.55830657081196
384.01633321209596
383.7471333584886
383.6090857758798
383.9603546628362
383.72783494321675
385.11835185104667
384.55082756905136
384.9266218439192
384.8409167923569
386.9854045635948
387.416172121574
387.3365979894006
387.78309891784113
388.6482012874597
386.0194352256455
381.92917801329963
377.6058525731764
373.90936611076825
368.9657852274052
367.80474047738545
365.2684572566134
364.90569323616523
363.37026990495167
361.3267087559881
359.34792252440934
356.4103870278745
349.42374326795493
341.89335641304575
327.68937374302027
317.4566227718488
304.045204436272
285.1402057315177
269.8885504678343
250.24577763891844
246.10027205301554
242.92551571784023
242.66129774028062
241.3487166104965
239.28043744758747
239.26682917842703
237.92220004761597
237.79260160205234
236.73976474375567
233.0942895284217
228.91797274880125
223.05708773149152
219.6528704498592
216.164476741238
214.8492894094153
215.73174850978415
216.83886457633082
219.24942223959272
222.85026096128883
225.5465713362437
229.15100501461106
231.06865452472846
233.89751781576132
237.24368084656797
240.01905613633787
241.69719578863132
241.73542790198252
242.2014169957181
239.23068411793633
236.09730965966966
230.5337719895143
226.96123443448204
221.81899629988652
217.51839303603646
213.6023932482264
209.83543954473473
206.83388026663917
204.16463729449228
203.92913966179472
204.27819022319287
202.8445558827587
202.57008586876643
200.9088110284318
201.1328389976617
199.52682414257475
198.97344083120663
195.6920830993811
193.83510685313578
191.79635242135745
190.8560781244059
190.87091107418752
190.98855476113116
191.2181276843879
190.1837673597015
190.64730284126315
190.29072893877927
