5
10
e
61.24757184475857
61.7538592068744
60.77352495281008
61.211317378867925
60.92569693722897
60.9449162765509
62.4033763661705
60.838459331071526
57.86481725706721
54.29869335242733
48.03109176468659
43.231220328321974
37.91841774177931
31.692754399607573
26.39283149976926
18.560116417614218
13.585559151354047
8.850529563833035
7.337945345235369
7.282112471204353
8.750757764183753
9.478243253295163
12.32900447312898
14.159452413476208
15.03959530572538
15.486093530233612
15.415030804375913
15.703671382033434
15.688725524789884
14.62791511750057
14.884441193069836
15.253365009407961
15.49812237733639
16.058288605621748
17.973299107518088
19.904568180197646
20.78690797552611
22.542371212830734
25.437397769316686
25.802751643284342
28.722815537689378
30.5890638825541
30.018454790502155
29.613209294140148
29.629142327111012
28.417873517127628
27.83012261902277
26.043073167041044
24.771387104252593
24.46262397749189
22.63242640774657
21.167615655044138
19.120283165813746
17.499299324811
17.359423268349012
17.344593825785257
21.402734713913258
27.53241363393
36.325121961995876
42.840213526790876
51.634189385548375
61.66161678128976
69.03726382606798
80.55686653017277
81.51099189240969
82.11610067445687
82.56324991479798
83.00332748399816
83.37448084474524
83.22034517949108
83.56886542985892
82.95118496691923
83.35359084329252
86.10661252238084
85.86670984730641
86.11095727193174
87.2681582844776
87.47819191534832
89.01325364774564
90.07484175342952
91.98626494805988
94.95154354413329
97.57388849867054
100.51405657079336
102.4728944598581
106.97179479924043
110.16886746872595
114.40641633480824
118.53287148714955
121.78274433169734
121.43730392845094
121.92839181304794
121.41926671397565
119.35132932421627
118.03914400403119
117.77323929528316
116.80398452092821
116.39885004590138
116.78752125033031
116.74647931334795
115.50445627954018
115.81840023659326
115.793198735037
115.04947304872125
116.61191790899582
118.47982964777555
120.95113466356811
122.60316136578568
125.97683258850051
126.41583673568857
128.9484418333229
133.21492316209702
134.3954193547166
137.2940530495166
136.8820759579705
136.70597234784975
135.4047934334384
133.45940363904583
130.259555155615
128.7079942441098
124.37011620588603
121.62101213280631
120.33977240362249
117.50808432450663
114.92492352432454
112.47126245488641
111.57046671536483
111.38600323595756
113.33243003718114
117.23720932489402
120.92582216164034
124.89402114562881
129.14045640935421
132.2795993898898
137.11049408723966
141.46089189928492
141.73251033178838
142.67249641289396
142.57680353422575
142.82853736405676
142.89481682926092
142.1437080525587
142.7186947157588
143.0556007686051
142.95557628385725
142.77208950393722
143.07809620793003
141.97108010860453
142.8349281036219
143.48065701348327
143.44266806834918
144.09983753945383
144.5716030781259
145.4548358411808
149.5006287074775
152.99038228478733
157.82262927005448
161.98388188503404
165.7789022401996
170.10899026417616
173.11561914290874
173.79334413045447
174.1485002898682
175.25754853733775
174.7809673654884
175.66084793047312
176.04986367853718
176.97890743948577
177.62372618023687
178.3685450148206
179.3662991095938
179.723287998677
182.1043560799485
182.49741043646006
183.06143782197833
184.438915798679
185.2480186698934
186.9773957230414
191.48560292719839
191.92293504110899
194.51737537783012
198.10783944908403
201.56651078521136
206.02292172634972
208.64275183936937
210.4241440015808
211.17068771513863
209.63706182290898
210.3261161204042
208.9887289095147
208.08934484067967
206.16201170582102
205.1565111674903
203.87161767891573
203.68626879166732
202.98989105107282
203.5265822805599
201.27797386877884
202.03347847603473
201.74324699322858
201.5582784105113
201.43545777055465
202.73775975619913
203.3148531590127
202.22604842652325
202.44771397884148
203.18689869570613
202.3911833202626
203.58902949851057
204.73641730901613
204.65852703050865
204.79023496161562
203.06853912204994
201.44773240094494
198.35725792534328
197.02601639922275
194.7731393734676
194.01112667266887
192.54400228031838
192.11376387414703
191.55196411891058
190.82078261894776
188.24523839334162
187.9302271499832
184.1072849654708
180.73985180593792
172.35384931293444
166.9795681589099
160.2736602416509
150.09602396300687
142.43466517814684
131.7451786012767
128.97979526817835
128.3200248352339
127.9581730305317
126.86349351737742
126.47584810544257
127.30216451944845
125.960346834169
126.22217523835032
125.3038698893727
122.64646280163248
121.90009035828827
118.15722570945273
116.32848771037408
113.59606689669093
113.10317731809297
113.06936243653846
114.44485124607017
116.83365894844067
117.55111810962606
118.9325889670156
120.94359896228805
121.76196340033329
122.78423074706548
125.60644025729437
125.89472711220185
127.55490994914899
127.49167947067964
127.7796342717777
126.84493372316003
124.26136531008476
121.43754877285473
118.74024073003913
116.31478864122023
115.58549018297715
112.67087418423644
109.52088473487487
108.28376270555964
108.51894017830475
107.90561011798994
107.54658403297164
106.9726521002372
106.59655687442954
105.45401762364078
106.48679606481626
105.6152231435153
104.18593339862602
103.58685635493605
102.34299802892583
100.73884904804095
100.39568152648445
100.7583292468261
100.48877423134135
100.87847069268591
99.65758961547529
100.33138203294746
100.49737272301144
