3
7
e
106.10553242457738
106.13074877141216
105.59791646160346
105.37021136968981
105.90395348496023
105.65092935762878
106.04292026874455
105.42178827542168
99.09065619376746
93.89968377660821
81.85100096314372
74.66237316740009
65.48371940657306
55.21823943646475
45.501037608764506
32.70955972168778
23.01604535044468
15.049804736980207
14.527350361294127
13.823521039764996
15.387309309739258
17.51784290283765
21.44450733961552
24.263239380779623
27.28484257606894
27.333219056081816
26.44622887278918
25.73517548040576
25.24281257411349
25.40378757219348
24.175311004857846
24.378782443299198
27.694620858553357
28.71021003028697
32.37686937962282
33.659579874228804
37.45129204730309
39.797378620457685
41.551000893194534
46.68244320562522
49.219159080097704
51.10114535076685
51.61441892287382
51.107461546187174
50.52752254168295
49.10414942843126
47.47604402546177
45.9162666032089
43.8900201775916
41.513309167670485
40.90444892249873
36.657255924935285
33.7740364395384
31.96299189185294
30.075038110638193
30.507025656109082
37.457701384790965
47.42648334292961
63.738783098678766
74.49331388760254
87.6044119399565
106.0747873653747
120.88382671641837
138.87038746629887
140.76636271551178
143.02892937899372
142.88631402549666
143.8575756741744
144.6953439176763
144.4489618257271
144.62137064575168
143.7746237768014
145.2332548226541
147.05288562546838
149.25749316744785
150.33458244883118
151.24667784750451
153.08420767886233
153.36346813950493
156.28224594526003
159.35212092957033
162.92487471833707
169.53562252521573
174.11266461764188
179.0232372833814
183.55943203995417
190.38843003762088
198.76607227103983
204.68587333493306
210.24725233969292
210.2931729832965
210.749394777783
210.02933572313447
207.80528880433928
205.6746434205521
203.98568832364685
202.79910620681005
202.51853925485182
201.6566623882212
201.18710765372353
200.26998720665395
200.38385258376852
200.1887910226556
200.49626237107336
201.8087708388594
205.94272829366625
209.39487123864586
213.12266108338363
215.74034817024742
219.06224179870804
223.54508759605687
228.3874086832506
232.76100965296692
236.52874263021144
236.68638163804073
236.46398168453905
232.95611742443782
230.1457930844047
225.70599237078616
221.10083914969556
215.9420445395047
211.71842565358097
209.4105670105861
202.29499782087473
198.09846412989745
194.43472555531224
193.88954085099138
193.74293492591946
198.13994339176355
202.32614518906917
210.44558889464162
216.083784060111
222.4345236204709
231.87092760231639
238.3047305699711
246.40849714673502
246.32052960006106
246.642781763848
245.57211894773042
246.30941203182488
246.40108776329987
245.9434807409177
245.54152606483137
246.77171971772142
247.46095072396724
247.06896269160742
247.6045859537618
246.1992118518135
247.0303832967362
247.08953854558382
248.1650844536942
249.46871380122988
250.69001859182742
252.47110038936654
259.77040272158126
266.0724336757652
272.77188372376224
280.2828161481262
286.0872739163831
294.1908583143456
298.060590000548
301.17318197979415
302.79663290136
301.6353787880407
303.7414234837409
303.7621353680589
304.93134701926823
306.02638626165145
307.7248632520508
308.7522645924811
310.9321954129428
312.93028722927096
313.8491769531563
315.6005118056874
317.20353158742523
318.56484587755375
321.5543317245661
324.0784046337163
329.48722586603543
332.56880209081885
337.8202885501196
342.7219527035409
347.30119290435283
355.10464629890595
360.4561120082627
364.7808980731162
365.38692606904095
364.79341059245263
364.181598106871
362.55695316156294
359.46650978975657
356.79530104324874
354.0489989985541
354.0250473613497
353.64994830350776
351.30816920742734
351.16376249778745
349.58572016313065
349.470620409921
349.39052648373087
349.9155747328698
349.4708385010887
350.1199810166265
350.4071421858962
349.8368771709003
351.22306087595535
351.57808425571903
352.2845097408459
352.7458354534912
353.5519727713114
352.8666863017666
353.0888623144425
351.1541641141034
348.7145507004035
343.9683153872678
340.89288003828534
337.38248558652134
336.0538679311154
333.9680221169894
332.3255327362673
331.7881742063466
329.3679118492391
327.3963435136104
324.77505836148845
318.7879282914846
312.56182309741047
299.10372447713036
288.8437716396433
276.74338110857286
260.15158983028954
245.92157935764936
229.18539233192433
224.55571088184627
221.66191346348955
221.05623982751558
220.13081009853056
218.82801200162942
217.61604356251215
217.18789623894403
217.69172924731487
216.03989333954138
212.1926334728166
209.27044423143937
203.57141831123138
200.0041012563566
196.69574091496267
196.68446100256344
197.03828319740842
197.60780928759587
200.54954349560126
203.2785566000975
206.21518142631416
209.4243252709045
211.04418100313868
213.5181783865483
216.02612630969114
218.7958773260205
220.4779702414069
221.49891554605094
220.86527263242345
219.26215260418877
216.41720795654575
209.83779226420353
206.88278518674605
202.37498621898217
198.75427716876862
194.81293993302023
190.9814179401958
188.2193383100269
187.3800850713693
187.01559625355532
185.79293007869038
184.93532494128067
184.55778587456055
185.17912183146905
183.36743065609625
181.80564963975564
180.88332440457782
179.67890071256375
176.6890149704136
175.37516114415206
174.58683509844826
174.05951087640045
174.12023923423172
173.6403199530248
173.22206406013706
173.93618549546167
173.49083250138048
