4
5
b
50.068640061851944
49.34357379390116
49.516296177391624
50.052285110709214
49.99314746842611
50.267792692007085
49.825575106351614
49.509969723376315
49.737472376219344
48.629799517011776
47.83155032431699
47.63515570380004
47.056043688603246
46.68477253697101
44.830943610294256
44.361895911884574
43.30752909731045
42.48833035569539
42.59508163062274
41.90988367379998
43.06227929487317
43.88361939784155
44.14892064131788
45.27976708385199
46.10014007876932
47.894062436103546
48.43816209029778
51.108196689709644
51.79699856856521
52.772430998621225
53.20704967230722
53.97846653956355
50.98659167803125
46.87762840521815
43.275187278286154
39.056739880655996
35.49871299633764
31.094868853944828
28.029875884495272
23.168557274594775
19.530686073769203
16.24903279124638
16.366919840077696
15.80022808524801
17.650375087032813
19.490692888940334
24.16438034196048
25.14937839303983
27.812102787173224
27.937673993227936
28.231287004732422
27.763070431522895
28.98023641370862
30.638001242103787
29.850162817610798
31.756605137875635
34.60634130181496
38.1920026390661
48.6738694438149
55.61579526334286
65.96656673672345
74.13533685318508
82.40341568221325
93.77724392147724
102.84488911381555
109.67620752522548
110.7357363151259
109.64909498472245
109.35680489550978
106.79397508957399
103.88390712987851
101.11053714917558
98.82255789582508
98.82306170911438
97.48228680167075
97.35454027278959
96.18020046676342
95.81991256412132
94.92979241921037
94.18664928772814
97.78886674122289
103.44072293164014
110.97869108073718
114.36627134889346
121.32064857488905
126.63279129433855
130.99123969539983
136.63938037813955
140.62242847636008
145.26834096816467
147.11690168015815
147.29640592727765
150.27681731015667
154.0847211103242
156.07684988345326
158.74658939734513
161.7473959375736
167.50454333025579
172.7287755723796
181.3711797977801
187.00349902728868
192.34090715765035
193.48773150521768
193.3531108916737
189.1718304259203
180.62228797062156
170.8866383082618
163.73299086044236
154.63335067551122
146.3808332374205
139.08519338982322
128.99253490501826
121.1673897687463
113.08230473362075
112.18257120786832
112.78365428055281
117.23278172131772
124.51078303782204
135.08039821836954
142.33587464709504
151.07295873966785
157.43231693057515
163.21575370959093
172.58117084240317
179.71424870427276
183.17081313280494
184.76338612761936
185.17700148744706
183.92092301586123
181.70547311334016
179.54695200624386
177.83570261044468
174.94237779004803
175.3889893064524
175.45341912599878
176.5952699796879
175.40996900979727
177.03857414848778
177.44238786970007
177.71892056653988
175.7804297072207
174.68306733541533
172.491020658646
172.31460271673836
170.8572807332786
167.5692080885282
166.55079111932085
163.7505877802106
159.07158250473046
156.6873716076074
156.18221156573122
156.3960724737812
161.161011787975
169.42226709711838
180.09101608338722
189.30534929007175
198.03111605372627
207.06954450572783
215.77076753657846
229.2037830257859
239.79048033100102
247.7310010362219
249.18971387612527
249.40265158923785
243.22457992026224
232.67739006214794
218.50686404575293
207.25515726418828
194.9167820307159
185.61307772349963
178.10786379037097
163.78778648451356
153.50283142632455
146.61753004957552
145.19210823333825
146.42192771747386
148.93985119921638
152.27686517063162
157.9193722417652
162.02982898990186
167.82458960032147
169.95961001513754
171.86717874691374
174.87130292270854
178.1748206784883
179.65295537764086
180.5566699277354
179.92297059261293
178.1782467993165
175.59301638277472
173.25311304526895
170.382919802299
166.69923972024674
164.7101659581774
161.2762449874871
155.60675705531645
151.52637281876363
145.64938287161957
144.39992835064365
145.01508964223524
153.64936342336694
168.23722225364114
189.1880747708578
203.14543893277929
219.85946647894622
236.0047925595731
252.2649167983901
276.7072086975811
295.876376944352
310.5222447407738
315.1024904454755
314.7763897260802
302.0617749974405
283.9143643848547
258.64290875470317
239.909477243003
216.96576893905979
200.05147699627236
183.91406346013508
159.26888011962063
138.7837275132249
125.0855712445362
120.49423810358195
120.2701534888332
130.731416308738
149.01876695577016
172.76789658901433
191.30343390950216
213.08205677174402
226.59458888505526
241.69856442279402
264.93039805588677
282.4593096429462
296.1991639686743
298.798880965741
299.07621700877644
289.78025967175734
275.1493170100526
255.48342477257535
239.66564420395724
223.24009935702372
210.52055621818056
200.3163634774992
187.9683462146666
178.12247267087264
169.6743027208369
166.90296061454615
165.33743742234157
160.62231119154401
156.59820728469137
151.86688378026093
148.67295250006092
143.35508094428
134.91544160532672
125.74115313067965
112.96105482762037
104.21486259788907
95.83162225990569
93.87679750408894
94.2123446984981
98.2760548905234
105.49693246408663
114.67639477124054
120.73541438872279
129.4550556483976
134.12498496443595
139.5934971500098
147.33086324365436
153.5405376691894
157.34869422234607
158.20313924691789
158.48064505522373
154.90024937770275
150.75420444474133
144.15812702574047
137.84338287883114
131.64017150550433
127.82065497293317
124.2687052961089
118.81770949484036
115.04374839111847
112.76423580659785
111.35081021470783
110.89420772365888
111.62514810178418
111.76934001575293
111.4953656913883
111.23602899328854
