6
9
a
286.3616380701301
285.9777481213536
285.3049109179847
285.8206495163986
285.8697897495357
285.1252255892806
285.46412563858644
284.47570109406234
279.9945960953995
273.35035784583636
262.9417708380151
256.428917096774
249.17099493878305
236.61862104696382
229.58123220592805
218.6582043427601
211.99971602471348
209.333654362508
207.1173024377789
206.78591069259744
205.11572848329715
204.75799395299126
202.94846564309185
201.29467601176657
199.17415878667242
195.08657555489702
193.0301447843802
189.7012561579649
186.5923608441522
183.74786118769754
182.26640478339147
182.33181823220067
179.2079223100748
176.5242616688217
174.4785296997834
172.02648486377436
170.70046586711533
166.75513739282536
162.53560994109515
157.89500843847915
152.7825263321727
149.69163427660573
148.6320752317737
149.3351075097556
150.163467509818
153.04140554656055
153.91920112541956
157.61356560666292
159.0746277639974
159.37799048770273
160.91081423401263
161.395330446439
161.4699197912011
162.27086623055277
162.62201004997445
161.7531344107953
164.5826340782468
165.70428645742848
168.62598501178417
168.35434502011023
171.3757287905055
171.25595529043022
172.86475408681508
173.3310492766184
174.04823657952977
175.87376239946587
176.38958709996922
178.24399495529596
180.5715823291106
182.55954581401102
186.67850319904278
189.24068179233336
192.4105755431602
195.6905322255088
198.56236210842948
201.38366147472485
202.35613606037845
206.21134311949555
206.10525795091698
208.838908975617
212.0759125797859
218.34523440078516
223.95466652655162
228.43560857477027
233.4886080224353
239.8128500416072
244.06167946743903
249.09830692370323
254.01265703140248
258.91867718988397
261.608491451415
263.92410401089666
269.2165935634247
272.78822868883645
279.44721701394604
282.08952495968094
287.884470553477
296.7019594380884
301.8435081141717
311.33408593458876
315.84321254459064
321.1895140874019
322.89472210057147
324.78361351934
327.7613315738136
330.0094149925673
333.80878706198814
337.2592460610293
340.26654167394844
347.8109265355566
354.54502940210347
362.19401363112763
365.1253177195871
366.0846900339667
366.24731356933654
366.41158245665633
367.9664025769541
368.890926555124
368.6571030020878
370.2586591859542
370.22958555221896
372.4427685383981
373.9087036492038
377.0406442301927
378.86340331834117
380.30567430500247
380.84794053021596
380.5098762020137
379.9684986417611
377.88875963237285
376.5476109081241
375.79866288971783
373.3507845827977
372.1974846222231
372.29973615532197
369.1711959116861
367.23117579078735
367.14687861313115
366.6247668279067
366.27396677619544
368.31640540780205
370.64440512367617
374.85589806524985
378.53969743057695
380.6648501299648
384.7507312478635
386.5440101178064
389.6700025027908
393.929535013521
395.83005473823005
396.00728649291864
395.77449182534065
395.7347955192457
395.06001011495357
394.3341167410174
393.2421712875112
392.4494461431549
392.0691162995275
391.4811504755434
392.3289769664655
393.61086800511873
392.79958554717496
393.1896498660118
391.81293042474465
392.57690545106846
391.32654222996894
390.65467558508493
390.15140502504727
388.157788337692
388.01215228931903
387.57266821736096
386.48728955263823
386.6238681198312
384.7117139849723
385.82059581844726
384.59812974235797
383.4522942894348
382.23567129776563
380.53821324577893
378.63356141995075
377.1803248197834
375.42648249367966
374.1916910100935
371.20028426099077
369.87555125900946
368.0281199710849
369.1158383612752
367.60516927980024
368.2003518431174
367.44083824668775
366.4284268797095
366.9834587779256
365.4516819401428
364.51172818541824
365.2559089211116
363.76278861478085
363.02893197684244
362.17152068880785
362.0604076835084
361.85382742660215
361.3870005311358
360.9330884812985
359.83151568000335
360.369822819539
359.6873637917464
358.9598793317849
357.55507646003207
355.81347669341477
354.6237505014861
354.123655038274
353.1203035795397
353.23657861512584
354.40371247795446
354.3195388304218
356.6223008267241
357.69033414720343
360.0474971338524
360.9115764620208
360.57964203226913
361.92918615523104
362.68970518966023
363.4969569050986
364.7483094376478
363.8407658978131
363.8156176910017
363.6427004660622
362.6970150805937
363.262941801182
362.36644729335416
361.9239090787832
362.43739383397616
361.2885890291623
360.8722063269825
360.9561941593269
360.21946978741863
359.89342974933675
362.0477430228207
365.49243589639445
369.40667670095604
373.8909125316376
377.0100059224748
383.19695763500613
387.09165563252054
393.1626774069463
394.32268853825457
395.69548501423986
394.65881000586666
395.5623449824052
394.95649950568793
395.926558056094
395.58643693096707
394.99328380307657
396.64835772973424
396.3249305489989
398.42230749494803
399.57432391058524
401.27238735902165
401.8839287161666
401.9150819304691
402.34157948424524
400.3765217043297
398.3325804399154
396.4623386435495
394.4702737540414
391.9185785273075
391.66370665381993
390.28179363378797
390.5200578651693
387.8020051670698
387.4733691503117
386.1872488331752
384.8785546067375
381.4412542796928
379.06491485359976
371.7844277545058
368.18385145118935
361.957713778088
356.83761978256086
351.0800323489734
344.4925569416702
339.2241227863351
335.3046006819055
335.3831599887606
334.18377498450184
334.51168892220676
334.41093923604075
335.0345297866265
334.30174208078796
