6
11
a
151.10944887238648
150.76022062457506
151.3116695168217
150.1400137476926
151.78178712261845
150.01517040248288
151.16776627217314
150.34744670060982
146.0493466690031
138.80696029394463
130.4074828332657
123.41397679611511
115.80468983468677
107.03079883385448
100.02010051581166
88.12391395449727
79.66904696489163
71.88395855571198
71.27267833302777
69.82593358358172
72.75776461272865
76.17011780840545
80.7179259323028
83.85465662919084
88.36661484934962
88.29627725254181
91.5548574170069
91.55463049341188
94.26082550131471
94.1892958552079
94.20010958861909
94.11945727632899
94.52491535544354
95.85805644127291
95.55303983392623
96.22687738016478
95.3005359791254
96.33122623177414
97.61807527595182
98.4268439601574
98.81190706201524
98.62893705868922
99.36624150274993
98.74550441572912
98.85922748702575
99.98004585208824
98.43642476429713
98.85767513796115
97.9586514098039
97.58024800105355
98.62510982151719
98.02840100916217
98.11694958950783
98.05631817635083
98.88264573719063
98.61158475473705
96.7085367197852
97.52314474328435
97.98287406011646
98.3549555171644
97.27701220643527
97.8025355127108
97.59964334375752
97.09656372842812
96.3535335174006
96.11181957804504
95.05551883239794
94.88518476986569
96.8710123378062
100.4295790225699
104.1011557930659
107.0534784840435
110.63832471414285
115.42008429429633
119.47454282163373
123.05111088016544
124.62058332074918
124.16499683055291
124.48904550454196
123.81624321180124
124.27580316004664
124.98744348009723
125.39012801715029
126.07873362529676
125.8445575236885
125.86466328855144
125.33450234297429
124.24687271640879
125.03363346556182
125.25787010962343
125.53317474764872
126.09222966849929
127.42455739668844
129.45423069184613
137.28253322101307
145.38748326989028
157.25229619980536
165.05892599282276
171.36524428086105
181.50239232335957
189.6999896654064
195.07115820467584
196.73650849246758
195.75365799599743
195.23459528740037
192.73101695193088
190.86649692647038
189.36055482256756
186.12253247227616
185.4752635751505
186.61803722710366
187.33136865592016
187.12576006503022
188.04196049729498
188.25049545863683
188.09707723328836
186.61553787762927
184.6342054913879
181.56646418424202
179.095204157653
176.09058345501876
173.05724801550255
172.10086314529784
168.28210887632406
165.48985714968913
163.1120072339883
163.9690421779817
163.1949348551332
163.30584901889955
164.24128921882038
164.8567956101877
165.26263627933227
166.59713674485644
166.15053757555523
166.1336302246485
164.2632886565218
164.24428669605126
163.7567635479743
163.93000396908073
163.74356335545875
166.85707866485404
169.54084478426466
175.01647883387054
176.72446309758894
182.03562363514177
184.77800383114842
189.2820829408012
194.42549904935143
200.20969281439818
202.77662264157175
204.03827030551764
204.3291005079708
201.283238605042
197.66668165832743
192.51496028314892
188.43192512699844
183.6879451212355
180.4003229362083
176.33571450042595
171.79577607586333
168.63006824987662
164.30770700479349
165.25266836854723
164.65449186808084
167.35289750583073
171.32937936702595
176.99044061193035
182.00150828907647
186.28889215754748
189.06443036460027
192.02275918916519
194.77028060165927
198.5238487657745
201.3013364994165
202.35398467003625
203.30858890793556
207.46861423716953
208.6490334944208
212.61779053236958
214.74857278793115
218.51740755944124
222.3049467705834
226.3322499839719
232.88896028851534
237.617477968891
241.79830205902184
242.07545344571375
242.60665302279645
240.79223398985536
238.77937515529467
234.88751613657342
233.40987954817035
230.8246874955956
228.74888061039331
226.62169027446723
224.5075093248407
222.49753808568673
222.34204411049527
221.7271091533707
221.03801927699152
223.4922619871612
226.11287087548268
230.67828780468267
234.05028833430296
237.57964873015715
240.94244024406134
243.78497746788773
249.03128620919057
251.22956935417454
254.2950782031063
255.10267233053753
254.51921194066693
254.12575884829397
253.0825523706315
250.46882797011165
248.6907269423083
247.55249234287757
247.33731589236115
246.69266582141245
246.62577548030998
247.2911401053235
245.58403736728846
246.73506576902025
246.08155550473754
243.89867963635595
242.825006771539
237.7479896018221
235.0670742143138
229.95980417627686
225.75830220466426
221.53839364839158
216.03557601411075
214.83857581592798
212.6886819019812
213.40224667036082
213.02313095492298
211.9848845196549
211.4117198240957
210.56562196511734
211.3747583536976
210.8856471189616
209.8613531053926
209.35399251483125
208.03326401929547
206.78580902920189
205.61923204772637
205.26422418189088
204.4917424741606
204.16300964314178
204.3364883212072
202.8855295938801
201.89371715463903
200.97134639433
198.88528621456115
198.57658116022446
196.9209037373463
195.78132557497716
194.77241739645712
194.052548117767
194.27096799087408
194.77193280930635
194.39742738812004
195.10924107392958
195.3715504313115
196.62741455155614
196.04156096702388
197.2996772556026
196.6954389799999
198.3357241893212
198.781655272652
199.14450155936544
199.2580745550565
196.2325184574729
193.0282407631942
189.07481290107793
185.62261645332114
181.1122768422139
177.7255197637567
172.81875472576326
169.44733823551877
165.90281897695772
163.85105441582866
162.59466193826893
163.80047625988936
162.67533925880943
163.05088569435668
162.93677704634217
164.02534364754845
