11
5
c
42.17796880087624
40.86483908223117
41.77603917764374
42.24136672584905
41.78007155741694
41.222196604013085
41.56551063786949
41.47822607459122
41.355893013657635
40.58165579945894
40.34151262636735
39.40548447706798
39.39691841268003
38.0909882273347
37.57630718772981
36.903126030605335
36.575001702052205
35.84552762693721
35.11221977680313
35.57397598275491
36.13376037229966
37.28806074201314
38.024252222395795
38.64848207564585
38.98213891086964
40.26248224648754
40.704226635874214
41.94882149275742
43.27538665932299
44.621611763508945
44.37976745180526
44.25578654365186
42.445912107301915
39.06878416742889
36.81003256015072
34.36159526939053
30.022604522553838
27.403663475975094
25.251006917417232
18.81198743932576
17.02879151455109
13.87045626356162
13.03573758160255
12.780923275892954
14.399997908150674
16.352637367460567
19.27428774493562
21.360113076498692
22.404669591729647
23.507420526056958
23.74577249371661
23.36947757812375
24.4000705278898
25.208104165306576
25.108801033078194
26.82214436365869
28.013536406233396
31.923521667795818
40.24702168275515
48.32308052280322
55.25746390249058
63.46233800834328
68.21091157118785
79.13946249358322
86.17871294760806
92.10791549767484
92.51803932298218
92.81854874198685
91.38966969281958
89.57662533974512
86.25548666498275
84.31362011562281
83.60901127281352
83.0157834318324
82.12654851965463
81.89580498706773
81.06987988011478
79.63291770777799
80.02161406655001
80.0658357786256
81.60016276520274
85.61111432725109
91.18860613176452
95.73364518005029
101.68003218925091
105.54856778179473
110.51066807671278
112.7619159530939
117.72183506032854
121.26607078024958
122.0419892176516
124.23299443624002
125.5541266717662
127.61210190098275
130.50401277255497
133.1590201108681
135.45108133249732
139.7838897759143
144.56640741979783
151.2366633955361
157.21663387419974
160.55139827068857
161.47052508048438
162.15869904194687
158.03407008111176
151.57064094038333
141.91871453234273
135.6877937953566
129.08736448397784
122.22576175883748
116.10403040054
107.71000529850659
101.3076388866266
95.68850591823407
93.28575634453907
93.90694892751262
97.44729619967717
103.99687388555407
113.06174304257974
119.13204100049202
126.91071565193704
131.16252904304267
136.15810368460734
143.6064670188803
150.28990978481607
154.95738932276404
154.3424873615528
154.8860684699992
152.95453184614095
151.47333084024143
149.95855942726203
148.91911011511922
147.56584735614004
147.02770732714097
147.10503547304384
147.8550984368862
147.91956498666696
147.63497972775676
147.37102573962386
147.87799762510315
147.17930352727925
146.73626339615893
144.66674836859764
143.70975584881566
142.58087784312812
141.6468407349374
138.76095903714557
135.76786901359847
133.77219651064158
131.60896130105044
130.89923606377616
131.42221253174742
135.21688667628743
141.21994816533103
150.491319636568
157.71175569424682
165.32873255915376
172.79688708206814
179.95938717310102
192.04301211622126
200.0104217123573
206.77231559861715
208.70592857223474
208.75225421751514
202.98801421913
194.87182653015543
183.68460406551512
173.9899338880198
162.99522788682722
154.8396256168459
148.51110445683568
137.02639441465143
129.24070831089506
122.11512800748952
120.69727581532551
121.89089575403949
123.70738682753971
128.52082751436026
133.09240615080563
136.72244588235813
141.80081670407463
142.0607015447887
143.3408810506193
146.4592690987142
149.17249663135215
150.1828789107385
150.3915267386497
150.9908915059642
149.0618873149771
147.19166466196316
145.53965036371332
142.86469756578884
140.12558443471553
138.2521443888315
134.26677763988937
130.1095826931885
125.81363736641
121.6557273097485
120.23920871033683
120.88846750692689
128.6423241969196
140.2821292429733
158.16393624689405
170.05645068779418
184.0090952426956
197.60502396284278
210.53367047108046
231.06823127085931
247.38039361054518
259.7967669375949
262.51593148032015
263.78089618942136
252.8772007791145
238.11461500195867
216.0219325158794
200.54740136551268
181.8603633236021
167.67056700221906
154.27065520188071
133.37687747451818
116.52794096706494
104.18593496064938
100.5843906959053
99.82219913045863
110.29931162440968
124.9994226192111
144.90196191930272
159.39928729352638
176.52239697660622
189.83736696554075
202.24457991094675
220.6564872872437
236.1237911633412
247.28779652087795
249.52093617880732
250.00421995630637
242.10571570177618
230.75323365740005
212.70979071945158
200.8141325125208
186.27883910461452
175.41783570133813
167.29128988124748
157.00175171890493
148.9670081762796
142.38205777865116
139.81857178962954
137.57774459764397
134.33624968656758
130.3615906836774
126.04094714435107
123.72607393853013
119.06088632009501
112.56152272776538
104.85820676399024
93.91753543862447
86.52566831695883
81.02410556862631
78.75137750108337
78.9668896729926
81.99596576061175
87.92933446215113
95.94609294049067
101.28378585609792
107.61162575854958
112.37722267677596
116.5063063201758
123.5548401668392
128.35792173955997
131.44395723065162
132.46918637171586
131.16204503994663
129.6417195187001
125.59345783355832
119.73029296973334
114.93286076553514
110.61586342353468
106.90966072905454
103.18161461530461
99.0011628608323
96.573481581887
93.6559678822429
93.98443918728344
93.36027336761303
92.8516308039322
93.27366716805231
93.32493648837958
92.8506304025528
