4
10
c
6.250662761349813
5.680842512100309
5.657186656631844
5.67470216543157
6.25924317073371
5.305817205939246
5.572144762494363
5.953520024834059
5.360810986426403
4.5450675634434115
4.518230069716985
3.692797882937207
2.250076602603328
2.498049112951596
0.7313144407027847
0.12916138444761566
0.5301060821734364
0.0
0.0
0.06259553026690126
0.0
0.44658852408222816
3.9530566925202537
5.144140805886393
8.638864684454305
10.561739460852811
12.158321179707368
15.02189162865974
16.973965402899026
19.571849525889586
21.159932993460025
19.777501402524926
18.19912743077025
16.866417891991297
12.482686189013135
10.665828082513963
7.2500413801003285
5.22653581577751
3.807582743549996
1.2664132409123772
0.0
0.04508061047633697
0.548724303872482
0.6016415994397044
0.1673544526429073
0.15860985780929157
0.0
0.0
1.1030895338942126
1.2136267137899066
1.4804189620602808
1.2497930979133778
1.7959787179344757
1.292186810416693
2.2484288204948495
2.1469713488209647
2.9835368292857085
4.676605318030343
6.543590769991562
8.234989585947819
9.668727632440467
12.124881349167758
12.146883592485397
13.876689271563913
13.76491171853602
15.614729275161698
16.82639780681879
17.96731255690131
22.11149068303807
24.94426608992144
31.141396302135508
36.52977315461146
40.38634526915734
47.58099430000253
53.8023837176122
63.64090949848562
70.95077882182757
76.4699454872144
78.24246946068887
78.08302116221638
73.93297992451528
66.76068457105801
56.45619919004531
49.53996945296968
39.821000340705666
33.927379356719776
27.547901278739243
19.689273311357784
12.387288348666468
7.247976246444912
5.838249143994146
5.621856209239586
6.961673304906767
10.844385807613
15.392272492662816
18.247579679867137
22.697120942008453
23.47885121469425
26.100774335396515
27.759125323619326
28.911825429347576
30.216370621324646
30.673086244676252
30.51076919632616
30.09175466382618
30.94215909540723
29.465600153387268
28.984601425728666
28.778973913899186
27.571771912888256
26.41460995207422
25.551713877824593
23.454512960633036
22.06123088862243
21.0946756319126
20.33153486137135
25.732592931993665
35.18909857013796
47.427607559645246
56.95478013891934
67.70198214160371
79.85696756828223
90.91720564024597
104.27594472105353
110.33181595198697
113.33234744642988
113.80690209240522
115.19884535041139
116.75947727935059
118.11196136923539
117.74508439178854
120.29954868622146
121.01666207201099
125.01438151475148
128.39295565949735
135.4543289580527
139.87802088513942
143.28501867950067
144.8836627934047
144.58142646154394
140.83167023016605
134.02247938022776
126.75008491951968
120.09952319695094
111.40192712004384
104.85805060319419
99.68033842358015
91.85680636935692
86.20862419709846
85.15771449709193
83.60199574726276
83.77250519086533
81.75381065258757
80.64427307216006
79.37003869981558
78.6318860838652
77.15737108225208
73.53819324902781
71.56750105073255
68.14961727537265
65.2548090866572
64.96501114984113
64.0668317079043
61.623461135455024
60.93360028189214
60.50484622923118
59.562665630720446
57.86060938283421
56.72188331876811
55.84284401192175
53.71668463297567
49.12815547699659
45.49889548099175
43.53456274202794
42.65159138345961
43.61869457212983
45.464296543162405
51.1196728812071
58.52701753258537
62.80071981935138
68.16598788470928
73.88820664995045
79.94759201689907
88.64599819090093
94.76865011240749
100.10690105226833
101.33197071286686
101.66002975204755
95.93210144330334
87.61159558429851
76.982556952995
67.05911249049268
57.4980998632267
49.24660271898337
41.13288398732408
28.98676844427556
19.96175843309176
14.126554698000492
11.169882780772738
11.967118381243827
14.806551620814897
20.79515241400755
29.10093543313582
34.0160354135255
41.01761206607419
43.99957100046109
47.81535915764898
54.228589956287955
57.21932033285546
61.27673668425161
62.17217304559678
62.97640463247047
59.07249675469989
56.58916760666186
50.502970687383886
46.732618208435746
42.781442158358644
39.919344274180865
34.87118873927132
29.58964301394906
23.652158186817648
20.963100026953352
19.484505080759046
19.7469152148636
25.273479788827373
35.141269586240604
48.80891114772908
58.48420869182003
69.99226916056986
80.34903678186203
90.06886733623813
104.52458279671008
115.10170698250798
122.70073607316026
124.90604819416342
125.78364950278447
123.11252068765076
117.03031461766427
109.13217197939049
102.74135257792052
96.09343024880732
93.82252070858411
92.43027864239686
90.51013832845209
88.91305387705947
86.41155288755922
85.81670989324803
83.19603629187696
78.3544735030758
72.42818626794504
62.82053313842013
56.64173313228977
48.58300338485456
39.2707503951706
30.958898882954934
19.007460517882667
8.907255702448367
2.3371962425347315
0.8447790825716173
1.602621255604297
3.2862990298436987
4.674583177396406
7.957480950191451
10.342809094027995
12.231402320410728
12.208626678811054
14.297637919078207
12.882523269499728
12.620149551940434
13.598660315751824
12.158843146371762
13.041356486993218
12.99931330740944
12.565429375652567
13.535434285908462
14.377907900348239
14.491577698849367
15.120469113929085
15.421612160866099
15.53525355971079
15.637185703342588
15.85432280464881
16.339728488123566
16.609933495010754
16.539880100489476
15.142589797908133
15.311635823187087
15.558149346193362
