6
2
b
55.17664061396751
55.04937282135739
54.87136970351184
54.86910513436392
54.06267441064367
54.94748058390096
54.86919717063512
54.61707499243173
51.55999705210995
48.381197851392876
43.58378756741597
40.9986226068259
36.845332595024686
29.747769306171914
25.923341310838175
18.934163817584743
18.920249449500936
17.42497801230385
18.42442349903952
18.625062185774024
17.48744364310664
18.057322231014513
18.294333671121226
17.064956324220486
17.72684753630533
16.10623393126177
15.94032161755519
14.160061761523743
13.363137520921072
12.310090959113996
11.958021870563405
12.99401702341374
12.593628643428216
13.688027340436273
14.192774257243116
14.903291643607984
15.31819954450129
16.20383695932507
16.229577197253814
15.743446773232376
17.39270119063979
17.28242790676853
17.603928963350178
17.314300115152136
18.08506605711005
18.801376610916854
20.46061184207519
21.942406033750085
23.033360699451137
23.985318473578513
24.725154221482963
25.00971011167872
25.350229972760616
26.48215421240167
27.607671664183485
28.658137413328724
29.76511417800766
31.612973220871712
35.8282110247428
38.712053615938785
41.63603632537901
46.25804691851896
49.816440405287075
54.98156778143259
57.10918896895392
58.14208548017744
59.0746734856918
58.837496142046604
60.2099805045959
60.62857009258559
61.348033500927215
60.502857047637534
60.09919538339834
62.944218025900575
62.19449608174084
64.12016703495705
63.740769475700944
65.23334291345715
66.35827841761629
66.2388465759841
69.23881657027326
71.17852545263138
74.70857837284868
76.79891469574346
79.98903542132409
85.87493775381567
91.36480126974267
97.14025492889218
97.00938829230758
96.99115646472107
96.87444790658212
95.0839502718104
97.02517458272818
96.55737069764805
96.1592477972155
96.181171792099
96.50121476682774
95.76727021997824
97.3404305138141
96.41311271349238
96.52768364799248
97.2671896286286
97.32725197041125
98.14682217434297
98.50306983131428
100.15435971175383
101.23704046405966
102.44026025888057
104.74330086064991
106.36659136886512
107.66214195015561
110.46873760395785
113.02832905419471
114.72095274360827
115.20090320842478
114.95698666351768
113.42381405453095
112.80984342015194
113.04170248380163
111.26139915962949
109.80787229343787
110.87265302119192
110.01018166012314
109.15564837188691
108.59549180983728
108.44628655403774
109.16376656376882
108.1563613311114
107.83360340322179
106.8571026703469
107.22831629281933
105.99391200985848
104.09354902555373
104.80293717111425
103.3428527602714
101.66248234870393
99.36257600799014
98.38128262432502
97.85829619169817
98.34687813737342
99.45860409040189
101.95557819550592
105.86096673344181
108.09231791608214
109.82372551005747
111.79907652102958
112.64041421647241
114.99797285889896
115.43866161280123
117.98111732693
118.72186360983196
119.78561688577321
122.09905456567301
125.82179989560268
129.06524432148947
130.92106521481054
134.69090301307247
139.3033172442326
143.0227552960064
147.70211168160503
153.34707942069087
155.70881719433822
155.63134750698086
155.91641693637362
155.85933438902993
154.6848619571242
151.58583978455525
149.61276651083813
150.0994093228246
147.62549012148327
147.78004393168646
147.43467938891735
146.83323811884193
146.68565496701106
146.33219242355406
146.62656359081328
146.50584641567994
145.93864391748238
148.11360442257623
148.14465406895772
148.7501185531023
149.92749173224067
150.04769448157094
151.00081699102446
150.926679281068
151.07294618734846
151.76139540119524
152.25938048212683
151.281017830022
150.48542887729437
149.4405007480622
149.87894278685428
148.8891682964376
147.17221780003868
147.61154001559171
145.8590879399521
145.0934636048225
143.43377350797948
143.2766720808147
143.90300373588028
144.8167638846345
148.91411106328238
153.81889164191216
156.51775721259003
161.5429415286844
164.9627332815655
168.95268076074245
175.72579227392438
181.04108730295104
184.20141823668942
186.42910559467254
186.9240139646543
181.06898102924674
172.9265607435897
160.52290663296026
153.99259135715985
143.81937076859376
126.41918359995307
114.63550580901864
104.02192363085756
106.77135611032453
108.16658810451555
109.36547312067565
109.69120657822944
108.98137073868307
109.59258579418864
108.45591852815126
109.07290900496086
109.92051884826202
110.14194508283
109.83166901350802
109.9826774383303
109.48860425466523
108.55290159849508
108.85415095078825
108.52539823600706
107.78404669947082
106.89897377814155
104.31610443782664
103.97321402579091
101.80109281024329
99.34802956825041
97.51652591895534
94.09238301095657
93.57403593434687
92.35443560275472
93.05751251448847
93.41497868065933
93.03954946035542
92.94977106802192
92.74446877466518
93.47494393039419
92.04953504032004
92.59735064179965
92.05772874622868
93.07753228425017
90.8139373374272
91.03431356173293
92.01527323451977
90.52461228000016
90.63446400119119
89.0543319884582
87.45917069895367
85.7265841598259
83.31563047307357
81.86463786020781
81.08065149871425
79.08545580323687
77.68973972380802
76.8759586235472
75.32998856111718
74.79127531532565
74.26147780430455
73.80515557349474
72.25179732168849
71.41013317383563
70.61673747594178
68.60251000015644
66.69468672562412
63.817647767272106
62.825687135302495
62.42103835877571
60.850962736010295
60.56974658249149
61.03042859917621
60.78305126049338
60.69115045530392
61.12805368043682
