10
2
c
113.1501076948407
113.05801700650268
112.96679645640721
112.6445351679605
112.7929966191447
113.80402992037698
113.45481155190085
112.35866383772581
106.25002150422412
99.23505669922518
85.81497942613369
78.33381223012387
69.73205800381267
58.17426255861932
49.92799853702321
34.30949852132728
23.91274512924739
15.784507411933541
15.370752529272789
16.298796405908284
16.60025847720929
19.33888545741272
22.697963612067028
26.041907300835906
29.641948266252214
29.568181105787932
28.901382255488816
27.81330976634355
27.75125916795186
26.229728309600215
26.599288331293987
26.53536282735154
29.39874536349989
30.410566550419173
34.04202815275692
37.08411545102685
39.367427112761774
42.4073416208493
45.477692315173556
48.98409680918043
52.02030311333517
53.91721765448465
55.33672064613209
54.145131393119605
53.16391041986913
52.85296939654645
50.33182774686348
48.29968996730044
46.345108938880955
45.048534780377935
43.29803596646306
38.927695993678846
35.695792727502415
33.232866474599156
31.769622554137054
31.416138939263014
40.07226681143122
50.46253488853714
68.31475804317368
79.10483456910849
94.03540647581214
112.50633029565563
129.38371233358774
148.85997650658774
150.44821133107703
152.2229118077832
151.9890106904502
152.7389213410795
153.22168439667342
154.29345188604046
153.91700953886107
154.44882231118967
154.81699563998524
157.41141120982311
158.38736747272966
160.46423893897673
161.43695735213728
163.27460840313583
165.55296202943308
166.4082745546129
169.52210504987005
174.09307711186534
180.30568582862995
185.22755278370215
192.48460223004471
196.75201913552598
202.5224723811997
211.89572509788533
219.88933561580444
224.4342986529857
223.75690086536406
224.76878554596124
223.8709848920432
221.7651217345194
220.33279087746476
218.21627419436757
216.37113149517927
215.6102344596174
215.46343264236776
214.98300877891114
214.5928201564258
212.85522527276913
213.12869044707986
212.40104387733402
214.9235625403534
218.9933725948847
222.92149974231444
226.42301162306774
230.11723911734407
234.17213665375417
238.62788153392887
243.93176579005873
248.4728192289438
250.76222198780815
252.53090047847473
252.41967151899507
250.41360253864846
244.97315883834415
240.27525765012666
236.19589978034782
230.2220611953121
226.53842274845223
222.8087511648822
216.1707510784779
211.24852870498262
207.63216120476386
206.39378325470094
205.92118644289852
211.3145337394596
216.75685415194192
224.67842791235492
230.62287871913696
237.24514753408823
245.76702906494484
253.3658879940225
262.35480513949796
262.6298767563689
262.895357850154
262.94286954765255
262.4908588430416
263.1041345559307
262.5648538127389
263.260963213989
262.5210304696142
261.8454769913375
262.8283757896662
263.246989978598
262.2126654153101
263.74744186131113
263.9600295841122
264.4995422683237
265.49545541439926
267.68630571200197
269.67873302237723
277.8447263281528
282.9425690207592
291.3321121684272
299.2011747543857
305.50816283892516
313.5364031256669
319.3591803186222
319.89853770867046
321.7447585347733
322.1342525415034
323.9599720918756
325.1622456496181
325.56080952820895
326.9089559035732
328.27396546825946
329.51497511683755
331.654181640119
332.1750402067683
335.89511790819665
336.9818578808613
338.67749824653833
339.459720673639
342.84218295236974
345.9682131047256
351.03567896847704
355.180116569029
359.94662134736274
366.412297379921
370.9570039528365
378.69402130070665
384.0657710719497
389.33615694934855
389.7280082409883
390.3280213068219
387.6172051296643
385.76358003748356
382.9848771400328
380.4239613952047
378.04754751545187
377.6511954546367
376.6411746178814
374.8328963482204
373.650616729554
372.9705736750975
373.55967386464
371.8805790643534
373.2021114814239
373.0446833517653
374.63793151702475
373.7225741776824
374.58427467108174
374.6255753238895
374.77020459789776
376.09343834982377
376.33082945697777
377.18625116872107
377.935616009602
376.83653047741564
374.5993103543119
371.85449812196913
367.76528320140307
364.5484627437847
360.0137489280632
358.4424759669053
355.9770835898002
355.1930700853486
352.8589244810724
350.0553319748038
349.1526041671457
346.0740478009628
339.93711003542654
332.74162408934205
318.34330813805394
307.60355235637576
295.01500363667094
278.2629221149335
263.05094620337593
244.44915229558683
239.60193921802872
237.20418254327936
235.46471896448352
234.88078592238523
233.40619366912009
233.22149079084602
230.9801337821827
231.40238235746554
230.01693075650653
226.32586376602703
223.1603688918214
218.48197035878857
212.73746088509134
210.04018656202885
209.6127903805763
209.18640924144444
211.75362600833617
214.04843388246923
217.48888977421302
219.69315225153326
223.2836419872385
225.4246303370866
227.07607869066737
230.94447719750826
233.0532174498778
234.5900922612386
235.39566634502427
236.2324907543257
234.81595045295006
229.34407618017707
223.53530922718468
219.96806069341494
216.0016663860643
212.44542421075238
208.18627006095608
203.78625825468984
200.23987598928656
199.18295382244446
199.46225336061224
198.33323366374108
197.36735388544642
196.7814684275223
195.29593941435445
195.39186008753802
194.36080692830976
192.00259370664753
191.67195915806028
189.12075300618721
187.59789097827334
185.73748532160158
185.53047421056945
185.50347101681808
186.76639925427918
185.86411849633757
186.276264298079
186.2100528423188
