6
9
d
9.987860585024565
9.697574673994756
8.000248687916883
9.919446529009225
8.800833835653485
9.492900123016202
10.006314957330362
9.826052526876936
9.30839540849871
7.510065089310944
7.322620225484864
6.014977637893803
4.704748485110676
2.634665609507099
2.039522101545993
0.16018455419588706
0.0
0.4032199493660612
0.0
0.46345601659441593
0.0
1.847506432376408
7.3470336086464245
10.155258342145718
13.918762879494825
17.008054071414204
20.892981390372658
26.375079272328133
29.014005057918688
32.227867983502485
33.68382570630279
33.80399429407927
31.08754608913469
26.763552409075345
22.682455124181708
19.00876825511695
12.318578432457773
8.239174109367626
6.9510582850704985
1.9958357148071388
0.0
0.0
0.5409954726571187
0.4782018911771944
0.45386478906841915
0.0
0.16102512699758917
0.40372379361741784
1.680148099478662
2.2970516246943946
3.52508711417753
2.380409611093996
2.55975457633077
3.000189810438947
3.4234955686552264
3.7137539648455897
4.25550307505825
6.637493146161515
10.626712381902998
13.47710268037992
18.045574503435127
20.72633662629171
21.71608848031045
22.65427695667989
24.753235989015522
27.82423334601709
28.83804295359981
30.26339852093672
36.3233474128648
41.955302005926654
53.49326917589551
61.187187070525056
71.72359784393772
81.53863269792294
92.84405446567769
109.52275240220078
121.44027192959834
131.17022982154404
134.15790116641443
133.76237805645897
126.41451877736345
113.38658042026834
94.55534767843855
83.26477535337233
68.71827615755927
57.88136430514195
48.17864251393551
32.66299129056116
21.08572224976339
11.477568309635613
9.73290127544952
8.90034396743339
12.855800061523436
19.014791643487392
26.178503987757807
32.42148040776245
37.54622302362295
40.659157194526095
43.16365057637792
47.62757679613099
49.810315227110266
52.67963679354703
52.99931014788682
53.29851321318988
52.09930966796163
51.400061184467994
50.596811272312195
49.24280268958283
49.19854649908156
47.77074317641783
46.7086747059155
42.59316682479332
39.47668030198555
37.31954321702156
36.22706952019459
35.89130449660819
45.807923462828384
60.372311317624444
82.08607103880985
97.17737216024504
115.44957314069285
137.9568296877525
154.66108745839318
177.40153154334894
188.266325505115
193.7238927089779
194.87358611844593
196.91178342317644
200.49160939594847
201.75126850737536
203.2370722816867
205.27693187885217
207.67449398944206
213.36841631604423
219.88295185789602
231.0729346633919
239.63727161941932
245.88340739347626
248.0421917368786
247.8842826473728
240.62812937249785
230.53314969271923
215.27418177396729
203.6785381377834
191.2969363369339
179.61455532812067
171.56570590547776
157.96011677306845
150.4529354334564
145.57564556969945
143.2313087070723
142.56384402636317
139.2251961940993
137.27210666868984
136.76086264307108
134.8767305821499
132.03714161454042
126.37959309776114
120.88542274978818
115.76681504718456
111.28283556325589
108.72559964588385
106.72001659537335
106.14304865280027
105.28215990839705
103.34152831920662
100.97401170015652
100.1915617997876
98.22582398797168
94.2196836188468
89.64041070187733
84.28825127057173
78.59763423249184
74.78272489833697
72.64289892136394
72.65055893205701
78.65626869801598
87.20343532326658
99.0389866011643
107.63952633676084
117.2014328087022
126.19793109685948
136.0819820265222
151.30073412345854
161.23466252718177
171.91612072281282
173.79386876655735
173.80733528301766
164.36244892440703
150.155133085774
129.73896264535995
114.87950472140523
97.88679505556405
84.05238514928195
71.35322058316974
50.87282853518729
34.91212479587016
23.984695731542136
21.106902961757307
21.139900122094357
27.230629345423
35.924733663210944
49.026907121118626
58.249841571362204
69.83295931291859
75.22815418872806
81.48353795135053
91.3002071068743
98.58712944710781
103.59789227089391
105.37172381961392
105.71472462567962
102.60264278642474
96.62569951971443
87.90700415003926
81.56215371979508
74.00053462266268
67.43737951170183
59.843836920403284
50.45089443422499
41.68510145037218
34.88017503792869
33.161425242279066
33.06789548540159
44.56866428209677
60.44201968573285
85.04771424264298
99.59194805569021
120.51578650953121
136.7576353612243
153.04937683735224
179.55540438777757
196.99431397819433
211.8858418911694
213.92355316323133
214.92186573592363
208.14693548151135
199.30969060903703
185.52082483911002
175.92245926151426
163.89092518364242
160.9320074158965
157.96120650584263
154.9018466410265
151.34087093554592
148.34530367442602
145.41387808244355
142.05331039060246
133.6283387050898
124.16126704054552
108.11468267039508
97.6504897154521
82.43132604525147
67.12321974706985
53.17840604003524
31.88710045609343
15.597762748050902
2.9159119850554434
1.0822429424394007
1.1419307041771949
3.4410437468480346
7.3997928405484075
12.768385576138808
17.524744532905473
22.086956604636903
22.8981075511816
22.29856455919668
21.212623223534578
22.944161353265574
22.474197217694233
22.43895012880203
21.748203922041036
22.16784198051778
21.99112369368841
23.254056053952592
23.677488114624882
24.602176915477997
25.253448584204474
25.732021984545607
26.49149050397478
27.317411006636696
26.934112351334512
27.781647173445382
27.642834720203435
27.81101707257208
27.140744935234437
27.358680995700908
27.495830096398684
