4
2
c
11.94688001655271
11.506685330611463
10.182253497760083
10.772358055348707
11.507035418203362
11.188400952434042
12.200380708616631
11.138580311165386
11.410892909599884
9.449213254075685
8.896095019785902
7.913034326523323
5.777401945623172
4.113875911699635
2.7478135330718976
0.33500851595692327
0.07409968010076709
0.0
0.0
0.23252053767616684
0.016694803031750815
3.666353484552097
8.21222479159281
12.906833915753735
16.585260501372392
21.579581515815917
26.579673772617397
31.42228922100775
37.77969531436438
40.61782929237528
41.694246283118005
41.47880081015587
38.62268770185891
33.830559928653166
28.120421798061113
23.619920695887174
15.733707310731363
11.008797242332962
7.049069560633918
2.6233522084589707
0.0
0.0
0.0
0.7276052688094781
0.0
0.10894407066680413
0.6237390293540764
0.583555410483538
2.0256842621713376
2.9246537859628403
2.508765074716867
2.923543488021393
2.8302822189606758
3.7217695287109254
4.33226965135733
4.84339010276835
6.608786411019577
8.139950726080512
13.155191427538787
16.716947681879677
21.42851702635978
24.929893598729997
26.385757928131667
28.301272537216516
30.93965599105774
33.551555912703066
35.56254880845408
38.09234255111823
45.05119765673738
52.80621110424006
66.59123571831698
73.61292253334122
87.74703988717889
101.21419986501445
114.14037177089158
133.77645773647808
149.70228651851727
162.2612676572644
164.56013299349996
165.45699711473506
154.60254727110166
140.04891087777807
120.01817633816324
103.07574218977723
85.10354077444516
72.4542462302266
58.79370901610632
39.42398031363667
25.040743296681228
13.245187325102354
11.109206475218487
10.698526789889304
15.961208559010707
22.32621266440294
31.039465636128046
38.2570156060871
47.4335429502796
50.12860331736815
52.13378786640645
57.98643973417463
62.11100161834114
66.07516818779632
64.55008218074911
65.41141788925702
64.45575795959768
64.01961155097193
63.45049062063036
61.03561967239147
60.919131640169105
60.2280209314286
56.68678589280289
52.942866965111
48.989059022187995
45.812015714355844
44.477582453161354
44.259328700814535
58.209742653009755
74.8274759067942
101.63649488793371
120.8987540837202
142.6077270085864
170.78904744304998
191.18978883759718
219.19228376176568
232.7272531791205
239.43834897263602
241.26966878201233
243.52974727924214
246.90484422020083
249.76121799807908
249.84047946056324
252.86519886818536
255.8855150530935
264.9018773591347
272.68706918620603
285.99710693371867
296.3488956831539
303.5608884336508
306.9241253891795
306.3388356855587
298.3575103298815
285.6530750724469
266.1803010799425
252.56324385254598
235.917619008143
221.63699968261167
210.70078894379
195.42664530752307
184.35853853522536
178.35959854097626
177.59650510454046
175.90837204637904
172.6275409143249
170.49370141486494
167.22001405691893
164.65805471407555
162.10211569101904
154.38492301205648
150.96770710918798
142.62316614855536
138.0006262565811
133.94735457468002
131.78709160636654
130.7461179401938
129.8105179098702
127.36349189169738
124.38051934192144
123.01565411372638
120.5940718003668
115.8765431076195
111.39932939670695
103.48032298333099
97.00307805794169
92.47087459766132
90.48842496785221
89.7926583968262
97.34075818524535
107.86569169633005
123.16835672276235
133.11097524086554
145.95171761238603
156.7519741252992
169.480625602284
186.2505604482711
200.56207557065164
211.14367490648246
214.07697925904395
215.04941385240215
203.7053103374359
184.95339285156837
160.07451468957439
142.6066514882772
120.94709392988695
104.27979778974085
88.40395116313805
62.58243152262031
43.541147393885
29.20050666767908
25.684252031811333
26.055706173736887
33.1554789919888
44.43907645867169
59.40394269919247
71.27869941473314
85.92662877507885
92.75686240234629
101.33731334630009
113.07496800876636
122.54851428227063
128.68699466183526
131.68276270633723
130.95459846860214
124.7211891489631
117.65070185883809
106.91466338465746
99.97947594880148
90.65417870182351
83.18039197996436
74.60819881186332
62.29828504961756
52.75907244122197
43.72936684571663
40.901467861291906
41.071818099216195
53.82196368753133
74.55763516696346
102.75351140958335
124.47995848031921
147.70848533360396
168.95733854858344
190.2325791583154
221.54566012545288
244.40365753682642
262.33771729572794
264.7886442267531
264.9061193735477
257.9020824016549
246.27509074509385
231.20586157310686
216.81587098309686
203.56002391654079
198.48817025475506
195.861385971186
191.4954928265703
188.20831293967822
183.12430604996342
179.35073804837802
175.6286086948092
164.07321481293502
153.50940578743732
134.29371773533492
120.62238938512809
101.30692830567324
83.3950765149953
65.48070580393478
38.566914566763835
19.398330442818956
4.320178640028429
0.9927141006617122
1.0730815837535412
4.424807140092925
9.106174321665929
16.325671930652753
21.686587831808843
27.14592531441182
27.666664720040895
27.904638541986362
26.67053949372333
26.803431180783264
27.49455285655115
26.867141584752243
26.112436918988806
27.68481629767906
27.975711749551408
28.836033531823293
30.303295150747825
30.10132911763845
31.162078720640334
31.524529438358385
33.26475874352385
33.12596690006533
33.30593314019799
33.536201698667575
33.34461318062659
33.19980032618538
32.664587603485224
33.564248110570404
33.056367799101395
