2
9
a
153.07570974583388
153.20235477229647
152.3888545974727
153.4094749246241
152.7130137099422
151.46566820953274
153.65015371518535
152.52692526180303
146.33413860767953
138.37864851152685
126.24808637874467
117.34572324530363
108.37120219760804
88.95106944081145
75.7787171684096
61.853778310200966
61.06451559722224
61.03616290720638
61.169906332877396
60.538485617485904
60.113856845310586
60.4041668445999
60.47428493538033
59.69399729947918
60.7612348043414
58.326336557452585
57.12138620328573
54.247119305398805
52.26369099754437
51.85380009103821
50.91924903561907
52.253164492063306
52.30203932693431
52.11387853330032
52.57423117951411
52.151725522846526
53.037989991275985
53.07881994683203
54.26956728712586
54.32897046839485
55.08362589781278
56.30391955938943
57.33079241332664
56.91509940292214
54.62374783691014
50.16212383610534
44.556524044922455
40.92907096911537
37.93292406497086
32.846344393477494
27.897350985972864
20.705633434795267
15.49873216028758
11.503298363169142
10.157292527914633
10.276418863213824
14.12343324633619
20.00801681774616
27.21547746266161
33.753790364429605
40.33319879092888
45.04787775062353
50.55052111701939
57.83668241675938
61.99898132976017
67.19550363518377
67.88588094071527
68.32674157317709
66.88737906985904
64.77768682748986
62.604552327849596
59.02331728679306
56.40108217365329
56.3749694819542
55.27307522572652
53.91159120348666
52.66202984479759
51.07240481706008
51.070636675511466
51.3603066684796
51.03689305033555
53.66415895415918
56.751739398003636
57.94105008254252
60.790970393587926
60.648223323812076
62.3160961877547
63.627264824737836
63.89101654371736
65.90324331342921
65.79426222230114
67.01033775821398
70.0030413959346
70.94744968870876
76.28147204976733
80.4979462703276
84.70795281139176
87.54091323527528
92.08700945134173
98.31867746972482
104.15706436573454
105.97476687680518
108.08724573888972
107.73599537883649
105.4732508001147
103.15337082351613
99.3589496328679
96.79529312051234
94.20332573760754
92.26413154663125
89.87665453410358
87.83479910164657
86.36709609974346
84.21583390744622
83.0572134427595
83.08712570404383
83.95231719950917
86.23051426564395
87.90469962302093
88.55609963391439
91.55564175824288
90.41357275273458
89.95397087235294
90.68383086453495
90.75907842761794
91.4995544826718
92.25671362296256
92.95946210225922
94.07708379297098
97.71208106854522
104.56415639466053
111.2738421976541
120.70570504577394
129.1661118849168
135.50264930213615
142.89587129918968
149.22956717062172
151.62951879035828
152.16422111239513
152.21726341555242
154.86073728145368
156.68258342881938
157.820672124964
159.12262514920818
160.38675336819622
162.2938347251055
163.3842257515137
163.4831157030393
164.80021142626254
167.76233322088214
170.55389213248225
171.83404277050144
178.9692974279911
185.74633314765387
205.13349738588576
219.05286966945346
237.46422435699623
254.09271024011804
270.55598353821995
295.2946454895952
313.81599408150504
328.5483922084832
331.7179574851759
331.36236851659163
323.0839629267254
309.7034363551881
291.0857104754106
275.9403641864141
261.7459114618741
240.3673138391742
223.78612432526216
211.74029116764385
213.73455231204588
215.7967552938261
216.9840599394022
216.62147067250373
217.6133172698268
217.69341426454713
217.6428201267175
217.63713160120938
217.3089638043008
216.37647874758358
214.03796044776468
212.37434770767743
209.79947984522053
207.61739164070957
206.34118796298273
207.30514724302174
212.27503288287215
218.9736744340206
231.07925230692854
237.85550105199815
248.0854948308904
256.36589202104983
262.5358647769456
271.60713763262635
278.1232804922096
284.3245280461382
286.2362695036397
289.3607328020596
293.1029657454736
297.11653955868553
302.23891502589385
306.9555764787841
311.6136584130885
320.24983700893495
328.74157895240876
342.372193518919
352.1122373912406
361.4550835906845
363.9063453747376
363.8669110282107
354.21877907988284
339.4255208540306
318.38238600046543
303.0293616518401
284.1813974638778
269.3214288150363
257.12867545150726
241.6101894165657
227.755672105842
219.41087669564078
216.98112109915849
214.6604351804664
209.36160038660537
205.32706722771047
200.75338731719629
196.78956441644286
190.91264724599546
181.046591993922
172.69329860095922
159.41278538354928
150.1169924915203
142.4055897899837
140.8500775414892
140.21863026601596
142.96286749196753
145.2711852859513
150.07563282389498
154.21078498291686
157.28810601508468
158.5982476916269
158.77142148756798
161.57563768377548
163.55488292503478
164.11506562695982
165.50931437376235
165.78707035540043
162.0839301974925
158.9851407244482
152.67942257875308
149.08444058012188
144.06986960576847
139.25230847416762
135.95917861368903
130.94864987722664
126.78242791441573
124.43193491198744
124.36082531792067
122.38144366549753
121.53207779335901
122.48792416183039
119.50906561923436
119.16043622388598
117.58142146961387
114.22045028674894
111.38092693840319
107.1886819628762
104.31632648533348
101.06360390689082
100.75805223002193
100.9525816301625
103.34067994822853
107.41229353687397
113.43651684693558
119.08291998718792
124.76211809968439
129.0089153388999
132.11030723635886
138.38798239694717
141.455207222543
143.48976123104183
145.60182596383422
144.74503787919565
144.88110119415074
143.9195202212351
144.50705625776888
145.18790860985598
