8
7
a
15.972552962308793
15.205944636832681
15.365482286497148
14.940262089865655
15.451228478079205
15.27251232986698
14.811968332140616
14.254014749689603
13.909522698343407
13.309578301125333
11.490826362503759
9.485258544154341
8.165147995295982
5.211895583101316
3.9830241576677854
0.8374555592023969
0.7925079153916154
0.0
0.570453117053835
0.24089987771118274
0.0
3.608302977095653
11.434596992470736
16.712532022365096
21.977244747873772
29.092976027632496
34.56665532376835
43.04921347947331
49.9069608933133
54.50506832105641
56.177333853472895
54.90829581427396
51.49496439096163
46.01829955794674
36.29264042261805
30.465101026480767
20.60126555826391
15.589504571748284
10.361621723088199
3.0113466691392476
0.0
0.8105351205091754
0.0
0.23362488054585348
0.5389939209144262
0.6043614243293464
0.0
0.0
2.3926229187935038
4.780958987273176
4.348139760102031
3.9931879275891884
4.859367027210554
4.769362074199619
4.791500528214418
7.114735557860488
8.139474362876388
10.979387996340282
18.11845907897307
23.757612490824258
29.047550028290626
33.46130213719707
35.25346623423699
37.82871138602948
41.143968121203535
45.515772704358334
48.47295716931184
51.084477912331344
61.21186597981233
70.26832536057553
88.18131816606079
101.39240132671306
117.26074364805953
135.62972502696618
154.4064017627464
181.7348151116732
201.61017255080012
217.9072440154359
222.04995364037856
222.57308234059442
209.17414726621723
189.76423825809775
159.85675645913142
139.24923559202864
113.51286076203475
95.59457341764967
80.06385919832194
54.008670471576
33.756906451811886
19.357939267515683
15.34069946071208
16.157204669102825
21.944134369841393
31.14736196989158
41.94640051260161
51.422852632856724
63.2435977140345
66.54838383737406
71.25002476546835
78.40553447278724
83.58151848641448
86.87435965175499
88.25653226509714
87.64415594236219
87.61574020825852
85.78572949655846
83.9082003558114
82.66239469283444
81.62926063309489
80.36659993976231
76.58068199505115
72.22749496310652
66.63883839006576
62.07982176437765
59.961203436852934
59.596783119920296
76.2591491344631
100.66779652988203
137.29887012746602
161.27689238521202
192.59463661862057
229.9802686268576
256.74339138547634
295.6638550815088
313.56987368404975
321.5258199219044
323.89947231205593
328.4132436203592
332.3308906330065
334.9010999052032
337.756697398196
340.73562063965403
343.1565983299676
355.14187641010085
367.7629451053181
385.0914751115169
398.4297871182386
408.5330104624089
412.9566648038923
411.7585259189773
400.3781116299646
383.31395279828683
358.16191283221275
340.89319390988953
318.26232704057674
298.06071125511545
282.07391974514127
262.2839187665056
248.15188624401227
241.52886633828192
237.0362218604893
236.59564487419132
232.18648368872485
229.21119958209124
225.44964812812108
222.30735034182877
217.8243457332691
208.76351767274255
202.46534214749767
192.73081341444987
184.83964105747097
179.8774083236466
178.5297439481756
176.5159566837688
173.59741266627708
171.80481942099004
167.5779031207172
166.25496202401789
163.59188436954972
156.64605643659658
148.74814899537515
138.26882211702713
130.52820083312557
125.1445334765885
121.32627976541492
121.97470071911563
131.31939308315668
144.24089267618427
164.95535700593635
179.4336515810484
194.98134687136385
210.93366634724163
226.7098593705911
251.26038620342342
269.64341845205854
284.2570882082132
289.02328585495525
288.71197425737876
273.9233859898581
250.38434340071487
215.67292044150244
191.0739712000806
163.1152081076448
140.08738116293904
117.71022563980104
83.9370906464636
58.49887168289221
38.99232718908807
34.840868501211
34.29154673406965
43.56119167118837
59.127423861263715
80.73186199888967
96.56606282925264
114.34373206145911
125.22734382984046
136.17061216364075
152.39605321573126
165.0295082474286
174.48223813409015
175.6557870869813
176.3066756337627
170.1343494379488
159.34806753714147
144.9335168227135
134.00575353180923
121.63990925363225
112.72863067888638
101.60605083545525
83.35997453865686
70.18371422665217
59.70891193894429
54.46920473218152
54.747053491016885
73.16877372094469
100.40881835985137
139.60552688532368
166.72299627808937
200.61524484677918
228.14765013782997
255.95854048220482
297.33726357712095
329.27494290077215
352.0128039609432
357.37853610881456
357.256151409088
347.0176813438737
331.33413584699406
310.12912753473
293.1153630682268
273.5241226084128
268.34821349775484
264.2218621340509
258.0044846027195
252.64483599970973
246.9581555614351
240.89094630833918
236.8953867343672
222.0457400985772
206.38501222607456
179.8633419251481
161.24715077191317
136.83423330048782
111.22550163736896
88.71789680107581
52.13722276069056
25.5652739106516
5.698662290649092
2.103078461512268
1.6987500667938669
5.595509211357281
12.652932910232282
20.55852915572285
30.1421101893197
37.12146908169977
36.56242225799678
37.30009691710143
36.93603023599347
36.66563963264901
35.78498991454418
36.49851547082955
35.96853977815487
37.608553474273236
38.09132252588867
38.321802330107204
39.71209007176705
40.26116791219958
42.83729828057442
42.277963080170075
43.69877523059802
44.69029916064535
45.1739103680399
45.114232076765695
45.2491629893718
44.62273043789591
46.25059980903661
45.7077775524066
45.41894744314163
