7
10
e
6.065257859110308
5.861559307853251
6.9949922154039506
7.347847729886608
7.529303418304194
6.812437718475559
7.1001320469054425
7.42362876783613
5.909222958235701
5.083521510718737
5.037248743290759
5.278933409259631
3.409607558503616
3.6242425946851338
1.8035440102580456
0.0
0.0
0.37372148737823396
0.0
0.0
0.02679439772085931
1.6177389159741327
4.869269016999409
7.380940998334738
10.126778386346798
13.47972227936736
15.082646109246365
20.757624515248676
23.15050681073675
26.16722270622247
25.051931147410507
25.32162372124885
23.801568861311992
20.830952071649836
17.554362252226973
14.303745497224089
10.4386963742625
6.50641140496898
5.009295174626173
1.6074664450337008
0.0
0.0
0.0
0.0
0.20299000333303338
0.0
0.38944163733519194
0.0
1.1461494034082207
2.193118928251239
1.3670167568781126
1.986016761177379
2.4424952534530044
2.6040089261312866
1.924204872838659
3.2546897291441166
3.279676698226424
4.61661518194108
7.69195333181048
10.115361419179226
12.745060087765093
14.734273810800028
16.56113526843602
17.43494963979901
19.651643614340806
19.76932811718906
21.195202478140548
23.517858927114943
27.122866529527396
31.579517338741454
39.24515332581583
45.31536032495148
53.10241696165337
61.193597997646435
69.45947345241227
81.85555887894029
90.82834801195021
98.14486687722969
100.13314102661401
100.28272149421696
95.02980854690364
85.48215758622257
72.18538641860097
62.978618243948894
51.76569479393813
42.805995233773395
35.71741812090893
24.316764996356675
15.532041476593479
9.112921352690453
6.9437923600822185
7.902130775589293
10.12438381646329
13.716168961419438
19.957455508758684
24.279864942541714
28.033094120457495
30.44759539821903
32.584302104969936
35.66327666612081
37.95499664864944
39.31449636492661
39.01768411110367
39.30404507529967
40.17975855343651
38.6746087459085
38.630717854501846
38.09668391486692
37.4992124965322
36.137341908491365
34.10220822109961
32.386218537489725
30.08578864571164
28.293373574161667
27.71199162855758
26.513703765004962
35.05995669372039
45.1098223483163
62.90595948370381
73.43339278876363
86.27660156137703
103.9227582770621
117.30395565252422
133.17162349530258
141.49036561481307
145.34391657701303
147.41320821022612
148.0573426998495
149.13448661322985
151.83511755263882
152.48262678038992
153.9676226939162
155.72227850425284
160.50205810787588
165.9201099536625
174.50706229796222
181.26940419617125
185.32729091389305
186.70094924703363
186.6511333495683
181.74700382808828
173.1671312973465
161.8773291366582
153.40827874380793
144.19877157440416
134.72678771363013
128.25497026784547
118.4318410681032
112.40565651433046
109.17186525473231
108.66172097776357
107.1164660722559
104.19179460077362
103.88994332525449
102.51374781715967
100.98384841779463
98.08369860257143
94.70693546813646
91.47160062835955
87.47041767113764
85.3123509865214
81.40365799798107
81.26297821338815
79.16572237503571
79.75696654855115
77.47414796205898
76.12510981909118
74.67564974421937
73.63289985982836
70.7474845934469
67.66507650075498
62.213764366367606
59.7082840827342
57.1252154432788
55.18175900673342
55.18233051452614
59.16243924967226
66.42457328109298
73.55550905618583
80.4318567601395
89.1600975267841
96.26227428443201
102.86696980187259
114.77302014247181
122.15503862462484
128.66365631445115
128.88768423992457
130.07933000093337
123.0365383844865
113.172068576683
97.6100476744616
86.50078082284612
73.63657393003975
62.88843044786437
52.993357534905215
38.39981014126303
26.08737179843284
17.630855535420103
15.253956807868093
15.425985180158035
19.42054583786985
26.885068097475344
36.44346512460052
44.42808632927367
51.505302086396895
56.05317583538769
60.844339507479525
68.94100448901925
74.32100322872431
79.03501291517946
80.938447194197
79.41280422531214
77.17267077340655
72.90309853320099
65.98299918498964
61.10674954965165
56.57841750977617
51.54111551376299
44.84397610451813
37.60338329412583
30.474770566229047
27.095204449904593
24.642383952214423
25.2527383802309
32.647442369295426
45.50197118816947
63.60749828749652
75.54269194024887
90.93458110566367
103.17949347857189
115.35060953980954
134.74247112424123
149.00801219576505
159.66304096349486
161.04886047855533
161.8412286138857
157.0931551852769
150.0852988716975
141.14318058207505
132.47171077381807
124.94307268150305
120.26560149986827
118.4917229127521
116.822349046866
114.7056348823443
112.2950401863917
108.82395841521692
107.53058543908745
100.83986238480543
93.30086962121655
81.22950255650511
72.91000688902744
61.3173819571106
50.890286037009524
39.152245709684976
23.45572121366848
11.640126063957116
2.6251565437155735
1.1829607959967654
0.7917073901262934
2.954759429757243
4.607452372747042
9.614261225111141
13.99744800589646
17.32628457534009
16.776506222551706
17.033577618262107
16.569486377097846
16.76695298207338
16.63579673124676
16.00688989972031
16.284867621484825
15.903580633621477
17.402311559108806
17.903038752494453
18.113432398426596
19.07225681866635
19.297046314253954
18.737732473518545
20.21753555515786
20.675388817509194
21.68905977667169
20.464270344790055
21.135759220982248
21.313379305756325
20.457847540418708
21.007731888923466
19.503162034513977
