8
1
b
102.95570672011668
100.74435730079946
102.88554145034782
102.22692084972513
102.52218152071735
102.05934488516608
102.88611653975283
101.76896888202836
97.85763978421267
92.79125899188598
85.32828903683858
78.64003633692211
73.28869686579108
59.34316510783183
51.484759435667435
41.61012148835518
40.37249714416986
40.42583238504754
40.782487476107846
40.67659128468738
40.97287181562455
40.54677517822207
39.50558545062553
40.681589386520734
40.60776146447742
40.21341509680402
38.06281323105208
35.98159017794913
35.51440838031609
34.52725205372393
34.70289042952397
34.23408759373946
34.74330011653411
35.11597597739674
36.14629912206491
35.36122729741625
35.832076115317804
35.58477151580791
36.51951968468378
36.545055562043785
37.590952296294844
37.91588186520802
37.868019866237766
38.82162365240097
36.50828542597576
33.53422161940948
30.706574096551243
27.459035254902822
24.96696201835471
21.55349790354075
18.46916514235006
14.267325535595463
10.855601009355626
6.868477708671977
6.885695436036524
6.545201909830187
8.529331354702245
12.97521135636812
18.732197881578216
22.056788993726023
27.544302252125622
30.19922028136916
34.014245341771925
38.90667914159807
41.743098122679285
44.43896029581097
45.544585846354444
45.347998124217575
44.42937699564328
42.42346545421796
40.53157390554809
39.8629989585771
38.27145541771451
38.08864134198617
38.05520266889202
36.64633296246754
34.95711053994183
34.94826940952596
34.67874112389906
34.32076046335039
34.730369305429505
35.63257930353738
38.07225315104197
39.79482314340503
39.96551946760872
41.03634528080763
41.83748966130372
42.65060718494704
42.81022161963423
43.49390608349184
45.27013553069524
45.2434273517163
47.066559247870686
49.384999073483634
50.93955220349375
53.53015582005551
56.685170982890966
58.97863567062677
62.18491821281127
66.0686550065112
69.76552851988956
71.86026440452133
72.43970675610808
72.74849512756933
71.49982546591221
68.99394561765233
66.88983033040223
66.242943880785
62.99703721862113
61.73799262880496
60.153590369480575
58.5747642376273
57.850208621848566
57.03707871326817
56.42937275487008
57.2303027835662
57.1068887150175
58.15075117651861
58.82060963691471
60.074260530921066
61.36331568144329
60.818312565324376
60.591783969163295
60.880520147035206
61.26940842239988
61.40866463247191
61.078556835495114
62.68675520629427
63.22665199144772
65.10074388679591
70.30838313166859
74.87583804904371
80.79909569357129
86.39990536162853
90.47783127362231
95.85511832117854
100.42266452056694
102.54190060278682
102.54297458819329
103.14787744086242
104.59209963877578
104.95503449977052
106.48482724978423
107.54554527490048
107.87459229931957
108.99130429197852
109.67205823942447
109.3311283567858
111.47657992597944
112.0222162912364
113.9578225002842
116.25184180731617
119.79855214069711
124.99482009031253
137.24347639934226
147.05562023031706
160.09484724998836
171.13847015161295
181.86253584095564
198.42085060462887
211.12321662712853
220.50722126310188
222.73097303040433
221.99582823632738
217.5004155031307
208.07861046273766
196.23644660153838
186.32860828627304
175.1535731220385
161.37086258628477
150.8715563332572
141.87460146099846
142.72319462365667
144.61292875002115
146.05155747281265
145.71739573608247
146.42919714005174
145.70127958572897
146.43186050915642
146.23581431274908
147.37071726663908
144.58533311876621
145.17214032344552
143.35425780328677
140.20088169812598
139.3267124415621
138.3839406879781
139.5223174025299
142.47225753777923
147.7595085572788
155.19458846845643
160.57873545847403
167.1656218347207
171.58314002712052
176.36490079471778
180.62037819470393
186.43652677067658
191.9000782406981
192.37125926693295
194.0734870758162
197.38159423914982
198.97642985607393
203.6065726181967
206.28271619101545
209.27765316467307
214.78399343718735
220.0641673661881
229.92415406373686
237.3608806543583
243.55717482229224
244.03753796318517
244.57878985134792
237.55787563851283
227.72085231852083
213.12974828456763
203.02415956818393
190.31938082265816
181.0181807058771
173.3915262273669
161.71238391106476
153.13360950737413
147.89050404194197
145.64458071108842
144.41375627820585
140.69562633211538
137.5584420183049
134.15464073596792
131.1748752762405
128.45081313540464
121.237732672537
116.38084513991954
107.93448189636796
100.84632949484593
95.79884594389044
95.0803790049306
93.57546703349637
95.94773750253518
97.93093578040948
101.44431654425992
103.20257510207671
105.47265063611974
106.14112789150518
107.70082625381053
109.00495333634848
109.54099655077226
109.81676866694106
111.19522413562598
110.99962378586885
109.99646432435188
107.39244473616624
102.50574102520389
99.9492267489816
97.05491505251678
92.45845119557465
91.4469949324794
88.25821915118178
86.19679915047278
83.99755603862492
84.06073730857842
82.83299530966111
82.14231190749669
82.13068757141988
80.3132540532166
79.26423588867986
78.82015263792024
77.13240208523926
74.55441697678351
71.7036780476213
69.83395418980938
67.85013111041583
66.32151873152684
67.85451925742363
70.04742113721277
71.65111298451157
76.78992752148596
78.98767426110173
83.55824819159471
86.30376515508985
88.93847525860645
92.03910571419047
94.33361462008672
96.93097518765192
95.87311555015418
96.99318236070432
96.80922435975388
98.07900648611418
97.34421168758422
95.95952113537945
