8
11
e
79.43699595568894
80.68805596385178
80.36035581789078
80.29219589121068
80.03005528269682
80.16997617323239
80.87513262465121
79.51732679047349
77.32994735262736
71.50917558073235
64.66821270417941
60.36993035044007
54.33659858983826
45.384808328405356
38.16979063243892
30.098661081108315
27.845601412708312
27.883462224573393
26.82203126381337
26.369069570595293
26.549444531538814
25.69237807312901
26.318867497612736
25.5070095958713
26.397130075555015
24.708174152330123
23.17757938629906
21.388748165099923
20.392663174812935
18.78575539256365
18.246457251988335
18.498972415998313
18.873143895015154
19.437928134785565
20.887712716620886
22.163873780883158
22.83184297769742
23.77729811908851
23.207492842348813
24.152314377123673
24.355724844739974
24.62377066348877
25.791063525016405
26.21040025100351
27.41896047171332
28.289115653906435
29.760765426834173
31.488295953633465
32.81402514309128
34.69311355334126
36.03290349648471
36.28465824907177
38.082200830714434
39.627057434708334
40.009948942106114
41.16721383490054
44.34461765928665
47.41534925065678
52.71735180311293
56.383358006545855
60.707950978810544
68.69677027471774
74.14574107397074
81.25870011626823
84.98319867144951
86.11662145519051
85.60991640148674
87.38296977641431
87.09204984203507
87.8159738173622
88.59117669941742
88.39062163043268
90.53406023684032
90.69914266644449
91.78648758761183
93.08948300188158
95.26775898032703
95.84924981049889
97.64883949050487
97.97077157807351
100.51217372151739
104.3544138704461
109.32097948935801
113.0375257282419
118.45977757279147
127.82138074595231
135.44826423619733
142.93215765472814
142.40964317123277
141.76847059651783
142.1393256841577
141.86227252066354
141.9873890411108
142.17441837489093
141.65985158192183
141.6675333086183
141.17488629570488
141.64412429868753
142.9221234903442
142.55228908658327
142.9688974508644
142.78852679792502
142.6318728317386
144.3339644678862
145.2800715371766
146.9459262283999
149.0306831585979
152.22459403231312
155.3467872736345
156.39217662779868
160.297746234239
163.48661501908813
166.32158017933318
168.4601577296614
168.5938950882506
169.02545845169885
168.43010682686537
167.04602635525373
165.44548828017753
163.93465510204865
162.3668645311854
161.3962516986519
161.58464081279806
160.67063496663184
159.9822474487382
159.43888348669995
159.318397366328
160.3697147858269
157.58585819746816
157.54783352242944
156.37676230777194
155.39040756897106
154.11190186545758
152.9299545141859
149.9518730274612
148.99844895233102
147.2816529441821
146.4274150326495
144.10207787553043
144.7440115711605
146.47823353950557
150.7378221586508
154.23015548641672
158.35394770799306
161.82294265173493
164.80134178630135
166.7140728292846
168.68172186720045
170.64208037959898
173.70438190377732
175.39187605308493
176.97138594905596
180.2259038504887
185.65462625896726
189.41523714787394
193.70725933669215
198.0309286711276
204.15323227522035
209.90746570024479
218.64812047629692
224.9466470970207
228.77100223879586
231.07610704362855
229.84693065541111
228.12800918179
226.78359424121584
223.3488785871281
220.5310198873584
218.69772245435433
217.70885192305366
217.82589692455312
216.06979392884742
214.88965752628556
214.92197034108065
214.78030646968392
215.52803631123385
216.72952885622115
216.3123863007198
216.86899632370103
218.34614400325384
218.82125882287406
219.4272268839088
219.49310821811974
220.6371717332806
222.5406000190719
223.1248120130994
222.73185437090186
222.82254491576796
222.30671034708425
222.25443281919246
220.70391765742335
219.60181780183518
218.50872794073751
218.03053053107277
216.64304309539804
215.7132106317005
212.61000433642064
211.71729660560027
211.98746078745012
211.50910460665654
214.61825719872303
219.14525724952077
225.3930979649173
231.42583105628918
237.65362387249326
242.55289908086434
248.80951640332364
258.2069430969237
266.01489635679366
270.8560761861745
273.6858058922437
274.41225926046013
266.22131849531064
254.34533815173768
237.75120184210473
224.9884804411088
211.74592753586666
186.97134111557136
168.08518224606803
154.08709956485328
157.0320073526022
159.67449698814772
159.7472885403471
161.71637284486127
160.0436996584766
161.97823369710812
160.25730187994196
160.5783941094672
160.62890047031772
161.7203908788719
160.95357032342054
161.56548799296846
160.95363366845456
161.0509877063537
159.95258465965196
160.09824474306592
158.2605479107107
157.52348221191116
154.37604194028305
151.75576616788058
149.40177463204438
146.2129120495951
143.04583178092597
138.08144617308315
138.04370553666456
137.42080598356947
137.5486804411903
137.05607225421275
136.8758562842225
136.95965434541006
136.87662805633224
137.0218314267662
137.37202427401925
136.53893215377138
135.392194482757
137.15231169471332
135.33531379514974
135.14069677355855
134.84365925114528
135.12356547034804
132.26191791811402
131.75974267786805
128.7434168296282
127.09776516639994
123.68495811523611
121.113071227024
119.07635444287197
116.946965778183
114.61071002313007
111.74220088787185
111.76966408304347
111.29985619293697
109.22233824800767
108.54138599303742
106.44657763182882
104.84168182716004
102.93084070105368
100.5997443266757
98.85633197750178
94.54700560787056
93.5593930374973
89.91697096525074
90.67076762372713
89.53839877251659
90.50289619652747
90.50163245392977
89.75943208383967
90.39181063458565
