3
4
d
216.15548188395962
216.75605106382224
215.7618068866828
216.08452824223016
215.63302691848833
216.27433247218383
215.28043552538804
215.58412871771912
211.0110024552911
206.9876439632135
199.6418664574817
194.50700900279443
187.6272097807476
179.65016805720853
172.85652506344437
165.9117496889851
160.63864097249737
158.13762739559652
156.79137740286743
157.45240860862143
155.18790498471316
154.91277088789988
153.5784485312117
151.28219211173771
151.76838409415103
148.1347675217659
146.76158702751817
144.42050820212242
143.21355907822922
140.37389290358476
137.92220764976744
136.99892075850607
135.47402634102409
134.53240709542592
132.7071501410765
131.04053867335097
128.4644265664754
125.75471049578279
123.2870712172678
120.48391740668605
115.99864377125799
113.60055154497755
113.49149595800509
113.45419155126109
114.28234606821769
114.9598772235694
116.87155458224477
118.90496233521212
121.71533432626889
120.72893700844112
121.17788569637892
122.08245329208903
122.083680715672
123.07461910500272
123.43016045948535
122.29309152078916
125.21139039292827
126.04257045659178
126.85060443418264
127.48361471234743
128.9875962866624
130.08795844531673
131.24979194500227
131.2141959448853
132.99201333484626
133.88033364887897
134.04090412519753
134.1185312693108
135.87524762897456
138.79677106637646
142.2218510588048
144.01208531852959
145.8293880566869
148.4233691168569
149.25543871850795
152.02977942610045
153.13252761647934
155.5087533395203
157.13417551351804
159.09972520024658
161.06831444626164
165.12344232763377
168.867877001422
172.1638215392942
176.6318846541815
179.9407905172901
184.80815060603757
188.86930050415225
193.05369843683843
196.34098680230994
198.4126611655749
200.55246037268978
203.381374080313
206.6998306083143
210.67092946910017
214.7596362344208
218.14729000316876
223.93643114437782
228.91606839628707
235.17136051123822
239.02061688037776
243.01462836379707
244.56982773673286
246.4879682997694
248.35402890515374
250.85345082610303
253.04758906746312
254.6955202378171
257.00184564321887
264.10391246691404
266.8630524036307
274.2979330597653
275.3751556220972
277.28376846481046
277.7132995878554
278.2212898173598
278.3998984876591
279.3783979165323
278.51223001097406
278.95685234533147
279.1414756504333
281.6422758923521
282.38043138282256
285.2847680489478
287.1928441825031
287.09934623973027
287.69024535693495
287.65800252675666
287.3170325591808
286.2674961451322
285.2004817241061
283.9027835619651
283.0498388426664
282.2885614556866
281.90068443439384
279.94772173716905
278.70219302494775
277.370087066228
278.3063876075113
276.80276032858166
278.9077987314401
281.05313642841566
284.1623261455627
284.9997985693772
288.25450689865056
290.4667856333605
292.0454195185022
294.69801547188536
298.24226494768084
299.91801473355014
300.4630643220233
299.48847319689725
299.78213716637487
298.5588168377264
298.60691755264156
297.0903425285753
297.4311927931189
296.6407877620331
297.6365099654389
297.6721432436157
297.6171123928277
296.69509414299665
297.73197645600703
297.119603127964
296.47878349752006
295.6237042784686
295.36484281751984
294.1486582361951
294.3427336943175
293.1105593777564
293.1217694972478
293.38586189992617
292.6984348476623
291.5943917048346
291.01621559271194
291.74772936355134
289.40904244408597
288.7313255299698
287.75268476572705
287.03314497109454
286.1637761805819
284.0675527259187
282.8589206640909
280.93905844040677
280.05471429344914
280.32848990855365
279.7390204005409
279.1240270423632
278.70472137439356
277.92964531173027
277.8520076803332
278.2110362600901
277.28378386165485
276.51684568890477
275.88959012833635
274.14723898602807
275.6533226485353
273.21642421811214
274.18797685445344
273.92388636980144
273.6807820086092
271.91279257904097
273.55898650213777
271.5576703941063
271.2074554572697
270.71216458195516
269.8985869917682
268.63858756628406
268.0838993941226
267.22722332824924
267.9737967756037
267.9036002689022
268.276687850262
269.10063103170427
269.15725951853995
270.48727242297224
271.43850120144583
272.2089636294328
274.1590915687568
274.15592415298477
274.2230132591502
274.85223427915736
275.6301225978499
275.9929722625347
275.252587650284
275.2498735446575
274.5630616591378
274.7927417426493
275.31012846401273
274.6731261308283
274.1822368769867
273.8120954319348
272.8350428579842
272.0395719120936
272.6429212528669
272.1823389988424
274.24786284176344
275.8035294645333
280.5980730248105
282.4182736796642
285.18340296451265
289.77381746116845
293.19458273878615
297.8119797096523
298.3215693932512
297.85842806940633
299.5100508891344
298.7996951597757
298.8345448058862
299.14671949261265
299.31859902991573
299.00074689516464
299.79818138673164
299.9040791754308
301.732761535161
302.0410989630112
303.1123814464872
304.3269690987958
304.2995507204516
304.06675332306946
302.8915646254688
301.4348082138793
300.157577709051
298.156824617773
296.7850120659641
296.52436582087955
295.1607781206021
294.50525035159075
293.1446425225041
292.2721773647813
292.2182669572997
290.95266305014263
288.7132664377861
286.4226074042771
281.70237576590074
278.4671986027002
275.5286571335768
269.4938580009962
266.2535719722501
260.9276425861199
256.226112294457
254.65158939943038
253.5824329152928
253.63859680252077
254.2392380495506
252.7677309867899
254.20742496473719
252.64341478977897
