6
5
d
5.141232579719686
5.907454610436127
5.421587758303156
5.828484764912528
4.502855572837662
5.8100939936763965
5.578098571777726
5.006082128087575
5.2787990091113155
5.808957893567036
4.092431333936241
3.5065751357472377
2.9405514849561767
2.1404828184219067
1.080658758615113
0.2986106350198358
0.4349171805075083
0.05211850195607984
0.8419335647125498
0.0
1.095251959337359
1.5498417717544173
4.161743586490951
6.93258260085017
7.591712714794715
9.624745954669997
12.327731343675037
15.146055352878786
17.298391438343103
18.90667811119732
20.40652289528326
19.702179481962705
18.220528818382956
16.879852987686792
13.88534410740375
10.746535670994753
6.814876382825849
5.2797930307450285
4.1251197852133865
0.36954472952858775
0.46946294025458457
0.5846049050978168
0.32964399391117455
0.0
0.22915299596728889
0.0
0.3626979581875636
0.0
1.7103463180809335
1.0574575888827713
0.6923313136373317
2.035513645866823
1.833700465506248
2.173314743367337
2.2695740322297726
0.9792257287552031
2.3914627362149776
4.15076608652095
6.045571804209612
9.115061102323438
10.516585798128224
12.217149740876504
13.331470071506397
13.742472888367496
15.69781384462267
16.026619359589116
16.401826761739397
18.2157924636351
20.793789398078165
25.05377821546496
31.155450839109875
35.9966259831142
43.00643952365651
48.710754381180415
54.78080998949824
65.21825944132765
72.29206187912276
78.14811999709723
80.08175428556788
79.50853520897745
75.00722529472141
68.61372986246714
57.50446436869946
49.65945200309204
40.99913739134037
34.68115017712894
28.734760209072142
20.163031770036294
13.419561325168873
7.14705424650654
6.579038203897797
5.619876137531402
8.896480699363524
10.910412417774854
15.420033844090197
17.977390007326093
22.470725204320328
24.668119428810773
25.081670734939443
27.74759708478363
29.775009416393846
31.428163368772484
31.28570457642333
31.38588438200682
30.615387391911835
30.94887442478544
29.49715874357721
29.556431673651215
29.769902802222227
28.95261960043919
27.741049454377798
25.62748005662909
23.39595309069308
21.985900410377486
21.29988993024683
21.242057756426913
27.348090043316095
34.94102120444865
49.4611882996224
58.128201563633326
68.9134158686637
81.97798751725855
92.22087812874568
105.41246638755308
111.95070547623995
115.62620759840829
115.21521854046293
116.9036030344229
118.51890629912947
119.63304116550451
121.04427434260799
122.11006390934376
123.07767740740209
127.78649881584784
131.48549689664702
137.81551059909629
142.54716766876743
146.3678654858172
146.8258969213572
147.47289860063023
142.61015143779895
137.9215246715132
127.24045350662023
122.37898682732497
113.95032573349367
107.56501601789904
101.78999723320025
94.01808312602917
88.96538747217147
86.43366841715603
86.20010705431503
84.04691538059402
83.1787729320773
82.71014108363653
80.58770080392404
79.09959988496671
78.11423236869979
74.88632768495069
72.84741885884426
69.79842314874553
66.55674112787051
64.57124649234257
63.70394727388495
64.27459210343468
62.16888277765033
60.33378815748748
60.665909858858825
59.386077122810136
58.57631138027877
56.053123575558004
53.67812828372506
49.74082479577404
46.61063843696526
43.97388751758632
42.66782103515486
43.8778473279914
46.28515858840595
52.571112994518046
59.354070247172494
64.89621236703977
70.58213747554538
75.6147182899755
81.08492147354227
90.37650181963117
95.86553280307011
101.82702633447421
103.73735715053255
103.45226190511396
98.01662162460046
89.36497530765638
77.0887848510954
67.99913581277691
58.56402751986189
49.21875041668622
42.71496848152146
30.540971086994684
21.099891753762492
14.160199920184711
13.134518328489024
12.54104519063942
15.660051549753778
21.014134765221442
29.088817494092616
35.622573130099696
40.816957859487395
45.56700502399181
49.05532362159211
53.610025100755216
59.59082642378198
62.061216859828654
62.641309663265716
62.125062834566805
60.67404895644982
56.323112253181606
52.152874131532634
47.83245248155326
42.79998012110351
40.61636637351565
35.81443992389746
29.866529900086242
24.369278886623526
21.30105834840046
20.263984318708932
19.662633470189565
26.509456894952933
35.756374447968284
49.86823604583218
59.75946174531846
71.88570351333632
81.09985947612324
91.7205861160213
107.09154382453316
116.96964150051102
126.23474992007166
127.50505226096598
128.00010971358319
124.43502451627046
118.44792771132879
111.89718782640534
104.75349839263632
97.03929022076902
96.22659335291453
94.07245644063632
91.79507763428084
90.53088029321614
88.14456000929671
86.76540144184996
84.97834704260268
80.03870132105087
74.10859855553656
64.91935494052483
57.324899969776524
48.94286671385731
40.57332740437839
30.849321736799922
19.30070976068323
9.131515581316538
2.001603896308082
0.3984850829993044
0.21653477176985042
1.54697128075387
4.013905649846456
6.439530841254179
10.169869825880813
13.272207239444844
13.930923931831275
12.529626897818785
13.575473450436407
12.246968833351444
12.632744838461111
12.734233582034944
12.902953627782585
13.391087909404172
14.134869533475165
13.571660568963718
14.82204221067299
14.90414711309115
13.639956529948195
15.088099058904637
16.476651633101035
15.445595555148223
17.004098605982495
16.229996414444123
16.398965366900875
16.79701346887898
16.864174329144245
16.49590534901348
15.895595724644895
