11
8
a
5.415161662016979
5.27550339176533
5.431614243225657
4.460542946002695
6.19349304569158
5.197884000839705
5.250713914413129
5.788780493467482
5.883742330938275
5.200349584309343
4.619749930525842
3.274784170346325
2.2023275331157772
1.3224318471578298
0.9486219271134322
1.1839006576732987
0.5036497606609427
0.0
0.0
0.0
0.06505603959650023
1.7659738468908346
4.348176722292846
6.407463259246594
7.496824078486418
10.263241687315722
11.597845945574756
15.100915969694952
16.87551623255789
18.733074357794987
19.669196622341797
19.56219363224391
18.50514171490152
16.126566223226625
12.916290807953143
10.913996706180859
8.106094785173491
5.572579817698046
3.80235384732819
0.0
0.0
0.496014943122148
0.0
0.19216740904638197
0.38363791429032473
0.207446411266275
0.812753479486451
0.5943678633305638
0.8389486604257194
2.603045112390662
1.6279459753729268
1.5757926805850044
1.0443679709442206
1.6745029175065373
2.418276100099986
3.1019828066555863
2.5000726037262626
4.665633938431233
6.389664105304032
8.490584579189564
10.616960216565374
11.088225286423551
12.414298293351214
13.582612582881165
14.200931776861193
16.411688698541585
17.31047743795711
18.158111060905988
21.093875286800134
24.01924110308078
30.727797693981056
35.94580684405349
42.68685941282529
48.241060339775956
54.71901416201467
63.723229149345535
69.67029988332077
76.28799661603641
78.83912567080692
79.69189920847461
73.1544713738993
65.92239301425224
55.45919975225452
49.69386638479556
39.62189691098673
34.35941026312243
28.23659994448479
19.197057061214615
10.672768746441847
8.202393358176543
5.485562968695135
5.600246543886796
6.691837384503467
11.186595426239382
14.150074167017257
18.4983004219018
22.59835544159472
23.72484344967934
25.451393426334686
28.064850718526337
29.454361342127072
30.329435747752377
31.01809313701621
29.524132727063225
30.629798929548624
30.58221502701076
29.464091603718668
28.74438755760093
28.832643795880927
27.676368902405564
26.366736409679376
24.778883732366392
23.01435995424432
22.277400496014195
20.907552413384455
20.97589601770184
26.62972475188432
35.496904152945014
47.53254232309625
56.478232977884815
67.55782924175962
81.37836786460959
89.97368794392803
103.25947248044166
110.09197565292014
113.28433820794879
113.32764432196247
115.17973133646355
116.62364209594375
117.79263631388186
118.07335591131348
119.36977270136128
120.87007103689383
123.56520934090372
130.06143982367846
134.75433298613024
140.13767788270508
144.37215665263594
144.55589875269825
144.13232098939525
141.83514215047606
134.324383330111
125.34108645208586
119.21897983748573
111.37906426094412
104.74836133213138
99.78912082373249
92.79502089803681
87.38047269491206
84.8647228987121
84.2910550498989
83.60142138994354
82.0249233236181
80.33843895586725
78.55234825242829
79.28918258487894
75.22497493962754
73.09746737375507
71.88178379539015
67.74382099339599
64.86582676310415
62.825770645794684
63.49155485994416
62.139088651106185
60.99440024565427
60.67485901843743
59.970443125003186
58.056432379652435
56.90190179486636
54.70205401468868
51.59795574095027
48.95182834519285
46.66737388745377
43.265746460021376
42.664956173334055
42.87036219986734
45.95768009806625
51.20501734777024
58.46653924701601
62.570818826065185
69.11501012912898
73.35678303588773
79.90118659165967
88.53899627666436
95.66398130834438
99.31099858043439
101.93478837309773
101.5720214380624
96.19618166582576
88.53750859255553
76.69691460684113
66.72031858685216
57.42120249914602
49.217843453287315
42.032658216127466
29.683650901498268
20.302514950006515
13.785474635089663
12.362342949943299
12.652065602176679
15.349895249421762
20.521548363750902
28.232498365439426
33.78103223088554
39.65493318104556
44.09672036565735
48.050202359505526
53.3877287834055
57.927376773643715
61.84407767190111
61.41804077834637
61.75846806035508
59.49608054725171
56.4090726244657
50.844564553215704
48.086437548987654
43.31762419415444
39.97259930344194
36.389717641577604
31.137344292053353
23.94129999003963
21.386473576341338
18.84492939833584
19.94473421522687
26.191445336928005
34.95537480233709
48.12535580731238
58.3728922150586
70.14697278146315
79.12780561358664
89.3340528835443
104.42782082166657
115.23563784858742
124.14776337292258
126.00141952683403
124.53960413257073
121.73151119420251
117.01611085695731
109.11080744444628
102.59663851740596
96.73966690380472
94.65354589977514
92.42470488626184
90.55681719592448
88.92605071942782
86.5334841547185
83.80499657235654
83.36049842818554
78.89206097424469
72.1644135510674
62.818114948085956
57.47100954262456
47.69167419480146
38.627994797745636
30.7624280349266
18.141138610838684
8.600257983229518
2.1069389390281033
0.24547525638431833
1.4476653402464406
1.638202063231262
4.574320885801713
7.663273565481129
9.489009455899854
13.355421871257477
13.063289810529737
12.871751017444003
13.482369704958263
12.88124994970128
12.325929465425043
12.822612321000308
13.420447831409724
14.1015508145602
12.616764020611065
14.282947924144365
13.177362074197141
14.555116822964884
14.612097438647835
15.03476079045675
15.709991367180553
15.77816390393107
16.628325655237948
15.954209204298458
15.37887479184165
15.893121533724031
16.012470903275975
16.37894660829611
15.617548414336548
