11
4
e
120.9132369212762
121.35216032848152
121.04984137907388
121.85506568159722
122.42770746611913
121.70622762472226
121.51399617808475
120.59425236667195
119.98179945093553
116.16208508704807
113.13881679345178
108.42397516790155
105.37469808987808
100.07187068229753
97.80111197837316
94.07115838929104
90.84536188786252
88.94548901806479
89.49314106662978
88.2638143357855
87.2374395497474
87.12523444017741
86.79576460363057
85.94533415009253
85.41471107600647
83.61074407877707
82.82726160247414
81.49810367867539
79.6120222315214
77.44326818672153
77.53125691768541
76.68245326062241
76.03481332904818
75.89812566761584
75.01811208560471
73.69357724048707
72.02610690739343
71.60536260161606
69.89091306873607
66.44582510537164
65.67007592723365
63.49250044112011
63.42704294535577
63.39090250605934
64.10207067153166
65.84815115083721
66.15344643601043
66.92233126138765
66.68160795636685
68.14091253326389
68.1599193515902
68.29330141438562
69.02168151830028
68.5845588826844
70.29711772720296
68.01788596868094
69.56270600876866
70.95429673370326
71.36139878522609
72.5101189830068
72.43438700533953
73.39670773864974
73.58658228464
74.28568903140338
74.12770657492784
75.62823158622912
75.97721406295715
75.5230883976461
76.08992016405408
77.5618192977197
79.41393258463575
80.46404031556587
80.89334846537174
83.06074559037638
84.4899218784498
86.07965123214063
86.05955135132784
88.06043870972198
87.75992481808248
89.43464934366227
91.15136178996636
92.49669347084784
94.30026256457994
96.58435643263243
99.6473713978874
100.92257475182487
105.14036822385026
105.56940793473905
108.79610473803908
110.09833919600872
111.32290749302761
112.59435860417723
114.82487271326099
117.67723489342224
118.65636458842475
119.99696019737819
123.25956735981353
126.82600524984603
127.84992174954391
132.57719074001852
134.81076282301146
136.4334420639849
137.79739613454726
138.6699151862774
139.85197407579258
139.54754586887103
143.04188812222128
143.68977238859122
145.63339878357044
148.57817813031247
151.13144102209034
153.57814165885284
155.43336088050174
156.34748555436556
156.34826074613798
156.76387846423884
156.54853933115692
158.2640967765088
157.22643929501027
157.35936133319933
157.57304397043202
158.7081771483647
158.0780390233462
160.16613190572778
160.77167196873413
162.8082709364737
161.88996878960347
161.56808260583804
161.7798371824399
161.10908179812319
160.2114687818137
158.82810898145829
159.45891264508495
158.06467396527424
158.2960640975378
157.67147233794574
156.673809818493
156.49949305964412
155.65671595985947
157.2528791126713
156.58609959935248
158.17167926762366
159.89946805067672
161.14618050838084
161.82253296713222
163.66816119920958
164.05880900781244
167.53329990218523
167.3731284299043
168.85856130545653
167.8116075336109
168.2855172676474
168.6487754438612
167.7921594323601
166.93834023048723
167.36454606319597
166.4683829392786
166.4580058062504
166.35487206547842
167.7669159380863
167.4247115356237
166.5600805955995
166.97856049278576
167.07655647568222
167.6473147673411
165.84810808465315
166.2373565154186
166.43904929579654
165.76605608368172
165.32081761366987
164.70778279020325
165.55954488758331
164.6463102277146
164.37026689855912
163.94267258332957
163.32779241383847
162.75203185803733
163.14685027580708
161.10772646143207
161.20462015591306
160.63316718598335
160.0746913582539
158.47828138684235
158.12174686122955
157.52076067949204
157.3519997189244
156.85878568026402
156.40870622866183
157.63102301021243
156.52702363666472
155.55003540760626
156.11739373884987
156.01383669290374
155.8599915133494
154.49290626631603
155.27808876752314
153.87213938918427
154.16678784505137
154.12173261296843
154.0856029272468
154.09323862798755
153.11831682395476
152.81280602763056
152.25193865647526
152.29120994121556
152.1910911720152
152.01774191994656
151.1236665456822
150.5870543996432
150.3174855503156
150.82825626576275
150.65658439081557
150.794968082067
151.19917407155404
151.58387774680594
153.0041658431766
153.08270348807665
153.54732378771578
152.95171321039103
155.16854175774972
153.81842289530377
154.90979771374117
155.62678320891868
155.36025009291282
155.59563498531404
154.9860156386537
155.1362447871574
153.89503359763813
154.0819193448148
154.2424404449472
155.48631263924898
153.633154210624
153.336734390965
153.9382448838388
152.04370671148587
153.70476411264633
154.24379306639827
154.4636190519885
157.45932386772023
157.87912407112256
160.05872605538718
162.90201032848782
164.21829656975862
166.44454454788703
166.7064815975164
168.054354677016
168.19808164677795
167.3627369165684
168.530211551373
167.78368674212277
168.60185611224486
168.4372204340374
168.56630909829195
169.19803339829144
169.30583901782595
169.84725373397578
171.70455916950985
170.4637981151143
171.06146271732382
171.63544441813988
170.5902805430215
169.84236303450982
169.44775159113826
168.84277177269024
166.78127298047724
165.1795269974849
165.7047102852743
164.96863284729017
165.27174315265904
163.60572860083633
163.58836693158386
164.04646971539256
162.3029873323508
160.4071103172965
159.20108256788325
156.95487700860693
154.2026700835786
152.82312072658917
149.1089658576546
147.04310284396365
144.93094056225
142.52861998101469
142.55496246564195
142.36697420601698
142.22938057922246
141.20977177994507
141.90180127887956
142.43447539696626
