10
7
b
75.0423776196599
74.13909644126112
75.07141806874787
74.91133672324634
74.04243012040062
74.34818289485331
74.9022064924776
74.57832001982908
70.69195103866727
67.07263707695766
60.31786900133217
55.735403577399126
51.4105720900942
41.72473742966058
35.49887367496584
27.44712774399151
26.52245225397185
25.458396951454084
24.86640276021613
24.891185538513902
24.774852795468462
24.854467481041937
25.11807329176398
24.566048727380615
24.437397606371654
23.527216919375086
22.207096459504132
19.231238064916266
18.474260983199382
17.24524955906373
16.817601581418764
17.27539244962503
16.949499538947812
18.386469086750044
19.638875799812173
20.978023818154085
20.58466376017653
22.614227426881154
22.562600964026466
22.547666440427705
22.618104286891167
23.102436468371053
23.901946873067565
24.085933296086942
24.419544746947157
25.663096842147418
27.395955842098783
29.629549473120452
30.279787595689736
32.45544771113229
33.822817070806856
34.692904147621455
34.436567082218296
36.241066984174935
38.13000591296725
38.24905091316296
41.37652803499875
44.865432878279336
49.52086203567215
53.07032673150235
56.39704992943499
64.67409331992522
68.01356177543467
75.10955026683939
78.41225804188205
79.49415039700096
80.50360681620677
80.00594321086488
81.74869889178545
81.76538588166723
82.17146092466298
83.16949078793672
83.70289018524687
85.50590208011971
87.48523390054314
87.05008617035857
88.48118494554252
88.66389640071112
90.218787804287
90.76176605202886
94.41955817551464
96.64702286085388
102.55693495378574
105.77076524327975
110.5521140827238
119.30058592689257
125.52716393217669
131.98658071759564
133.1553843698592
132.80365688707363
132.06909472062583
132.69794989962745
131.66094481871252
132.47966999349163
132.32843482995904
132.6682709473808
132.5670907801223
132.12021681223567
132.6566652770846
133.0572951309545
132.92964903448632
133.02926437268476
134.02744765280946
134.34812678370514
135.78309647485509
136.59792941045356
139.4587889239342
140.7134094248577
143.2624010229462
146.47968313606341
148.2855110008588
153.0745422896163
154.91171918277436
156.5402350344155
156.86982014490383
157.4328961591593
156.59974751817654
155.13708200192343
153.39966754947875
152.3634560305624
150.3494514053138
151.38872288987417
149.92742417675356
150.02327673222405
150.53894208536616
150.36692938806942
149.00464739104098
148.56584191753996
148.40989939879995
146.8882494186889
146.0745195476599
144.46718361922606
143.66438295447546
142.8540355955384
142.22635514861153
138.34672447098393
136.48677385299217
135.78460156726663
134.5633409961969
135.1465173102757
137.5832623401281
139.67756332294732
144.4957305961833
147.0528888307965
151.1891348448389
154.0070399114478
156.39928334012575
157.24699581585958
159.17593839341203
162.03462126173295
163.13172078623683
164.68659584820884
168.9318335444171
171.639992239491
176.66401288060266
180.96971881421615
184.77108318291042
190.35741028687647
195.1751311234341
203.6299693590594
209.288205259495
212.7323424656246
213.62031067447592
214.3922957596588
213.59308283460933
210.9679707447497
209.53990329282422
206.59324866460614
204.73885316097608
203.64366019018402
202.79145495940918
201.06520066103928
201.08397055365577
201.12827925194804
199.83661367060037
200.8720903259288
200.02085065328154
201.04120615547237
201.94242318359883
203.94026671444803
203.45136768365566
204.7144908738976
205.20922594086815
205.39808186220162
207.68483858491618
207.91821021033945
207.78781787861683
206.9604741218522
207.13983151361865
207.15683000129982
205.55362804082372
205.55264184233565
203.56083675383735
202.63711004447876
202.3612377334563
200.49342774842643
198.18862897945766
198.12576568981532
196.77084659220543
196.58703426698665
200.23746460795408
204.01085294876216
211.15634460431508
215.2567242111117
221.440275568689
227.0683717702498
232.47661755581547
241.30387727534048
248.00901713600615
253.29048550245088
255.13120814562623
254.1105995195981
248.76037886531026
237.31867657173382
221.4170394625768
210.97843594005315
197.52312666019674
174.0638099850614
157.4103080228789
144.46488719879113
145.30642257000724
148.60430879641135
149.05481756999288
149.83431272509358
148.9393919648521
150.79987415572447
149.94388018197705
149.80540526763707
150.88671737504183
151.09022816268876
151.04273808562303
150.55673639864153
150.5093057485631
149.97521768471842
150.31628610664498
148.89992535759086
147.9023464053209
146.69515303217003
143.79436364810385
141.9307926127323
138.5939827165903
136.05360885160673
131.77546282967012
128.30571525437048
128.01555316243136
127.94205820484838
127.24377070190134
127.54706228810505
127.13703588940282
127.37212534572588
126.99164046446194
128.06898373629022
127.19846193565232
126.44046281118621
126.6492747029319
126.50107298407136
125.99899824232641
125.60195619117461
126.00198144574412
124.61976304468782
124.55286039801472
122.3096212157808
119.96297686119307
116.94941596163464
113.90166248815662
111.99962305911154
111.67968661562975
108.80743957994673
106.57675793929482
104.29021847399676
103.5504871038476
104.41649166502503
102.49071320943837
100.59224104102006
99.18626180286967
98.10847812512962
96.70623253475073
92.96689463971882
90.41173320963154
88.75477073053337
86.14307225068458
83.92578126329151
84.86880865843905
84.34747329367907
84.00406928531334
85.30752701960722
84.38545242677307
82.69825196007987
