6
9
c
11.89042406839795
11.594373425263525
12.14686224252796
12.38717083036577
11.616222006239347
12.290421991554922
12.146184982491478
11.086943942397157
11.639571090189795
8.87596024209316
7.995171709889396
7.7923227022554125
5.514200328005263
4.63056423251059
2.332675743976929
0.0
1.0683703873029036
0.4940382911426401
0.2897401299495384
0.0
0.0
3.396105305104844
7.1824580952662
12.661430289876968
16.78076394880557
21.736093181553425
25.471995851142037
31.733549375535397
36.14929184512413
39.51955440661982
40.92894686721836
41.41748300622584
37.905269904693604
33.94298703231267
27.48756085837998
22.983559092687837
15.483271355169258
12.045373557622717
7.667889394500231
2.186346977786458
0.0
0.0
0.0
0.0
0.7681216398664411
0.031544585256451485
0.5828339157965879
0.0
1.857871662206448
3.6546556239132872
4.301850528500617
3.562043192291278
2.3570813511426056
2.9847401482374325
4.673777534387205
4.4730066095418115
6.998763300270875
8.046186717721744
12.75859206524425
17.428075577467393
22.210949263506343
24.168034363990863
26.36277183297662
27.835479165744996
30.833611287049948
33.345868570977586
35.67929102630031
37.70569704154684
43.90498115411224
52.507913325669755
64.623388752249
73.49711593400968
87.12860572626258
99.78230962886919
113.15456052259204
132.71844730519442
149.01809394823962
160.19606496850508
164.3837031194271
164.24725335492423
154.30015933169344
139.63614649315932
118.98026072940239
102.70440728133659
85.10068960674803
71.51092489030985
58.70774919479003
40.33458518688099
24.788886519540387
14.14222223093987
11.945282093375226
11.976115324171161
16.21421889559677
23.153475484273248
31.384041639972917
38.558549805238094
46.28832779515557
48.9012196255435
53.401968993075116
58.802696612410855
60.992119799760715
64.29375266887571
64.83534865110853
65.9634763133043
64.06410782316831
62.1406111555944
62.63541321728085
62.01608495045806
59.62116111600164
58.041404151841625
56.71140310808025
52.76515063422411
49.03600512568541
44.3720357147479
43.23551689772915
43.785828202245284
56.315351582982274
73.8994107313017
101.97566377190523
118.52385971766479
141.54090742780795
168.49368041664354
189.35379006051596
217.5267945710547
230.3213585389541
236.4709562553945
239.66035903734587
240.72014771421627
244.8114283383998
246.45291081478695
249.20724135368332
251.23405168242232
253.25379144046983
262.48117651811015
270.1627186702677
283.9748412489813
293.22685734504734
300.7891855581826
303.2720666654539
304.2373483126303
296.10331789878313
282.8131201462616
263.9036772286185
250.13764611775397
234.89467572600668
219.7747850021394
208.3363373890004
193.66054455547115
182.25503542235325
178.04372628136443
175.73379599429526
174.32842691013897
171.14542194778932
168.37584047844803
166.21237428873567
164.66887111461713
160.7287570826533
154.72821905585062
149.12637026165515
142.94471668949038
137.04531958701742
132.96634179561192
131.71325906118952
129.85974607406078
127.57661564251669
126.33450409564189
124.41599472367521
122.0540721404667
119.6831237113399
116.08159168736424
110.33318188714362
102.33664410277994
96.83050962084687
91.204263813028
89.65995956302974
89.69016403484682
96.70656495263515
107.58376055977864
121.47951784838146
131.74793894976295
144.91125683980252
155.20435085553984
167.3154054601105
185.70002059861432
199.3865862283034
209.34640868808933
212.62588630985357
213.41107140437856
201.11235104924987
183.35608071931063
158.94854671751358
140.59400743066564
119.65487140594291
102.66484343917466
86.7744196250336
62.40125968752943
41.771606024261246
29.114474598617253
25.495159872096938
25.766167989899785
33.05829585403936
44.11930195898468
59.88914709911571
71.14201570073314
84.48085215971628
92.23479517623731
100.17167507002328
112.59560477286698
120.78592518588037
128.69509874847014
129.7819469182205
129.44660659021972
125.16429396016179
117.48506886613308
106.34251336363737
98.84439829811059
89.62901216520568
82.72258838678648
73.98897097444026
62.4205068283429
51.504056217469056
42.176157144674185
40.602063384660376
40.395256456018394
53.28715509675178
74.2179608953997
103.8782924639268
122.11619860854647
146.90970606998076
168.0555736235048
188.7740578177084
219.4132476100239
242.28757676738314
260.0822281150014
262.4624017794006
263.63752608008735
255.81819211573108
243.39625878192336
228.297843646887
216.2796398917946
201.96877893574072
196.97132967824277
193.09931894761456
190.74983955500142
186.3184952970515
182.06376924412808
177.7955286296151
173.81870036871413
164.06846459667435
151.64913370395215
133.39647781077053
119.18068563393825
100.78226373109266
81.7086487079539
65.5547788643997
37.769227997092706
19.03008642520372
3.7083508361353803
0.7188991024840019
1.9463760108659685
5.030835680901116
10.107658037423581
15.694474879806966
21.448914353144474
27.407432764863135
27.127288237632612
26.412429825980006
26.833353126169346
26.48672163050122
26.83370685869099
26.320511826720676
26.948622240125157
27.96766999841584
27.41472541833344
27.80816383744795
29.151524058315413
29.365193000867244
30.855784699176155
30.334573261792922
31.854296823779528
33.082266019549074
32.46058238904329
33.77670021138653
32.57742177147924
33.12583606913346
33.47804630004755
32.595932071410516
32.42842103230499
