3
5
c
86.91077507019008
88.36341654300965
87.64765533695696
88.89405214820526
87.76041871542195
88.27747182641332
88.48827431042422
88.34158135122873
82.67521002798223
77.78466836394314
66.97458423950278
61.039693016049
53.507632104508474
45.04401974896715
37.79017806909542
26.74856728854027
18.240997874923096
12.863734372520378
10.945188398144793
11.435933219781196
12.247673452436956
14.419241016406012
17.753650153142527
19.42825063668052
23.06823356243352
22.65640778830163
21.761940348598404
21.813877036344355
21.50938782200844
20.749467077838133
20.31142742564332
21.008948370174814
21.20329572673777
23.76137881772275
27.12571753215663
28.868241509235826
30.139626072298885
32.94680032978555
35.87300132601393
38.80778876454416
41.483132430738245
42.60763123088884
42.33038073312843
43.34692216977463
40.98116132859725
40.11285174240343
39.49089002541402
37.51158522649303
36.90156954618979
34.53101878109522
33.438611037026874
30.91047352530095
27.622907304498032
26.29016762647685
24.548043562845255
23.925780496035237
31.395060455338115
40.51918140765706
53.13670679642348
62.507415108765564
73.41547301532532
87.71542219793106
99.70697006761253
115.34306036571199
116.617640571813
117.69177141863177
118.34278727021245
119.10325480407658
119.73616133694745
120.62661219743393
119.84959654742907
119.42346841462707
121.0426035182667
122.69211507274963
122.80779738568438
123.91573822802557
126.46577707376186
127.16938376229861
127.89598577381847
128.63595548476067
132.59788846746693
135.33341888488226
140.6917767474789
143.2443869329063
148.8958668028965
152.45388301255164
158.19978891186233
165.1679788474733
169.4327690564232
173.3282505581568
175.10753295369895
175.49128033990172
173.22143566048467
172.6084732800484
170.36585507994587
169.06795454178805
167.10508759050256
167.4992721982145
167.17766799986202
166.6877071867299
165.86717198577696
165.70495350018967
165.75474995479397
165.9440154144645
167.6452596020799
170.73176899509627
174.6537541348861
175.70875625884076
178.9781071523383
183.3745892902122
185.46698223724778
189.0971522284087
191.81698744336623
195.17055986914644
196.0858340641342
196.73118280983928
194.47805233201726
191.21945413931667
186.747499116331
183.5892906362153
180.22498853724488
176.13323754908365
172.72519386895928
168.11057051535232
164.84567384902996
161.18897137689106
160.9647771849993
161.07989644285846
162.70222504255196
167.65682860123172
174.47080218080603
179.42326972799987
184.5037256175107
191.85255998518178
197.70416668571784
203.14498475983603
204.9837611829568
204.92707148248073
204.9101126985499
203.75364097641884
204.42624751099095
204.68796827655748
204.5375390885512
204.33849296949148
203.8764954666042
205.4580118015417
205.19735794279055
205.08397810192503
205.425582742972
205.1223507239189
204.91340137531705
206.71084522857475
208.3415818389579
209.21029166792314
215.57093356684058
220.91883433429973
227.23862594236365
232.35746214174907
238.09782804683627
243.63031067979233
247.87918079606766
248.98616606404633
250.5448951212059
250.88466791274314
251.25699886627794
253.12029513214492
252.95449135414157
253.41532569319799
254.55345193928437
256.1039087250103
258.3336609737753
259.207740853108
260.25395483187293
261.6105414127287
262.98422757557046
263.6387520644719
266.3162801395948
269.00786572136064
273.96041874881826
275.93164922643166
278.7392304210563
284.2049986656274
288.3769431474542
294.4171307665505
298.9379429107904
303.21457966811465
303.00912423097367
303.7972898104571
302.02133332273263
300.62514599673005
298.28890413366736
296.0542174821774
293.79300160136154
293.8229751468502
293.0064597246841
291.7441395533615
290.746427863265
290.12530680400266
289.7248747048279
289.81434675802666
290.11614682110064
290.85459159484617
290.8842874178368
291.014478232835
291.5500095472626
291.6234792525998
292.3235586860883
292.30404351675185
293.1975382958454
293.6051502549188
293.49393392771594
293.0093536199574
291.6375502049028
290.20361674551594
284.8914804488451
282.831807493968
278.6798747919908
278.24099386717995
277.4845157679875
275.65238517638585
275.2105954667861
273.51965890837596
271.11712462101207
270.0953630195313
264.52331670660897
259.84166116424063
247.76832882707248
239.97251002147078
229.5264366974297
215.6030322625486
205.4323328973882
190.18964209774012
185.805534012474
183.97131507787427
182.98609492904865
182.7585246072409
181.08832306440706
181.00519229720166
180.31242587446187
180.29516072711857
178.52516570434528
175.27093376475614
174.23757518052795
168.8206424072248
166.7827168190316
163.52591344550575
162.36981397042683
162.8636127448041
164.6573655184475
165.75611917527888
168.87558598142792
171.26990095354634
173.45319226084843
174.89941768222448
176.63953914828315
179.15339782500504
180.75617268584026
182.131979257586
183.1219008846627
183.31965522614254
181.9036169590626
177.87466915220764
174.41074614192488
171.48518072229547
168.0895580215572
164.7663217744369
161.7506335569219
159.01793975269555
156.45568603367067
155.07597235547829
154.25575017290797
153.9270341354466
153.12087935483603
152.63725328983543
152.15516744361784
152.3850528337672
150.7813859183607
148.600186184081
148.18984041800607
145.83945029558365
145.21924135873397
144.60466925713385
144.48699120314836
144.07031252674275
143.672297865938
144.2356500242933
144.2036247961731
144.69594399351004
