3
5
a
212.41984408720128
212.01137644092117
211.75234292008753
211.9907730994419
211.58390740247222
211.8856749478076
212.61827828285325
212.0338743032533
203.99480731135557
194.00959945522155
179.7233357507739
169.80910416802018
157.1651048033621
143.9882028937415
131.20861816177694
113.23967166630916
100.16767025872524
90.59827576848066
88.93105820068976
88.51075535682402
91.00453518473418
96.05163576664164
100.51661614858602
105.98520625925222
109.3372052295453
110.56766182619997
110.70477833284635
111.27090773572877
111.86847582764098
113.78738811986678
113.25452813410364
113.82787476708464
114.9302815247142
116.75675681446727
117.03438663641118
119.27726172035821
121.28612454462498
123.10645650655097
124.69052806944592
127.82762728041565
129.20438357050736
130.46060079145562
130.85903634219773
130.9699923789002
130.00726764897277
129.70856315546914
127.300338508381
124.57768103332697
125.09261290664647
123.5105830140304
122.16184870241729
121.63675006125318
120.96317015216648
120.36570413586539
120.78193274594426
120.14441561633285
118.78203828679253
119.39868206630823
117.93455435929141
118.08636465487746
117.08037482453935
116.16688904067537
113.8570294811503
111.21673312721049
109.59236077625076
106.81756143290207
105.58194156963576
106.1710872181568
111.00067978297832
118.95769966077403
130.72762962706997
138.2490572517293
148.69514803979962
157.6437982776306
162.99315927869242
170.02024805140613
176.22181120631802
183.41319051016933
187.58636134133454
190.72832151125823
199.14610121927916
206.50361326565016
216.43372303653052
223.82051498507707
233.90705618955153
246.02355933077664
258.44790492181914
276.72357698372156
289.99927756063096
300.43496117157224
301.6056471261561
302.8051365912419
300.166391003925
294.63956702795355
291.04009575575054
285.39649003322455
280.04489234760547
280.4921291177527
279.9740472900374
279.9458234906145
279.96526623296364
279.782227047167
278.7972773991097
279.53923988905615
276.3566352849695
273.98263688159557
263.77395783019284
251.71650158104123
237.7927180414129
227.78498578132488
218.14629714194962
205.43287628349478
193.4926696757333
185.44471274585555
183.52714724879286
184.16358772914634
185.90785088061583
191.15846393109814
196.7831674490671
200.5308057018208
206.17813752597277
209.27958348219187
210.16377520782243
212.57089003284574
213.32498847006593
214.46595965676462
214.29555353010798
215.30648563657277
214.41901581023868
215.2267752706688
216.42486140492784
215.62876248600995
215.80911477495667
216.17604885842533
216.31695050783722
216.5804794272139
217.45731310508307
218.37174166279013
218.2715136295706
218.80900565785512
221.71316606643762
222.70682628218128
229.61973943178216
235.28381403262188
242.03158143877417
247.57907579689183
251.27980669018126
259.38232051516167
265.33369898073704
269.431529849534
269.79358683867605
269.7185233252139
269.4601424709587
268.6569649204726
265.58343844154797
262.7487910950601
262.49282891962
261.9976590057277
261.18376770405246
259.9907733511423
258.75137432725023
257.1346673721998
255.65316893583915
256.78767557478085
260.72384647300123
268.00399903082956
278.7803196929617
285.92658083803707
293.8158481332555
303.1402978964534
310.84554488989136
321.1554502269162
329.8308057684605
337.28833682978313
338.63354727159776
337.8767591296175
336.1960878575947
334.13102421098483
329.8871273207964
325.78463393133507
323.4995087843316
322.78235860684345
321.8615942580239
320.3223598626076
321.63745163223336
319.64793190953884
318.77512119077085
319.0123962289236
317.34230642706837
316.7511280302504
314.5501830376071
314.0584850183049
311.9308931290941
311.5905567590257
310.6556554378099
309.3306858954283
308.4649632672548
308.0895000535821
305.42641799414855
304.6545398762676
302.39903568763646
299.6858029671467
295.2714122687627
292.29509595272754
287.4671921919814
283.27911104210006
277.6804882687261
269.9347912181429
263.2199334529098
258.5254160156979
258.22982038389296
257.2693282169364
263.82823928075544
271.33729868981715
283.3121996603232
292.20589041337803
300.7827835623428
310.67463352671143
318.3072019562769
330.5325342625368
340.1651373859164
348.90046071531566
349.0948572948844
348.936654676603
345.2592455750844
338.255763919584
328.6522902839485
320.3047659087037
312.14936330827794
307.0313171869774
302.58137429581745
297.8050662788054
292.82921978014093
289.06039763052553
288.6275489242413
286.5789191301677
283.70320868406907
281.93351391652976
278.9948409997532
276.0714560447688
273.20388974727564
268.50391661969155
265.3113851734289
260.3479453360917
256.184590719873
253.0395360011309
251.8926948809156
251.67836269194927
251.13167525862812
249.72575196969927
247.20189596691557
245.99526721214588
244.29840556285697
242.44446218363294
239.64191404581487
233.41168662331563
229.902460028223
227.5275004139503
226.3379690994635
227.57015494181636
229.78057149857645
235.95247202716214
244.00215884200813
248.8083974853702
255.35555474157943
260.7848633504025
267.1839911395261
276.2108878274698
282.6178473719054
288.0978700227547
289.0587824637813
289.5366765052668
285.15039777266435
276.95368306232336
265.6108090187947
257.08542728152014
249.0036930641228
240.64581965021875
235.2104629442952
225.67166987699161
219.38073879439847
213.7316869866967
213.1044978396056
211.70833081414528
213.28287799301836
213.30362858069105
213.3937761193602
213.23568568804504
