10
1
b
160.20397242331367
160.12170883999082
159.78450959938561
160.58920359683
159.68512738158987
159.32037140063048
161.04088632380314
159.1224207990846
157.12959481167746
153.31367939415173
147.11180328145647
143.99530906654584
139.54876284452166
133.24611143737295
128.86304076871983
122.99940267052007
119.4386554053006
116.98546864236035
116.29278109365151
115.84158116313236
115.27391236643338
113.99763161860967
113.6262754601445
112.30615602433934
112.6576743576474
109.57552523008182
108.56982149186035
105.95356419527117
104.79454104477449
103.23037624884869
102.80483105582813
101.05939113777634
101.1080532528882
98.89084574930526
98.94736609571144
97.99103573074477
95.28371610317384
94.0168494932332
90.44477650987204
87.58585808334794
85.42019574775115
83.90121400855975
83.87529715660699
83.71675461984367
84.93828120679252
85.1080805268414
87.0463327623039
87.3704497988195
89.8195542568425
89.41833751682078
90.41136713389668
89.73598070032645
91.04645322499665
91.00176541214118
91.11996527293019
91.96401749467026
91.98911427612133
93.06942103564757
94.22816469212117
93.88850475057029
96.0216550471744
97.11569993412904
96.44555480312785
97.75692508446231
98.48132142153956
98.40130213025702
99.81003098945045
99.84104440317742
100.1942680204365
102.80095762539673
105.50253850418206
105.88258914551162
107.37226665538704
109.252287417827
110.5717721917794
112.45119257127189
113.51166675342218
115.86335650849347
117.04598788014864
117.10380546214317
120.38008524584016
121.97864129421697
125.29645032579337
128.43325800591973
130.82727794226835
134.20374168407398
136.3582654583919
139.17964949102236
141.89388582200263
145.57905100582093
146.46581320758173
148.26478840391835
151.01339181616376
153.47656989314433
156.49077780428544
158.61846335224922
162.15200021348375
165.95924745556894
169.0763193272264
173.5195844936473
177.31444434386157
179.17132710418755
181.19339728012778
182.79065347656066
183.10660789776293
185.83950024055764
188.1367336488971
187.7168857492638
191.09826097433086
195.56324264184417
197.54606413281653
203.03433654668285
204.5154245095323
204.57281463420188
204.00643273727434
206.21950269193067
206.0367395689804
207.25912637470938
207.22828128007882
207.67584183264864
207.6655221350883
208.4548820241655
209.9695930432704
210.32768404711743
212.88951738702488
213.51940048979685
213.338186174414
213.76682385332938
212.85133051208626
212.45125980817326
211.72431884222954
211.08636273443972
209.93587489472867
209.212414007064
208.53092002665616
207.10868833805844
206.23986672547701
204.79164837165462
205.62137574418423
205.6647998961338
206.74495228196778
207.44050231276472
211.0854011582939
211.77598241665723
214.11084057328182
215.109078084612
217.57619012638162
218.76509513093558
220.50210417409502
222.38283246520234
222.2298089615182
222.05276537975652
222.28253238834697
221.95977499595963
221.97580065952957
220.21224888716637
220.53267551276048
219.9646061587209
219.30170678895007
220.21837792769057
220.4616761295521
219.85893429575623
220.20087612514732
220.96458736742733
220.2642342777178
219.8471606852651
218.94040780183371
218.69819900053557
218.00110646348213
217.71686137128648
218.7880727515013
217.07945765687046
216.36036450709267
215.3735851654691
215.5969588270305
215.33844467009627
214.05976555250754
213.48566347103974
213.92035153798776
213.01217790312768
211.43259544052643
210.0395487976738
210.59562092974787
208.65345609465155
207.3549499027689
207.15008883403092
206.21945626549524
205.72134018782577
206.3363714963447
205.7786449562111
206.2667740809659
205.67304357605082
204.96517855608985
205.68656765338253
205.4645788788045
204.68368369851785
203.46836096971046
202.7190784273359
202.97207300252606
203.60272014174512
203.32150783037693
202.63239690573917
201.80406125959516
202.15866247502444
202.04985892117008
200.85712165424965
201.36208317985006
199.48430184947253
197.75253903091843
198.63228290331077
197.7224593144804
197.72489576200687
198.69234542083422
198.48413384484542
200.84207249831223
200.2960855210472
200.91582803793585
202.50676487094412
202.53113664737046
203.2037073695046
202.77281477927565
204.8342300383119
204.10546893228687
204.61378842104426
204.51557817311223
203.3044556583547
203.21012146794953
203.42074759736263
203.5954959121143
203.0906189543225
203.55654843212346
202.18406294430395
202.12322564292293
201.43355333919237
201.561171375167
201.5665421206547
202.39789274705896
203.5224674708277
206.54733572395384
209.95501862024418
210.9299183481503
215.48693318072054
217.43498572803458
221.9275947567406
221.06014870934345
220.6849896636597
221.94418142136206
221.39340604073027
220.9940972974283
221.50524002666924
222.43962399401215
222.40765902025748
222.4638539212049
222.51291168729998
223.03710108189674
224.1075053883906
224.15150076612954
224.64459749455327
225.76450366548542
226.31256126973486
224.8360020409659
223.76362863194433
222.61416904263444
221.64603781374066
219.8015449524622
218.6828340807645
218.90564083573486
217.96793898546963
218.37897045224625
216.408337916705
217.16202615212276
215.60136858671993
214.41493351590984
211.83258934851122
208.87344469225977
207.2264431590264
203.8538689880876
199.21543695958925
197.92822484338237
192.66312860418813
190.45491497892027
188.60688779014333
188.12966731734062
187.57811214666913
187.66913374523818
188.0960189125333
188.12198058651006
188.20497030016764
