6
4
a
138.614273414803
139.18681349024308
138.74680253520214
139.32035565614345
138.76151316472632
139.22694100901734
138.28252811305958
139.2497007985038
133.7587127370821
127.83210328468785
118.13701020119079
113.7541827129649
105.3829625176592
98.51430880381406
91.55359285026655
80.27477503933478
72.07361284607308
65.96964694682204
66.42840543569723
65.27725128521767
67.34539195538262
70.13710692601434
74.37814069054723
76.34024726681876
80.7773040836066
82.8868320377107
83.16867415916285
84.55918692858813
85.38945987092497
86.46566293779071
86.07596967113464
86.27014837637363
86.70661458774995
87.99974524464874
86.7082910369525
87.49133139293338
87.58340412311303
88.80627109364626
88.70092415695197
89.32502642274662
89.91738583381692
91.04823790801197
90.80328391831009
90.59644163929381
90.88926109732967
90.64529286831277
89.49441264762758
89.17254494160936
89.87886683073309
89.50881469199525
89.43970747254122
89.55386466385639
90.42949283319086
90.97319292092206
89.64528142612563
90.35801236461366
89.86232937232414
89.60918044762087
89.75616350279942
90.34625834941423
89.3529897873049
89.7278317139709
89.30878271930119
88.95198133553815
88.46264882463342
88.21377805661972
87.35007919850187
87.76027952739545
89.63493257442661
91.95295734429727
96.10418301278844
98.73829213726236
100.93499339880623
105.7340889537817
109.59203369105404
113.5438346655528
114.79984702425969
114.28650687444284
112.79279399846945
115.23538600197914
114.04849319589667
115.56915001608296
114.3350453589325
114.95269659030546
115.54171684964359
114.73731218877272
114.73504932392152
115.01954396200048
114.16951668383005
114.40694021637994
115.15672746840987
116.10356873590283
116.92112770557034
118.59238656212875
126.07268327199941
134.4628029018013
144.1135602097169
150.05833907950813
157.36204371109045
166.65989714375314
174.17107377702752
179.7013844823446
179.969413976709
180.96909381277428
178.93822225380288
177.1898422400713
174.84366105334348
173.14967762406096
170.8417449866246
170.60823607493307
171.32423053073302
172.6722894877903
172.0463446202557
172.42605697457614
171.99080400875167
173.11881025943566
170.7967707284553
170.15526812730562
166.45907599969695
164.58664926094113
162.02270590361695
158.31258072662968
157.62205678783698
154.36139188563564
152.07461885813598
149.62379448392187
149.2930778354377
150.10022513264917
148.91594887659485
150.9753216967726
151.4842865623611
152.8957055973969
153.06166714609657
153.12972820043302
153.07366404497384
151.35448306614515
151.03940431622323
151.28301719150573
150.40456128674987
150.23565429213087
151.58715017733581
155.32572653636225
158.8448555014258
162.71884997395884
166.79156233883708
169.2608712636603
172.90911764946424
178.71827408813942
182.58293308741284
186.1216372955352
187.41601094606094
187.16083477528775
184.96612667939448
181.68670910510318
176.640917393978
174.20866302518894
168.0735824184914
165.63555979635174
162.36711430711762
158.58860525136902
155.48405992849135
152.34231853301523
150.1386917003103
150.38614078605283
153.95726282138344
156.80255211598674
162.9354400709157
166.51399307212714
171.23938212787843
175.1436383321165
177.0327333397878
179.65856315129577
182.13652502562226
183.99355723748025
185.45680798224228
187.32138390686495
189.54996437969695
191.82861726190268
194.601786547733
197.54649570308206
201.19979068982707
204.08411511920195
207.3196679963615
214.87157532544632
218.3585011705939
221.63877670624558
223.0026879764739
221.84654368963817
221.26385932918978
219.84190121028394
216.46080447798562
213.4378045077057
211.74446119959373
209.96874043431814
208.6229875948485
206.06635777498425
205.42112707973615
203.78746611396474
203.7336430732352
202.7741685081784
204.88158338569488
208.41503642710427
211.61736673248575
214.89351639870256
217.90906262256556
220.89257008981147
224.06575585320888
227.40720038252545
231.67610330575857
233.44331087873033
233.97494189691434
233.5502485077917
231.92453559953398
231.71857840306646
229.96368905651696
228.23892077134028
228.0471586232987
227.13126087893653
227.28887144713525
226.56135400394226
225.9568837790603
226.7190681951628
226.68421176013754
224.74166603515604
224.29149592284242
223.40606511207395
218.64680831611085
216.5734002216858
211.35827148680633
206.9459219633734
203.22213412618007
198.7632837381638
197.08537435073237
195.53760771272874
195.24960766582595
195.168315892921
193.93071175507873
194.71307418603686
194.6077813071014
194.90057780581
193.50880138313045
192.78679931072767
191.3473978280889
190.61952616844394
190.2753950821812
189.25675251895774
188.04443282643533
188.4640317470364
187.37532477143392
187.24133481931443
186.05027862908912
185.2657409920455
184.81379513474005
183.92470642673834
181.94119915803438
179.8741863825142
179.45829609916981
178.56329723108576
179.2358651283231
177.98127878465343
178.37579623699617
178.42268207902396
179.74870180637635
179.64772062696346
179.8496687809233
179.91116127926793
181.24557465805475
181.33110414507
181.5111932258349
182.28444737735876
183.09377573246263
182.26644928296585
180.912904701256
176.89060038210448
173.5819561436702
170.29336512329112
166.97467688814325
162.8864153188179
160.012748248824
156.0716443721009
152.6634129956794
150.58136164507042
149.42196021800714
149.65371794509528
149.68784640704916
149.9178903423009
149.96608976401254
149.83153552204752
