1
8
b
200.95023187250143
200.34758562360827
200.72108982786804
199.82029344475575
200.4805527996933
200.45166303134798
200.7604694238646
200.41829489843244
196.45178056635535
192.4899010812424
185.60073906288665
180.3217973616551
174.0984934469431
166.22375512061043
160.77681961808247
153.80311720355363
148.8346154992845
147.18264283252725
145.9665541867512
145.290537852975
144.4290955557121
142.6184483354713
141.67759773192628
141.36048472161514
139.5868993832521
137.7690819494782
135.85767462695628
133.67695509657275
132.54607438634113
128.75649083224332
129.15598045875876
128.3630809339821
126.87900163819319
124.56971116476592
123.24290695119345
121.23858947054303
118.82447081324993
116.95547166584794
114.8118458752965
110.32841114371625
107.53560908578685
106.26079943796117
105.76558268567287
104.70290774026891
105.2108112426688
107.63564860432754
108.98364529555612
109.48264836093591
111.03516077522927
112.02443630092408
111.93750291053524
112.80584156664706
114.12889084741263
113.52446054502015
113.86470189959459
114.5439639993817
115.79881556826902
116.53812325820354
116.97665233403791
118.29997882823422
119.03461212619513
120.39119632512167
121.6709610109922
121.94167501794148
122.38746314004766
125.09990177177673
124.73536196571416
124.90792211325254
126.84856926899003
128.989826588272
131.09520261759457
132.41394129237221
134.7699675238672
137.2415397288587
139.1132191691471
140.28655004371035
142.3642145791762
144.6527595271991
145.5971996612484
146.81577001402596
149.74795408672867
153.16030764535833
156.94233040554582
160.60913274304494
163.63153645422523
168.5889051678088
171.1510922767975
175.2437373496178
179.02733489901956
182.06727100914583
183.43320567837466
186.02849937616764
188.9378914930543
192.16799412878848
195.06359607104318
199.65412393616745
201.88160722332356
207.91266087512915
213.2610077960918
217.6387472923357
222.32660620629213
225.33719318165234
226.45134635341682
228.71300075346315
230.06715519026574
232.76805083511425
234.34488687533948
236.8368505845751
239.14688193994655
244.50792436618906
248.5841662012564
254.73996521587148
256.52118439191725
257.178142630414
258.0021314186705
258.39469461666977
257.89491217761963
258.67658330657065
259.49412601525444
260.096189365956
259.90321652526205
260.62885013222603
263.0627208496528
264.65831714494897
265.80523859374597
267.5219518230214
267.49529539100354
267.57760773272366
266.83098524302846
264.8594206604924
265.37917812150636
263.15197287895444
261.9160491454331
262.36531243817944
261.28252180657466
260.1315396740241
258.70223807424327
257.44817747214427
257.48101927538113
257.37838576501065
258.70505526508407
260.2954696588482
263.02182416590637
265.6392900063574
267.37961969220544
269.2271298312257
271.26740720335005
273.98378799616245
277.2895306291686
278.28434478422975
278.12573654951757
278.70275675611464
278.76337844512955
277.4725200106133
276.8928017969418
276.63785477396647
275.17521164691584
275.87142231126705
275.30332050351007
276.12353939725267
275.8381935402316
276.402170560695
276.13762493134004
276.290624529427
276.3068375933509
275.3154779617226
274.41076185813756
273.9099446891382
272.20326601643995
271.8334640961217
271.9861899280355
272.3081222071766
270.8433499692462
270.52180881171097
271.19596231770214
270.44220506809216
268.960942147575
268.1445014197035
267.32443018711314
266.83144241916233
265.5541845967333
263.05999537974105
262.10541663152395
261.094927068888
260.49172761029865
259.55438408763564
258.4022030332085
259.0667381472222
258.3193581602182
257.6745552122042
257.88896112233675
257.76712986327044
257.62647319799737
257.6786196079325
255.93934328304192
256.41513891824405
255.36201051122083
253.79083926418338
254.37274877253415
255.4037001576722
253.83054162519696
253.7691233946393
253.84094708501095
253.1930557971001
252.58818797531913
252.88912192893525
250.52157428183583
250.01613920654626
248.86057206668121
250.03331375807628
247.90887699890735
246.63358860634335
249.00531397577828
249.31920438394772
251.3361903891893
251.68343768988245
252.0189970518174
252.35009681613977
253.32214673419674
253.322667759567
255.0503748176325
255.9589812810867
255.64698625100368
255.98234628189337
255.26861874853597
254.48368851641254
254.85854075224648
255.0601476414909
254.931198033105
254.31880889414305
254.33305084979614
254.76110891481144
252.7891740375426
253.06492300029964
252.8959970785316
252.54902231815004
254.43244437330125
255.61936038769954
259.5072401434533
261.7133605637736
264.82375942223155
268.38254625614854
271.7145661984986
276.331047677257
277.2752640208752
277.58215070917663
277.1644117818119
276.68687874546106
277.6093117468322
278.2457517408133
277.423603820207
278.394448702746
278.92091499615685
278.78739750583634
278.95052578065304
281.20119240787676
282.12203613006204
283.22692761024746
282.36051793929454
282.3248648608101
282.30786581219587
280.91765553731864
279.0404487917715
277.13065477597047
274.74299272890204
274.9903820789644
274.13626025310754
273.19072906961577
272.1835012545443
272.3437249177745
270.6321730262796
270.0800665364203
268.6245187994828
265.6539069901851
262.90979542649006
257.5437130566287
255.41718110289344
251.64490085155157
247.72353032702028
242.20987415117625
239.257049308574
236.4699758231604
235.0163312294784
235.47395557602573
235.8885599983377
236.12982579598707
235.02744459273853
235.28592538932043
