10
4
e
226.0693542169893
227.28726895261516
227.22042769683088
227.40625878915907
225.7643918099878
225.71938522205758
227.43018380180774
225.73541721273614
218.1485001536948
209.82066872813814
193.91880709449134
184.51852041490272
173.36860129244573
161.6575844559103
149.18311170341113
131.1032468510358
117.98907870513341
108.05624503779342
107.49890515294302
107.01412452133641
110.07471680911134
114.22544455994098
121.70802646794573
126.47995043730774
132.0140308744059
134.2551869844398
136.4958127877471
139.18157775984977
139.8545786602361
141.2504236659179
140.36485492970695
141.10881813453835
141.68132402858114
141.74159002046338
143.16734544240586
143.63032961731506
142.93019353504488
143.7644742997875
145.39308141756712
146.60033161082026
148.12220810407263
148.63588864244485
148.60306697527474
148.91445057427262
148.19085274475393
147.5681601265148
147.96308072752115
146.59376766100823
146.9892506821514
146.53102049078723
147.61727881018487
146.70614757453316
147.60906030132753
146.84823450692548
147.2961322310321
146.58420967477034
145.60752166661027
147.32131779838937
146.53621639651917
146.928432385749
147.27107305500633
146.80541276965948
145.88900141059145
146.50112658805426
144.90883856437256
143.88884608913844
144.02835392686123
143.03230572468453
146.25426561316993
150.4500562797445
156.58164585156638
160.18488591855373
164.8637670952495
172.50995150001
178.77401995833372
185.07855036309883
186.28161069053934
187.4320960925491
186.62661630689496
186.63736378963154
187.1042859880169
187.6373878788633
186.7729703135436
188.00579953272705
187.094576280472
187.9984038702247
188.53390120467338
186.9966832706374
187.49473449131247
187.65189561023266
188.50999063632503
189.39162284487935
191.42197751549315
194.76708052042449
206.27001796520378
218.98272264380898
234.97388002428968
246.30980903849692
256.70284322433344
272.8119164228087
283.8260724949456
293.0014715924483
295.16723479688443
294.1344909167397
293.73681150498817
289.1827341286241
286.5967064520064
282.0997878717662
279.096251125779
279.8881754954929
279.62713403621564
279.90746623178364
281.59621562862986
281.9612445042094
281.0738171708396
282.15217900920214
278.74987762051364
276.18626218511355
271.72251129774355
269.22831202643476
264.3293460786982
260.7631036115444
257.02623352405067
252.65865470614617
248.8630373302254
244.7567510723767
244.93229798503913
244.39695513774024
246.07120364843632
245.51177862069332
247.41602678767106
248.52386600165477
249.46627982073397
250.16609896731782
248.90952164625213
248.2799795095144
247.3582686043631
244.966567689595
246.03387228354137
244.83800905280796
249.1601472623269
253.621802098183
260.4973442956282
265.76632324488656
271.2094423830902
278.58744707879066
283.1248332715838
291.7157094310904
298.98182866481187
304.06238257008164
304.6627817660818
305.96428937505044
301.0221569291196
296.99385407103085
288.06727947882956
282.0439055276943
275.1165295790345
269.95677092812684
265.94949717859396
258.90166305930103
252.67984606853668
248.337949816504
245.94906732051396
246.93229699308864
251.33953878027393
257.3903946420803
264.9288312785068
272.0589960990694
278.8014550297746
284.4652389064548
288.95275766869054
293.098712618034
297.37549040241413
300.53193634936014
303.84050330872805
305.79846231816424
310.5929599846754
313.69669804532106
317.90592188006946
323.0588725579448
327.07629947393156
334.31205276197375
339.4931064445619
349.275514943504
356.15569987121245
361.85214625070984
363.49908087963877
364.146297436392
361.84003733026987
357.101506231853
353.39781518746776
349.649767589281
345.92684443713614
344.21476379662414
341.5033725110997
337.39408571172766
334.5864532874034
332.53156791851814
332.7753980331057
331.77217797942626
334.18092811949094
339.0386217044329
346.46246322649347
350.724381288114
357.68204856159423
360.7319116347552
366.0670524197427
371.7762331229252
377.4398145010214
380.4289541107893
382.6375160976984
381.94463381473327
380.39887271491887
378.3791773521678
376.5952390084203
373.0009410400033
371.5063276391979
371.1628564510301
370.4503911314093
370.7461285049017
370.28424476108705
370.73297947271175
369.2710281908578
368.4494376735691
365.05447564110455
364.1975904236904
358.4411143870953
352.34503432812664
345.31401054119897
338.5225695659717
332.13215751450315
324.4104096112777
322.3554361143498
319.8855597732955
319.1067944407151
318.6464029841284
317.77574570374037
317.432787815513
317.84413276927097
316.99821946268054
316.1469225775412
314.5332552129363
312.85110731129913
311.7098878388721
310.59709582285313
308.03531054023415
306.6692807023886
307.3511212049721
307.14261486123144
305.33920065787294
304.50877377460085
302.6953375212789
300.9759905050113
299.02170408503065
297.515506040804
294.2400602814791
293.5281979487706
291.95277660112197
291.9912757887502
292.0658352219011
291.70357915455446
292.0986266022435
292.27610542372463
293.1594989848001
295.05927267552977
294.78699851504246
295.1834697982438
297.15188852879913
296.5888840436037
298.1010637176436
298.05491414108684
298.44686492815214
293.8759319257275
290.0594339238514
283.6571788766048
278.26920357635373
272.3053440052625
265.8564289603351
261.47130383357467
254.7671642773799
249.49741951027283
245.36703430642473
244.53111782756622
244.2840186884374
244.72587831905435
244.4557729846417
244.216806052212
243.9661355258382
