2
7
e
226.79684393612703
225.6075698943711
226.75329508731653
226.7947840372936
226.97879803829053
226.97313615823433
227.03486304046845
225.71864405086782
219.0558476348046
209.99637590125303
195.97384886636522
184.8574146350649
173.5682478090272
160.85034115175858
148.8854316693892
131.22221417736634
118.71297457571937
108.79732615578675
106.42290015709908
106.02171058852824
110.07566137374985
114.47629701690605
121.28048616216807
126.96463569425936
132.10165887273573
134.05997848546306
136.06592950774237
137.9668203488126
140.5854927373093
141.1185537874514
141.76930662636005
141.11932592143734
141.54374286391487
141.90976396846003
142.29845049753783
143.51612773308025
143.07133152968242
144.2940250681199
145.6005135844579
146.32686926440235
147.35741728913453
148.22214480743622
148.78488697285707
148.04092021543002
147.42776959267835
147.81775282663864
146.77668943604058
146.8693641592456
147.90632923308274
146.75429246265614
146.56786912539062
146.45659483277453
147.32167409289283
146.7883407734547
146.89735994058708
147.82360717632054
146.7108057018532
147.21103263191165
147.60445803007903
147.13517739473994
146.8319264656098
146.42594925688257
146.05483412768592
144.60615760848145
144.7104973825361
143.996169975637
143.49905843113086
144.2232187930797
146.0122061883419
149.5977670610256
155.63072201571106
160.3799717339713
165.34773455662165
171.562147142641
177.93526281494556
185.70365923243418
187.1220655281311
185.9647320307562
186.1493739715687
186.69975957741354
186.21252509820027
186.82894989800172
186.7788400977992
187.58574190945566
188.28129601004045
188.1422679321886
187.45580129990805
187.2505506618882
187.71413522317388
187.51227093003902
188.02738124502204
189.51400501699194
191.1847496797993
193.29356294024143
206.19499569327172
218.42896079968853
235.19611918112219
246.6825421720401
256.7011830954369
272.708438435069
284.1565158324344
293.37182542412745
295.1548824615908
295.4646715872777
293.0701431375527
290.23328080391013
286.2865481800015
282.0520595406047
278.43447611099157
280.10039598999833
279.67297145200496
280.74000955291626
282.4305357188731
281.99266144575734
282.40282224057063
281.40874636579514
280.9815769329906
276.8905117273093
272.2851443856643
269.01877993586686
263.9969561300934
261.25346939245816
257.23657913035044
253.20160275390893
247.6803859367219
245.53971801908372
244.70164930683666
244.30148978290552
245.57337979662563
246.38132869082386
246.99721709026988
248.9921383503599
250.1665434163591
249.7244962172547
248.46825106536213
248.1525406606996
247.806053854055
246.67899414758483
246.02579631975192
245.58981490309876
248.64811189038676
252.82988161117154
260.75046230823034
266.06813370030346
270.17736570065506
278.0691380231609
283.34273452736574
292.5450317870992
298.0187592985113
304.0844964116212
305.7919008696431
305.56544065051054
302.25378666330187
296.5859288619768
288.33038592091077
282.4099662153988
275.9910925450159
270.7919546120705
265.84236415799654
257.9456359786897
252.86970460801837
248.67814585918268
245.54491495980994
246.00390499573444
250.29861512613243
256.2838791870894
264.8114117264227
272.3880113613569
277.8970112722683
285.0016135292534
288.45845171860594
293.6835125741645
298.05071877683986
301.8449624699905
302.99066807585416
306.45144623187014
309.91937858259456
313.2726868777885
318.68943674064883
321.3563708483136
327.1470953542249
333.46487087721107
339.67944479893185
349.939672323639
356.52227227340154
361.85618739239163
362.4620412663723
363.32886144251137
359.7703893754051
358.3828851306727
353.3066203018478
349.7001016376385
345.3078299327411
343.076230799524
340.76693748724995
337.1804494624864
334.6926840012589
333.1583457231706
332.0911192868694
331.2526577700828
334.3588513049313
339.36568474534636
345.45280116079493
349.7994770213213
356.4037643658527
361.6944744785225
366.0501852001573
371.7272750557148
376.7179224023105
380.72525195450635
381.71926150476037
381.3894434837223
380.01994784543103
379.10673453541847
375.97621574840355
373.4999614911762
371.3164009036068
370.6537154238579
370.01790402127216
370.8613409674379
370.7047944899138
370.3004119811211
368.7272341850269
368.7542959388361
366.82366197458146
363.9831912836519
358.85189794557175
353.0677371801219
345.295611563681
339.0275736578327
332.9415328778578
323.84060721001003
321.7635628814752
319.70269795292813
318.763096587276
318.7598190445381
316.91493554868083
317.6160813022321
316.4438770306061
316.24064392401743
316.25195924729917
315.38693938975337
312.9882436712876
310.5397487711864
310.2919211350818
309.1714771823767
306.7379271185342
307.9909854026233
306.27528997933
305.56335593407056
304.0876700198313
302.5723567462763
302.1167212994589
299.33748108382565
297.47900567086987
295.2043694943452
294.7170521500339
291.74886665823715
291.904490554482
291.1237108096008
291.8865791414711
292.240058255594
292.5546307223292
293.16785385002447
293.61509423813067
294.5039787191494
294.73789871245197
296.5706461623438
297.6733708468213
297.8651289529135
298.4676193017365
297.79714474716354
295.6468402864081
290.2106704548487
282.8678608125389
277.000668128248
272.55192261749056
266.41650551017
260.9232426286521
254.18557572133992
249.24379407710242
245.82058142242084
244.28030835439924
244.0928688839147
244.64635358177043
244.2533831279826
243.84762011952392
245.0207639509425
