10
1
b
103.70490377037594
104.2192948552681
103.45175729837138
104.56046232770039
103.47067312050643
103.13058653350546
104.14328368477362
103.31707556340534
99.47872377223565
94.54646441746897
85.25084469322394
80.28069329745114
73.07623229330594
61.14915339177633
51.688070528248936
41.94984703326944
41.30177002241707
41.25678651641234
41.37905389976108
40.41562566712121
41.44140146545048
40.9814831244036
40.71026282125627
40.89935028222983
40.97342884767585
40.4150512267287
38.94139914966635
36.331511691730036
36.15865591938875
35.26120480718644
35.27425293760139
35.29711647937175
35.22142479821024
35.13451181827505
35.88855602288931
35.24828244202392
35.60994817403609
37.562441439340496
36.9957092449171
36.749630724897926
38.19449075642044
38.303038299076384
39.07395219193829
38.407053017466204
36.64141810410065
34.396572483137255
30.94171242681856
28.055329845399076
24.729292658241974
21.95769634703043
19.592085549602967
13.966264101513582
10.855507590015943
8.257017120752652
6.6451644701768116
6.939823230089327
9.314610601845738
14.121815353000281
18.648144807602044
22.75663544259316
26.960392842055576
31.85033576438891
33.878892484711294
38.46200620006073
42.66390109776754
46.161480466330204
46.23009140191653
45.767189175955224
44.92327776541647
44.704407301002405
41.594669517036216
40.64981345165178
39.51413672158257
37.256914100143156
37.47214545578703
36.28356212242007
35.75135480923829
34.27300297674645
35.31545109537648
35.400184835531604
35.03650268604379
36.66970143368589
38.52442160457105
40.76661383085983
40.79174450688354
41.91088391321771
43.45685075192467
43.288872331939864
43.110336397373985
44.6275400313899
45.23189177494573
45.24003811136396
46.48623384320139
49.70256022426906
51.68968947140516
53.587997073079755
56.36983159564817
59.35022110602617
62.91933861919112
66.6921252956875
70.7149614027122
72.91166183455843
72.83062037604797
73.27226692258877
71.15938899859697
70.91680456896306
68.07338209172488
66.22184520010397
63.403569279477374
63.035049637869314
60.672236354651965
58.67188765074299
57.81337507810212
56.59293708648599
56.751765826529365
57.460912720836504
57.06078360445942
59.083688185780325
59.66884103560735
59.817894272279574
61.78112566689546
62.50993380472538
62.024606300959945
61.27380731770745
61.75701196183066
62.148965849815355
62.44299518658203
62.67505288211482
65.52427248528066
66.40961430446082
71.33382334562438
76.2523020772533
82.15080763693508
87.13898543351692
92.09357892621739
97.68616740834489
100.05362299437306
103.46519266426314
103.34072583493108
104.12029464671305
105.16184879158472
106.8209324633933
107.46985721131796
107.88407057755343
108.51189447886378
110.44899845243913
111.56016755325567
111.78993488583863
111.77646317089491
113.72311337611417
115.70473921238916
116.99069123843921
121.69159887853971
126.51734614441055
140.49790907674202
150.38212610873845
160.71480873979777
172.96201395646477
183.1669226652024
200.25593781837594
213.4736731502664
222.4081560472328
225.8891844472049
225.09940248003653
219.44646432000863
211.04488924168584
197.89912615576097
188.37280938649974
177.07748087483787
163.28924496579026
152.81682923724944
143.48283380804253
145.623931259444
146.37924946230004
146.88448393343162
146.2461769296151
147.12179088342924
147.5152528520276
147.76648625183958
147.71039377403832
147.74659107774673
146.19353545949983
146.32887473941977
144.38673497644615
142.87670651166016
141.1442502800209
140.43715981275253
140.0462106965277
143.32648507635733
149.02136923930468
156.16647041749692
160.63272981243787
168.373445215586
173.62587039801758
178.899090564432
184.68256699651033
188.74771824716737
193.08170529616035
194.0005348785239
196.50924120315415
199.48807050224457
201.89124546381896
205.87518565732867
208.22392057920896
211.6171758006559
217.58711217067324
222.87641810072665
231.67921529585638
239.0864001117062
244.86780106376406
246.11450519704542
246.9174563708017
239.85407869984607
229.90158953184314
215.88881166777864
206.51045281051378
193.34908263432945
182.00181270898722
173.79294007941078
164.11124886729365
155.41541402590533
150.36689212719946
147.53220310406778
146.50571612974372
142.32723427664664
140.1803580763535
135.9149015935211
132.79509832413277
130.23709268295096
123.556526867878
117.9747395490214
107.79566814917885
102.19637195260542
96.53185737581826
95.49624791228527
95.31307728880608
95.95894237595039
99.16868280399628
102.10239356394598
104.66191408771263
106.62914395702656
107.87633424294494
107.94490293452384
109.5200528686241
111.03222808022166
112.65341040623235
111.60628187840231
111.61101658029379
110.8125781185511
107.56819448786563
103.33061504055004
101.1261599997631
98.57563213136521
94.3040047463084
91.56723711448805
89.25881512957466
86.30235285417484
85.41130265551665
84.82064511238511
84.06615260387069
83.04171795986913
81.50618840549086
82.14225015314825
80.27202601234568
79.36695494762512
77.34455218506757
76.08760896058403
72.88613840038113
70.76308841016615
68.28232050583055
67.6751292284948
68.17126764401559
70.42915640864972
73.64392980794344
76.97106121006249
81.34634291294608
82.29580749794592
87.0790203417676
89.41615902053572
94.16452277447468
95.71261194535018
97.72987177516978
99.22263468130416
98.02653252347844
98.06723944499885
98.19624320162974
98.51191609413804
97.98926033695288
