0
10
e
89.94072407206453
90.06820529216677
89.52289866494984
89.60033324124956
89.57516486862822
90.18448933245502
89.41743255126211
89.47461749538763
85.92331083338311
80.43385160823217
72.15389739007455
66.99897146400593
61.457692643136745
49.69679115250899
41.858237722833486
31.773596850637045
31.672907625888815
29.77719125949372
30.75154479977041
30.108472868193715
29.310414058157516
28.52603569560565
29.188062026827208
28.625843576227826
29.074895799897952
26.225208254181247
25.124277808062505
22.72008703818139
22.368909303886078
20.576247745042618
21.04512830928659
20.761892662497434
21.031979500939283
21.564658643454248
23.311571376365215
24.370194311750744
25.6437886415951
26.296678241566973
26.39771811159156
26.66857984879191
26.93462301632822
28.271350366523862
28.91194532957136
28.82135490091301
29.97676109074164
31.447412132446228
33.91664523949936
36.09582455640538
38.057443937502654
38.60364071110552
38.79284223681296
40.94961311565329
42.73988400203641
43.96200673953017
44.48284182119586
46.12662707960471
49.41792838047328
53.667833785882685
58.6118239792354
63.41967025106463
69.39460048616463
75.71339867560384
81.54824798154654
89.12959942943802
94.52370862649266
95.08271233869479
95.72839677007026
96.80068474857039
98.27007410162913
99.23097824799042
100.4402924307843
99.67295723863572
100.37529164411127
101.85023637862447
103.60558617248604
104.58473914351873
106.2825878292298
106.68328737462824
108.34599356474077
109.27954078986893
113.10618239504007
115.58586735174302
122.47239860259977
126.5154728181975
132.34482041528958
142.91579319706375
151.336774365353
159.6865195825503
159.42086009186778
159.1890253716902
157.5605136177666
158.7009250713237
158.48382000225516
158.92074790641192
158.89824302170342
158.71843032822258
157.21606098962178
157.77701926856992
159.39977815474975
158.21888036856194
158.61447787974396
160.24339755744154
160.87228805143366
160.66615747539495
162.0849407523189
164.13114471454287
167.36163302884339
168.6410074929604
172.5158302261766
175.9240108250052
177.88675841596083
182.63727821761125
186.310643046813
187.9992789789816
189.53920781481585
189.80965797940576
187.67221895828052
185.72931966413844
184.50967414743127
182.85044963275044
181.03398014502167
181.18137271884828
180.357987840955
179.70997207017797
179.40169870486622
179.04353712639983
178.4722990269846
178.1840321431828
177.15107783901593
175.91194953472134
175.32746111177627
173.54131604044753
172.4843989558952
170.6243657299695
169.30804200913937
167.0130727928936
163.10709589511575
161.8833785055198
162.11306224221065
161.09757593958088
164.32316428170023
167.56075993215427
173.5614348887885
175.75238532205137
181.47727310380748
184.196175157524
187.05769636834748
188.14061999668974
191.72265214973223
193.92838964469297
195.26638639572155
197.22317599650336
201.5165830859818
206.09035126738246
212.35379114679807
216.09440984491567
221.44086309777623
228.23012425748445
234.00814005100108
242.31208036370285
250.60773786452043
255.05261929650104
256.2459876135255
257.1264916170465
255.9264586775775
253.61835080257046
249.68401604504086
246.78796157579353
244.40257861423007
244.63868646184747
242.15174725141335
241.21120199038916
241.6817914317226
239.38185972799252
238.55725658293466
239.742114476776
239.72994226021834
240.5576938152222
242.41432866388695
243.19289888779136
244.6746483866979
245.52741810508104
246.14897857121053
246.799034678244
248.9000020301384
248.98568184750178
248.24190132015255
248.58430656504473
247.0789630044928
246.97016839166974
245.93777225973145
246.06297716047905
244.09268154196855
242.57925093664826
241.369220872454
239.35173154787526
237.83473396683203
236.05203326820853
235.7255974183349
236.48862658988168
238.9892688849915
244.58845429223575
252.35859102239246
256.37259139252313
264.3785075020067
271.24678631151437
278.28498617990766
288.7298392872455
297.5251786874782
303.791537316217
305.0237116426816
306.0067619661438
296.67458020427335
284.97337338019844
264.22193013675945
251.97059150104315
235.34216338693125
209.23151753104904
188.1983175710188
171.48079226746134
174.81130861835481
177.86683243888396
178.81878367708399
179.51291093590226
180.90101490130309
180.0378325719715
179.35586719311976
179.90282078833425
179.757740337258
180.5572101951495
180.88576249301482
180.44422869164316
180.12769437307418
179.02195426168527
179.54165759060146
178.80862339976255
177.3408127751881
174.82853257332417
172.74027367390673
170.10402282910115
165.96928621899747
163.29870898628354
158.49521751137533
154.81831046928033
154.2556272142382
153.64016428043143
153.14159488643466
153.60684530401858
153.55355086759462
152.84131765259394
151.58202740813093
152.56255308713148
152.3457997232236
151.39662063839575
151.6691942438137
151.5237916771135
151.04210813432496
150.20533535857132
150.72670097603387
149.16601463925778
148.91258866456684
147.50474226769086
143.79713705426317
140.6905420901899
137.75180907537617
135.1933918592448
133.4783710988716
130.82787663965854
127.93085591245344
126.06836652505041
124.29755874227574
123.85553122332433
121.53143581424798
120.79666934265097
118.47847470979319
117.16406955634632
115.30063641499599
111.60274600819174
109.25405347442006
106.8054922416967
103.38343669499737
102.49925728331065
100.67050147554365
100.31462641484087
101.0379999051345
100.33119487006695
101.05744178178139
100.88810619975247
