1
7
a
116.41974644751092
116.87282340454054
116.14300142158244
116.05895102524683
116.82079370037083
115.65376028037704
117.06159481962385
116.15888210888393
112.34050668320903
107.25972638071612
99.07398766098623
93.17441323644854
85.76717843403912
78.8821102723425
72.88439417957379
62.25321011808302
55.24028504406956
49.42995795131584
48.45024378109376
48.483812226954875
50.02323092155723
52.045218540743036
55.80033342220168
57.544621373480815
60.796698271543804
60.111131773171024
61.135043068756374
61.905401483064495
62.61721211570672
62.24475886275912
62.00794423371044
61.331463019411935
62.925568136772924
63.33755394617701
64.35053771752233
64.70348388211175
65.38680491329448
68.21381639187743
68.66392135386003
68.5062929282084
70.77345803755811
72.15205828091452
72.34759312667596
71.75808163089316
71.5432087056622
71.30184956205574
69.37996992908708
68.7607725061666
68.00550911202866
68.80534876097413
68.07567658464895
67.06103784420576
65.71448141185242
66.23423276305057
66.54809484324049
65.6646017478924
66.2971841629255
65.4944489916169
64.41548595533511
65.36886218907159
63.134667866329906
62.94124719494967
62.1819648357762
60.6755652773036
58.734685533598494
57.88992080006242
57.962689587539366
58.368256739358465
60.85504563627574
66.23427691889695
72.150784684827
75.57200974132581
82.65558569780329
85.61903488855356
89.0033528557914
93.63505591680676
96.73691467947997
100.27356266329323
103.20953506402323
105.47264709791897
109.08965681687454
112.7736231945753
118.08250415758158
124.26585304276284
128.84215992336988
135.75755526804954
142.41331715003358
152.2353382477321
160.11629733465622
165.21393202828946
165.8575530088724
165.5288906583492
165.0754055755688
162.72359110485206
159.1056678943715
155.91778676650952
153.22550726771044
154.11650418709522
154.15233044456176
153.81431442864172
154.69263758768028
153.5657050644953
152.77990430926857
152.54330881689953
151.10706914325183
150.3086918618589
144.93073911279978
139.43983848691357
130.73305374539783
125.95380413679324
120.67896137242614
113.02253771809396
105.65754383583992
102.21784372895675
101.04149128962459
100.05218380805775
101.78419334156585
104.9902876916869
107.41352441051953
109.98038222399651
112.6251399896083
113.62560066466555
115.65573664234086
115.4779957977234
116.6947800072196
117.3921911077796
117.46129644680025
117.48865405731631
117.93451592760023
118.86208076303453
118.88041795873295
119.26872909081466
118.84314957596915
118.69202635291762
119.03445278882242
119.05934961469919
118.77902992606974
120.14208282565885
119.21050082889869
120.85745788293498
121.41480608791696
122.1018533088473
126.03483744593805
128.85578847822336
133.11886982676523
136.27138800497082
138.65506159565948
143.26555935307974
146.6574182469631
147.71588305198745
148.62590448105772
148.1515267337381
148.01155901746276
147.58171464007552
146.3542513174438
144.51465947449282
144.06486462567312
143.78431144777693
143.3835937344858
143.35901663430198
141.58762854748446
141.7178986327206
140.4650872677322
141.93812383812005
144.23530459582628
147.22555669469634
153.34485618413115
156.62610951986554
161.4116358715551
166.4874955389293
170.7563267169578
177.32336281222365
181.65085337463614
184.9230229689929
186.40134053695496
185.9699175461351
183.34449986721017
183.11245744298083
180.75145581696424
179.13792837723162
176.8001664126165
176.48571834577317
176.84102894519677
176.2952241452619
176.64616640403366
175.97569868751881
175.53057532854558
175.68151838574485
174.38898143444644
174.10696243898758
172.72081416373305
172.7543195826346
171.45170530264406
170.34578322360306
170.65729984248807
170.75709364877434
169.4985642544362
169.50605223406342
167.59746941561997
167.73116182424044
166.2444302485833
165.36539944444425
162.56533300913347
160.80981725502167
157.89865542652956
154.95506057256804
152.54799250685602
149.09406751682442
145.0129727093343
141.08447993638546
141.1274867455893
141.37045357084762
144.2646838496205
147.60464298352264
156.68950297885854
160.10331137647194
166.79406394088295
170.43773521995865
174.5769135903837
181.91084800351467
186.46662405529588
191.13473821757233
191.3143905286822
191.56201879814967
189.31265363027313
185.24215563481897
180.6747389873452
175.93269555210458
171.4178770496884
168.04796523054267
166.9087872243971
163.3537539322178
160.91540460078767
158.86596336049618
157.54524206671897
157.53267497253847
155.88819718900646
154.55869617939965
152.43643597819073
151.82351807768748
151.06992431275498
147.63811997155102
145.38533228686524
142.03939044541767
140.91358164881962
138.8212079824519
138.33811323586477
138.3443167739301
137.83952547652308
136.78166093259796
136.00668607023943
136.63420371614384
135.01304192213428
133.1867865069068
132.1105367727245
127.79822189204953
126.49534515608633
124.28021875626364
124.21827364474635
123.97899317538537
127.57597367358557
128.78487759671884
132.97402786670142
136.49630961527015
139.86758416231444
143.9019143918248
146.5507554839578
152.22423321363016
155.1895692186383
158.4232859182923
159.12699777838884
158.51506387544836
157.00582433967486
151.19340147843894
145.6135535912808
141.56531183913006
135.83908826301922
133.2749379731352
129.46697586731875
123.51182226075723
120.14570529049574
118.34314856257788
117.53264796613729
117.43074960142536
117.29159154799298
116.24961350084197
115.9420650426716
117.28239670657965
