11
2
d
5.194336263913023
4.917631726487696
4.566184885355019
5.254118681204806
4.698532285575326
5.409772606869668
4.808165765462929
5.023923775645799
4.103816986516389
5.278668534149838
3.839686020451793
4.428808112372936
3.1483025742343793
2.5509913215880347
1.2015551378366447
0.44026348952478733
0.0
0.0
0.7279644051075475
0.0
0.0
0.3149886782244027
2.628719033250807
6.016341712600339
7.639507586577133
9.561440067240744
12.374540717452087
14.067037306192827
17.73033906015323
18.425317512383238
18.813400472100575
19.59134700880411
17.084951611092464
16.535882784150164
12.848021610205494
10.75681885054634
6.475006245979458
4.735907820499957
3.3979686004735212
0.6600647713951027
0.0
0.0
0.0
0.5127417791068498
0.722479974038025
0.0
0.0
0.0
1.0933136887712558
1.5528010116237712
2.644041782066996
1.4677411705123664
1.840160626454026
1.5784674177256495
2.3011039089228333
2.4619893331824287
3.021836493590356
4.770436705732602
5.835786680464431
8.198847991389234
10.277886976320934
11.34717576531791
12.155449861592572
13.55236574201879
14.490751230862504
16.008580408917005
16.8878923459801
17.734649793723804
20.735935922941643
24.603860956322748
30.274128121197055
35.16804064836773
41.47132057646777
46.95842678328636
53.08354849579467
62.63367465060103
69.36883351635082
75.11671460829135
75.75895278991153
77.25218603265672
71.74545601393518
66.01519712487757
54.500566411593475
47.79635121470358
39.024752084325996
33.08809803820999
27.675145326254448
18.9402813229797
11.70832990119603
6.181755239272202
5.431603055151994
5.92002033583787
7.005667476499057
9.969979330009698
14.790592249281172
17.73423742769487
21.736567467422443
23.976604141594784
24.909440394444744
26.37062097631632
28.17543732318173
30.461035528192973
30.536293339914014
30.023327390507934
29.917820965344138
29.0393132374824
28.19416175976688
28.161456783935478
27.950479787312275
28.144323428480774
27.428510618379615
25.087464006909958
22.706376899978096
21.357950760091587
20.40609864275782
20.15949090956144
25.72504539715313
34.58405873595408
47.17413914249308
55.58293443706268
66.64541867900809
78.59104103146525
89.01081225202536
102.9995899451884
107.94664548547223
110.89235386070632
112.68254105106084
112.79606179200688
113.36066692547311
116.02365161435037
117.01997627571603
117.86771587859369
118.2854734105819
122.67741763486526
126.6024835616042
131.8307079244246
137.3083167286029
141.56277083783402
142.09959191225076
141.6983446258874
137.79749834580335
131.16397922840454
123.41892845426128
117.3278610935441
110.3658508196398
103.29289534419914
96.77749811127856
89.49331459858486
85.51053794222324
83.07730591652292
82.79597449811975
81.43141672958465
79.60729183588859
79.31224619889566
78.06700092469937
77.41004336856778
74.31553412186028
71.90199152892444
70.13175257315115
66.79285767137773
63.89074659902749
62.62333877888385
61.46750432821375
60.786924011333085
59.6546454981512
59.657192427076765
57.84084560021428
57.849064688571985
56.15843769329423
53.802354898140266
51.918690650123686
47.477129540124615
45.23994704025738
41.91009673139938
41.39304573416876
42.69415513447188
44.61307187123047
49.08232517514772
56.724226568544815
62.008515537652414
67.62303617443692
71.97747952092344
78.78149729903737
87.53366039786063
93.09922702146578
97.77995288937093
100.02382049593885
99.50661568282062
93.9959880864149
86.29587574533656
74.70208500527264
66.38140530030036
57.062987374937656
49.00624104930441
40.149743863295
28.536043839054717
19.446175579598105
12.492756034756477
11.496388060561294
12.099734497915472
15.075495809254354
20.229915688310427
28.068063237840366
34.52946102396991
39.788963737889524
42.18840746537838
47.41084596844665
52.46986147232695
57.28634185010394
60.22561447484002
60.24526853201332
60.878631270513246
57.60960814739785
55.26319970496824
49.33969634518409
46.04358667958568
42.7627784542763
38.13975933282133
35.5159677885722
28.313819011328572
24.485463441179977
20.581777675505293
18.980163240009684
18.85325784783156
24.49157723826874
34.24413447865307
47.90002650829543
56.366717839626695
68.54966366533249
79.70494751885474
87.75425197104772
102.3547654420276
113.22102270704166
122.20098804675388
122.81119741431755
123.0964668142408
119.13862221806686
114.52158056769656
107.08306508998491
100.58416407482453
93.96300268970194
92.16640745979545
90.78342748095693
88.77828793330943
86.96827928320906
84.63032741010846
83.60749214269018
81.22478689250812
77.25017819127012
70.68040962317639
61.38239914754699
55.93798089655303
46.62590536804582
38.10421213637814
30.66809398618873
17.56051292135697
8.710599231385565
0.9268108869054335
0.7141538510131918
0.0
1.8577017265041598
5.175501272780055
7.900807240338478
10.144851747026546
13.75268507039844
12.835160310731606
13.240888640222964
12.826601882558103
12.919421941291112
12.986409940812589
13.332090171225586
11.959989537371609
13.430428353661243
12.881361855351177
14.051097300033877
12.918271109711064
14.67958932677235
14.386135823400469
15.424277732052564
14.371642153317794
16.468490751304643
15.773141714798204
16.039656321017183
15.788754394785276
16.175909885017184
15.581950601034123
14.005915629969115
15.07860520362723
