2
3
e
119.58014983293148
119.21853253042204
119.69026070019487
119.51806421625976
119.65947705699578
119.18665507676359
120.19500712154932
118.14169422706647
114.63416805786022
107.98263151369683
98.09526709042905
93.11893229201219
84.62732032208227
70.03202079724134
61.09391799176863
49.43540613759316
47.8459646891381
48.10479245066877
48.243134094133524
47.30701426459091
48.223221714941815
48.57136788250149
46.80384359657987
47.93110504840216
48.20456430411425
46.2149483105982
45.28635056594165
41.914905822408066
42.17167452853363
40.915461366428964
39.66630838171727
39.34048828398899
39.389901187488576
40.406644930855016
41.47126653663108
42.15051868923174
42.2968567510148
42.00933757754844
42.17293077492048
42.308784744542685
44.142228967367934
44.61530816633905
44.39229163527826
44.171164361228534
42.61934561865495
39.8363509411686
35.32710112415758
31.914792027672718
29.170439964222354
24.348537454927325
22.82051439271549
16.10760649515024
12.129102754004949
9.505332357392707
8.325065759178283
7.759637081343641
10.432427118264274
15.723427468640802
22.41412875688185
26.081665731177342
32.04202252633801
35.93138789787489
39.56898157920288
44.90210350693843
48.62775115415993
53.83185684760447
52.58927624291618
52.98274446816176
53.03539992178112
51.29795949199302
48.89363742957618
46.573481980158704
43.765219390935385
44.17211275060167
43.55152399189612
41.813258301258834
40.87421442404754
40.091265890862246
40.679416194586906
40.20669232234061
41.29420459111618
42.57145908260264
44.248591772475045
46.409561856648935
46.380705450172854
48.94333933831812
49.14456971515329
49.88335714516118
50.65229005150013
50.65418559392623
51.74635908706748
52.005414356606515
55.22217086660216
57.58842770376461
59.450674909961165
63.022525981736905
65.3648130381554
68.44069577026576
72.3656820705032
77.76532764097219
81.1700165663183
83.90265619160924
84.22591019545293
84.70087686712024
82.6655627811311
81.30545437618046
78.14359102831979
75.77544248279527
73.869043808765
72.50569394217645
70.69399881439467
69.6460070061748
66.62373613674725
67.07991742549991
66.40640521845263
65.3520122012944
67.30212218832312
67.10452357419415
68.4284195645513
68.74279118616641
71.09653895200557
70.87757954966847
70.80517214766544
71.71868394145943
70.34134314646425
71.76534587774522
72.41506494704974
72.84708616014592
73.96026505692299
76.38022500735764
81.9447227944212
88.16921431202734
94.26755202715643
100.28570804116148
105.04274841121922
112.14962756156349
116.22928157206988
118.97518269534943
119.23846142043661
119.44625245381864
122.21657468064421
122.6013826225058
123.50159759608167
124.56850340002146
124.8278616695867
126.93544961159137
128.22976525094435
129.7157736523057
129.79803906445437
130.84064125901526
132.3279373943443
134.36358102462057
140.96046972352582
145.4615618713462
160.62536148812916
172.0289316560432
186.53019504313932
199.1281067651995
212.435088013831
231.60168056057907
245.55381519453258
256.4983326613983
259.9123550955059
260.10426691170926
254.13184093077007
243.5055323423954
228.4974993927273
217.19614401058664
203.91993143407322
189.4594566891502
176.7673146275756
166.27884993971796
167.43903399190043
169.4193056256185
169.06474481849787
169.9363490592198
170.4780974881407
170.86207878524195
169.59762860342144
170.4415544705526
170.25413538203264
168.82066224994256
167.45015961620447
166.52355658914394
164.50883931261362
162.8230676330651
161.70061891036096
162.19548821965876
166.3195835947144
171.48943886132574
180.65062811395742
187.55537878987653
194.7782591434911
201.4221348402341
206.56179174650282
212.16951958037666
217.48100790556524
221.67178542341526
224.635719686017
227.12562442107182
230.3294546704199
232.21387001438126
237.85335806451198
240.51517478532165
243.94649235714945
251.20382382363317
257.7930640558153
268.1102392191169
275.7506688318721
282.83226528248616
284.7443111466481
285.6080706420242
277.53705113246343
265.71506733628866
248.8256108947392
237.64074149315223
223.13452333782976
211.6513069894809
201.22340755962045
188.97635100414556
178.88836115582427
173.0952334906816
170.16649821931534
167.9782405119977
164.0355537832571
161.13353015147501
156.73849606042214
153.15680793812282
149.55245870264147
142.47527078823143
135.3328060544741
125.2574990382098
117.7167753557555
111.53403709922169
110.19924863938725
109.77555481714646
110.63398111576205
113.87777214656803
117.74128312633628
121.01176289148752
122.56373437726695
124.64458058132752
124.87127098419568
127.4238226867192
129.17686544545995
128.50008837315946
129.35443748967782
129.2979793553176
127.55737013761592
125.06636318120455
120.14106917986173
116.68190506240208
113.64172653342881
108.90277784105602
106.3862639038259
102.67464075536108
99.23287910442419
97.54224630764962
97.55483136436496
96.08968360170635
95.93582061233839
94.83109760851565
93.37830731669139
93.40281842941285
92.1072324215185
89.6387815036213
87.31100261824645
84.84477568091997
81.73719309714214
79.6783230543822
79.3340405896819
78.41624047068838
81.09854540044273
84.6762732626885
89.51065917604369
92.22769744820135
97.16987537603565
99.77023880038153
103.09104281679343
107.60147625940905
111.54971102921229
112.97766902500113
113.3648058403145
113.5191752257136
112.86286382285019
112.84050620352984
113.99612143361276
113.46896406942834
