5
10
c
161.8773188963907
161.8779660393562
162.19340169920542
161.5498176162022
160.68059832828698
162.48970036561244
161.8924757930372
160.7110471985504
154.28383770264998
146.93313001673752
135.96221049204885
129.62616358720996
119.86670910559855
109.13985709695513
99.98091669403938
86.3476397471142
77.15313249497187
68.59839176228142
66.61988636032827
67.05004681947185
69.41802947162533
72.70766494189505
76.617478506551
79.95418253948898
83.021835627451
83.51781631494583
84.96822957216854
85.07164260031452
85.99268594463074
86.06910852281453
85.77107102582463
86.79084239587961
87.07683099438036
87.64025524600079
89.2488882724734
91.6651299882135
91.65897457609039
93.64448304552864
94.26240697703984
96.94516786928872
98.20706316641538
100.0606491534663
99.77413077976466
99.3567061718408
99.12118692070605
97.69904400941675
96.73125330601341
96.22309527087579
94.77578799649199
93.36062640883637
93.32569896107019
93.05116134730487
92.49896702325319
92.26041410157963
91.34433405575169
91.53331222731798
89.77441987121625
90.4024035050063
90.63232767683763
89.68676636560278
89.49578429106063
88.13218560852481
86.60398636902958
84.53768026909866
82.49648838135325
80.66260070921837
79.83449466474828
78.34257529751659
84.61459773308606
90.49887060709634
99.23017996707135
106.65366407856457
113.01992104571885
119.53385074791309
124.79577110927707
130.66521212539755
134.77700432100977
138.9653486219553
142.31828696544406
144.37356828550443
151.41264791414838
157.023113359569
164.84457278445234
170.82247181965514
178.29030457434766
188.61219824838057
196.69598824162154
209.66791528026982
221.0470180041713
227.59311258964115
229.6253495514163
230.320461268914
227.70744477255286
224.55312699991177
220.97827885867386
217.31144208766392
213.25142775017494
213.38397584442458
212.35482831891804
212.364207372372
213.118609761543
213.08487663497252
212.9639776535492
211.81426160929286
209.35251851281004
209.09904489605498
199.60354218300213
191.86559143594334
181.51620623181748
173.4547868243981
165.44238820855497
155.12298901110893
147.62045949544347
140.425543093949
139.39084638292297
139.69516818533577
141.7269523948789
145.28520593489196
149.37234851575826
152.42683574989255
156.58083615034832
158.81949761219374
160.54732313195183
162.1181123992476
163.09385235480636
163.0329935711087
162.3026644199811
163.68137582129444
163.04920182269097
164.00550389457598
165.61579856997736
163.6649947449928
165.0820067626132
164.97631113983547
165.82844771438673
165.02636800729104
165.5079409825536
165.82186527304876
166.49247994248063
166.34676025209973
168.96100337854276
170.20896839181933
175.5711007939362
179.3737649397902
183.6300884953056
187.79343958871593
191.29258985503776
197.3787354763268
201.48072065615924
204.93940160438578
205.20533325017627
205.1159493016262
205.7299601607897
203.1212344142246
202.19169484223298
200.79223674192426
200.084966674962
199.56951883689248
198.76779131289945
197.17295079246608
196.6957013408697
195.4540563894061
195.58497087593537
195.35079203295726
198.13310613854156
204.30015315645434
212.1045623249576
217.2624102907193
224.21187788136461
230.57355825535842
235.45983664749244
244.58363672899853
252.06963764250986
256.51630666275645
256.8057726857282
257.14715276324307
256.2404216990083
253.5437310573296
250.52964304371844
248.4554608789843
246.10167427327525
245.1338151129464
244.81648546469506
244.26110287063352
244.84483098312606
243.39959102307608
242.79365666163264
242.82397380496772
242.6097510422371
240.73873569470945
239.9737144786951
239.26043659763738
237.65336573611626
236.646279892848
235.86236582983886
235.08219777968924
234.08436702184002
234.43565103026154
232.5120800867526
232.38049085256267
229.41324886561193
227.0024883741328
225.77490533259288
221.75019841913615
218.24995119744793
214.7972404544072
211.25807635532192
204.6645285967039
200.3390052941732
196.50568327303552
196.3002825197443
195.69581924152524
200.21779974963337
205.87150878064585
216.02897362194602
220.5292586984593
230.0370283694432
236.28780261060245
242.33043992303598
251.5988133373317
259.0537998440931
263.9223200042037
265.6139528185558
265.61735197270184
263.32396649819646
256.58680725352264
249.08242652885312
244.13662540619595
237.7594727990563
233.47494151823497
230.30814230987957
226.21496086693804
222.41232783502676
218.62381192416726
218.2038689568564
217.99873880623124
215.66731494118363
214.0144395711009
211.5752253162105
209.7563847432976
207.92923615156155
203.89484995579093
200.94561715167342
196.83437208443894
194.67194664257366
192.0736205161252
191.4858272344072
190.09218109419083
190.04985188820842
189.8173082108293
188.36574763470355
187.3273526757642
186.3618543822303
183.55833581809227
181.5715701841373
178.04850976192216
173.857182142203
172.32580031757286
172.2747429126505
172.4492290762713
175.11158251971608
179.17309024945496
184.58621314284696
189.5863289389106
193.84910213007493
197.52100593609026
202.68856448235903
208.80109338360987
215.6185574279482
219.4846286031737
220.23471398578266
220.01375604229543
216.61578321443542
210.7104879884369
202.3861602542023
196.33644120823084
189.70769307365902
182.4739863434801
179.02841640533074
170.86274329718083
166.221262206902
162.84785397242948
161.77384326106673
163.17601139869518
161.3605280444391
162.39878364269885
161.4689485795094
161.90067267750743
