1
10
d
255.3524959773343
254.80018071079556
254.49802673578705
254.39430407264018
253.56965071577412
254.67012597969892
255.54566085548893
253.9583530096226
250.5583920504885
243.67448499219705
235.4788335393909
229.22751317811526
222.14710951905727
211.40758682520175
204.9035813754669
195.18302866516626
189.5725398747341
186.6573999373705
186.53529774464442
183.6595365883221
183.14483459793504
182.4240710396753
180.57367079799033
179.5358292285624
179.12131695267388
174.55062117695587
173.18962733718104
169.55971287903904
167.26985894192518
164.8937639736477
163.85570905406627
162.19273504646046
159.79396524321484
157.91178499445925
155.7259970732825
152.87511079489346
152.1461557306573
148.45154397604983
145.7122773770775
139.9351686598981
137.10904693796869
134.1209146698666
133.08445084939171
133.17811451776632
134.1551791269023
135.88426781141519
138.685802424231
139.43733313661912
141.46942158855836
141.97598708234688
142.7847818605686
142.9656424616403
144.66270970170706
144.7034538734887
144.73734401586523
145.33600247379476
146.06413006326986
148.12919373667117
149.6069841000068
150.6028890760958
152.22838937816599
153.6833999692172
153.88126678418504
154.5915105793703
155.6563587820833
156.6771055783292
158.5302243209729
159.10758220606414
160.50462397961985
163.04513468278745
167.3745247020987
168.75329268015355
171.4807029542911
174.441730118925
176.72156084674955
178.23934182081626
180.82268655071513
183.31456619405856
184.22891320591617
187.34386087446373
189.94720581238536
193.79793953753077
199.414912625699
202.2855029463188
207.69524453704645
214.06664227919325
217.10573835771163
223.42102261861586
227.34498136291177
231.32636169092524
233.98666071539472
236.20910586202336
239.91366391702047
244.1610515725191
248.65869757732926
252.06487990388388
257.33617742608925
264.47051755241415
270.7213502418312
276.95980597585753
282.4497791790899
286.3394990151491
288.42629238922916
289.32536671488896
293.08507252428797
294.085379258619
297.3680278515028
299.73756410169386
303.94381586115577
309.88053881455886
315.07084023751054
322.7364730403926
324.63230298377056
326.77340871165666
327.16824452690383
327.07289827966315
328.685732526141
328.11845822577857
328.1813900585732
330.12168408448514
329.8033195494856
331.9764337460561
333.63254040141476
335.7283988791807
337.8946151744031
339.46268463059045
340.1137572648707
338.90025347706927
338.3287036852518
337.26733089306066
335.7194901295718
333.56284307547355
333.02056835495404
332.5195532663645
332.1552675076522
330.08808653501603
328.40591030750346
328.36316789429566
327.7294132498581
326.76752938642466
328.6687878704601
331.3253821759513
334.90178733985044
336.75175031121586
340.5041697129358
341.7730520407272
344.07379310738725
348.111093496629
351.2605247462003
353.19302088315106
353.54076271625996
352.7853612894045
352.96415096292867
351.66365540281686
350.81941070037044
349.78627517491174
349.89396371996645
349.62489982389604
349.68198422215124
351.0656622636033
350.41481928566964
350.4264059652919
350.4502955203264
349.6761237676758
349.42439919363954
349.73701782208764
347.0304647164587
347.04364192693566
346.5934942258238
346.80179556899776
344.7013027763798
345.7151948162301
344.8765716776339
343.11756070876834
343.5333382013873
342.96585512858746
342.1844410213334
340.2690904458876
339.113552232239
337.6711885407022
336.08566605518115
333.93429553894276
333.4126093148203
331.20433146231665
330.172954122987
328.96521522995096
329.5459312059411
329.3746642402672
327.9754850567682
328.059736115093
327.3919232836448
327.4244823392706
326.38621884912146
326.5314309275741
324.9954031732647
324.3183334024333
324.3379240722162
323.3730618381717
322.9543350406489
322.73893408119005
322.05396118530524
322.1921280970399
320.786384634646
321.02119412815983
320.2739296427423
320.23977621178244
318.3569113899058
317.33408815156974
315.38500203764085
315.171128331155
314.4226092164687
314.3799536754964
316.01485260599213
317.05436626814253
317.8152402345181
319.07983073644283
320.02630317787674
320.8262636405627
321.4277843628006
322.7308638042503
323.61991567982466
323.6764843262183
324.4781646383629
324.48506485839846
324.6135664256651
325.03155451877586
323.27002202452667
323.5008498445924
323.6370067350108
323.71007950922615
321.92768969540356
322.4197799472423
321.25412401026017
320.34853143284386
320.2961815972635
320.1053883739915
322.100780769194
325.234784836328
330.71885392856683
332.1213284875177
336.7728787586145
341.63566490568735
346.0070800905911
351.1153405081494
352.0333035822399
351.72285938453297
351.84143215613676
352.51845291016946
352.65083334622915
353.0341668922543
352.42332530774235
353.2682816899735
352.80595254125456
354.0446073584043
354.2997154148402
356.04743165062087
357.8242170655597
359.0841790657713
359.3938545392816
358.5649813914168
357.6112874538393
356.0897150021223
353.74551884403814
351.66810916601696
350.1921302828936
349.20075582254145
348.50663379539327
347.4393950448032
346.5945442421783
344.78156008693145
344.5930931687855
344.04338481291603
341.41005960954834
338.0680631603433
331.7152941521563
328.9295053153821
323.87213748103136
318.8413108343778
314.28535063650946
307.4347910190603
304.2310026977873
299.8920352500115
299.19219030222325
298.81257799118316
299.32668679674947
299.3173866987629
298.78549391673033
298.7402749231773
