3
10
e
200.14195510440362
200.58448430707165
200.59699552038012
200.031828080852
200.7826331031837
199.16868783206374
200.0680022897822
200.26269365219324
193.20144874878667
182.95802913832634
169.05496322281965
159.86823285780764
148.4852335723017
135.12814454378253
124.26809852382546
107.23089888515517
95.47120375401555
84.11386318146405
83.17264743552884
82.0846118577342
86.39749562775475
89.72882674929366
94.41801093631923
99.45525754294161
104.32636057227373
104.53324835304332
104.4290935161187
105.14721497684717
105.79569186129213
107.34342165467787
107.50253933603814
107.9283714826794
108.80171230035452
109.71030804679583
110.3668069558335
111.59402798176598
113.07242121995526
115.5677272092523
117.1826299251463
119.17596003688311
121.10290287741233
122.95450653478152
123.85333882586878
123.5436574225225
122.63140004003081
122.33825768617642
119.25219549027835
118.55160173658143
116.82751344979327
116.25332615529665
115.88541089345497
114.67597066364671
114.70563411604087
113.64349405979945
113.63591269299651
112.63900314456593
112.80818968054801
112.15160466571864
111.8221178823308
111.8334075113656
110.99844656541768
109.00611583901356
107.68994469044318
104.81299721969098
102.46705009329654
100.05016875835531
99.71705433512211
99.30899871575123
104.81038404502729
112.0543033719235
123.96068032585335
131.28635415374185
140.03664998453846
148.00253796125332
153.90769848520338
160.6373939311001
166.2515524192243
173.13516952296624
175.49063037262837
179.5186536804667
187.2624702736965
194.55507752641856
204.113966411957
211.51062655601848
221.16929874436084
232.6363193148671
243.44009980895905
260.6293626952365
274.2695361035456
283.1863720056977
285.6058603119164
285.3521022335521
282.35925969446106
278.27854356813043
273.99889964508964
268.86783034978987
264.81346613634923
265.3069948262007
264.97385595502385
264.47734187381775
264.1886234430672
263.84617026699686
262.9829930159141
262.85315262191585
260.50063222596316
258.2586301566411
248.26110864182496
236.29718156247742
224.5474108175135
215.58346009381626
205.6881718579866
193.60654097213268
182.25364988903237
173.9206154004813
173.320731469455
173.04131399815907
175.4131299198267
180.2664386895619
185.6818917376059
190.31331803257314
194.42730787749895
196.73189091831577
198.0724378302573
200.28644076554406
201.62786437443654
201.3211785473646
202.82330152604803
201.77378568168183
202.93357513337497
203.09799193660922
204.29663680165385
204.59775281942842
204.80695265825202
204.65633756248388
205.42900065869154
204.81150262055223
204.85146116373477
204.76024016587948
206.24639924356995
207.0325195420766
207.82601401596705
210.9756233063993
217.10755374868918
221.06100800869316
227.5868003155452
233.6934393660505
237.32624613510285
244.61172113629308
250.0779217911497
253.81514157891345
255.08090112135787
254.55240609854857
254.6523172145897
252.58823485380123
250.411107844589
248.9738666434405
247.8751784476179
248.14045661517517
246.6776379604723
244.65260540641532
243.65942956692243
242.95725380807494
242.06684257609004
241.79352195114978
246.21404002265413
252.7700101678454
263.84231312324266
270.1029532435057
278.2795500018722
285.3475329033582
292.1387536696919
304.44086326779023
312.32269220020953
316.7717880408655
320.319852097644
319.4217167217734
317.76658347494583
316.25251288535753
310.6012534747398
307.87444389636926
304.75168339357737
303.95274169153515
304.39487391923325
302.5895982429307
303.21377926064383
300.76047259096305
300.9947305279434
301.1843596608626
299.4007058643859
299.30571091608186
297.9364865883932
296.0088002898492
295.2456589643313
293.01604386351113
293.1316823661612
292.16688319501054
291.18849787268306
289.9418695615855
287.53057053330554
288.1873723823427
285.0670147232292
282.6067389306803
277.66179586585844
275.6259115763354
270.7038762497672
265.7776205059827
261.77332613278486
255.4657148657786
248.9279072415185
243.45168185392183
241.8692590036111
242.57217803492003
247.79902554205145
255.61435110973653
266.7377273592377
275.7881141974376
284.44583905393057
293.33336983862085
299.7727590129479
311.8534190229906
320.8447584659401
327.83573094841086
330.1514945956271
328.76290371880236
324.418190972447
318.90204243794994
309.53335025545414
302.73146253256107
294.3242937880045
289.3066640174362
286.1896373641358
280.1891888834254
276.23214283928866
273.267454820773
270.42141025535847
270.20534336879797
268.09979233161
265.37394483234095
262.1240084023815
259.92493855726786
256.8106544092385
252.9556083952308
249.39531012213325
245.4156643945938
240.6996157478268
238.28241361366636
238.4182866566072
237.10884467478166
235.7550286857487
234.84352985967016
233.14042840208353
232.5542296599412
230.9770742534245
228.81365989370482
225.67505137812165
220.6088834436876
216.9699386841206
214.6282935304173
212.36596368300496
213.43656596149162
217.3979978902832
222.17527314142004
230.38091094174146
234.66228887775634
239.71610833790533
246.26524557261627
251.28696196804825
260.561607544328
267.55294099831184
271.8368904524187
273.30727459075985
273.4919394766391
268.445455042875
261.4903144291259
251.84868911149508
243.57722840138325
234.827274445141
227.83430900653832
221.77481234757389
213.84363389603936
206.84659161011837
202.0418943538466
201.1929381765483
201.77210126613127
201.2857975309175
202.16183470519667
201.7773403260953
202.1922831746521
