9
7
e
76.46181830185577
75.97027215125381
75.91316344690475
76.18421929121179
76.10564916568815
76.255968018715
76.11466642651233
76.06448382150201
72.02449686958961
68.30450750504878
61.754284044210365
57.46622500573192
51.493495837522694
43.121419035132234
34.71411491773022
28.941770718346735
27.034206352512243
26.232506430522474
25.547888054740746
25.252906572554668
24.419443812198264
24.096098857677973
25.211361499096746
25.0556941386291
24.758516087656876
23.337615879630786
22.052384177443237
19.789127593560455
18.675548854759796
18.152108593213754
17.8899259938383
16.52963279459889
17.693846297917812
18.34038944896259
20.358816219243796
21.053874589611794
21.22932397129744
21.739843793080713
21.966348731992152
23.136984379556196
23.053797203325686
23.972073596857772
23.63500710468035
24.51616014054318
25.142278468957997
25.934997163922382
28.967873210223104
30.549341775895037
31.71460810568627
31.726493111107665
34.340838586943626
35.32979314358011
36.395266905188144
37.91328572718491
37.467354233538714
38.75698072825176
41.84517422072724
45.32286137171084
50.407009049457564
54.09308687975276
58.69429835425067
65.66091937817009
71.01806584144363
77.02066084967524
79.59218525859569
81.8429750899849
82.40511221557618
82.42458156563264
83.1541977578305
84.74082637136893
84.63626590521139
85.26666526937214
85.79161661784558
86.09755080921708
88.30173312807553
88.93622608400315
89.47397378642174
91.55913500091891
92.33998037756614
93.17796128454876
96.05426349273728
99.66902751242586
103.8993956732743
108.06228023272502
111.81853573782992
121.48367293440141
128.4806451448192
136.05953306368914
136.20560962949745
134.74253673485438
134.99458826298905
134.63349133930825
134.9118694101041
135.3950021253385
134.97778190745146
135.29614363629653
134.5714011490519
134.4287419386552
136.26588227825795
135.28599908276817
135.3771163405222
135.81138027748005
135.50892906488087
138.1566932748044
137.987768107463
139.03401205768068
142.83739427750646
144.01553610091693
146.96995323890505
149.19607087324363
152.29283253914775
155.85612787778481
158.67739896952577
160.67116137362208
159.57988474055313
160.65437498819696
159.54906421034792
158.75745985550373
157.51030674163525
155.97380613598742
155.05625161019893
153.2500598514125
154.83590199537338
152.65884671202383
151.90443359273257
151.90212018506455
152.94985959232613
152.01984292383804
150.50920759246102
149.7869032968182
148.71660475531456
147.41710373924167
148.01600785918228
146.31694064495318
143.50498837010886
141.62719544628018
140.33621127900923
139.07568370480783
138.5969860105314
137.10188874352434
139.7054030037933
143.43265125562
147.87804305714707
150.72854711976925
153.40910450003875
156.69548674510696
158.5196990918905
161.2491888804031
163.27448494609504
164.94090483188106
167.12112738833792
168.17721010870724
171.58112875978182
175.2790493860384
180.5771931597817
184.18591483354194
188.99852409642043
194.04633177933047
199.45428483017983
206.9816097838659
212.658387765095
217.65218051997093
218.91776916117942
218.29371745192006
217.80003815821382
215.60474327805838
213.51031082775
210.5436727683369
208.4703751575904
207.10259635426348
206.748605501658
206.39358770786112
205.38959306178538
204.84896141382782
205.32310476562338
204.58541660141924
205.5956387801922
205.61040453716575
207.0677794657849
206.71573378088533
207.78567950281274
209.51152757921065
209.75001718220366
210.3623367735065
211.941953277917
212.60038127970583
211.5467627249305
212.1751730363007
211.64151120019886
210.41702339617595
208.9931011341651
208.43444643525117
207.87570151107892
206.79760976541465
204.2072411656025
204.02767127552983
201.93022054711366
200.71326843781893
201.2983841235643
200.3030882233469
204.0613061375715
207.93292473528942
215.51932165150797
220.19494780612766
225.27980892977575
230.99884405622356
236.57402088319793
245.69115049247466
253.22563749319926
258.18405062029177
260.84633717504227
260.4460694756721
253.51523014139593
241.76952223421256
226.26699746707757
214.3719868661513
200.19596987608793
177.86374028721784
160.26278215503262
147.10378141971904
149.29852464424076
151.7882286087112
151.5877726668437
152.71337166796795
151.75626807001515
154.01756201205058
153.48767980790026
152.59640978914985
153.67165972206837
154.66474658960882
153.35087364352069
152.85395949239535
153.33721040409327
152.4326546424255
153.28716961624983
152.44034695171166
151.27450983684287
150.01288588997062
146.94164763593187
145.54895500906392
141.98278304975395
138.88613461034794
135.22714979370912
131.24698555686078
131.6707786937626
130.22339750516753
129.61516286000273
129.91219213680407
130.10758671509956
129.38666446257218
130.48503108157317
130.00118802790095
129.66108437443847
129.81289781396472
129.38620449616434
129.55007758147073
128.07765701856206
128.03977207943944
128.20821640448318
128.14281903359606
125.51991787558204
125.01761291480939
122.05663558117911
119.90359653886951
116.95894133211108
114.65445591389481
113.73191495194703
111.44540897611071
109.50941849551364
107.86562595499466
105.45222211012559
105.77822413036539
103.94459062382492
103.27220631215032
101.13469875361508
100.33722370319033
98.10610251170384
94.54764606045967
93.31753463183715
89.66998873033161
87.52510099607707
86.28168833029268
85.50862944978488
85.69368546727922
85.44525873116923
85.38640761466341
85.65288965280509
85.84072218439331
