5
2
e
152.9619889844683
153.2437049152395
151.83819446479504
153.0686931016394
152.3879530907787
152.50680479389044
152.2593760105712
151.83944479843296
149.57677752821007
146.0285562351342
140.71391572716854
138.08215522922907
131.89003456634916
127.47398465855332
122.78292810349853
116.84148460160613
112.72448559581194
111.32198295538115
110.84648312198992
110.24394975507379
109.37599834442324
110.1625847769743
108.32399935490155
106.95702608632031
107.12696607931505
104.76936587021014
102.94089519083016
100.55539111017725
99.31512185783698
98.96640068514282
98.6360074176614
97.37638715296988
95.53983931411777
94.62737697761987
93.00415185422365
92.76673204496417
91.0937045755322
87.86697327092917
87.42703569944155
83.03932344388129
82.92524450400009
79.9092305793386
80.5228017131588
79.31926434515881
81.20420694033359
81.589825558312
83.49057837923478
83.34030269992476
84.8460635833468
85.3299988280126
85.73439292576151
86.2264844096057
86.1224004378224
86.68928722438096
87.20502578521614
87.10941928452723
86.87463410258023
88.28947182347478
89.52120464650596
89.8127390012918
91.37711452829102
92.20272497945533
92.94866490472238
92.46750518939552
93.64743186623379
93.25620005884637
94.90223956867082
95.18129236140228
97.13822124108418
97.89492322616935
98.88764944134888
100.79945292049555
102.3151302856897
104.05239649719039
105.74605499093096
106.6704330329448
108.36091390721317
109.38999733527933
110.89098804709613
111.60519062271774
113.67159178781066
116.05283697388118
119.12679428504386
121.25958831336764
124.1513855553947
126.97207420483342
129.93288248849439
133.62890119189885
136.45017595700156
138.35074303217507
140.28831329761402
141.40862918445717
144.28814463101617
146.0941258557447
149.08005626948565
150.84478291066665
154.38340857853314
158.34162554355035
160.94919420079412
165.64443598526722
168.85021462168166
172.44086572320697
172.58210297319087
174.47894849261212
174.8965084087219
175.988366370644
177.59606355451785
180.6230161410361
181.45779345894326
184.95271615800664
187.6129341480851
193.18437038943898
195.63616959377612
195.51465226070624
196.1281991206867
195.64404312404898
196.78992900294728
196.93531742375592
195.92142598154769
197.33904897065142
197.32223317403583
199.00964381271066
199.96330903451363
200.7519097708661
201.62681150158932
203.463710977062
202.9942364537679
203.4137465745299
202.87098189969737
202.03667797606175
201.39490862388837
201.63819543469572
198.60960566186324
198.24183607986532
197.1879346878356
197.15656972025377
196.16415614194318
195.89459391883096
195.53387294475203
194.72204951339737
196.81850580303168
197.65066853452095
200.56023342085248
201.14595156262396
203.23353283388724
204.56371378888733
206.39383361420252
208.92207039561083
210.03269396113907
211.26315841634536
211.27125420044808
210.48632577025282
211.13262956418703
211.28562911092914
210.44321923986726
209.85361061702858
208.92181022136663
209.498346796176
208.9524493602055
209.40914535797563
209.01597711441596
210.38246695751204
209.76279269240396
209.89396394687463
209.3262077422018
208.6429439400324
208.46868047073153
207.92409472452297
207.24028539386237
207.25994734632783
206.7660930866884
206.37068399054974
206.338962750391
204.99045389855988
205.86382821473566
205.2109685802294
204.91924055308127
204.20842979708357
201.98129724339864
202.45127518749527
200.92892278614897
200.11712182698545
199.09193003816537
198.60244690910662
197.91727675769704
196.63830499848845
196.4133931227925
196.74263391266527
196.6266241947453
196.74231269672813
195.56784749480428
195.9791604564142
195.64015824096774
194.4229095211539
194.398626029579
194.55071066987895
193.23219123880452
192.94842166071768
192.38723352987887
192.4765640912017
192.6231624545139
193.26690906554765
192.59835306670138
191.58208071506488
191.1821452584594
190.46438194388296
191.1146781498905
190.15408687133964
188.90983310917431
188.75833821409685
188.04246155839292
188.1381336035179
188.74770911214023
189.5041249260522
189.31838486699823
190.713943049717
190.644514041237
191.65556684793972
193.18783145129382
193.5500627725628
194.27834063517335
194.6049199816308
193.59453708913702
193.8540103084363
194.96885993305992
194.28660448756995
192.97025706386867
193.63420447779234
193.99452699113237
194.15785275651325
193.25639941095122
193.9674566045375
193.07455709257732
192.05982458504073
191.83230826558346
192.12066437558587
192.59914220560586
195.62439100788743
196.9378394373797
198.27754766393375
201.5406933703364
204.15354362750122
206.47905530592845
210.07920034093746
210.2039806801878
210.77687715211394
211.73137665858172
210.82810688665398
211.75047032933315
210.76253904610678
210.69468003682434
211.43682020903688
211.5529647666745
212.43406029803035
213.30916654389722
212.90731850620827
214.1791785613335
214.94489305865386
214.45518221596507
214.94299850773604
214.57112140207644
213.27711398378585
212.02717832925285
209.96855350273725
209.21806199199682
209.44644939840424
207.8410837925996
207.6984003861169
206.9271845058702
206.97771623260883
205.39943192076632
205.64978826390427
203.78682049877614
201.4407563355466
199.2405314984435
195.63047917459673
192.64185066184288
190.6599879533489
187.6253164217702
184.09538543971763
181.33224202698133
179.6943117004137
178.56807513867196
178.3826203007803
179.2881669841256
179.1930681924784
178.46138768062923
178.21952545436326
