2
4
a
59.12144160423103
59.18077655166885
58.59746950838693
58.749643030324364
59.1288603276607
59.95629448176037
59.13065607308591
57.54817788597065
56.90059123740407
52.632716708014414
48.99314823204565
46.131472736768345
42.545906286781346
34.68900395492732
30.34544452917612
24.514346674346644
24.08985319632045
22.883475141454316
23.913974054259203
23.726151995268594
24.000042345327714
24.0187387612263
23.29048778545393
22.35185214180246
23.28403845193244
23.243122847203
23.045799245207057
21.781126218100972
20.638376892332086
20.430543116362642
20.67877172676714
19.949639804422315
20.52916024698695
19.337313840148223
20.33671987168532
20.94052752502121
20.91810999344656
20.743103998669696
20.778352444746577
21.224460310554893
21.87476329978263
22.375492649884826
22.02070126842345
22.079246033941246
20.985230203128697
19.33906715473604
17.85020667250403
15.360645737993233
14.20705048953133
12.570211706987749
11.840013465080313
7.808069332194483
5.3485240951687265
3.2655334822223976
3.636377845116826
3.267970326870314
5.142658354231031
7.358390108002177
11.265908408424641
13.187518501286554
15.61274272509987
18.100952333061525
19.053371188403233
22.553117442681685
24.59548764209469
26.49006170118146
25.427875461772263
25.949117386828295
25.71365077024683
25.51428575834525
23.6757588777786
22.96468006127968
22.118375580073074
22.22538719825566
21.508275733381577
20.904561446537496
20.967168857931252
20.126336737845133
19.518878505108056
19.3200505575232
20.185855166450533
21.392532288649004
22.067783161025574
22.61114108480212
23.99925726247532
23.718816893524934
24.06593429620779
24.064017414452124
24.779226075065388
25.951042904005895
25.876565873085674
25.699014329193854
26.800725728937728
28.1677743512207
30.189135155351572
31.17267670499088
32.95330481180322
34.254934136561126
34.97876431977103
38.161266537518785
39.89164923245444
41.410181718483415
42.30402279082557
41.83864105613364
41.23424263448528
40.278569397949006
38.569229209859
37.86092832722735
37.16223155511112
36.846604457416035
34.87697413476328
34.87273995518094
33.709767000831704
32.77266054705404
33.16782007363382
32.4090574439837
33.07603780331516
33.804328576273114
32.40588913034603
34.29332079494986
34.336232718218895
34.99719483250318
35.438077653794004
35.90202602293886
35.69761729283947
35.83346121121081
35.684533529419774
35.189291060458736
35.78763098190196
38.53877312346345
40.85586096695386
43.60194388920738
46.39910419336131
48.960876638910186
51.93862149214769
55.261116035788724
57.40208452542276
58.50007216752635
59.64758833695849
60.15529149557147
60.92567325560645
61.26613034539812
60.495021131541
62.34426830763097
63.14875062768082
62.1365524113296
63.73192081844665
63.772700177201834
64.3596485539634
64.93747218356152
66.01658392354915
65.75022810040768
69.3238547185427
71.82076838852768
80.46356958618887
84.9780588421772
92.4374425664011
98.38692881144613
104.22440982861468
115.07149956377735
121.5277242554165
127.70710641536512
127.87377772065702
128.36340988898849
125.70432203602867
120.10098202535656
113.32809502243462
107.06709525687582
101.1375689073749
94.37096329384181
86.86881736936766
82.26313329830992
83.51045984743413
84.23235925346667
84.5701744308189
83.46137631124375
83.70519194581883
85.12640864776074
84.76947096976798
83.93635794930944
83.81812235070365
84.09563868077366
83.82494373634631
81.2371999627013
81.83207004803624
80.46834444063282
80.72214567882159
80.22397700040325
82.12963902648384
84.36143520309969
89.57736034400058
93.05431640055164
95.3829150334061
100.20718389196556
102.54542931739942
105.58232752225153
107.12450138287517
110.75213029399247
110.56026938458923
112.42979426683085
114.04385878401064
115.4707307877159
116.71559924235999
118.40841252865879
121.1379438003945
123.84885202972433
127.37192569948836
133.52651680896042
137.04700329809887
140.73005995617225
141.7877911100582
141.40952120239066
137.22313721143502
131.18677607079934
123.709512099086
116.7077166549014
110.26293315292794
104.66650639685177
99.55525100012294
94.28013987002741
88.66515064439751
85.77332102875448
84.58240032818966
82.79503124468145
81.31793531281856
80.54577172863806
78.60710759401174
75.90818545430619
74.44835095955948
70.51339514774915
67.79124206168437
61.98427762662981
57.45398541150426
54.75554783659449
53.930477353010644
53.956821641110295
55.614600800621666
57.065218165122964
58.62010458392832
58.96476739044365
60.29021650877836
61.88436493300865
62.510404678207365
62.73445521422626
62.5806667041029
63.440698074613344
64.20806572922271
64.80173075996963
62.834276624273336
61.9723153313852
59.40264366762487
57.09157488699493
56.0666315418917
53.658474742960465
52.14974823126869
50.91096396864929
48.77135178338763
48.28644660138811
48.17080519322443
48.187702105301085
47.223021648234024
46.998040359486964
47.225187705784556
45.84996062941439
45.63900647408522
43.66384763494284
43.10256638530365
41.72751875061821
40.47268221826972
38.77437562626889
39.71776221638968
38.77777635652038
39.9497568017748
41.132483505746826
43.85821089357709
46.04875715409371
48.44082714195819
49.42841118611862
51.13493867419262
53.57827542028498
54.067666858361505
55.94129910592033
56.49605510563284
56.66658254832496
56.122754778708305
56.781083061972105
56.42023383181998
55.449251767305206
