6
8
a
112.60236997253878
113.6507252526366
113.60756024107187
113.71359201176142
113.26471815209399
114.01689453120487
113.9829817700827
113.18813894743357
106.34912720978804
98.45838106682223
86.85168800539407
79.65481330776825
69.82132244476661
59.29739953394944
48.82524998401214
34.476710159128906
24.8093373960442
16.26516811626931
14.80621843382619
14.757914085817738
16.18209442104248
19.1736941897034
22.999288009430238
26.224562000721708
28.971504242776348
27.860220575066617
27.948427207038527
27.2420120933585
27.37206424094098
26.721535774379955
26.355392758775373
27.342656787446998
28.138132534671215
30.561027316355613
34.61592677455893
36.7802899966599
38.84901469723825
42.59713155228293
43.71992668830603
49.408666662508224
52.49454645068975
54.85903642964347
54.51207585542221
55.449574611631526
53.95754861986631
52.26821992007052
50.570240524952396
48.91947465947385
47.35546112455758
44.99641336389977
42.93994623297418
39.07329695541414
34.767106506908604
33.890323576248285
32.114195749427985
31.667552031323726
39.758443659932865
51.556747410818886
68.56949756662628
79.54563018841161
93.10668070938098
112.40975821527668
129.10599510284123
148.57762008634364
149.42436943217282
152.12606294830942
152.52609538068367
152.4260329087974
154.33333845966135
154.32384621311394
153.89184000689315
154.07026689258075
154.06757639114582
156.33732466425425
157.84827588182446
159.60931286352647
161.57828692870473
162.7222737441579
165.05347499535543
165.56858982449467
169.2796173365729
173.94707910059836
180.0761890181533
184.68365360840033
190.5957735680752
197.65256788529686
202.51338609391627
212.99277797170527
218.69493784692855
223.7558010760226
224.1960207580019
224.04512968999217
223.97035757522883
222.49548914183694
219.8015486214497
218.06168014104273
215.51195228657488
215.8049372896255
216.0409629572592
214.00280576300045
215.0541840661109
213.1104679851726
212.95874942237006
214.36755929670596
215.09990565845996
218.47238474676243
222.68847329949116
226.46708797301775
230.32532040718752
235.2740875341208
238.43518921942314
243.36650332378005
249.09892957162157
252.65122382111926
252.16340502518318
251.85606057146097
250.63840494868685
244.86874015344884
239.48604789979836
235.11380842735386
230.14735937127404
226.68450644568915
223.7708977789752
216.19963278549642
211.82662584104474
207.9852123308306
206.04488935671765
206.83802174893714
211.1337375856183
216.52723274023762
224.7907933507696
230.95560367197774
237.85076358375784
246.28586885874222
253.14827500655488
262.6424102611008
262.4100262968414
262.9687144796205
263.13551801258564
263.3212893484298
262.9078059683672
262.6369586500108
262.8169091046752
263.3057253184172
262.3502112891538
263.9610742240147
262.1803484764118
263.82053043934974
263.5645431319977
264.716359935792
265.3393162818972
265.33471425465564
267.9265942920488
269.3048666650979
278.0368230861044
284.26957902826314
291.4900725942622
299.5348434235237
306.4794387238165
313.08558146684214
318.8010392364902
320.924470267613
322.1409408012658
323.64847648645264
324.27714521382023
324.724669284383
325.8536517711535
327.4002863203594
327.0320714461585
329.9848183233743
330.81395410427524
332.80893978300054
333.86133950091937
336.4848113789178
338.4923360977912
339.53474170853934
342.81261388368074
346.4939047237081
351.58729133117004
354.91465845469503
359.71951531996626
365.928504773394
369.8561404612797
378.56396303181305
384.7629645998811
388.3329181479839
390.74320791570506
388.80806726316587
387.9428233048574
385.7394056922587
382.6995633482164
380.906004942172
378.19829075427793
376.751862367008
376.5564372768424
375.0328845823355
374.55172497545544
372.7341199418397
374.9949244400641
372.53985211360384
373.36071949927054
373.6310586941519
373.26741739796
374.40300821447096
374.4800804516442
375.3042426923707
374.84225782538414
375.2755146998602
376.7501253609404
376.46716410883124
376.7125215684828
377.01635892983586
374.8238198410925
371.8417899756873
367.8805110367875
364.36908146963026
359.7166013321286
357.3448022890186
356.66317763736185
354.31629530935595
353.2182291399872
350.6821302509373
348.288637570545
346.7480597223961
340.4389143543851
333.5193023536701
318.7693195933487
308.19449995633556
295.16303720894746
277.1218044801398
263.5819685975084
244.78798585468502
240.40591693524658
236.23093500149088
234.85699469312473
235.39490640654063
233.59717720320072
232.6124752094432
231.96288400794052
231.05468738522214
230.16015996091468
227.14694594845005
223.2388725934322
217.2399456984795
212.8918855995643
210.22218015834122
209.12902269163558
210.0112646119893
210.768445379098
214.46093876453548
217.82462626068883
219.31471538277177
224.2228393939136
225.19594090197953
226.961106811288
229.91076190343233
233.7749442941409
235.22689065752573
234.95168111195147
235.87952649991618
232.96572792528522
229.89455601041968
224.02004309034572
219.83633620790044
215.63723350265056
212.14942744684137
209.01277689789407
204.15657665535053
200.79451945232265
199.11010100086813
198.93210323930305
198.45410094969523
198.27669098142454
197.24336066235958
195.57456304044314
195.94902145353691
195.1120693938436
192.01437399627255
190.03647847194372
188.3823601214159
186.14126381982302
185.78813151553942
185.58945466833285
185.9113483680477
185.75630175620097
185.62244729515376
185.70445361551796
184.81567528619814
