8
3
e
159.9376058190192
159.7297734748087
159.3962418949632
159.4625132196492
160.17552868023222
159.08088178972008
160.43937159659473
159.4101474781862
153.89439554358128
146.94292080524596
135.20502958600875
128.26629241388508
118.47477703773909
108.06439532748041
99.26953819087339
86.3529700688222
75.9373894069399
68.54928202819245
67.1920610953701
66.41895040140217
68.81573896987496
72.39209991031144
75.75425697223066
79.47703422782361
83.88048830287953
83.59163845435823
84.10010882721686
84.32965317956703
85.22558871882978
85.08766392450472
85.50040891969657
85.36473508961964
86.36061422122114
87.03561328524052
88.12429171471494
89.6350378428867
90.61699651767717
92.8457538961985
93.96376489845164
96.00912166946124
97.52121297990095
98.49557385530763
99.07360042058161
98.13133450644685
97.72832716313107
96.4909470818751
95.82934899972464
94.48569476257687
93.29222278097212
93.9374010953412
92.37877579623485
91.1878554836915
91.36366117136667
90.59320766697121
91.65450922462057
90.06960327565652
89.36467346127797
88.72331393724335
88.81850119383643
88.34401549672936
88.70567247161044
87.20152521698598
85.17261133526654
83.75323683373595
81.4171589360009
80.87618041623949
79.41705398332668
79.0946833639892
83.02216176436544
89.69875358355884
98.97034624896766
103.73086683015643
112.75646186388883
117.74979212841892
122.29240353850939
128.85183995945684
133.66885166251024
137.62383496307166
140.756855521311
143.3126121374059
150.89622823096303
154.93406946846537
163.22472680442925
168.44899255084138
176.70923432892258
186.64908420156306
194.39334627618302
208.58679593713478
218.72907537475692
226.17742003862665
227.58871299382074
227.93612776207152
225.09370374940457
222.21548501358336
219.02043749940194
214.88320439452565
211.72749074389787
210.87703277934494
211.20443747630037
210.94415565932331
211.664592833269
211.3269276713591
209.92095909067072
210.50497006369278
207.7114965708125
207.4309395988647
198.8772345291133
190.33708074576683
179.067093245223
171.36140756430837
164.90336190481761
153.4024716066883
145.1299711492509
138.80930724092093
138.57334375328097
138.6089993256013
138.9547174462428
143.1009517602961
148.076904421413
151.19657594897856
156.18349766932386
157.0428994565646
158.31887558600232
159.7060896510837
161.3917950386256
161.03631896450793
161.17018434077647
162.24785463473992
162.1184100673086
162.50722963227352
162.5765965572987
163.26269902697388
164.07523959704207
163.30199242857117
163.41965613725608
163.70969234282404
163.55840846901302
165.15504996488514
164.94820287758841
164.7300126736163
165.54138162149243
168.3261900088384
173.0473688268683
177.0495130634889
182.06926428882056
186.06375897467393
189.6763801741391
195.71858600851243
199.60787362552915
202.2808327966115
202.99753700640062
203.52788988491204
202.34190437386246
201.58460412289986
199.52736278596063
198.63660097366417
197.27289791290787
199.1504903079685
197.0356544395576
196.898738417322
195.8587289984957
193.45148963985324
192.94709376901696
193.61275466190023
197.41997174220336
202.32755110499383
209.6263379842573
215.36555370668236
220.9930802668141
227.6127939482637
233.66844022281407
242.9448788685959
248.6791365505036
253.7225794107299
255.37256742231364
254.97958631833023
253.92435405681059
250.4901408491348
248.5500961289841
246.26293439091805
243.67052626491983
243.34698312142353
242.10613257076125
242.24006735835104
242.87295499187192
240.622369789966
240.79586694627315
240.63762070845
239.38646492369523
238.38561918997712
237.940489806814
236.84845321421653
235.10075140043867
234.45935536215168
232.7898881888092
233.50943493675715
233.00822002521988
232.28316887805317
230.32928528999093
230.05009625051383
228.74967525661452
224.89614568005308
222.2081030237571
220.6429257977096
217.09440630248562
213.33046116466318
209.58134654609526
203.23900261470578
198.1920290397867
195.03265677885625
193.12762910013538
193.98294772881349
197.496903622796
204.40964284651247
212.60207504354815
220.45830323802784
227.1543689821896
234.1219949607811
240.50765264862503
250.29828776508788
256.1224223047681
261.83561107269526
262.58339431242246
263.4124269679569
260.5014299460825
254.16647707445708
248.18256174510694
241.53224924255957
235.0680828125519
230.83577607912278
227.5356710796678
223.98937707352974
221.27824996152162
217.28976269376088
216.59281426355292
215.668967954786
213.51735629330847
212.4122892358473
209.55143704136677
208.764533494429
205.95625216118893
202.33098708719365
199.37287759762765
195.9240237357773
192.88344097034695
190.6662987124992
191.12697951726054
188.62983117452575
188.98299905784748
187.90313926893552
186.80301954480328
185.750471712104
184.973061992302
183.41228733035052
179.22097153837626
176.71308478659031
173.25425344911187
171.49741537297908
170.4207396957975
170.17211770653145
173.78450894586294
177.40097120532383
183.70245348432542
187.58628138036954
192.2889787735632
196.0276180729915
201.99726075999604
207.1008553582446
213.52100907634724
217.6644366585641
217.81513063616887
219.02018522833458
215.34213849285297
209.03022217513538
199.78840244812582
194.12547106171837
187.13324269085075
181.70259083173235
177.26615024828473
170.54823823080943
165.81636112016227
161.5357310962403
161.2709141540215
160.5241666621074
160.62910422664083
160.83750626275335
159.8774740459303
160.57832222808753
