9
6
a
12.626222706749301
11.25190435384913
12.192577648206942
11.724532891299628
11.315588253361744
12.867244650008837
11.718920595241661
11.912969671950389
12.050546813959683
9.092636847281737
8.917504385141815
7.427692673747192
5.593448510790362
4.704971288948906
2.3653177887551866
0.21252278276788011
0.2683184197032896
0.49538032871061843
0.5892342409359612
0.19947390534773318
0.0
1.9750561046708275
8.268621009396977
12.81200409521692
17.803861318106286
23.125808489992174
26.427749157600367
34.001144029216135
38.47766397711001
41.99621825959685
42.65520753334558
43.71838274438615
39.391518149384076
35.45047194180794
28.699646535878273
23.491350084467054
15.985527496359387
11.772931122605554
7.987473036624747
2.395920130307102
0.0
0.0
0.0
0.6698922687531638
0.0
0.0
0.0
0.0
1.315986654176715
4.114483921643942
3.3256327628110807
3.160223660748628
3.8715545449344146
4.553949177429813
4.856487711290754
5.819385763640247
6.276009469547667
9.056351062030387
13.453270466155567
18.426877608633166
22.781029975305014
25.623637408956057
27.217530064688532
29.273925457861292
32.349974328218096
34.726500378749755
37.062451463297265
40.11490306897216
46.107953762280275
54.80305739167297
68.85848920364408
78.39958013751796
90.98510765199713
104.34342570822655
119.09123444911005
138.32219726668632
155.5129010226411
168.4423183031391
171.09067097882303
170.61079561122355
161.84633477950865
145.4024551046298
123.36455575997216
106.57929372119216
88.11718392686517
75.16095946488096
60.60001371886825
41.2926792277417
26.24306791456557
15.086440903018563
12.37576370086018
12.35643631962516
16.347128407688178
23.699667766913198
32.641064051345765
40.084978218811436
48.88762262026952
51.59925599089142
54.960657798076966
60.10801958208049
63.78417203466306
67.07778175502591
67.91539765595675
67.64520015793875
67.42069866809416
66.05156490846875
64.91870542497323
63.67265207446374
62.4241090164408
62.3692951255208
59.75653158734849
55.29223380888315
50.44316808308694
47.39798142881663
46.31145025786632
45.820673240216635
57.33484369259974
77.05627686760864
106.02841893349978
124.56829636452251
148.55233783303808
176.16549462361192
198.40361736955037
229.1571053017227
242.05749122395457
247.23928945988393
250.13786886914795
253.7317674369353
255.1826917285288
257.65118829897494
259.24343908878865
262.06762720458227
264.5823045236437
273.45845398678193
282.75246811804254
296.29453078039376
306.52025597102266
315.90114947006464
317.5482700058082
317.63422204671593
309.14958440117834
295.4037920900289
275.21790693975527
261.2291122978113
244.49966919489685
229.24534924759226
218.45679869897452
202.62359020750426
192.1541876226991
185.08646507577419
184.0544536291949
181.832152788917
179.82805972572007
176.93052757958466
175.29423957251186
170.8564534262169
168.66380707607658
160.83259620125108
155.6321865432011
148.5302845373636
143.10173117618325
139.2145593889131
136.76162404825806
136.8788501415128
134.40340820249378
131.93451070410077
129.15574552958952
127.46497647488397
125.15989846462367
120.38716304380861
114.79614986152428
107.88753901237155
100.30736963291585
95.20884858797515
93.93139608440681
93.40897049582436
101.22272335935291
112.11151511819213
126.79041136097686
138.53027929956286
152.08062167009723
163.6825693723478
174.7510747367485
192.41390736665727
208.10763991955264
219.1864760870739
222.1511724512208
223.0512093808834
209.90338733962338
192.1254872786631
166.9960847830212
146.66361990019888
125.26269529170322
107.25238766304825
90.33950180233172
63.93617146994699
44.9952667640709
30.834103481417735
26.166765282375646
26.11510000628048
34.8339053930173
46.533365859396895
62.331184659297236
75.12545150995889
88.17139571743836
96.01016891321788
104.3175658996496
116.55719945865765
127.38431643543632
133.87424302508464
136.62406683198023
135.98388722038464
130.44054075142597
123.95955657707063
111.21290917519656
102.82091494901536
94.38630838061906
87.36563744671481
78.49003879721958
64.3448316830993
53.807974053590215
45.634940982464386
41.47513580355799
42.824175967864754
55.84037156979089
77.25378886430035
107.1795523171212
128.82922316523033
154.21091680830764
175.70939614068155
196.63679796042618
229.13329460996763
253.4582219678694
271.5275809218928
275.4935057266005
275.9129709503231
267.96870804518693
255.38482900863454
238.52564107795385
224.88167728228348
210.9739255641087
206.19529864177736
201.94346738965805
199.37326405546182
195.242697421899
189.6431120063037
186.3471466993405
181.33069021555178
171.4776464019681
157.55867701360634
139.4259728365214
124.1731305568982
105.49199641745551
86.0879912323015
68.26458296398522
40.137666243637646
20.828551826445132
4.903853697228693
1.3771220891203715
1.7677416851739922
4.417641400024896
9.13545913404857
16.252751775312404
22.54447317769768
28.508335493930577
28.033115616782187
28.295955572858805
28.755010387357242
28.649756210930192
28.099775342727142
28.036498142912382
28.25515223666945
28.60964559937787
28.743985743249386
29.522535657094036
30.58781180622894
30.715209149065565
31.570428465463507
31.481566863383783
32.756383294086056
33.98274308249091
33.83570287249454
33.86336336011815
34.3888271695429
34.359448788664054
35.42661478161183
34.918183261116255
35.36554781291388
