1
6
c
153.73370603292176
152.9946239724023
152.4493652160539
154.10708287205577
153.96624158094454
154.06558940599913
154.92617007970813
152.96107970758703
146.4093853102437
138.96128509228365
126.98937680099122
119.7329508238941
108.59438502122367
89.98086653480628
76.34426330899664
62.28696254929681
62.22864138049849
60.59204571656482
61.24807945744835
61.5788226043847
61.596123971253036
60.4602559014776
60.32098968496071
59.848036977393875
60.252983758371165
58.92786451578393
57.55655513325956
55.087370986782574
53.935675486851615
50.74043445944618
51.18200790609483
52.14982652482848
51.36426405498743
52.114065466168675
53.04637793406439
54.215963430682244
54.72061245357769
53.42909031283334
54.191367627439014
55.64089738436498
55.80637865405189
57.00238595724355
57.41395096753471
57.273918092193824
54.146798265586234
51.42835606350886
44.78748299973703
41.2725834046153
37.265823192822815
31.537195046200086
27.731544591366628
20.649696580573615
15.897133888796438
11.442789089435266
10.488758462123448
10.678546385945781
13.64570708616066
20.057581250271387
26.611041683849574
33.37223541719925
40.31489894979628
45.62010740905743
50.53121943286777
57.5302253825526
63.71659674915629
68.11090835141961
69.46910711041122
69.38508700701274
66.90941886797445
65.62184307291426
61.91614993883387
59.65891436803237
57.7246082831747
56.05755181709075
55.45442488364794
53.791222155889066
52.56870288748659
51.99135945275361
51.96925389626603
51.78098284289665
52.42640947594822
55.60185492836352
56.50743811763773
58.700397041916204
61.762708704697815
62.04572473750806
62.91414095569961
63.62841353373439
65.32443240860304
66.1786050073264
67.31595888451
67.11426186714351
71.26180656706603
73.45459306356213
77.09855888029546
79.91441287103454
84.06445746674686
89.68069120797708
91.44857485403695
99.43034888609189
104.46209310222967
108.0503010661453
108.3612547517414
108.18218937705753
108.0556420985437
103.92901539904392
100.48747863575473
97.68873132178783
94.57757733309327
92.71384934759242
90.55685915676679
88.74422347203804
86.34870232726418
85.14869427446504
84.66464081125507
85.1609523385974
85.67823394271801
86.94730591549529
89.09391196118798
88.93561360369601
91.29180422883773
92.06909136542845
90.91230416976752
91.64792112451563
91.38380795306362
92.38990670717526
92.87598285123472
93.78643998561195
96.04879501078273
98.14782858074592
105.6947491921759
111.30221836767602
121.36394167215518
129.61440461731775
136.0866280202661
145.38329965584026
149.4199648878272
152.60923224847275
153.63716602331428
154.82844917131845
156.59739443652563
157.90465803639776
158.7001607039578
160.6332642106472
162.94407014764485
163.79269953560654
164.95710961568358
165.08802198397186
166.75205654778335
168.33043581818154
171.3475229115462
173.89876821841983
180.4962214568452
188.36814226629753
206.88433528459365
221.191116256335
239.7671602761008
255.5449782853209
273.71625322162635
297.37003832282835
316.6247235633112
330.82696638632876
334.2738117520455
333.99238797482104
325.44272735072593
311.9318072046712
293.515864666392
279.4381050004447
262.5209372086661
242.6090547355806
226.62494252152857
213.60128457472192
216.21217258022165
216.87158765844336
218.41951336377363
218.54618870178828
218.85616571037087
218.82836146390665
218.77633403240947
218.72124868018085
219.70326239146743
218.03032179167187
216.43750863662686
212.46866767494336
210.75119448143107
209.12992263696643
208.37856581199236
208.61233774523777
213.61350317653722
220.39019253046152
232.69911110717644
241.01764618529936
250.69124369085858
258.42090373533995
265.1493845937419
272.8339392137202
279.53267332126796
286.23540905655096
289.1869698731574
292.5202080609975
296.19001294940927
299.67622948794974
304.49926743825813
309.28332748294287
313.5698537436693
322.8058785801755
331.25148795510114
344.538210674594
355.0219001968847
363.22575848194776
365.87518131682674
365.853668859124
356.71521866294876
342.070621300528
319.8683395228536
304.67418367004643
287.6190299357964
270.92772056652547
258.5699827923408
242.2986460328545
230.63296991381637
221.8946722844212
218.5350324498816
216.38006905385964
210.9817616187406
206.33939134938336
201.27008390549022
198.83401830371625
192.09178761449365
183.20631816538378
174.53061827273908
160.305687904431
150.24635803361247
143.47094813011904
141.44154954743874
141.5373771627067
143.78155742535
148.22232328979067
151.78836696274803
153.67452222416574
159.87409991579824
159.57988543707074
160.59524730149454
162.18621654275526
164.62370003927992
165.76499949507692
166.77248724750828
166.44195736691404
164.76839656057652
161.22297125225634
153.68383373441574
151.23950643556827
144.67605791514828
140.76290866442812
135.67025485043143
130.88995582571835
128.4508146761058
125.33628462485305
125.17517691928781
123.99721635633676
122.89996658490378
122.62781846026537
119.658013059995
119.48453861919046
117.67616242120346
114.33044384473881
112.53981112316522
107.42563827023228
105.10604864941693
102.43810076041215
101.40535973145377
101.49650343873934
104.56684190723445
108.28783952329901
115.35907620983838
119.35815059218947
125.02569554760188
129.77597377408998
132.48019457209182
139.01064802111554
141.5693352595012
146.27529797006608
144.99546840160247
146.4863166291543
146.1244709299825
146.36960934335656
145.7499880189824
146.5946540487264
