2
7
a
48.158584776316246
48.28340411817754
47.09119266896324
47.34226050362833
47.81572270680071
47.437143027788245
48.4919217189654
47.32200502390341
46.83476263261395
46.40787370777697
45.46278736412185
45.0866049024261
44.74071086617125
43.76063505785347
43.79447957608325
41.99543458613494
40.19634079342498
40.40256122966236
40.159895345119395
41.111716982105705
41.34433216601868
41.00474330363474
43.125697223085794
43.326261721712925
45.082869761559834
45.12959908672834
46.37064627807007
48.08449407089888
49.63968150894114
50.139228605054676
50.25647859177523
50.538231590018285
48.693836530109365
45.08942622980213
41.46669250612253
37.764479407248096
34.31565612244728
30.829908367604716
27.458720478833893
22.823425798232304
19.31127478147843
15.708902026399922
15.023057351306102
15.112679036052462
17.172775302171342
19.17552370762075
21.751641533414535
23.97460764442004
25.552476623606953
26.98871470303017
26.74389218445498
27.87823318572386
27.67476124452607
28.507872388985156
29.6851523123325
30.754123194563142
31.722295489923397
36.48571584554746
45.63870099366443
53.11502661171593
63.98074142000758
69.97220067560986
78.5273295692018
90.30321675281844
98.55728308095415
105.02923664618449
106.25402527400063
106.58641437740715
104.41520758542693
102.42121313377216
99.67869668066152
96.80893371379695
93.41826204705522
94.92657067795142
93.02742687561634
92.59471205300989
90.79697528806784
91.39342568045393
91.20049339459139
90.23317388856668
94.88354158369292
97.86079865139345
105.16784380599577
109.38811738783696
115.44185291522813
120.22121946797839
124.95497644802441
129.03360929565358
135.3355494941682
138.98711678815323
139.39126270904964
140.56122877076348
144.2233864847101
146.2604956664132
149.97479453935296
151.82314811776067
154.81461048513478
160.4096583793759
163.61573456887922
173.43536874207865
178.68599578275294
183.31665993879375
183.95584896693234
185.3623720741011
178.88053305437992
173.0954512302977
163.2174624844768
155.59869587487756
146.63814776363
140.04193386113863
133.46298794846408
123.14006267909656
114.39028085107145
108.64139173523851
106.94221330395695
105.7500533696062
111.44374351297674
118.1132979607818
128.15655511544415
136.28873880661146
144.60772594535402
150.55670682428604
156.29284615203014
163.29892395043174
171.26656379452103
175.20257360581635
176.32953520301982
176.17373008397288
175.45844109893935
174.36058410174354
172.30256992063312
169.46932786768053
167.9337670429821
168.6820227715003
168.83932222350808
167.71611349416935
168.1623269035876
168.8083729500506
169.24654892015644
168.42689599855626
168.72076152135043
165.86914832693316
165.30364526382667
163.4710282144392
162.65470003237732
160.5484363175553
158.9710211845084
154.9438482445227
152.33798951639523
149.24999440866208
149.07549346456128
148.95370479645558
154.5975894253216
161.61135430817868
172.11804386784132
179.63302043160746
188.73571974154387
197.2398926556377
205.63333739073414
219.53869626474182
228.38957744082296
237.01013705155822
238.44884836072677
238.53010032280827
231.98469215428477
221.21829660641893
208.93130936939394
198.10298980546608
185.29310188057062
177.22652149366303
170.06441950584127
156.15008392514414
147.61726073478417
140.265844315144
138.48203440204497
137.7641679974252
142.03407235649584
145.5147360187357
150.36172308609613
156.01208802605768
160.73408532349197
162.10649283394304
164.02848016017043
166.73149101896925
169.6041224367802
171.7144551761464
172.98921592189117
172.48245388721864
170.66455508744122
169.30772118376768
164.9311830008848
162.8827722311083
159.79219353493565
157.38996288997552
153.54604574607865
147.94475289620655
143.6439790637374
139.68504905104086
137.72094549251017
137.87820252792167
147.32751792067933
160.10240230107223
179.95493944039936
192.940565186986
209.69176219330387
225.55450030324812
240.6875021195778
263.71501748131254
283.4253719495346
296.8823274626734
300.5180299801689
300.40374746014885
289.0167321801082
272.2105189179418
244.6594635716474
228.1441515423074
207.79955006334905
191.4333182281829
176.43583146071856
152.00253843822145
132.50846135411302
118.10248149004947
114.29099582092059
115.08364078553859
125.69002808375049
141.71128121560483
165.20547344518675
181.52455110615585
203.30557973444402
215.64103833261044
230.64078980797657
252.7189418467155
269.1515032074139
282.5280008997735
285.31064900728325
286.171722602577
277.1701587110486
263.08448486207703
243.59353634509048
229.39146297907538
212.23466287660537
200.71066718624925
191.94510647176838
179.90029058144566
170.0426574850458
161.4006192229568
159.9556977416483
158.1619507804601
152.95844126504838
149.0669685765034
145.6430734410629
141.8632332790011
137.51361778865305
128.69791028432056
120.17437025809835
108.59667951645693
99.08778432727345
92.34255548892372
90.4170954469401
89.49434676975056
93.9907908847467
101.76385976518976
108.93198233845413
116.51202185090665
123.44017535879358
128.70004723744674
133.24717017273053
140.4624035200964
146.07144685781867
150.3276754715021
151.5950181219333
151.4315973551351
148.3003465326226
143.5113977294955
136.44114334783248
130.75578795815633
125.5663803692364
121.8835848873283
117.3750794075674
113.06040065656258
109.20650264842273
108.42742017807159
106.39248348494407
107.31459053015811
107.2489318828631
105.6340630806829
107.02689474426519
106.91737093810963
