2
11
e
57.149857706990815
56.495265281200865
57.40779732130432
56.289507398205096
57.52891410469468
57.21888845435068
56.93313181712185
56.89700591609252
54.48554597335659
50.77208239067649
46.561403955045364
43.692214773137806
39.71493661429757
33.78634715321759
28.25026502241967
22.939843612475702
22.829882484480898
23.143074964001457
23.377995439014796
22.119746918120192
23.234766778275553
22.893833609838666
22.178241964081153
22.39910673330069
21.94066858516923
21.700322769656516
21.15363646707498
20.041460566037888
19.520741107658953
19.08151044312347
18.860576382396502
19.133519141774375
19.522058990151788
18.92728217422238
19.417716973396992
19.99743681865638
20.34927178754012
20.458493660761146
21.149556963652184
20.55620582362626
20.10912211548615
21.42591239562654
21.999576270250273
21.82571423478721
19.235155090813333
19.321269197203097
16.021472741415177
15.883688713113346
13.979261537336066
12.36935217957378
10.518877963051802
7.433194441911467
6.1599437974499605
4.119495219570627
3.5619829556477383
3.429326642136027
6.001651261594462
6.604337499601971
9.213521714414108
11.645705219141002
14.316397866273613
17.16962306704248
19.407967562973038
21.64467538333141
22.790831534080166
24.953824179190928
25.254017472243717
25.84343047148823
24.669930566786338
24.117767956918435
23.135902564645523
21.44911251284259
20.870525679460076
21.127934175602963
20.724136446586343
20.356663543643265
18.986806384155592
19.33641566561268
18.770040387198677
19.206793234427952
19.251454646920894
20.510254767303802
21.685717267463026
21.88025879184229
22.283478393945398
22.841974415177045
24.186160968836056
22.664850423836256
24.00718836934775
23.841857484720208
24.77219618034966
25.73469006585816
25.83558025886278
27.562084378168752
28.946864462876565
30.44590540399271
31.15652021054866
32.0336332343742
34.36976786347597
35.986780849136416
38.52965433546454
39.60717459204431
40.14328512773228
38.64286978205109
40.28576785019483
38.63368283835713
36.53218519890337
36.00536821248687
34.85222800219556
35.132905033005414
34.08104065355943
32.510554715106366
32.40667493771956
31.589593676624546
30.41491409261936
32.18420998929545
31.77818466413755
31.302455936644535
33.33848035919446
33.118857414954974
34.023306491960284
34.31560415626389
34.07808579462931
33.33705038874227
34.29475808094346
33.18101242319113
34.36074995656554
34.62180572781095
34.97135962874865
36.14992156172587
38.78019787651076
41.82293922443742
45.60101644983951
48.27235694137556
49.56385579818397
54.14937409896823
55.19174212358829
57.229784502420266
57.73932213210881
58.88578693023759
58.48518195509956
58.531870172604805
59.28808324296791
59.56654932417579
59.398322042875826
60.8450691616913
61.111620796789936
62.08682474328827
61.69331861077125
62.58761890877577
64.29318551098187
64.46571716519833
67.67124642587414
69.81292129959205
76.97806521466926
81.70445629740668
88.67531762570296
95.10296800875429
101.02524179518349
110.54809664553441
117.53569036995631
121.32050328684
124.06844743214701
124.08383604843851
120.16282938932288
115.65173009252473
107.9534345182883
103.47605186489942
97.16457725520247
89.91875286226745
84.29319737574872
78.80373159635289
79.52604198354923
81.2041104928403
80.47192658361438
81.09720088080557
79.95359988009795
81.36385216198323
81.69817492915178
80.5169642218712
81.5924565090156
82.16318651477552
80.58191577355619
78.69267739163334
78.22295623266292
78.2391420888677
77.4756338833622
77.54256472760929
79.17571320154882
81.92927432909796
86.1041240048901
89.98977416805117
91.52944806741836
95.4744785797974
98.74471110810009
100.94375576101673
102.90796544885939
105.62831397392425
106.61992656312879
107.48729996702761
109.99365893501744
111.77940556185978
112.74663548804307
114.70459607844963
116.33022685533473
119.15212878329831
122.24652397460831
128.26396890707102
130.59386499176028
135.39130302409748
135.907572021481
136.07682141902885
132.59521686251193
126.60063009273121
117.9358144182447
113.00747568362891
105.9304697339701
100.36932512106672
95.94166667596669
89.63832018391987
85.23155883137404
82.54404089802975
82.48266490202914
79.16271104755019
77.3448642119531
76.60742304919474
75.03127781176462
72.79951942192807
71.39046815973535
67.81669028373506
64.47273396806851
59.1577327093427
55.86872017574788
54.10285123264196
51.60762450521223
51.362919798792426
53.196158800876105
54.40791891405545
55.23804128493348
57.33883616539639
58.286329362229424
59.03117722583126
59.72106707656441
60.52826747754898
60.50947890591862
61.25585208172943
61.19430033269492
61.50893360293602
60.352302647725246
59.833913722392
57.237946768659775
55.300758738899965
53.52714206119223
51.48951952010441
50.30939546682651
47.96886675447329
47.21899337014637
47.548117647042105
46.16163249622146
46.664099577605334
44.70863444398908
44.232289413691824
44.05261628325387
44.050480557010935
43.73962119201942
42.72645383220651
41.72639779825986
39.994807659942886
38.37567200236742
38.05422016598026
37.43628347416383
38.48276048675699
38.50912267768172
40.15849607710194
42.4248026941679
44.82087156441408
45.930237661980755
47.59133338706878
49.68096243027298
51.25484925139754
52.61468378849386
53.74563088095871
53.904641058442145
54.16710693869752
54.044074784578676
52.64403699264784
53.77108883966644
54.00757131015076
