5
2
c
84.29989387085845
84.67588746631452
84.07170408869644
83.76528939693175
83.38262483983182
83.99876746401185
83.85589497747485
83.68196580410583
81.4518510288621
75.98290296553722
68.88569613216896
62.544143613934764
56.72745634180681
46.334623282316834
39.0035103255331
30.477438963575402
29.657659871490786
28.41394312119571
29.074377918679996
28.730308867746206
27.459450998548373
27.379491737070776
27.047492766886567
27.2664099168555
27.23004093914221
25.307032300413912
24.99674559394145
22.363699275255918
19.838912292866727
19.886358494741284
19.40506967667724
19.04824970171453
19.968952281965997
21.258670139126686
21.001644712034008
22.960649478171955
24.48787627121629
23.48199625787408
24.96555586805205
25.26479479659698
26.917667249100706
26.141776491928034
26.315402710729813
27.368741671041146
28.1065247763545
29.91507983384837
31.96798559274021
32.95682721862518
34.51644940360376
37.11009069068289
37.43166118787972
38.38867648119575
40.25512909557372
40.45771905168903
42.446510955079795
43.43856704226196
46.87655784181948
50.44456706889921
54.84589916822983
60.39633916409979
64.69690850782902
71.62503935725567
78.55635566940822
83.87739027924542
88.18296671857387
90.0199564588761
91.54899560343965
90.07971351266649
92.60668421738471
92.61241587881634
93.17731767856576
93.77641985665612
94.336481722828
95.9199234129358
97.09171944131427
98.40420548737436
98.42160976332168
99.783672640165
101.53064117957057
102.25538412927813
105.93197274813618
109.54140055107025
114.95874856266722
118.80691393656667
124.05548565351488
133.74494740733343
142.38605295954167
150.6871664855951
149.55445065762382
148.3296387013158
148.67127675126483
149.2369495000147
147.81226649105537
148.084377982899
149.59211372595445
148.5487471774193
148.72406653037817
148.20817789916984
149.41458971574323
149.47435067030233
149.1656255039145
150.6350203620723
150.73817460833553
151.45020719763005
152.0894274067853
153.47910262172726
156.50610808721981
159.60363897367944
162.03501790861222
164.76623966404605
167.33401370809014
171.34666735562874
173.82952880081814
176.0941294398769
176.94833242160624
176.42198603992566
176.23045459961378
173.71164130427712
173.57030816181043
170.8743537182077
171.06090667281217
170.15694988017583
169.66698427121074
168.42031148813996
168.08647533377348
167.13198261317694
166.7549460846566
166.60043771389067
165.79529731155432
164.75648273551275
163.91550908158933
163.58772979855573
162.69292329868782
160.5268418752484
159.22151692364002
156.133349418061
155.13310427800943
152.43310997747918
151.77842896834935
151.59032808932847
153.56034601990692
157.74215978908128
162.3189159310056
165.98147590850223
170.16335619397177
172.5072881264157
175.1821231513462
177.46793923312202
179.859685824857
182.85455802237854
183.54584094209005
185.81044027863013
189.3211758732127
192.97519497097642
197.55458464248184
202.79462663681272
207.8679843799572
214.07684443181313
220.03563545055877
229.67227087756848
234.59247025476543
240.51638499398706
241.50085837840538
241.64083478165296
240.38968433500182
238.18440162881637
234.63617593392178
232.37620196414184
229.20276744960893
228.8451029586653
227.5050322390667
226.0819472850041
225.49696825568168
226.29689814848123
225.09159665352732
224.83578906919033
226.37098770685657
227.61660628918105
228.46133437421798
229.85961626343808
230.28441519782393
229.86781338567638
230.54304086002224
232.2078044917191
233.11807316333554
233.8857966403191
234.20448014008267
233.60715320575542
233.7107355091319
231.99569678323
230.9324210707789
229.56180460850229
229.26597000189858
228.85670225894958
227.13939198905595
225.39952715585056
223.2430583013895
222.3680525687627
221.36755347832658
220.87080293774463
225.24708840817004
229.5651138862794
236.73598854646238
242.3883490484231
249.28017418149952
255.3835895456191
261.6045283603124
271.77741450554043
278.10827411669675
284.8502149924964
286.8242937145259
287.8515927977239
279.8232218073295
266.7173908902177
249.27771957779512
236.1566316361644
222.37262164466205
196.48557614893187
175.82117563940173
161.55835973228614
164.5481113038504
166.37387826969243
168.13571434603594
168.81236626864217
168.5281404911924
169.37427817882482
168.84085190454857
168.64474445369612
168.29325022550958
169.85417808995334
169.1323047266938
169.71695915476994
168.7148022417865
168.47457815437676
167.53144071098077
168.06728820358725
166.71071840259427
165.30382036182235
161.92467097158064
160.27833993076084
156.27799308874515
151.8385796059061
148.59333757844132
144.56160826297335
144.6398124929754
143.69566732538132
143.28827828995298
144.22030960968905
143.8064392506728
144.02778459328965
143.91860297241402
142.91979778828542
142.84856309741875
142.96133112905957
142.6506037474071
142.51898668011316
141.22957882714127
141.62974130225874
141.0192386855108
141.37720257305304
139.9708738313457
137.69491576151978
135.34646803306566
130.98671088724146
129.94229179000266
127.35420861741407
125.46901565311362
122.95610191268086
119.90512922613468
117.73507382677248
117.04210669617946
115.87608669905897
115.02467213276482
113.0539476502815
111.33563062395807
109.97114210767029
107.13498858037798
105.4753186529627
101.90764251260622
99.59335497966568
97.5954306346109
95.53296170891895
93.58977459288157
93.80835153752757
93.67039365702041
93.88234710403931
93.914293943538
94.05899748086016
