10
4
a
12.01652074648625
12.478436597333738
12.601844108560453
11.928685007395808
12.360261973620906
11.971829329314403
12.418914993131501
11.65571504835232
11.510422228544314
10.303473195647587
9.764596331316866
8.000120808346596
6.287800092945914
5.522191982615954
2.4970622440316568
0.6500959517015101
0.041982103037405474
0.0
0.0
0.06981193705103007
0.0
3.353177114416222
8.894726305269993
12.622126970598595
18.065084444394802
23.326106354141793
27.092504948404525
33.16974843519111
39.11959373605329
42.58193651658797
43.95632745589145
44.00221065114481
40.751796478331336
36.94210650483983
29.563696839653137
24.701303669383822
17.44861501935497
12.354250873625585
7.9130111515852715
1.4727143554131201
0.7100458551452712
0.23671098143343225
0.0
0.12060865151555593
0.0
0.0
0.0
0.6149807943368317
1.7437014274998934
3.1950400988254293
4.445518005521469
3.4395397812098416
2.8253820216463392
3.9503345886626406
4.518327076516304
5.130591539538503
6.549205524226822
9.109940941267357
13.886301599776056
18.05758402285605
23.273540273546303
26.001714702396175
28.150115919510043
30.94794778240064
32.18429996592253
35.57345061909806
37.45521104280016
41.21334106304502
48.06569993091114
55.03581960179162
69.71206599451608
80.915926704496
93.8424391951525
107.34369827203068
121.53450780227364
143.16375743301046
159.2236408094332
172.20171540511626
175.7734869201818
176.1466646864696
164.57562615957025
148.6481168838748
126.5064520511404
110.73324556816584
91.16913821152123
77.18822205881239
62.8276385736259
42.153984238489834
26.885590261031385
15.89943312259965
12.06343585865843
12.951603563193165
16.422271484717754
24.22452105219153
33.334476399827444
41.11305974651788
49.72458380547615
55.16998309097407
57.77322887146858
62.45247487605869
65.8270289892049
69.19197540021284
68.13396922461753
69.29580419107911
68.77270186042009
68.1883243831075
67.35377062729141
64.94922869070814
63.8331261345585
64.20256040012359
61.09767932307267
56.868725079148064
52.0288282508758
49.06170761261873
46.82725087500236
47.21259780937247
60.7196542972436
79.38521268509844
108.67160900923004
128.2757742858623
152.22073474690535
180.9907447410004
203.3680663264283
234.3428567880577
247.38761695287604
254.69992517923788
256.1346443859228
259.31704453148456
261.028397240479
264.2905694869386
266.46616665872426
269.21893316930624
272.63268103475986
280.5992270755624
289.7585077560962
303.6522176239096
314.64265375652263
322.5359051053042
326.5825102612387
326.1546598552033
317.4729833056851
302.17524538530654
281.94446380131
269.0969418234667
251.71242257997275
236.45931318287424
222.87624032170675
207.5552271318768
196.7680776680887
190.88231007139987
187.61455493245415
186.78073528746054
183.7072611247987
180.6742007692897
178.35299584386416
175.9112246635193
172.8575295267603
165.52186891706293
159.1913844067963
153.01295032343504
147.4688521426109
143.26214852583416
142.01198910463333
139.8297092789448
137.25369324119214
136.66564942399592
133.24020183641392
132.42094368801577
128.73725625399007
122.92985405573498
117.37739927890692
109.66800685716133
103.60223240195772
98.04203739631177
95.7729884647931
95.91058784680654
102.97024706953154
114.66673560763545
131.00209160547516
143.08536465486176
154.62485902608935
166.7093147481495
179.3735901947286
197.96012342366373
214.07739213602053
224.23684112720483
228.91002143999327
227.94401146271926
216.09777789479404
196.57188434849306
170.181904534426
150.8237827044878
129.52257024449733
110.21788689857357
94.0190623722691
66.15501683579288
46.538822289032765
30.817614055222304
26.507293814804072
28.01411973186681
35.53963364098976
47.74257169942884
63.595025968622856
77.40495334111625
91.04915782820338
97.83715828370325
107.77577374953289
120.08691121914603
130.7231701277775
137.73584986179256
139.2427813878155
139.76565605166525
134.16206818430203
125.42511019651248
114.78320486541686
107.04943215131799
96.48754608489703
88.49949788042967
79.55711425444966
67.32243391985159
55.223397965257476
46.1160680721987
43.553685568805555
44.438033553589484
58.867199145248726
79.39393078405169
109.91378332410956
132.15154504739894
158.47362143185399
179.8884835517222
201.85213677405739
235.08237100824294
259.3142997129797
278.43973139140166
281.4741785391252
282.67716540528687
274.49764524075243
261.9244695866176
244.61901909502006
231.39831384645368
216.52899832222803
211.8931297221782
208.25856308157626
203.79633822496226
200.54660717458177
195.64832326089788
191.3412186450565
186.45582749039576
176.54912742911037
162.08042866220254
142.98325000217116
127.88016173125767
107.65307077827545
88.32420469437815
70.60627561355142
40.479657981493446
21.13048161800603
5.387715160034137
1.7531130030902773
1.1538442127655504
3.9000800151377684
9.20569822488948
16.533973734955616
22.319734699586707
29.3654861620304
28.15181107255715
29.744388488770046
28.48477214175842
28.66311123438621
28.877013769126
28.9027603818045
28.339967087939456
29.203687265341223
29.385832739541435
30.313625752388894
29.94560219362385
31.96010188137163
33.082167625844804
32.94536244696943
34.065839872165746
35.51147747888597
35.94594560296752
35.828190440648655
36.11574976392377
35.65865296564735
35.10209022267243
35.66037367819615
34.78239511802156
