2
6
e
56.165859003340614
55.92104231197985
56.514461783974475
55.19660250792015
56.51304491210712
55.812378546001064
56.02125999306928
55.89169839666818
54.04995938494031
49.80721076567573
45.520458790220616
42.133835774581634
37.63827403598668
31.33406021024511
26.29163081995484
20.65288510597267
19.517670173499578
18.950743263794163
19.91100225254548
18.33025591681496
18.826266917458508
19.35485229173197
17.27518258124722
18.8532124759861
18.467476982786422
17.677807645092127
16.969582480370597
14.38373144179291
13.432659321915011
12.338066865794485
12.94246095041311
12.508375709657969
12.03904520350535
13.209341200391078
15.03786933414764
15.058954099762596
16.115676668008316
15.905509557430255
16.12092680307147
16.352863294620516
17.707325077656545
18.30721703956086
17.457502715289067
18.087641598788622
19.35384747348322
19.945673491956864
20.313425265387785
21.751862325030093
23.42946619389981
25.16922916232741
24.67706788538829
26.474996138135158
26.985214075560474
26.99214975861814
28.423084127165012
28.141639117834075
31.25223176059222
32.60173850666284
36.950058753514256
39.05249596071559
43.0939635780608
48.721590200393685
50.71817459704104
55.836066463884286
58.32424334693923
59.64335032707126
61.181775380526744
61.548702915854655
62.04164070957442
61.98147645500185
61.49926534756398
62.00222592048166
62.959497793239926
63.65768757367705
64.47792486636128
64.60713248462274
66.12010255877928
67.086199602014
67.03052465188715
68.19921651818368
70.93043729867892
72.83887252476838
76.97331678878204
79.18307897812929
83.67429183113684
89.63289621852098
95.18770878060138
100.01960899731348
98.97944282229908
99.3655824314864
98.89944327976701
99.85766875805686
99.4838242132724
98.2357878588482
99.19900431246481
98.44595009447538
99.2519533618548
98.6361682163047
99.67898033096988
99.07699995353092
99.74483166915482
100.18259607062323
100.61927104464111
100.20153011982033
101.11661097275137
102.04489058115557
104.36477021740026
106.12340364902406
108.49505316228849
109.80418426096203
112.02174566085685
114.6053051033602
115.40415588808214
117.36955699586633
118.75648398183742
118.19957790261392
116.51866013765972
117.10495816355781
114.36613544332141
113.74060106410934
113.00624406013618
113.33435679332382
112.83255104600705
112.53985987089561
111.69637137453105
111.04413290375763
111.35973917387908
111.73335580401313
110.19367738298283
108.83745315751342
108.46281476873502
109.4376712079834
108.10689387172413
106.73906531165017
105.7292230913699
104.52896652860021
102.97146169055819
101.54590660471858
101.7488277348861
102.19438727943302
102.09415562879813
104.97833660780226
108.83062210340427
110.27702207826714
113.0748955235059
115.4630563895499
116.81784685541483
117.95177297777649
119.88966430406113
121.73342563203504
122.47334015794718
122.85953808139566
126.42063322356586
128.10335009274033
132.70636305727615
134.45031990490736
137.7336839575521
142.8878407382679
146.84490022031443
152.35079058420126
157.34706910088886
159.97800323592114
161.0224801281543
160.53790762353506
159.49882529294152
159.16512658677462
155.94851553063495
154.50467841798968
153.4561952664834
152.14098327229323
151.81585557004496
151.8509958058497
150.82709293548797
150.35778818427434
150.23486632112207
150.67517198420637
149.43461443746725
151.07529900511705
151.42212563550723
152.23165651859742
153.48718019976124
153.36149900970867
153.25334013322365
154.00305942205082
155.34566539938973
155.731653468195
155.33481057042465
156.00942494316422
155.0925712970699
154.76283201092662
153.9232762594355
153.70453336498332
153.588091169274
152.49004513466556
151.16246579308662
149.41009056303886
148.83684602436753
148.30688802912877
147.35921557132485
147.51010592171124
149.86678568486175
152.54401022882706
158.19945852105718
162.02597271954755
165.54061640097675
169.7333579971406
174.69076694053985
180.10006559314755
185.57025195216244
190.6835146678451
191.9708088300067
191.04649763170949
186.2159301450333
177.5288635688794
166.50702700572194
156.97248200832146
147.4750934730792
131.1231035688486
117.955446683991
107.30902306046053
109.40232663032528
111.44139737208212
111.88615757698977
113.60276454516308
112.40091566885543
113.2993174544191
112.0619794874586
112.88599978845825
113.24778123379537
112.67702321351216
113.62093646157868
113.59976114780225
112.22506903765411
112.14394906108963
112.23894979222034
112.29874800969158
111.69892147974979
110.0404373539808
108.03566870204338
105.72882522488742
104.27898609682929
101.9976207963115
99.21938868860326
96.52163539571349
96.98101423540356
95.0503935639422
96.8781347753573
95.99907298905359
95.76689201830428
95.13238505223973
95.51975200430006
95.28823258024188
95.53582677491684
94.68654173842272
95.53759898676937
95.308128083668
94.1272709837544
94.0861283370695
93.8168251211669
93.9419564786005
92.85628105558568
91.76457470289233
89.65965407056507
88.22277385112284
86.71320894961467
84.43425970281615
83.10708401108039
82.68348619807493
80.88315395747289
78.97268268843324
78.24414520260731
76.8777522043002
76.94180349024269
75.54987129833516
73.90301220832147
72.83694734492829
72.43188823182433
69.89286996917764
68.56276001940137
66.61458022526882
64.36232899864542
63.473045843336145
62.52062907184581
63.53443528579836
62.554805714633616
62.7917240905101
63.58952668040572
63.801819068298926
