11
0
d
149.80026411508894
149.13144506157738
150.246669242938
149.698646058255
149.15789161643968
148.59801496249986
149.6359943518702
148.69844628570056
144.35499938742242
136.32308664384433
125.76010374464911
119.58168633021788
110.30770244267066
100.68706071658049
92.60218404219839
80.57248473717517
71.27302686407748
62.79000834027252
63.168677672175086
62.984776023926116
63.840127395522444
65.8009295476449
71.45949599660477
73.57631402418284
77.9417774656758
78.31046288327056
78.26742055717658
78.78047603568122
79.38254726208467
79.7156093425112
79.53921000666998
80.61804176184694
81.64521027830399
82.06784335376217
82.84976272050235
83.59036653535101
84.2015033127269
87.07769276579552
87.74383923516515
88.5871860445424
90.49733594306724
91.76452018418826
92.12379024946576
92.03812926448703
92.55135735230402
90.34327572990266
90.36839621085535
88.33134810418242
87.99866286770751
87.16656130284044
86.1606015798392
86.46827122540763
85.76742222083135
84.52888918767044
83.35833565769117
84.04377142476426
84.45393728218036
84.77403783415608
82.79196344194949
82.96037125122537
81.8892010116562
81.50736166073378
79.31432080009266
78.50938657352702
75.68344981581252
75.3913335408207
74.56277884528409
73.91355110655446
77.95631144209244
84.50461481708804
91.76556345746282
98.0729636733342
105.17644352557227
110.72321746240448
113.87532650027762
120.47442482260085
124.53303283119698
129.57868008520205
131.5873524057086
133.51134343386525
139.58241618192187
145.75361675708368
152.4622982122506
157.43578203544394
165.44668841336014
173.6515481117993
181.02963905445407
194.89270044409685
204.90399273277714
211.58665053165745
212.9700235151386
213.45973236517617
211.3992507958479
208.00678357328718
204.61190076303365
201.04757144255908
197.05360443337295
197.7499819325192
197.14043759832884
197.29618354891778
197.55868328113104
196.68450744917072
196.64746892943978
196.3763353106159
195.0693172712059
193.2420882315289
185.2895346788147
177.7015818577164
167.42723998616788
160.75862840029933
153.53475284255975
144.01838906379894
136.36385951018354
130.64746645667765
129.45992762308904
129.3192742781124
131.21683707219862
134.6133816431292
137.82591924259762
141.03630461677648
145.5929517839199
147.50211820384956
148.47444168214483
150.0673496019918
150.86262687856834
150.47259875999504
151.6666981583108
150.5306295641097
151.08612864391205
151.1827004052053
151.73244720102667
152.09021411340413
152.3328726056281
152.77926620443367
153.33605209405223
153.85889274820082
154.0103575545515
152.9211350019592
154.56910217431397
154.6657105431958
155.59927284323896
157.13684635916115
161.9585158354229
166.13185829623865
170.37615935292555
173.18164916422273
177.5363922241868
183.0555112055836
186.49337679277406
189.85493094644573
190.86099344191658
190.6476303575171
189.12486230152498
189.34334119430375
187.868848806387
185.65898115713097
184.76146681921549
184.81200155147894
183.5320350529865
183.41112079607117
182.20587566657318
182.0429979584454
180.24321466870902
179.82402597121933
184.21994588096
188.40392502327927
195.4676052050181
202.52785840885386
207.31669927025143
212.98494127839115
219.04338192022223
227.16878853245615
232.61157064977098
237.18370451059116
238.7966676794209
237.93437039297817
237.4307460865136
235.68758864232626
232.302388416673
229.64263853925993
227.69838236309855
227.90703331294864
227.85993371998157
226.38580061762087
226.4353488877821
225.84147395558114
224.7262266012741
224.2764129262841
223.76085127677808
223.0947640537496
222.22366977588277
220.23771227204506
220.4278350235963
218.8222322187054
218.4043501522633
217.14733600147167
217.44602555807683
216.22515993967838
216.0355667268375
215.0512816637446
213.14034643566433
210.95007709989173
208.3421847198724
205.85404691287536
201.99621440350217
199.74426827470532
195.52940035553323
189.63716381357654
184.2994142952306
182.4220139027305
181.3148094334978
181.67305641966004
185.57935749187158
190.26923693532333
199.69339534016484
205.242597070367
212.42957091291632
218.3063511359227
224.3509011171119
233.03884744922593
239.61075992875715
244.57645910747573
246.65914091105063
246.55704538409813
243.01638669069376
237.17057143857977
230.29996240032406
225.21595729391575
219.54741952888455
216.51047566770094
211.9440606316698
209.9759815364496
206.1265200131236
204.27070698543795
202.65255495939206
201.34508188505728
199.88250975907738
198.5422835315861
196.4607147454559
194.64232416981037
193.0364778185076
188.5635239703043
185.72435948162789
182.78019187127236
180.174877547163
178.9494845046307
177.42604759509499
177.14767137420728
176.42723969065725
175.23025845858615
174.01637234659708
174.18909928451893
172.75319757623217
171.1909099497571
168.01430726673914
164.66061268891798
161.85349834337606
159.69313908404902
159.50892791785006
159.11292711686795
162.58039331171761
166.12728331224884
170.73288736818134
175.1780081543289
179.71059902212696
183.375901568899
189.8794039214088
194.7628746813331
199.4007034317035
202.43774409405427
204.73104608253456
204.6417144870449
201.03048392352974
195.36781681930458
187.8038106693971
181.3379103465388
175.19698846766084
168.50502974505403
165.6231536220907
158.56907981458414
153.94634718240854
150.78078444748175
150.09838967740896
149.65163387991893
150.23010589313006
149.1694034239577
150.39639069498162
150.57996487855658
