1
6
c
90.8660155229657
91.48493068837067
91.5137144588029
90.2124055460967
89.84714014184217
90.7806541387963
91.08091298074143
91.21018835265492
86.49646547603083
81.86069395188917
74.18683071787
68.85255982526124
62.33598385710475
50.58388620387182
42.956922704822404
33.0817593151373
32.39630328469127
29.84519247107986
30.18843800970705
31.006292349168035
29.940808400240257
29.60376697455363
29.630186357667437
29.81061520196669
29.733831310861973
28.14945408129882
25.40185062418219
24.824821139880548
21.439167956694604
21.226479186281434
20.459667927385468
20.047947332883247
21.633321801981147
22.845396752027927
24.188081006329607
25.710683768431544
26.729286448661412
26.912523393666913
27.622824681344447
26.25280588233673
28.173213211260723
28.87099290502294
29.089726009478436
29.044340789679023
30.529191523957582
32.112837227170424
34.80000430184549
35.83965396577055
38.16537809893165
39.284671611718814
41.35446729104871
41.280208664963475
43.750161111092204
43.95691114592558
45.94269304810786
46.47512663647143
49.435773903038466
53.88531745808818
59.98272020808315
64.12414820392304
69.8044715616345
77.25111981040813
83.0326524718678
91.8607026728771
96.27525773433047
98.31913198860127
97.67929656541023
99.25978602880548
100.02793687753085
100.75465686584978
100.85403945546044
101.9725531612835
102.83082868603947
104.60622588848635
104.97215936849395
106.00624527883782
106.54089478193859
108.04566476290711
110.65478456586665
111.2354800114439
114.68529765088822
118.82666128982764
124.23247794607033
129.56694614448787
135.20214647769916
145.95870599894323
153.90096693287856
162.2353846091922
162.2986116270409
161.48705313420763
162.38461159625345
161.8871792798312
161.42217193025564
160.49748626558082
161.4792398268527
161.45825494319206
160.75836876972758
161.0155087107148
161.42062322749703
161.2200199788481
162.68408940332597
162.69457612967554
162.41710559782675
162.27682915184081
165.30594211662503
166.31248032671581
170.1668248866763
172.27080892721375
175.83885828075813
178.71194221012942
181.06938080707843
185.68276725750528
189.08372864777638
190.43533622137952
192.0540023328244
192.15792496312702
191.2520238756159
189.20076467621612
186.98327069377737
186.13389191267282
184.89522157437938
183.81674360051198
183.9691889090865
182.73495587608636
181.91105974038067
181.86425640220668
180.9662462478899
181.00951797071
180.39013828630073
179.23459282900828
176.6510985187137
176.3948301838792
176.36210658115152
173.39791987130602
172.04416442757636
168.1965601646229
166.80168454708854
165.35368181036486
164.3377712500372
165.06794075948645
166.69929244504766
171.56984319483405
176.5141049648706
179.7812808925813
184.0485734635839
186.55463429946613
189.48356536109242
193.1550113434825
194.74963428896655
196.90952543413863
199.17104220557007
200.91675571410755
205.2548317981384
209.6631177206861
214.68876538363938
219.02204057158113
226.86948857230374
232.25497362118531
237.79179094001418
247.1305000962999
255.42881172017755
260.7688912445084
261.2203315142333
262.031593791524
259.1920226036361
257.6077928765256
254.53593271864514
250.45416433913581
248.56018808371294
248.27380193308852
247.4672189428365
246.30074491799036
245.8328044707288
243.49931719121406
243.40226813422538
243.06925593115724
244.1518249130812
244.8869148186051
247.16575641887843
247.7438646307178
248.95712688985753
249.1925661812415
251.20692609430606
251.54562762522804
251.9720731898083
252.91370362664549
253.19333799597794
253.24161844167375
252.22417841430416
252.22423260934065
249.19147664298225
249.7833585539238
248.8929608847912
248.13764238744764
245.96758550011657
243.46481033481578
242.49979632703747
241.24140918199305
240.300404712721
240.23646785926312
243.20942337459576
249.0729614981923
257.1993718137166
261.6781557110818
270.02411009439834
276.1011229906586
282.3930007249674
293.73772540943315
302.33922677781806
308.20916837768146
311.17647070378723
311.20729020647804
302.44810397858487
289.1790849529987
269.2546901737723
256.18371584698815
240.16658131962132
212.7451870830852
190.28674659359646
174.2826584445368
178.0199057670774
181.35807902950305
181.64831245676027
183.50877314598378
182.02966342141914
183.81555376782268
183.16920316310438
183.67584396848426
183.44525425501828
184.36914728970675
183.35227738906607
182.9228205143299
183.39619163830145
182.39165542828496
182.23357841085888
182.34238057436875
180.32466932161284
178.21409460531478
175.8602251179336
172.91157260054385
168.46053776182114
163.55349643115528
161.8071657752371
156.96478204892003
157.31075127490263
154.515604590309
155.40254879883886
156.0872558071906
154.76740900909243
155.01099993915588
155.20809204156885
155.56121861113454
155.13131925248427
154.8343452195151
154.77987140525147
154.2136109705448
153.5625072917437
153.15468087598043
153.19340789728855
152.4094332204739
151.8444172851959
149.5080128916437
145.60334999702937
142.31415880934475
141.27741207282378
137.5558948291207
135.33151889299597
132.11158533059518
130.68321365167594
128.14187840209328
126.6772956515771
126.55412967475743
125.1566337525334
123.19022537559962
120.52910000221509
119.61298507736579
117.46772933845337
113.49327312927605
111.09266454505259
107.1545518103083
104.66417034430292
103.24742570650949
102.50143495546293
101.90739013362082
102.96192801638443
102.01995599434281
102.72829981295864
102.94131705986051
