9
11
d
11.083784477576206
11.59568740540343
11.316318907415914
10.821069448274454
11.706896716680609
12.298614443002927
11.088254301421856
10.401130926473549
11.30563656663778
10.28687725245819
8.298471295096151
8.34444243910674
5.680925917706486
4.3165346119432275
2.8446061577357384
0.38419315487822586
0.0
0.19307507067337215
0.0
0.0
0.0
2.8394201280693006
8.258677393529474
11.24168875363086
16.334239405972745
21.293729009565943
25.50318021595756
31.679353434518728
36.034272134415076
39.424654292854676
41.1843695285857
41.56830184531655
38.18718631972985
33.70254876006528
27.917158647516167
22.91875968405403
15.59583901467087
10.735592301013716
7.276255483050077
1.9226585971903518
0.0
0.0
0.0
0.0
0.02027091834406332
0.0
0.0
0.0
1.8487022297689275
2.6430052821774375
3.8568827441402194
3.097166519845262
3.633682499727856
3.8485309306947864
3.6902883439378384
4.2588457186094555
6.510502678927196
8.248649949103026
12.76035983050704
16.97548004860143
22.542884002962115
24.102914079180138
26.36133126096005
28.685059485660698
30.13585748391073
32.511218215147586
34.9463973960489
38.44941046955524
44.20601414518771
52.52052893152089
65.17505934773237
74.16020799762968
87.27121676664122
99.99347339681854
113.09111043793483
134.3389099903907
148.97241486515094
160.69473506650743
164.70951190053097
164.78595754031235
154.84830159720227
138.37662566234582
117.49494087924184
102.0260138852812
85.14246947122871
71.16976919592445
58.66210229379604
39.49551525438239
25.38600732357077
15.212231610888518
11.770918978219198
12.328526444919087
15.767999353590758
22.159217298636623
31.76070403120031
37.87864566503811
46.06132531258286
48.833338120856894
52.69146480079643
57.84934273708243
61.25996453029335
64.05113533131276
65.34409649660014
65.25895029467935
63.561762917073196
63.11066212200237
61.84428137230434
61.2717723998677
60.64868153155234
59.380093277629705
56.444475184008674
52.30438194537438
48.55360519510659
45.85550566553703
43.06590060621396
44.15767931931078
56.06974193774967
74.27294244464223
101.42748352773782
119.01499729728125
142.52689680083765
168.1840961521436
190.3105025356729
217.8395252999848
231.8359406613868
237.29418345165226
238.77656192629073
241.59014055530918
243.817727024859
246.32170221395089
248.75230903349288
250.0748258672737
252.96909451086927
261.8700737142658
269.93528023364246
282.88343542484813
293.30495625961225
301.3407339657718
304.1526132445722
303.28114211377664
295.0863559628492
282.7111824707953
263.95553800920203
251.22383412739683
233.666274927753
220.38683790739043
208.3894007916645
193.91102182561622
183.27408994938318
177.3942412091452
175.92595138874577
173.80927394246834
171.5403877001351
168.96226313319374
165.70590014892204
164.03162703347917
160.40114560116294
154.61194808669813
148.3369052617466
142.021096946398
137.070740950854
133.38569029394125
130.46809856230328
131.46423430092824
128.8173010905767
125.5147867381734
124.46304615643709
122.70332689147469
118.84836178355484
115.54903164617214
110.43304593498557
102.9406125296613
96.50919675971907
91.39693539405644
89.8568149138851
89.91237756411269
95.9972446470907
107.40668220876312
121.07383449695483
132.278061301342
144.74466448405542
155.21616411083764
166.6763699369939
185.0275260682695
198.41789541532182
209.74513835451947
212.3307799222428
212.95883388995622
200.7601899703837
183.25471769615365
159.74245409192133
140.91291923192847
120.2054336451214
102.84689088233775
86.65792932019858
62.24044067342716
42.46637813656148
29.201475673722502
25.474070609746924
25.45573139783897
33.101427745040645
43.92446966308248
59.353361848083026
71.83556081392899
85.25603532343787
93.23723672701779
99.73230891312014
111.82991680408696
121.08658935832383
128.46661862068973
129.72465651038758
130.02578153970035
125.48921286089404
117.28896391813645
107.55578425556955
98.55687743505143
89.71736350284333
83.34255653003267
75.26516945246847
62.25132891674743
51.092371469410885
44.09983308162406
40.27699051715987
40.93122092218983
53.45828207510291
73.73782378695961
102.88751555814157
123.41926595009642
147.0296545374947
168.0741073307506
188.22751520152664
220.05610481594255
241.31447072409605
258.4355732674074
262.46688582393614
263.2598797255351
256.7663634230138
244.19012290075065
227.3140712800402
215.84659373862328
201.40693250598574
197.3148149848287
193.1718658937386
190.38935638403177
187.25136247073405
182.1179886559908
178.00189985331068
174.7650405802615
164.47745158411172
152.05478901033246
132.92956202681967
118.94325503651636
101.9552467054078
82.35654806383269
64.77376474235851
38.95731302566202
18.260859008583083
5.208062931927933
1.4900277246676725
0.7377559927829844
4.076588443048509
9.38224407195998
16.76250235411712
22.005573093267024
26.396125537620748
26.424394396371927
26.6621946346512
26.869565903431532
26.735547751384534
26.98382643939585
26.89680952082635
26.58085155989072
26.491969996903165
28.268059641603312
28.3254590514683
29.287785954314682
30.02684351004738
31.022447726453105
31.59105322911544
32.277064055940315
33.352172354056435
33.36073989235826
33.87176738181841
33.34947931077786
33.273269150725
33.59183087421341
33.56119199823689
33.20512577529833
