5
4
d
75.27713852597597
75.76561830870334
76.02734095874047
76.17556285899359
74.9329817239574
74.90102384673766
74.77659688038558
75.73673650479383
71.0977092808536
65.80983244318367
57.95228279846169
52.204267298093555
45.87634091990006
38.39197770776808
33.24318023256322
22.79865064258172
16.118785297044525
11.556415211014182
9.937458987617855
10.50024776906654
11.10906035750213
13.567422325483317
15.820814981524068
17.326002605110258
18.819849477576163
18.915080496587816
18.815992130965665
18.386629450029112
17.97971809853525
17.573568529254686
18.33503456525181
17.8164775764875
18.45401419952165
20.371767957856257
23.025032582290194
24.404772906276943
25.919056975050566
29.153810827463484
30.08633896212179
33.82612686556974
34.84128737613184
36.69432000499072
36.18636600204879
37.50550700681847
36.23433807191907
34.08121390511278
33.986003084146155
31.464357414510847
32.01728697763687
30.404478705553966
28.548352918009112
26.26764571568192
24.268744820188466
22.17435678941234
21.080308371718292
21.048991743509134
27.203197926073447
33.85855570768333
45.658653661778274
52.61181273807813
62.569915687237824
75.8482973918615
86.9406324040382
98.73686148347069
100.19300503498359
101.74109205840028
101.62300824891284
102.22109170301539
102.05430357889979
102.36494246885063
101.58743448989283
102.35062985525815
103.21571828833777
103.75888845066387
106.39904673737047
106.49281643733975
108.14599160918179
108.46735825869766
110.19678801282033
110.03733298255551
113.21010090789599
115.5971714385537
120.10591413081052
123.54974165516947
126.46401363699856
131.0226125162212
134.7519845753406
141.79998769397622
147.2112744198195
149.47669134066393
150.07649547294628
149.682345874159
149.5676915978325
149.1227224533527
146.4635736324537
145.340889235578
144.14532214240344
143.42493776304954
143.82808384033424
143.4207056723533
142.62761995291234
141.62234787839046
142.69227269060048
142.27055431403707
143.85767329178162
146.18225240234045
149.74279330156602
151.77093409252757
154.13899085468353
156.9337163926122
158.85299437214294
162.52630620280337
166.3279522271074
168.46245255853358
168.8643144971506
169.35850269216155
165.75315105710496
162.99325251156253
159.51706336543904
156.62519381083123
153.525200351739
151.22299577970665
148.71646679423307
142.79412126539475
142.11003148526953
137.8754779978672
137.85509493206806
138.05016600337555
140.6863504399952
144.13847283083916
149.04086049185577
153.8279436415583
158.64402735111364
165.14465326607436
168.23843878258893
174.6157229280663
174.563095169003
176.32675112938074
175.1827080981792
174.92291199613413
174.8209644489011
174.642606020567
175.4290142490691
174.41890832010208
173.8607081821588
175.42287455150444
175.05129354506255
175.9557321224525
175.73918335956267
175.84136145012155
176.75107005176017
176.50580712864289
177.93173899045217
179.93898809433838
184.57155594170948
189.31302121469773
194.83206949634445
199.57960425849265
203.85723547695477
208.86503574668055
211.47141016966955
213.4517062393582
214.71992738265294
213.46819074850208
215.9795092241062
216.31122042277426
216.81757869560496
217.52510654167241
218.7068223484321
219.94016523795975
221.08456752055082
222.29080342671668
223.68712532854028
224.00063065260701
225.16196547396865
227.0188593470536
229.049846510014
231.0139765524031
234.1756223657042
237.02820526881513
239.94502648733578
243.84192449608602
246.18205574478856
252.8113466923779
256.10207970773854
259.81434831141314
259.80781736033896
259.71387507523576
259.5352747433808
257.37039649797237
256.3070502921886
253.7850591990014
252.36162354701725
250.5670009326448
250.5446857937027
250.09155318588617
249.72625271562296
248.39907785471758
249.16704709560634
248.3697045427455
248.2968180637166
249.18293378992905
249.0536497457351
249.46555093621265
249.5337199007775
250.0102382999965
250.35946623180504
250.77781388160406
251.31562285307888
251.06946978789838
250.9833100349571
251.92232496402593
249.77276968445724
247.99279465573443
245.26650568021188
242.5597813072925
240.57239328276682
239.124910124215
238.4008288742502
237.66548335509196
235.2221323537255
234.4869879427871
233.09479982100268
231.7611834632429
227.17429683419118
221.34380232637773
212.48902551987797
205.42869140949568
196.51820053299807
184.5759706455752
175.4731793489254
162.855726942288
159.50678859028727
159.02298036661188
156.50804952626294
155.89701225414626
156.28457135354094
154.8083500749655
154.7962482386182
154.8268078461339
153.8605188749533
151.1834135445239
150.14060986092136
145.64084280721275
141.99626733046486
139.86516736238912
139.1626556626396
141.02647570390747
140.77671014030886
142.62969722789427
145.73636503363687
147.41913416528126
149.4349896344881
149.89189211013948
150.96124142750978
153.6148992881611
156.45760453620997
156.64469222438103
156.8067179654369
156.7579600602283
156.37616619181028
153.5909705402958
150.02998830208193
146.50362125897814
143.78911442462237
141.11085636997907
138.42178527709376
135.49517902591
134.44108189515524
133.17014020918603
131.91944579408369
131.67056202597325
131.36833835518044
131.90908538805087
130.3703902871888
129.51687098629645
129.57036490796943
128.60349536804827
127.8282448726475
126.630213419936
124.4713968779607
122.9588233636204
124.09813650804885
123.71170811318302
123.37400278628108
123.83394594120784
123.85720951832441
123.10730179345417
