11
1
c
98.23418397309152
98.36551717513892
99.7679434254351
98.64717749788878
99.31678601046465
99.0179928594254
98.62735794097745
98.09568537509317
93.59348489776941
86.41902572441958
76.09159521761603
68.66764896817153
61.114149231685
51.45445662812139
42.67401588333685
29.788975044953347
21.856009847466897
14.815927906916887
11.658853920502164
11.933555073555564
14.356792604200791
16.102163594591467
19.723955371408554
22.708668859636514
24.902725199021177
25.179317427717912
24.637828452868284
24.67809323203395
22.785473918341935
24.522447867307783
22.983538802860682
22.798842309631766
25.100577899257125
27.465021892243307
29.85131946274251
32.621155018585576
34.27479630823199
36.83928390067169
39.47859365559845
42.32355961556553
45.73309320683307
48.26015782211705
47.645420528063724
47.86705503290425
47.027552248367776
45.97350488941166
43.753876069361
42.47631258518392
40.99973008743503
40.01065333922686
37.90031327510938
34.33181893775091
31.733138205347867
29.01513279377908
27.431384464301466
28.562715795034414
33.87027053332707
45.13159171329279
60.171475238092235
69.3000112165725
82.72607620997034
99.18753749185532
111.97424919509379
130.11185961229253
131.5598416861476
133.08409397873916
133.485579400615
134.3870613048605
133.66762687127851
134.85781975879934
135.07950174844137
135.21079137542162
136.10972701456618
136.6950693326667
138.63288499372132
140.05305623687693
140.26639745568198
143.41917804276667
144.47855685450958
145.5652213441247
148.8381992668249
152.3686886852541
158.0951330696153
161.31045145736675
166.94014520202202
172.54823872708945
177.99629738689828
185.69842784971874
190.81277013210516
195.49144048273112
197.409785618767
196.99337578120577
196.0166219622383
194.14292508806616
192.50688417908046
190.78684260920633
188.70962789555395
188.35194670476025
188.02436331848207
188.4662776008132
187.36044072538846
186.46300853795364
186.47313384419581
186.6996319325081
188.74866959128016
191.484477024837
195.6331410690595
198.70568041364726
201.22173770635186
204.79407915042205
207.83248208431664
213.95528422939816
218.0286689956772
220.59300414613477
221.15492917708252
221.76719972542065
218.2876069931623
215.21712431007384
210.85920222074367
206.19429318998323
201.64785781616186
198.37900425873414
193.59356972475553
190.01855544640293
184.3150839758931
181.2812078239756
180.250861745714
180.7102219994792
184.52963761235773
188.25510883241088
196.47945180314161
200.19883209574684
208.8672019182757
216.34460500911203
221.82495929285784
229.72426383027133
229.95693235192843
229.5409180519232
229.70552887662242
230.6724689053546
229.9129227996907
230.32278912254006
230.05141151598417
229.34699003405035
229.22428308555064
230.40640560384125
230.60529664554917
230.2200799146464
230.68844387282223
230.00526836379126
231.85559911269198
232.44801949411638
233.88310716678845
235.74376852800643
241.9892168294671
248.17387052376435
255.68762557993136
262.46370459075916
267.2635306901872
274.3295879088087
278.7631584999397
281.3953760204576
281.72942886109587
281.93590257383005
283.33643708273837
283.7822831190693
284.90568424191173
286.2530117523064
286.3903869382605
288.75181459497327
289.8847529679525
291.8833881128142
292.41705332968786
294.53396459338023
295.49493553010296
297.1548199403542
299.6023132091888
302.9605352656976
307.48670618001546
310.5097963679073
315.3942933318329
320.01311191935025
324.77793593854614
331.06879043234244
337.0855967688923
340.52438279685714
341.224061692014
341.8604911215335
339.3325689378293
337.13975236990615
334.92768209106936
333.22257232181994
331.1745259765829
330.88699110868663
328.78644208836874
327.99442093344646
327.5122625620795
326.6739264158258
326.8110415357888
326.23690495040023
326.4343582114095
327.03329185005873
326.3122432812127
326.7711355117991
327.1720017741145
327.30174980840275
327.9593761701942
328.48272216166384
328.78557354254065
330.02231699411294
329.4696620611536
330.17631585754884
327.7208897874153
325.2205131356903
321.28607792573825
318.7417128284707
315.5794114568281
312.7672147579243
310.39117758027027
310.14070379684347
307.976353478099
305.8529809101034
304.94347508481144
303.1743723901849
298.6632656603906
291.7637890687639
279.68866361895516
269.3204040930424
257.99414943233177
242.8779983529505
229.95768223062987
213.93309805886875
209.65225658960952
207.04938220817667
206.67125103575805
205.17335520797153
204.34236220586206
202.61145313491076
203.52884569257483
201.67795365847735
200.8880725887279
198.59697019755555
195.53694546870807
190.442883625011
186.7995883267057
183.64122714940277
183.6843221874926
183.59096916464082
184.6339079147756
186.96323427851596
189.4205317493445
192.69623032466006
195.1137865076281
197.14383993982855
198.50781891500273
201.62419121040145
203.60377694850968
204.67626411783576
207.08635947287001
205.55104882628277
204.58569339455605
201.36611094445993
196.2984714297272
192.7452210489984
188.86870822180813
185.33276412798233
182.21012152688692
178.84875588623052
176.0210894695393
175.38639830380137
174.35368251376494
172.4851022973778
172.3770997675692
172.2366525488094
171.7566787397003
170.92210541618297
171.46703697923613
169.0531640722003
167.47117641693998
165.20429539859853
163.6345921321389
162.41772620535397
162.3821513797106
161.43501412895648
162.42186651083972
162.93528591022667
161.60474856383416
161.42645044665818
