5
9
b
206.2457111906426
206.0700640134305
206.94744058365353
206.68601496907843
206.09610243692754
206.87054777828266
206.12519115785926
205.66096166293138
200.13803892363762
191.3904663355036
177.87455949242607
168.3367962062107
158.26767058672263
146.6528090017253
135.78506476087907
119.71534058360596
107.65732599986053
98.99644485131566
96.979802709745
98.1162746447593
100.30686479068429
104.99869297100454
110.28797565073651
115.4190128459986
120.77955905431766
122.20083172251795
124.86359979276246
125.74369692981504
127.12773238584579
128.66973282504148
128.97138331570204
129.05412378043945
129.0735772560185
129.68876602367712
130.04367932038306
129.69486327190836
130.86119655823887
131.45898788625192
132.12213760215994
132.50110878796391
134.90899358355412
136.02142650980588
135.00766075946538
134.30574153032205
134.16929245343354
134.25922689819467
135.06179961349238
133.85955137473076
133.41519177675772
134.5707609931808
134.38308950266114
133.37248362387652
133.8243838966009
134.8838095521732
133.71539636071012
133.82230988262666
133.67908220163088
133.8727901326866
133.91862495951744
134.10793041795
133.5418612351786
134.86499324065107
132.596923260599
132.67035398051564
132.61058268935867
131.09813726871158
130.5893947048457
131.2029653119602
132.98393120909077
136.38712111027124
142.4907287626131
146.23534905095474
151.4212656331298
157.58527220441775
162.8903747811734
169.2694425745396
169.81046069302818
169.7823865325844
169.28126949468103
170.68942869240905
169.58652585758284
171.0877711037631
170.68378461101125
171.46818641464546
171.0731512805306
170.10766188740223
170.55855376537858
170.2475837468912
171.17119786585727
171.20488000143953
171.45978238201437
172.76439308397116
174.44773556785918
177.199733108638
188.2727240131051
200.00611460101095
214.6265835458115
224.62544372628136
233.71887040709075
249.05628374578282
259.48029983135666
266.5306381996945
268.64856294684336
268.4585972837387
267.5890965896346
264.48275798384395
260.68912698562093
257.54221048128073
254.83760412762467
254.1519541509582
255.94808424845147
256.1942824909738
256.2673403853535
256.5046148389405
256.4782956490409
258.7512644302292
255.3285297257573
252.382174100343
247.97391300346342
245.39490659988647
241.46716871140643
238.14507447274693
235.31621945495922
229.2773060581008
226.80498320928365
223.9473745564123
223.27732890302659
223.1578189229799
223.14059360710888
226.17451223102765
225.68648003977447
226.45108810022202
227.389225606563
227.648842048112
226.45386125431395
225.2260234135174
225.08690319397098
224.26823735005303
223.099347358204
224.05295618441104
227.1167743675372
230.51188992891525
237.3801093084847
242.5325512982793
248.0860609642859
253.33010514000955
257.5585399103323
266.19147071018944
273.2368479248643
277.6875248303459
279.27857676695135
278.55731636502674
274.72614408497185
270.4143979389682
262.0012559390881
256.78903795632294
251.01268274594187
246.74639453736165
242.92408546730766
235.1240757869334
230.16405523096293
224.92117844658972
224.48492669199513
224.3335264643743
228.20743404119796
233.91824732628882
242.8784884360843
246.49650636375648
254.7070257684435
260.1212642766346
263.1523312964878
267.3531774944168
270.4068293218972
274.85058295249155
276.9026331958832
279.29540786329494
282.09124056319365
284.6565839604699
290.2805853865645
292.6860761461689
298.97285451941826
303.70669958881126
310.17887936664295
318.3679102872467
325.47302092570686
330.11450957946477
330.7564838797008
331.29924083865575
328.81076866089467
326.2126407088755
321.81356441043573
318.79325531081605
314.52742425877165
312.6941956321098
310.91280313258284
307.5473644648274
304.80565831806456
303.09537971374283
301.8648294450183
302.50809027791985
305.7708701061266
309.5765942402562
315.4338616789783
320.4804577013717
324.3618957315985
329.71378283997745
333.3310560920316
339.03377552848343
343.8185032548139
346.8574120838643
347.4615767635389
348.2281302376271
346.31591112973535
345.78218330721336
343.20101377333407
340.62567053995497
338.1498609853571
337.7255864154616
339.08281261729553
337.19863241349606
337.3785614138391
337.1689712705784
335.9004737150621
335.32196606588866
334.2983468842831
331.32831726858853
325.70407589300015
320.0935710006339
314.34935044268593
307.85012650808784
302.6086575142027
295.6356807407038
292.67874732275726
290.9991904376685
291.3120489456836
290.6990050685591
290.4273285841041
289.0838912956148
289.4178569249954
288.0288981383249
288.66398846861466
285.7808865234308
285.8990342330399
283.92045726905206
282.82114162507355
281.72573210030663
281.1706941547492
280.06633707629635
279.58600365784963
278.42607710051465
276.9684352750047
276.15523654178696
274.98314070285943
273.00039986818047
271.8200698004767
268.53236141210635
267.1516170608981
266.0242832766988
264.74126852576296
265.3128233826505
265.4609136981448
265.8352015724317
266.4423935451841
267.51757260723303
267.7621308880736
267.66946187237056
268.71593660298504
269.5434988339692
270.396208000743
271.5050248916695
272.8200971685984
272.31254362186803
268.6935427007913
264.6370546870728
258.67280734308025
253.68077928815225
248.37580665961735
242.6236378214041
238.26864614014494
231.98888505647568
227.21406587042932
224.16540727399305
222.59234526260474
222.81929913070655
222.28624826815815
222.64043082176252
222.94959461097983
222.84697970432617
