7
3
c
172.0451064700068
171.83674911268582
170.95808263051597
171.48051167215667
171.4048784328287
171.1912387189585
171.77731219214635
170.98357586817698
168.8844745644606
163.85263546149804
158.18254044765766
153.43245727970648
149.542176934717
143.3604833690367
137.91830296188584
132.02198402829427
128.3671380763854
125.19433092511274
125.62382924898218
124.13173482893107
123.00755188615888
122.90117505568148
122.61442051428209
121.34757872029454
120.50947156328681
118.19197379083889
115.55409676998273
114.25882245526894
112.4526937339279
110.75487499016303
109.39150450291339
109.24076202410049
107.89879878225241
107.01175964283048
105.62595200836179
103.66487512266052
102.34560540283057
100.1030159772378
98.14801094632487
94.48953968383975
91.73736571263962
89.9433641077241
89.78625890450671
90.82127978322053
90.2123763836221
91.989830271707
92.21695844825744
94.91520124701293
95.39229672605022
95.63951859766786
97.02095601446345
96.18613922558298
96.33810195141649
97.53232118479883
98.1903554823263
97.60491027880197
99.09852249128092
99.38577488878634
100.89010308460384
100.92038995545043
103.13438660641177
102.90564679101281
104.56156883706566
104.86217242552802
105.48171381962463
106.44367862763318
107.02985076332764
107.07432557489525
108.28893298234543
109.66738330415
112.23131398404863
113.66134122999232
115.45315579693484
117.48735334040421
118.5448743008069
120.31728875566806
122.43036144704004
123.39668290498236
124.72814633316662
124.26292807876469
127.22325271833502
130.7346748664357
134.04897878345784
135.99545759548062
140.61834494186004
144.44156040235083
145.99091276666232
150.76326611130946
152.6623626819066
155.85223146996063
156.84244263551497
160.27745279595703
162.11510430195054
163.851499393823
168.12566783463217
170.0860090399821
172.1029847427372
177.8758581881873
181.9814049501946
186.89217413795632
190.11990161446903
193.1299262022255
194.29382124803473
195.60400153675369
198.04991036915834
198.42059177660676
200.65523600286662
202.5804552078772
205.59634092493545
209.55745625353276
212.15525288257294
217.60845055835995
219.62935421645668
220.46169733980838
220.65197975625327
221.86917484921727
221.72123704570308
222.54852192340215
222.66373764647398
221.73277575437442
223.99401964903754
223.67815827639396
224.64740597412373
226.85909801433212
227.4144959611841
228.41334859487543
229.37522633825714
228.99597767915512
228.5911121343565
227.98270218060486
226.90471274271457
225.30251459875387
224.46138570477788
223.9324681890405
223.66330588418833
223.02143153214305
221.2422281420577
220.17358952286077
220.3345322073198
220.4032069897284
220.55337960226132
222.7783497805114
225.54622725113558
227.35671606002288
229.98445068291258
230.61231998678912
232.3903637843773
235.51487933058146
236.56224860668397
238.08111337940085
237.88866090356422
238.07717779760344
237.8048167581338
238.48076672775156
236.3641682931784
237.00365505274237
236.3950024660508
235.1127661794857
236.86148243950456
236.22865409730755
236.2099165368477
235.0034271293652
236.39317424164517
236.1945183501639
235.7835456573954
235.7139007704672
233.54082535457326
234.49924574983524
233.8903160420982
233.48260970797025
232.13053781100191
232.1215923976321
232.85669708799344
231.65388783944232
231.49450518231689
231.32927257712345
230.74507691068413
229.43719745998501
229.21333762794018
228.6779728048174
226.94415889937562
225.75540340594466
225.07994541480812
222.69301806441518
222.2855518091654
221.7355448795091
221.53293691830203
220.43628310535965
220.9129834186239
221.71459793567794
221.16140688133362
220.2840575812642
220.6897047698979
220.3927404447257
219.6087870192683
218.1738951405699
219.14365824279523
218.46902607454032
217.77510136842633
216.83159478468178
217.34728805849903
216.68793674035183
215.9014777872999
215.40812720924436
214.91741461052868
215.84334985201528
215.50131410569787
213.40354851071328
212.99713620142944
212.16603106608997
212.5716122601216
211.98916021889087
212.77754754383108
212.80940310642254
214.53628311014918
215.17155829306796
215.9964709072198
217.00969293072876
216.769650049471
217.54619514198762
217.75308148189637
219.06828417023098
218.48994178821079
218.43643857997492
219.05056274531773
219.09185542365657
218.6528583937651
218.17859956775487
218.17694614932955
218.69311624900982
217.2426927656324
218.3285617748979
216.92513586533374
216.84974667385012
216.4573755885556
216.64878702661977
218.64332033669635
219.44417328582136
222.5005302423737
224.36834317262273
226.47654820781904
230.13812796168563
232.77892492151685
236.47061601800013
237.25822277106664
237.16976312069815
237.55704907271476
238.63715057922022
237.97433261905286
236.14430378415727
238.01409814768627
238.65243813956786
238.1929240411787
237.82326072031964
239.62789593079674
240.82835746272403
240.98696122125557
240.81721329027357
243.15459534482102
241.9856768666827
242.06560135437513
239.2868798561735
238.5502515639736
237.19265729672082
236.37187670253755
235.30641427833243
234.17980770703787
234.53518033423558
233.02132820227428
233.42432156528952
232.54586113662597
231.32108561937383
229.45520694519612
227.0360306697133
222.70988309652805
221.65598508661242
217.6896568971301
214.35168004129176
212.02970785659616
206.12274493639515
202.99636056496885
201.48448157045928
202.2328284323132
201.72413031996945
201.58712330125934
201.23444760672393
200.74702930181087
201.23538121620845
