4
6
e
11.701413562819965
11.032168513586576
11.938312864286438
10.858786742826652
11.316291533471396
11.683990024994788
11.517432412496177
11.761572770022832
11.096403026091114
9.831923218195726
8.110508839123014
7.464275219952422
6.075782264519027
4.6856963753049286
2.0224732574311486
0.740041108716386
0.11024758522033085
0.5088317131931938
0.0
0.40633071931613574
0.08629670482373623
3.057653478986717
9.409683663024728
12.46260578942212
17.31723993639336
21.370538017395262
25.767589961046554
32.23463577344563
36.84908381862324
40.29677240384256
40.421734089611974
41.20257050813318
37.687622438392715
34.966454896975165
27.74221455219103
23.470020670610296
16.278956979509523
11.024045842803368
7.885113938214696
1.6407737202236568
0.0
0.0
0.0
0.4443418898316781
0.023586199031875716
0.0
0.3227029238468396
0.13203653570951357
2.1597163628505927
3.1204704363314386
3.0983993907356107
3.656629783560596
3.2679276314739756
3.882119506735415
4.660672599051013
4.561316407643148
6.6715364571431985
8.799675140941407
13.03310000727994
16.42642659585882
22.124172713978115
25.395244536387647
26.719850763124402
27.440795694162336
30.797191697979795
33.232105447232506
35.46999554168603
38.45340971346226
43.8816472070868
51.826735856997395
64.77550196291457
75.33744235025273
87.84430732130373
100.27588918071822
113.33216424513598
133.2363391548306
149.85171384380416
161.4950311123724
165.00682152773737
163.6081749417897
153.6273426790038
138.82516605871328
117.5648979752188
102.56247290352489
84.55433215353915
71.4208200860783
58.353153681684454
39.74131117156934
24.469575868697454
14.587025751730119
11.882860883304115
11.47616595968227
15.598288139971043
23.691110509531192
31.089488251515387
39.091492601097606
46.50240425200408
49.575865786139666
53.173155543845795
58.38756431631645
61.04003064009799
64.27602721678072
64.7089993700932
64.73861797632009
64.81879110566426
63.00396710697381
61.78388672809243
60.54600475447495
59.9322154038183
58.939291330261184
56.795579431063786
52.361062741875955
48.341363223989966
45.58383824801249
44.10379189064693
43.273002935196594
55.68131131891279
74.19153515033139
101.19514429669206
119.93429234194768
141.81247830042867
169.01379277336338
190.03293647835233
217.8411155456472
231.0986427816741
235.6830572099443
238.82187240964038
241.5214800015158
244.098619293843
245.94051988428663
248.11972450616673
250.9987013952905
253.0726147239744
261.2147018800301
270.06759306419866
283.04996537699043
293.2972067947505
301.12772022344313
303.89780286215176
303.3720299242017
295.83626112358183
282.171308038176
263.8111236920123
250.39842673168027
233.94226238133888
219.26217522861108
208.53209311112747
193.84827602733793
182.6973931794303
177.85901867434526
176.09537131302082
174.08898809496168
171.32272511500344
167.85280881296038
166.00323601473073
163.37086896406828
161.27909666995146
154.26476401585734
149.50073826146792
142.21274792483288
136.74854481813745
133.4395710532952
131.7775471983551
130.499568768568
128.8903528269825
126.40706482235788
124.28493103714634
122.80289385216263
120.13289464012239
115.0020638917765
110.20929712868414
102.38327089271425
96.73323515786383
91.23826611970368
88.6960728761848
90.14761152102889
96.92944822105918
106.06835820229136
121.27672587645611
131.43412345428985
144.78589239031837
155.40719617484893
166.88902700746533
185.11305118359056
198.72245958885281
209.21028481803887
213.45129005310747
213.03882682195223
201.04226189945896
184.0367721741482
158.6539792418993
140.75429701411588
120.45734546554363
102.33490683271242
87.1003716235634
62.28222458714679
43.713045048052614
29.08015465459808
25.63144439221605
25.39033482342258
33.50373481553535
43.89533708453167
59.91795924323088
72.10843359447503
84.15901162974724
92.34233771748441
98.88141304659854
111.60403445163976
121.9961255691073
127.95569168387452
130.3112696515836
130.11729543888686
125.7700786352531
116.53471870375266
107.37217923450967
99.24342193914671
90.22728287200671
82.93344990241464
74.16104705937104
62.985566021279304
51.203793792875224
43.997775869779154
40.44094767625384
40.104476779804095
54.38743947506961
73.46917030042484
102.99737914513821
123.3514755262265
147.86036441055577
168.2563679783626
188.482958081341
218.99824599250672
241.77906333630781
259.03367048112284
263.2612895897786
262.9244520528926
255.89632727616333
243.57896992918344
228.71374044915166
215.5802444016601
202.0203844164655
197.8455998732617
194.30182584961227
189.63576514365346
186.07017370244867
180.96280541307914
179.3476821453931
174.17980628649306
163.8973200155876
152.1630283800769
132.68706854981363
119.32880597883761
101.13844807304696
83.06036760851556
65.29659909922634
38.68229498085038
19.048092577505308
4.402265708352428
0.658525743141063
2.178777491611498
4.733878766753144
9.17238882361023
15.605612273248562
22.089661445173075
27.793448458849443
27.6144105829716
27.54436627544992
27.354320905959423
26.21753960771829
27.447515023437067
27.103837605864204
26.16123501403064
26.43432538693551
28.42139697999297
28.675631289684855
29.545788921421302
30.711549124563728
29.989845268910475
31.359537917824948
31.94128475224118
33.162435474591675
32.05518810787087
33.56458671455774
34.219118368948415
33.36821409734906
33.06319292626255
33.6768930626325
32.93472351890894
