3
9
b
54.76617709180693
55.348174198394
54.43130910272168
54.8333205170907
53.366499749133595
54.37180563461575
54.85661609617233
54.51635068479486
51.777732671001644
48.74617719124146
44.664541981817095
41.84525893303178
37.484183396037835
29.745780191566404
25.738243527094316
19.433190914222365
20.07484024854917
19.02425455426944
18.706759093988317
18.39853336650606
18.512925999543576
17.952664934297534
17.767830657586924
18.094630423550566
16.963705702391266
17.541354115686033
15.554713001415147
14.410592919893729
13.474859899583716
13.526777947248618
12.284078518449752
12.093277689114862
12.835669875823447
13.398645430724567
14.451114797678521
14.674879167157336
16.267605778160387
15.66198299975288
15.535172256496441
15.323002200032926
16.515037306113445
16.264640363417016
17.21957102471981
17.64941924697153
17.580172326677346
18.548923052987814
20.06930452649129
20.67736440634048
22.42007001435833
22.99190513046529
24.042889638708985
24.403860515612674
25.809693415840698
26.486565925154892
27.393658207253118
26.958089392262146
29.981683757450053
31.149071352523613
36.79407637501874
38.690553307681135
42.02050848812808
44.893478787186204
50.088309805126954
54.73806562943677
57.10668761921604
58.57286999933856
59.02360032163951
59.35168871754677
58.827647856377105
59.89534052769377
59.690259323708204
60.54633130323598
60.08080569110253
62.49697050401274
64.01528369209828
63.43503557164353
64.14466411728091
65.10530008890646
66.23064845088167
66.35970694709309
68.58843131524068
71.45137196804312
74.16469466522669
76.56844389835915
80.07821036467604
87.87721517692681
92.43226659283577
97.81245289610433
97.04971321874238
96.52870218822869
96.00365079202079
96.24409724553698
95.92274139536624
96.31856213439987
96.15551572041754
96.83133447622176
96.8970341013351
96.74661320536646
96.87644410984826
96.1320382972738
97.14621884791677
98.06792602430062
98.07093154485463
97.65674658701407
99.93814496078791
100.00459902075202
101.95844680158112
103.36473808642896
105.00308415440794
106.65876214095941
108.35476376116796
111.50445383341174
112.971467821574
114.46618012650517
115.36858236880008
114.97395025342834
114.16052190760686
113.54595213451366
112.61805440096754
111.07890498524598
110.04973750901111
109.97622333119556
110.73727568399009
108.7148091585134
108.98536319797311
108.04978500659912
109.02040215060123
108.48113906108311
107.68929843373563
107.03009994015059
106.89620727772791
106.4377633189891
104.27876229958608
104.52919280242585
102.29127586019331
101.75612083552399
100.1626933709258
98.49981154667414
98.42790668702213
97.87002355828047
100.73216018034394
102.1249482883558
104.56919653223686
107.62360439329642
109.21298512568366
111.77705062397749
112.63506417411183
114.57344743190785
116.55159113629365
117.21337131225806
118.94249244464365
120.02570833840453
122.84380066510376
125.5576021268865
128.5690367978933
131.9686292965151
134.70227219014564
138.57144696669184
143.24242160528368
149.30112216843327
153.01148964897058
155.9788602967917
156.03557284224996
157.0091876145731
155.32672928768966
154.00910926715252
152.62853270060882
151.12445290438845
149.28561270994467
147.70591315170728
148.33681087950075
147.02723865552466
147.12293664600148
145.88539113281504
145.4965716086104
146.31881134766405
145.93879409034946
146.41027854352018
147.94201218984256
147.50634794733236
148.8069625243393
149.45570683358255
149.915297800313
150.79132397477406
150.28543158424435
150.80016823142685
151.45574325682608
151.9719039613076
152.04619229777325
150.41749655296456
150.24639289207977
149.93343807288915
148.70705525200458
148.24264774190357
147.24059133864154
146.230384403202
144.5545181324289
144.34077528907446
143.62246884870171
143.50386014307557
146.4703312325379
148.98677543365338
153.293121193889
157.25574211474512
160.545842273165
165.14884123079185
168.99945198980853
175.72097526652078
180.7851277791384
184.75460339015754
186.42289321460592
186.73869156446995
180.95013360911125
172.74927751223456
161.7599873279571
153.2317178154932
143.60774594651593
126.4332284350338
114.91693730112418
104.61596545677459
107.06480360581361
108.9912365585974
108.72424141690486
109.48407119550356
108.70845405527315
108.74496794595834
109.88375070259306
108.61337177526114
109.90607942678322
109.40392373755468
109.85044765883717
109.46802008436896
110.4493862829424
109.83222379450648
108.05536164608925
108.46411144357613
108.29210582060784
108.05251772505517
104.77709910557209
103.39181285714179
101.49351394824343
99.00080988749718
97.84519633184276
93.67072269231294
93.05430941889006
92.55810445193822
93.15137522357804
93.3215552034963
92.24986026738513
94.25970533791678
93.38059502150959
92.65483011167835
92.51867090823906
91.92884379050132
92.79613985733255
91.37930069492263
91.2689007263038
91.4784560644779
91.15945282121005
91.26085355502529
90.31342702006191
89.55826438439529
87.47452349457667
86.14483880018115
84.73974717639818
82.72379361527292
81.26338807891683
80.4872505340958
77.97898241390374
75.85815089337314
76.0055604524866
74.86512612436313
74.41320456055115
72.87230156698685
72.15554363389182
71.22482360084497
69.19000994648674
67.69492423074182
67.54248389750879
64.71601130747231
62.277585306679725
60.78488240709664
61.53296521496038
61.118947624198405
61.45189459785123
62.26716163088943
60.23095248521876
61.13160206991504
