10
7
c
25.5982277357956
25.13035191668038
24.918585657990587
25.579994156361312
25.338831892703833
25.358767062601473
25.993610805288508
25.9594621284121
25.289099175657995
24.9649186874435
24.68026128812892
24.84230343984009
24.013598862203217
23.30431420914553
22.414802536901625
22.94772421559416
21.722065930473402
21.954051718626854
21.920198187038157
21.822228161853765
22.54436997188429
22.682871720815694
22.18406650858258
23.520849468219737
24.236434526509374
23.715871682876198
24.057799688848977
25.131281094719853
25.59342039171675
25.877290184835967
27.674806760515573
26.599794625730794
26.608736893084135
24.495362249228073
22.731765587469116
20.380376376696187
18.616821431950775
16.109997533697815
14.100436228479179
11.853306522785596
11.732899342162394
8.44945287920982
8.022100398865748
8.70956292518204
8.36092333383727
9.7806352664024
10.958895592071379
12.310869659036664
14.560247224991341
14.477341202666347
13.726988522577892
14.623805248005828
14.962233433454722
14.862952481065507
14.543357839082722
16.385784699418515
17.11602163094871
19.499389971824954
24.75455739845957
27.26382336262522
33.74559320213745
37.768456219204616
41.15380439173458
48.33955548108677
52.65575878335803
55.863052560180556
56.63989821815979
56.5473865200531
56.016060665972724
53.398585516576915
52.1176976918846
51.66999841810211
50.75367394662164
50.82463438894053
49.219697388107356
49.18599688327065
48.65158687764604
48.750593808320986
48.20422894556088
48.37676708966093
49.266002451497954
52.15161707289365
56.40928995545345
58.1077600793812
61.385063517543664
63.933633668628445
66.17964700929235
68.5988434613177
71.27422472044772
73.92068430297634
75.41575793030563
75.12217225312203
77.38276214710628
78.33967572814989
78.58361445821811
80.78428614745665
81.41211778118486
84.83365616552068
88.2927865313204
92.31926883323523
94.94761259487998
98.10334643464604
98.64002590078994
98.70131003699679
96.15049816300913
92.13558909809171
87.19917276852642
82.59408840803759
78.97582085508944
74.08669934189227
71.10752183160865
65.30871915501281
61.08105303393688
58.08219344757894
56.25784542959186
57.58088831861969
60.01178960277232
62.996924370502306
68.36595411080266
73.59650318160199
77.82151891154454
80.60445287913086
82.62857931211036
88.28421661763983
90.99601380686391
93.67683380549536
93.86160538686006
94.06979054258656
94.00781244783528
92.18965815729138
91.46379281826255
90.96272919742428
89.12781786901523
89.81147930293872
89.89043459950514
90.02536054963885
90.34491143546919
90.82784340624227
90.30757496910854
90.15421233481004
89.36155961519253
88.93733095044172
88.12795769061852
88.12183904668245
86.34643888133739
85.34911857766524
85.05333392512078
83.12363165854568
81.19882375874587
79.65593518799436
79.95789770284918
79.5977758567184
82.88713905431224
86.64503938143457
92.17310584562013
95.6995756636075
101.13456984739435
104.7326615369813
109.57222780222293
116.62328335467865
122.10768427924539
126.05876409113263
126.92181155997763
127.34333752109826
123.50059484481028
118.69425911108824
111.87674311129206
105.02668231717936
99.96090943382592
94.64813749293329
90.50679889677188
83.57361270694484
78.97123554363725
74.39652352573884
73.53858455866826
73.23117866609866
75.05341290257931
77.37771317704944
80.32967130075676
82.71215857373961
85.82202617427906
85.7397398523418
87.19258467144735
90.78572235361953
90.77961106804294
91.93446532479568
92.89263887831333
91.81244279627126
90.78737082260169
89.20012916280847
88.10511246127727
86.57835241039325
85.24750261709973
83.66382829038022
83.27129061321561
78.17170738713052
76.83027852549777
73.99889299765992
74.697051991801
74.15813893479252
78.10360640318981
85.27251552741919
95.63924497667092
103.23126083182147
110.99620784466903
120.6993284010932
128.724393372315
141.31125550850473
149.55709988618116
158.63462044461147
160.56327890589594
159.69220632860691
153.38383609547813
144.19624384280436
131.27393125012776
121.28193668055958
111.54867206861533
101.3233461206282
93.91092877696356
80.4431892119261
71.17920018066745
63.386920602705985
60.466849462833686
61.38099353757387
67.13840583535234
74.98405218345499
88.13885915575287
97.31354225302879
107.46553638149582
115.49747935251249
123.3736447595357
134.5188766045614
142.7454435929441
149.8268144990236
153.673979906408
151.61202841186005
146.7191506081116
140.55300646630417
129.80919190683747
122.68131199921473
113.00846741340499
107.0050150155172
102.5820149982308
95.97714698562409
90.4960259672514
86.95300085730305
84.41569155744493
83.7431265711817
82.09766841200715
79.64161442075867
78.06577803118293
75.5716274701281
72.1346741754181
68.60109361574152
63.43397512423218
58.46272273007727
53.23824625203977
49.46637744464967
48.14488093737536
48.29458993596435
49.98016808949086
53.0237801084569
57.62792462271712
61.80698639495482
65.72104803160433
68.66965618856631
71.53950995552074
74.92892248666332
78.02028796564245
81.09450247083372
80.46960032301861
80.34535347794127
79.57746609445795
76.28587905917982
73.64369610365897
70.54810663471356
66.70442943939968
65.5726479590373
62.682602679401825
60.29540997507984
58.99740830775354
58.315766800773474
56.60619553082054
56.97368612520947
56.37972460975935
56.674333829879544
56.51029554123499
57.03983609499715
