2
4
d
219.8989178555002
220.44953463480113
219.1358457474282
218.97195216353197
219.5232701495771
219.46062627743598
220.2288010025996
218.28091555033154
211.1849471392656
200.76200360173422
186.38271005707497
175.4105833589903
162.7073927791065
149.75212038204873
135.98800508142028
117.22200407871645
104.22148003461167
94.81427063646187
90.93831965405055
90.66880715938767
93.53935609885033
98.3256993402013
104.13250620695942
108.73781937789153
114.21713384192813
114.34943384363922
114.45300704267778
114.83959175653277
115.88137786935496
116.979560415126
117.89620890573937
117.54336493528142
118.5022964107111
120.40998047793062
122.95105091874555
123.35939545548388
124.89353913951426
127.86622037239097
129.16909563253196
130.98753560265044
133.39729883211427
134.87119296036178
135.74593912178088
135.57947673758596
134.25840023800538
133.70681885032892
130.78330738943683
130.30505901020217
128.2847631495226
128.53366685547562
126.6592195772974
126.1388495047665
124.42779465707721
124.43190516751979
124.74034724813221
124.58706347567362
123.51155049447067
123.73884438799945
123.4937843888113
121.4160632225611
121.44896372831255
120.12695289363853
118.50153011206633
115.08346455995797
111.38620020461728
109.87163106010959
110.00334997480412
108.97175752358227
115.94136861413538
122.9377901000559
135.061512071687
144.61051102633007
154.6867595663765
162.7836326158174
169.46244924189872
175.92079060731652
182.08964665282988
189.18613970889555
193.59781312873963
197.53049914941826
205.9817056069922
213.42493590014493
224.13992566260552
231.85795743361967
242.20040864460304
255.74454533644368
267.8413430749499
286.2574867574653
300.16287864225905
310.4055415834378
313.41178216717276
313.0091813752234
309.94334241067907
305.97613817056526
300.4428083102928
295.4952377104693
290.8785471737
290.4959856606864
290.8872715285166
289.27397816503014
289.93915754131655
289.37459900919754
288.5474126056246
289.46953643101926
286.0071688041725
282.58518287825
272.24334056774694
261.3925569138331
247.1096102992716
236.0016623904017
225.70678848261556
211.21806096299085
199.73911556503808
192.3492211372942
190.17905434048484
190.9138086128667
192.87593868250661
197.37287591134066
203.67301402320612
208.7328345982786
212.51162793787208
215.8124519282152
217.4070626580695
218.57942956532455
221.214300551531
221.679608844383
222.7077781939764
222.5675709626461
223.60498098492175
222.9328927200907
223.5837061622079
222.90903602477218
224.2980538851889
223.79400789620118
225.32996956713487
225.15655964793845
225.14405418466322
225.32943456058112
226.1933150190342
227.75123577515774
228.52593560940835
231.65095247560126
237.3389170312318
242.97032427270847
249.84018002728092
254.1080056760152
260.4494795188659
267.66511417513107
273.78802549099595
278.96719579556367
280.2790997713912
280.3816818660818
279.19364982765194
276.6277344372633
275.4492565982546
273.3628855753347
272.3015927884711
271.5974613370396
270.75645679199386
269.34864335731714
267.4827401663046
265.7823000885409
265.3556759992062
265.13193073213546
270.3716229323648
277.69898239436304
289.2195447330749
296.73223124674746
305.74249110862496
313.42503590797344
321.7731692505059
332.70190599814663
341.57345084942006
348.85380740002654
350.6447770861091
349.70751071390475
349.0441269533598
345.2351676569284
340.71714667447355
336.8887580678661
334.8524871761945
333.1462204851864
332.5603154932945
332.5369245109457
332.7766552403067
331.8801579168442
329.9868349564525
329.94765175618244
329.36102679918577
327.771928258159
326.45287660962407
325.3350244596947
323.6894305105241
320.9014130862609
320.26424827591546
320.232084458154
318.8218862825746
317.3776524024468
317.13758274448065
315.9089482615742
313.6777744444424
309.95922735487335
306.25417485399925
301.98410883503846
296.86080007848864
292.81010167318493
288.0690781175087
278.7523025616975
272.305240277634
268.07219729167923
265.2740800309302
266.2568180672953
272.3531348917461
280.17946494415696
293.20228410707307
302.4273255479651
311.98400258341763
320.5281780783575
329.1776657994782
343.13615521118277
352.7986044868581
359.52107748927386
362.12057885917505
360.37263798043995
356.0996936303378
349.9605252242252
339.982110856018
332.0519458679935
323.1676881451754
317.35554168755414
312.47821120029073
307.04291844627147
303.0564546893392
298.7732398040888
297.4118571243167
296.3330128314215
293.46001231072944
291.77052487863205
288.5197786880376
286.20115407110046
282.8472739518859
278.1366308323349
273.91824882525145
268.67387235570334
264.2832282889551
261.9240675366838
261.3470303852431
260.52970615634666
258.4362955561993
257.9944344359373
255.8904483369811
255.14969128539752
252.86558190520452
250.61767650913214
246.99122966243957
241.7884152701798
238.21302518110355
235.1186036361427
234.08196587274435
234.74746667862738
237.8185334308247
243.73178191796666
251.3108426873312
257.3223228178579
264.59702346365214
270.97727142100786
276.7154986015932
284.9500414073683
292.4988393366599
297.8706229693265
300.95113935321814
300.6077176108158
295.03458042417344
286.67377963988326
275.4692586780871
266.6295502706211
257.3300985245951
249.59890193803483
243.7232156822812
233.6053383576195
226.5146995627465
221.79620174463034
220.72631430511294
220.04080594899904
219.88405383908358
220.44949541450856
220.53912151468492
221.2050708047608
