1
3
d
82.79790028901489
82.70165289249694
83.61969322665156
82.70252250995925
83.04058819319091
83.17513901748451
83.07332322819622
82.06688917816757
77.72888745161504
72.25890992005475
63.29658066680633
57.01119169537174
50.332546858649515
42.69827162230843
36.94808304168548
24.878540368363375
17.486683439447873
10.692871434068671
9.843625787368413
10.52568924652112
11.668826128211688
13.33825742373472
16.69326664737634
18.481256372857587
21.618896363346682
20.594398442600585
20.535621980485043
20.746436863273733
18.840020922680413
19.223774029928144
19.461951894936213
19.27318800427332
20.542229790323113
21.539109511936797
26.575859784203693
26.598400416988717
28.585931730606436
31.538527884838466
32.75537801549585
35.71492339145238
38.91530954087649
40.039175907351094
40.189826678591565
39.86535700173501
39.193254282177485
38.220544174630035
36.54440354121691
36.21668092877633
33.88711223549271
32.85050871462614
30.721351460923795
28.121016961371776
25.4545582267396
24.479163454458106
23.24048844495146
22.889184678762035
28.98655129628597
37.07210009580475
49.336610300269676
57.58951013635755
68.61107151938648
83.49707257780182
94.40754803427039
108.32516110425594
109.12474644383784
110.50558234695364
111.02575817812263
111.62865131164355
111.60199442328917
112.52535251880886
113.09721023068155
112.62843647601774
113.05553699011567
114.0208343658738
115.79321976409298
116.35640713727096
117.83022273148933
118.59927252515729
120.01038382648963
121.04093845779948
123.72280143072733
127.45830558495874
131.02064618773701
134.05732520327703
138.7494373252255
144.43366155948854
147.61635756123022
154.77916463357747
159.5247845416628
163.86415884830066
164.79877877379687
163.7669750656172
163.81278191113304
162.1262726523797
159.68485472707405
159.49840977719063
157.66875673842367
157.23125775811064
157.69258974001704
156.51150514096278
156.44669234316325
155.59226006457484
155.1932439746386
155.31401551284682
156.95076568697368
158.78345270798187
163.02774916419438
165.31594530102555
167.7186265800123
170.6211921099347
173.98964598229324
178.0924142102831
181.06281944979773
183.63134702276886
183.84608424861648
183.86071526416012
182.64803059969296
178.9975420753964
175.21872343567406
171.44654933700866
168.22850083793293
165.4235237005473
163.65920414984484
157.31600549092758
154.8850037822613
151.67360221090166
150.3759598132819
149.91931386045638
153.3472295318816
158.07454974956963
163.3712788208993
169.17540580732256
173.5695981571946
180.01247535133518
185.7512317165303
190.98811260273527
190.73440508992596
191.52829584660824
191.44167274283865
191.28338838902414
192.00239423893578
192.5351442242327
191.36023966799485
191.53568117051847
191.10771406391973
191.73653168934345
192.53412395516037
191.75104351803475
192.6957310361304
192.74875335100046
193.84443428418646
193.2106470728361
195.0651218051289
196.49134506301704
202.26902371049314
206.43441785644535
212.63877822972248
217.52769286836607
222.41920430530635
229.42414869980072
232.21131146265685
233.43635584922626
234.09304396876945
234.71360534939262
235.41297671131412
236.5872732938519
237.3691035901333
237.79133156355786
238.29454728687148
240.78799899620284
241.45146277333416
243.03453861825184
243.7257767927089
245.77677840725323
246.68842901046955
246.66102219903937
250.64933289911613
252.35874027103605
256.111225182603
258.69147877939565
263.08451736943476
266.3291675349201
269.95291926729396
276.6389215741876
279.1985551755109
284.074730384301
285.3939837828547
284.17658696855534
283.2075424889501
281.6916983717725
279.3620372445241
277.3991152238533
275.8635195170688
274.67020072639264
274.04161366278174
274.51083318598296
272.41478087689666
272.7135900736804
272.4527175290944
271.8036844580853
271.9137872161611
272.08318561390695
273.22072591286417
274.2806134772863
272.6108643255959
273.74293686326774
273.32452388478634
273.6105135976826
274.7800085110247
274.64298626100816
274.8670017690013
275.86019460166335
273.8392976891184
271.82094942744
267.85799500365255
266.29945837355285
262.2175100087672
261.59003422749845
259.5163874275185
258.3899096801879
257.63461665298183
255.20361842411913
253.99406547119958
252.297386961024
248.76356106787725
242.9460667945867
232.38979891930094
225.12129732778735
215.6884204926062
202.37819740645577
192.407092869269
177.22571337204704
173.6837899172344
172.7071137173419
171.17034780033836
170.41661216168467
170.80689788680058
169.4737107822215
169.36998768059465
168.7374853298721
168.5189169861159
164.95517605073326
162.7669160896533
158.49747541930242
155.36229456060127
153.45201966313144
152.66312658431173
152.60743577898006
153.877560304094
154.53967809593934
157.90459005482046
160.35559165731263
162.84661914787299
164.82790819837888
165.9644939297765
168.13973669540806
169.71028199774986
171.7621712372594
171.78084244627257
172.11156806264106
170.81265713052758
167.5243890720039
163.4314760756043
160.76779059215121
157.17358582576512
154.93117371067433
151.6169770577934
148.91917120730136
146.68001526065936
145.17339675732694
144.58027155869155
144.9095234321453
144.17310954301826
143.51173594490396
142.53028792500245
142.22408634306117
141.61589988248616
140.22314253309662
138.3433351997537
138.1002029213963
136.92005802267892
135.84441550335742
135.16010514901242
135.90280658103003
134.78545164343046
136.18178180834903
135.35388912277028
135.14970832681854
