2
10
d
150.52151316296707
150.22541335096878
150.1278159119175
151.10383031844958
149.60319538839084
150.41921535766974
150.51116237556036
150.19590261682944
143.55913893638973
135.6481265448643
124.86881670645094
116.23023371673882
105.96412333463155
88.73799220062946
75.10581878911154
61.198693332027375
59.53720294087591
59.88574607891711
59.30148068386097
60.19746915276271
59.12219079275976
58.13742373891983
60.18126776182536
60.26201406931324
60.296673408436796
57.60364264898968
56.42098762809173
53.80477543868111
52.682857136692874
50.95807974722381
50.13679327933852
51.13983967514478
50.59756887834499
51.79777164273707
51.86412856112078
52.29125095709132
52.0907119500201
53.169585154631875
54.746495112356044
54.03004759646359
55.14900210682858
55.46730468715402
56.013617303769024
56.3557035206065
53.46315675271881
50.100265807036514
45.10133638347482
41.241944001544574
35.543343963080595
31.342637108347407
27.485962240503078
19.937269360706
15.32335129978377
10.731954024518021
10.821039280029765
9.804493814930384
13.921220044282165
19.5937653213726
27.668689488200126
32.50653766814267
39.35245400661205
44.04741255192524
49.66485857100543
57.57668608072607
61.179008632194325
65.86121110276682
67.55365400028688
66.55753538797461
65.90196594565586
63.08594048325576
61.038690672840126
58.72944961020149
56.21561065367927
55.91849298274851
53.476343321450265
52.52245912319575
51.73534418550711
50.544899540331876
49.85847993656576
49.94883394555388
51.86789847283968
52.37431651344988
56.149925028454696
57.81011838232808
59.52368217493709
61.208001933496156
61.12745374345283
62.92532662127904
63.496465288280326
64.64248979843256
65.49179655968659
66.99360082225712
68.75097440617863
71.63123679748816
75.21398193812539
78.6868642844565
83.1995283401997
86.62199518475927
90.92817899740756
96.72445273534068
102.19446292538501
103.88078763074407
106.29534287974872
106.48321153255363
105.06834619887643
101.24891011847897
97.38818119043813
96.08626041080305
92.1623733417982
91.42626846103154
89.47289828265082
86.1546049892503
84.56004651839329
83.88529481549827
82.56866989640966
83.70350122913658
83.63349558667143
84.37802390128772
87.17181720420605
87.5107144884007
89.93147309973067
89.15740754204963
89.73623823694852
89.44667221530966
89.48038087270236
90.35169784526924
89.58654358077537
91.5279047526371
93.0786557139409
94.58435834993452
102.97296974454109
109.21545823958209
119.27332471530902
126.70339973292877
132.42831790880544
141.4138896344079
146.24811909637447
148.6404645144394
150.47256416418247
151.17152347848818
153.03375394019312
155.03672167167622
156.189436090768
157.38452223428314
158.84687776165507
159.93593950711906
161.86943607186856
161.9162099992079
162.37733195719414
164.60201182183087
168.1795970462234
168.42174241918002
176.6304694419345
182.84757240884497
201.52992045777125
216.834502013542
234.2489029113928
250.58026655368212
266.7982071812812
290.56836323678846
308.7403593278564
324.023712229052
326.5794156472664
327.2663277741677
319.0627910109563
306.04987954541286
286.8043438277179
273.4097942626758
257.6757893651585
237.2861490602373
221.56159699654523
208.3946089261088
210.40671268206034
212.3086121752417
212.70668543727865
214.20545250451934
213.97830082638353
214.72309072958183
213.33813219730973
214.30475226698087
214.38232244158192
212.76851396399607
210.89378041829755
209.33973155429962
206.8820359717211
204.39919596802673
204.7804570040241
203.72479742587848
209.23648495633464
216.28110890661827
226.85427828677174
235.05871842040864
244.14905626556487
252.2910842263776
259.24930008034397
266.1134959887271
273.13507545997425
279.7219910290003
282.9476985678541
284.739256142803
287.95192061979503
293.39593593699647
297.83981134354383
301.65918679659535
307.46845364070987
315.30003906653667
323.73612433670843
337.43952852310343
347.39214720916823
356.63256436547346
357.5139950933355
358.2421779662934
347.23346489899126
333.5210915737425
313.30682209650587
297.94608462373276
281.1373615827729
264.9951660097321
252.51832607659318
237.29869067302403
225.02936930310761
216.27801513786267
213.0048346050862
211.00418116085729
207.01248182000947
202.2044514784572
198.04723594943937
193.38606840379745
187.5902128666915
178.67088259829504
170.0789535588942
156.77739069231015
146.9290171186788
139.5121395164498
138.84751148540212
137.66366166259087
140.6641152418516
143.79600304543627
147.7405030653417
152.45102172576003
154.54333099218235
155.84592124726015
157.38921214152037
160.1064776457537
161.14527719081218
161.983245037687
162.41329441469918
163.02028915539003
159.69758320062826
155.98016719394545
150.53320536184987
145.98494544226014
142.58305360176794
136.99135249231767
134.1528614805939
128.50168167230493
123.9933470775766
123.84079529683997
122.6711699145527
120.837717286465
119.7790971270497
119.28424840549599
118.17019536133111
117.11698565457063
115.74150213895237
112.85273710828287
109.37248482792319
104.96955056893714
101.77798219812372
100.09238033302954
98.91421853891562
98.71535320711313
101.28027738405724
105.76136486076368
111.91766335645156
117.08472659645244
122.72193179655294
126.54274305453605
130.53840520720178
134.91691034971467
139.48827266181945
141.87264906469693
144.06697525391232
142.53572800102023
142.05735364698054
141.81794516362518
142.70517200561386
142.24772288477197
