4
3
a
5.473654581526973
5.195439121847251
5.347693381406077
5.580769251678997
6.065005537805288
5.0050735139271465
5.636837686982856
6.383310044716515
4.832768958191705
5.33071533965675
3.8083408721955507
3.8363794053056783
3.199992760599373
1.5687050060859093
0.6543763117249072
0.44111261367265525
0.5914026567930277
0.14542115031579372
0.2334275831194725
0.15684269151023858
0.13677276013951384
1.187867158501398
4.327930848632886
5.747336366205069
7.380295847953047
10.725295052265452
13.172722826264936
15.766598651055816
18.741028956680303
20.018466607490886
20.364452718356866
19.46548750079757
18.444456987791774
16.039176759310266
13.342105974882816
10.678448573363955
7.719349259602341
5.973612906353957
4.523806142402743
1.1077435352025935
0.14335903276963352
0.7149663790140435
0.0
0.47662358793754167
0.20800807594887719
0.4052604298504297
0.0
0.09476835293700246
0.9984339025586385
1.415398705165931
1.734851731731722
1.3525996395713837
2.2001468490062606
1.437895587787279
1.2395863676698133
2.5668625608279845
3.5515054501429986
3.9169915807367164
6.620082419076567
8.287765525031626
11.535729759813064
11.342396107055079
13.426502079431074
14.564728562339345
14.301100012695906
16.341900012043713
18.261628229479104
18.749524237418036
21.284623586373257
25.341245549161574
32.61726542385603
36.903770428423854
43.30971056090528
49.059427530040914
55.73933789172522
66.3844451723986
73.43975932582124
79.67399755970087
80.77819010782392
81.35951111160985
76.23826434789177
68.83805176304641
58.199164767266986
50.21605923382239
41.68032075724356
36.07718796278014
27.841240782917176
19.164509637027496
11.759397462803847
7.234918448446234
6.20009089661797
5.846839169903404
8.24438862213687
11.09431484047816
15.251158302832655
18.847971304618632
23.303328464698
24.81296858860863
26.480344948807822
29.08767258138403
30.016709866722437
32.011855142260075
32.08969712686425
32.05918192013938
32.29414216179344
30.751420009391573
31.19189674613369
30.541456553927567
29.669063976616112
28.715958363287694
27.70965661267861
25.936140867278116
23.19707065320228
22.160893688325654
21.622569942057492
21.77465591368444
28.06640976328747
37.26932045597924
50.00276355558988
58.95521808856189
70.54739328811837
83.4602980557913
94.1065377767243
107.67393809747777
114.578035377562
117.7571407476554
118.34753891070183
119.24110672116282
120.85173708993936
122.88516799090573
122.87005244274633
123.87213245810275
125.98918128712198
129.3738799654709
133.07269843164522
140.64769740097535
145.73548858170855
149.4906879413574
150.17877685972664
150.6296302655564
145.45206782512423
139.98839744089815
130.135372358603
123.8556683489344
115.57786937683815
109.39684141699392
103.04481610391487
95.17118804731128
90.52345197479517
88.41753435753641
87.09723117553867
86.16156711710481
85.06395729213367
84.22481374966112
82.50019709421841
81.32771119465875
80.0243220496547
76.46765156104802
74.2734795042737
70.28701748953583
67.15189787390774
66.55820664359709
64.66026462734706
64.48248710402397
63.564076811606725
62.648686327502645
61.1537526100881
60.77023987027498
59.6231134561396
57.01044353475508
54.52115511446687
50.454173190670026
46.50868260235864
45.252501230077414
44.56151312297283
45.41291911352846
47.413446418153995
52.93345995012245
60.74615998864974
65.45674520275358
72.161574810599
77.1050159912003
82.98662323416164
92.63615809287118
98.21160930839355
103.87026343884934
106.08475085710309
105.67847971047041
99.61919786224297
90.67761873547929
78.5132040637078
69.42908047388856
59.102495508508696
51.771834276613255
43.23447996265095
30.121757692827984
21.2308162582588
13.869506463613158
12.397400569179904
12.550450710340813
15.511983234138318
22.483920736757455
29.22029182116432
35.15892914498998
41.37328705422021
45.23880478189374
49.81207679911416
56.26222511681408
60.1931787370445
63.273410994728344
64.04096633968092
64.33757995056855
62.10464290063438
57.53776212647503
53.261883771394174
49.28262168046284
45.5183126554623
41.79671398756594
36.346775582818786
30.52969652777317
25.809068367556854
22.0941165250704
19.61042979686323
20.214453527395403
26.64507694239689
35.86525689327261
51.19088547558675
60.11190739807859
73.00923626791773
82.95944157354798
94.02498612937356
107.92159842826068
119.87652576325259
128.67219979341328
131.09082910080843
129.5900830229798
126.44872640163715
121.52012717720463
113.31629692616927
107.26786549653232
99.08535967770615
97.35627890755299
95.73100798697752
94.35637512950127
92.04909531724704
89.24937798318598
88.04017679899452
86.00111374447808
82.0730342130999
75.05397308469117
65.24214939243956
59.14212287376778
49.79989011584024
40.24825203019447
31.879199126651127
18.27448815319153
9.080333274631114
2.66852400117026
1.4591890358761719
1.3885515881244819
2.079254080608012
3.507932571445017
7.75416251256645
10.311057977753833
14.046311199925805
13.411192274581492
13.251108971159903
14.018439151350824
13.757408663797122
13.18371666552898
12.841293066082212
12.462895174702533
13.114393064292283
13.46970866255887
14.820879059070466
13.992121243785581
15.833237268959996
15.8199276905658
15.05529297054694
16.19841928879713
15.804147712097224
16.530863830495214
17.31885004328231
16.527393751840844
16.11761440748348
17.07469827312056
16.428294511169366
16.785895798521327
