5
6
d
28.6925879861082
29.725854162316878
30.34117709842741
28.266535299895196
29.16957481292645
29.263381240684048
29.491003022601042
28.51160884122627
29.577537434627672
29.255144131669105
27.999295381243012
29.236877531909638
28.2425214394601
27.49059331941563
26.991919399384614
25.580488029897438
25.45769217943959
25.240048759162125
24.851678495522638
25.04141390039578
25.891182705013268
24.939378219056486
26.556218465378798
27.344852036595373
27.2365976541103
27.567518332510318
28.79680070313988
29.591571460566726
30.969257140682192
30.48328090858146
32.427959119420684
31.577751516287563
31.249251842510326
28.21757501245264
25.321427952863605
24.070403033039074
20.98999530161026
19.56273374815541
17.12971091310373
15.368926938913912
12.046444454988237
10.368346113951134
9.520235028736405
10.292578545594397
10.602807000717595
11.732185198799291
12.007824200721423
15.203047695431318
15.953027077108395
15.999318745219536
16.526285685733782
17.10989823801253
17.216198621732968
17.86010772983103
18.132457769048415
18.393576310286964
20.999789774752802
22.02254621364794
28.13256432996882
33.682740633206
38.99564281331085
42.63159418696366
47.93016566529859
55.96041942064888
60.58997063683143
64.66939769575926
65.54961950199213
66.10190843449612
63.61016868366966
63.56067073048878
61.404790242917265
60.86312569291307
59.38145498291196
58.00959423425881
58.140405794298346
56.364161569238114
56.77437639621874
56.245340067831314
55.17218296020757
56.42593400478925
58.306272186241685
60.598342757589734
64.29387798652985
68.56296969462022
70.62706497050937
74.25319752791064
78.22466280039586
80.50886137783046
83.62196153218123
85.55201942593327
86.62042464856827
87.93125485577052
89.1748646006305
89.62051578446594
92.40087572663924
93.36045906552384
96.2945290278057
98.5678320767722
101.81101471466687
106.10960125840566
111.4527541633295
114.10309649517734
113.61262154299175
114.2180229587554
111.42181339901872
106.92095613745117
100.2792931541893
97.4677480353822
90.99688856704748
87.27982300682378
81.71060811468435
76.21771062868736
71.26753841309635
67.37597041260169
65.80523080427544
65.256825745719
69.15507389065233
73.21411149026505
79.38705767692157
83.76023657293139
89.70209311606835
92.37791749516839
96.95120367506306
101.62195206214173
106.5771658183206
109.21575688743468
109.05159358038031
109.50925871971769
108.43013946526881
107.58352553348489
106.78277794638842
105.17425695087786
103.53393324102225
103.97215606614135
104.59249138550075
104.23651054331316
105.06505708056135
105.51121841584204
105.01878277749803
105.31468170096974
104.24408986048077
103.52002562577118
102.47873765699187
101.9339615507402
101.64501845144471
100.19267609165992
97.44410161160202
97.26704143716313
94.60174355810159
93.91435652964844
91.99228452845496
92.85180686236114
95.50783853468768
99.63742441133489
107.13972819031686
111.30679773104832
116.53528736061014
121.83222357396198
127.40835891711572
136.09808796894737
141.94386211045025
145.20849525246402
146.25788542159316
146.94790692198157
143.94866607989522
138.2456690176013
128.95579207653924
122.72889540873295
115.290407858044
110.19717966260524
104.26220731964024
97.71591825411572
91.10165677893735
86.99333780745698
86.15639247071925
85.04932216177
87.25596288147867
89.7052652919374
93.23815466117155
95.92678426552695
99.69113983876744
100.78751453874833
102.0298322595332
104.42873564977721
105.41327247661984
106.34885403596041
107.10680493613496
106.49613572399103
105.45883281264614
104.39025987572381
102.92574010777577
100.73725624355362
97.37209223050326
98.37653023852009
95.10142127852909
91.37285365743298
89.03114666915562
86.24088014793996
85.42397085920678
86.08182173463372
90.95189442598486
99.61710070036399
112.1463761276522
120.1186075502794
129.97807073377174
139.88633242665335
149.28333657400097
164.348160631984
174.76242026101897
184.08739579621107
184.71907987634148
185.52786788071612
178.94440157802612
167.80586727086444
152.7537021910817
141.23780531413303
129.21542994308638
118.84790179730534
108.86647961437045
93.54180582994799
81.53720476470626
73.03202236036209
71.38220590572745
70.93789242755129
78.47316904889463
87.94177296375425
101.56156327722948
112.3604398486226
125.3607558086068
133.57536563893626
143.0346563835101
156.71932300722128
166.46772367259817
174.15168786573653
177.77823846181875
177.8015476762033
170.68964511822344
162.04183033234222
150.6613956912526
142.2764012745153
132.27823195196163
124.7589870819997
118.41853688223199
112.20015581504943
105.17519034523382
100.89940957480546
99.69443065726672
97.72292254359978
94.71659299949829
92.73358346022329
89.57097023100184
87.28058439580855
84.56301715340392
78.99127240365846
74.52772547301397
67.30948989865165
61.15639455291627
56.72687423457222
55.93087305455112
55.68953676004762
58.025940041830296
61.817542301142005
67.22768788174585
71.72728680245014
76.41853130463397
79.31481088014766
82.71113261804783
87.24239779691102
90.08580045308695
93.31888071364145
93.76216245889029
93.00419858299323
91.56093129947674
89.47339391937697
84.02403856699213
81.23122812833546
77.83082203954717
75.06413811140831
73.95148626266538
69.73574706889259
67.659359192152
66.52794804631098
64.86155419618885
65.94889317427705
65.80932252864156
65.75169796514062
66.11779630775045
66.70157306006331
