1
11
c
40.971063078368104
42.03841304079615
41.63332415839298
41.673566600865946
41.76561137123927
41.27942393487745
40.96146436664125
41.21331694818064
40.64484811763114
40.70557855708901
39.48124957045957
38.92018216159381
39.267679854102255
37.396197976572324
37.03531036631672
36.83959667219405
36.08192381411863
35.84065729092115
35.38156272770386
35.38827348262516
35.559362790337026
36.24051717292811
37.61157047731478
38.02955487076671
38.0492538219139
39.619317326781555
40.9631113792553
42.22188453337816
42.16007528033441
44.086500598828536
43.87583846087946
44.07434074726115
41.41663830243213
39.731751947331134
35.4297201069001
32.11706469284004
29.962050356960873
26.534003887732666
23.65406594508888
19.25645202030058
16.106789950961776
13.929763201894229
14.067276642176198
13.5897011336403
15.002655373119037
16.922321461607012
18.62914786378544
20.84804017248229
22.59259636715796
23.445197587859795
23.324631936830954
23.65194899643346
24.007938788801127
24.631226423764698
24.93088728976641
25.98066697006087
29.455717016841586
30.75327878015919
39.34162675245951
45.73285891606945
55.14223245403152
60.9186376661698
67.9760306131729
75.80074368915248
84.66108413235008
90.47974751844812
90.90873394800941
91.09197597423628
90.4838409878415
88.78064730486602
86.44620675065502
83.27333712171455
81.56447213424967
81.78728448201412
80.67906731189522
79.52461987425534
78.73094741676276
78.1038622607766
77.00454444662402
78.31633722976913
80.13728647143581
84.94009705278937
90.70479035679807
94.63575544941882
100.0908905090565
105.81760510929833
108.13184771502323
113.42836318382359
116.64634369905686
119.78337305553909
121.52330835421141
122.5125889574175
125.38063299336476
126.76306343115706
130.7657989639347
130.6687944650509
134.17807250856066
138.42123989754273
142.8550574931725
149.3104438055131
154.8841841122212
159.09649626152031
160.12625898638032
160.64660528915488
156.90047966005196
149.2468614809957
140.78650926897924
135.3683285653466
126.5808219122221
121.34907772554715
115.26398786287241
106.03494963940307
98.80062422356643
93.45424744325489
92.04192225365802
93.76587406152537
96.8886918932086
102.28783984480745
111.45052803155612
117.41407231716309
125.1809777129091
130.87203036833415
134.92347859300938
142.2956373283907
148.96454740784134
151.94404836488644
152.64919935926898
152.13703703568356
151.29124611510684
149.82252931994202
148.760641954144
146.42297951043008
145.98174955298265
145.0682663731267
145.9607289879715
145.99502599428743
145.42587033928564
145.90476223141437
146.667598112432
147.29148583355874
145.02497874539583
145.88239507648757
143.3145349014319
143.29810956798664
140.71807509067776
139.35592517202676
137.35457685475754
135.15575090229862
132.90872628151268
131.12118355674386
128.8890865158808
129.26175995484377
133.39804159038133
140.61177143417945
149.81265605882896
156.59688711895552
163.51430184838418
170.76273857755243
177.9571719926879
188.83531537865377
198.97574974891376
205.0721428328159
206.01329948862744
206.81135506175346
201.69381803268004
192.05846701578668
179.95634244782937
172.29444562309126
162.38098833746645
153.3144051132906
147.22513355458898
136.8924223523768
127.21288801894862
122.24335636742275
120.52895621984298
119.7041839816146
122.01142242065845
125.74667306328551
130.4848417046925
134.6268450020195
138.41159648173814
140.9682373492424
142.23167377134348
144.80145701047712
147.87734835871186
149.5831654203399
149.84615456883714
150.1110736858201
146.86611967474505
146.40080459322976
143.29976176208433
141.41772719715217
139.1126946993265
137.27895472846674
133.68394848313682
128.4689466247564
124.05727276990166
121.40210482619338
119.56970763411097
119.04370856511048
126.9003775646822
138.4815828038593
156.1360639135241
167.87762455271638
183.2470927356466
194.89533828003113
208.06246835717914
228.63108787084812
245.11029550814956
257.1732054425183
260.51905658710706
259.7749130048668
249.61423629551294
235.42585502212978
214.25192508822417
197.926808841039
179.48504225081814
165.96089456609644
151.74736894417404
130.5893441095743
114.62438908947215
103.07137027782578
99.3805777586955
99.51635384906196
109.14617648307215
123.23523279212905
142.94220819583217
158.1718262087954
175.61588783634662
187.6000025885385
199.4002099137448
219.12978561712336
233.78315345704297
243.536741958199
246.95846438836872
247.66204892574058
239.8466524123331
228.60534339843448
211.06343161361158
198.0818624980571
184.63092734031972
174.00405263565054
165.57524335386196
156.25964483035247
146.56900487681875
141.29230364319668
138.9846625195246
135.66761633635596
132.23057358776765
129.63610593813138
125.24093691265341
122.27551457401664
118.21229398084174
111.22232330010534
104.58297616642669
94.12316826209802
86.9869994726421
80.85256466743543
78.39587102453577
78.51325731993636
80.30729468580148
87.26420769893943
94.12306408899711
99.37675304976347
106.8617517975056
111.83750970753155
115.98652414655743
121.98727962889693
126.59499158884766
129.9939731080812
131.3024178491
131.13705222684538
128.19044111262582
124.43062551458753
118.8089971435146
114.22837164117414
110.2694322956801
105.3535594050837
103.57196441577207
98.70858526029141
94.97893576019483
92.91372385641654
92.65803335526994
92.64602087343945
92.19696042166073
91.8821747017515
92.74111694531167
93.67737529627334
