7
9
d
40.16665686859144
40.400239046687346
40.48760256274751
39.534572458632645
41.31392359668926
40.275603016075735
40.04558422166798
40.941557733749
40.02111374541887
39.54249389437612
39.12322032087683
37.384617078566166
37.87278525096983
37.223873076738464
37.42743013554531
35.913779217676776
35.94988771633288
34.719785283013756
34.775058380161354
35.42332360931617
33.889815235783495
34.72793833747632
37.167968594899186
36.228969684167744
37.80829122286088
37.504301930460464
40.3021407023062
41.58348498494217
42.34934688626182
42.483515125263516
44.06610525926591
43.61378090917693
40.99937135482902
39.03170622680163
34.81852067798632
32.1292897380804
28.680139285356557
26.11119188269812
23.49040287582324
18.111834398130117
16.72271098299717
14.340787325922783
13.192767994635151
13.079250571448341
14.349556224547904
15.804875488482033
18.3423015261721
19.617184499938233
21.630027870670077
22.0887407596475
23.02626096043658
23.597049100211425
23.419435464397644
24.275462638234796
24.83544021222323
26.562762587836087
27.638201901638233
31.296422351695576
39.13458449010336
45.2866913170011
53.53402040349516
60.017878458696565
65.24326649386846
75.88317638915669
82.40331796532854
87.78652435353074
90.0081363575677
90.45768992120162
89.0141600762265
86.69006401727715
84.15892795080859
82.33245911313223
79.01109412924802
79.85274968663985
79.96343670279339
77.9090889379737
77.54173101105086
77.31555165622225
75.90954142307372
75.94604690429425
79.20065663990968
83.83840548220158
88.88402181354869
93.06368533974869
97.42689389884693
102.2116566667551
105.59563994905265
110.84271486461637
113.46350825920263
116.35702754513059
118.24875937096529
119.28102382156496
121.75875074042435
124.18006938894771
126.31992923678575
128.9279743401796
130.67264685682977
136.0856819563845
139.3100217379114
145.93674049271524
151.4432744881732
155.7636771890926
157.27164091002655
157.17571636218747
152.3190277445492
147.8049905554353
137.59817509614265
132.60133300426548
124.30725817199954
119.17317516550519
113.94776928236804
103.7910583591114
97.04372032565108
91.55557480351118
89.08242888493103
90.63898035059844
94.80703232354259
100.10742260250188
109.02389273749507
115.01238841045455
122.66323641076518
127.35458303838406
132.44643643301504
138.88391948982613
145.04532816597919
147.65035059322827
149.03773675136233
148.99440001358323
150.03626551979463
147.56025207516967
146.32906111463672
143.8515098175955
141.46234387787365
143.20474618021836
141.66053147963285
142.3035516493703
142.7720042604384
143.11236759235254
142.848882015526
143.07635934624977
142.68509349093262
142.82232978682566
140.47257510673904
139.1189993346016
137.88405096854217
136.87682667968744
134.3432748416215
132.36968797839552
129.41115632641143
127.1044431845321
125.69427516579475
126.51945203565488
131.32027900669954
137.97187052720932
145.85714555978348
152.33197502755058
161.13875475050617
167.30477210221557
174.2095733609278
184.67398168998497
194.01256065812956
200.50078405872034
201.98377491236312
202.10487161460938
196.42921256333307
189.41127678346578
176.22815573961512
168.35794450047428
156.96315295987338
149.90092648566394
142.79535608481677
132.43019548215028
125.71241431365455
119.34868417336747
117.14877341078443
117.61230307211993
120.00900471061018
123.24735306628409
128.44885445963357
132.38431779808528
135.76848490139616
137.60635898654667
138.09573917139033
141.70244636771062
144.07996186116577
146.0874257093121
145.23483846896713
146.38936339747292
144.70330540999237
142.34059505048145
140.06934557438476
137.94043945756326
135.73555617358016
133.2423767550701
130.1623834531329
125.49194288708787
121.66127964113535
119.0810738552268
116.44616604461682
117.35249549593777
126.00320115670269
136.85961946735992
152.2482539949509
163.6528171892186
177.49978222574174
190.24166491818073
204.30335204551182
224.51398510087674
239.28556386344525
251.26251229716507
253.82833704441703
254.92610381785894
244.72796527694896
231.19826526776174
207.94806114419083
192.58221024544335
175.46043681880067
163.2133772417969
149.98768560838926
127.3122092733845
111.99936915189872
100.97182196885922
97.64780289321608
97.89185080534963
106.9443148452855
119.57060238202462
140.22900806034394
154.95016328315066
171.08959052279653
183.28333844221535
196.41810560408672
214.036960338466
228.83186948273817
238.7300756001561
242.71885005437477
242.12017113895314
233.7777662179695
222.77907503188777
205.99758099264469
193.85678827799765
180.46492653813934
170.1265125393933
161.76864291044598
152.22561318422697
144.05125626587187
138.31644072089446
134.69572355679296
134.02164343387935
128.96114293932618
126.60417781509318
122.85682092081444
119.94328613647018
115.92864840997694
108.67895029192397
102.40644840184602
91.51469471777413
83.61702420985534
77.75411580868601
76.2018917261027
76.88978949785668
80.84434941417386
84.68998371763463
92.30327168049978
98.26333207574369
105.05152350063658
108.18866095344222
113.50914594308345
118.5221774724171
123.32073214522443
127.7356947595952
127.74876757222528
127.74005909794253
125.95889450129549
121.75597987098887
115.77927504290903
111.85461542852016
106.99984932514532
102.68799825190935
100.2690121720826
97.01088971128463
92.530344352768
90.05778770647561
89.58887339759752
90.54585174898132
90.38503263858965
89.8906713728094
90.23396470429998
89.54292342154329
