9
4
d
7.766755045940413
8.806013031465758
8.443987535589956
7.4515451282389
8.06791259607206
7.9413708177979805
8.07700150659342
6.870052559378708
6.895108352667766
7.310871978522632
7.2884686544743165
5.626588886182073
3.834974866895082
3.84339535509811
2.0334165113692135
0.042464537788741485
0.9170578567902583
0.40598269076949195
0.0
0.29202518887292317
0.723940862093109
2.1706874334846114
6.050397703168663
8.694692138413272
11.22558745863247
15.25611553006773
17.97641058574372
22.80980492629893
26.03933240615354
27.993715818399878
29.32295920728802
28.794087044483586
26.699725060040112
24.34078278752165
20.124485189561973
15.746090756881213
11.110618548734651
7.438277626926682
4.711334455502227
0.448876136521724
0.9566088229050947
0.0
0.0
0.06123255138811595
0.0
0.0
0.0
0.387335890540962
1.0271807273364575
1.403903346882894
2.0106659942652976
1.7382911644390584
2.3698113439991597
2.5244151248474545
2.535753087936713
2.853119201292042
4.005038230122435
6.139215409878957
10.491841394708516
11.617108798139299
15.193412039438158
17.063382119649827
19.258642191037307
20.032002850467283
21.67658892316032
23.075924046029254
26.031189602130524
26.507875574251436
31.071227235517732
36.69638885067145
45.515567909011125
52.04860455696161
61.950820063572905
70.97912614686167
79.62641352041098
94.00860240536029
104.78680872686314
113.39927977170777
115.74971659142584
115.38653474111712
109.21053591707883
98.41865596860126
84.35546034798202
71.70002883452048
60.48076243411528
49.76569704601355
41.899297291323855
26.667855002340154
18.293906741871407
9.992415135957872
8.436324370200028
7.55368815582694
10.378786820563318
15.561235710259199
22.085903467049736
27.77304810336154
32.760122341518034
35.783143879413565
37.03587881120854
40.3824863038247
43.43012516195864
45.423911867904614
46.09953053194518
45.45188614100301
45.05148392801143
44.66209300806507
44.471432273568205
43.070938455710454
42.327587152106545
41.56841606692582
40.76881392036799
36.55975181956045
34.48777026849547
32.70806376530375
31.41044679332108
30.918424648592083
39.18569836895645
51.8424670474202
71.14081748631449
84.46010981806096
99.21121247363308
119.41033535002995
133.7712493568973
153.58944623566282
162.53078490723004
167.30206786338746
168.72604886539722
170.03110870726383
172.15118309926137
174.03908120696047
175.58787627860536
176.48645358232662
178.93353522036273
184.3325027900266
190.4307437404042
199.53632389224407
207.8741805768966
213.68939607971
213.76994324883043
214.59353866653822
207.8892063882312
199.8433574798667
186.6695476589928
176.23572765002834
165.4083404524242
155.174647073005
146.56027123149323
136.97549785534352
128.94630453581215
124.73236286871962
124.97879279625708
122.8057957680098
120.48533413799575
119.20819414252479
117.62671220702723
114.70551827130514
113.07907255904406
108.88992217541157
105.2951853527968
99.79286017588005
96.69309484677781
94.08220675674599
92.57518051474797
91.622706822562
90.26003642182191
87.94785279709474
88.38602679708004
85.76720128090247
84.45305557957884
81.2049947497499
78.07745458051583
71.69436882531608
67.54157252161488
64.75051753794672
62.93165380522638
63.03307189258681
66.9388830824954
74.63746400746899
86.40878130729128
93.87348140589825
102.29370412882349
109.44570755302209
117.67178309995354
130.4542407142076
140.81466009344757
147.42271792863843
150.00758230201416
149.90538618720174
141.3283925538151
131.21123666218904
111.44213761735023
98.91729212839005
84.43019952034541
73.3340255613749
61.466831655849795
43.42982115960385
30.628337631792352
20.259920823315486
18.064247732808024
17.448667672243623
22.70154528576261
31.52529455031212
41.48422862259846
49.68548933926975
59.89842561394794
65.35274537171222
70.96990424902064
79.98170003994633
85.13941095549558
89.8621159890386
92.17930822518969
92.29891617790821
87.93546943739705
83.24895432086305
75.42806915586036
69.9891699232167
64.83146878431893
59.13311559440348
52.5910820408016
43.059025430702015
37.077377470173104
31.506992170920977
27.768753710164066
29.104640711608486
38.49902841994998
51.87159988562308
72.52047584114689
85.95029108160652
104.56904819254821
118.54542995050777
132.8088166484239
155.4243651262952
171.29985677414862
183.25338067913634
185.5981952296928
185.96662755757723
180.42018900773698
171.85968192993172
161.47740029406063
151.9299147984631
142.0084361915835
139.34519017855877
136.6278830052482
134.2741492399518
131.38798806712407
128.38601952956677
124.86911262301264
123.23818834243228
115.95356281489339
107.47284262637945
93.56941686403181
84.08027861060081
70.8931617792227
57.24978658517175
45.16096658586351
27.071196709587912
12.768851665200454
3.31761398654817
1.3789162841125604
1.7064151244800327
3.0130240900102714
7.360381780133165
11.17777025287541
15.212615238237825
18.937884008583517
19.160088602645526
19.105128105093
19.100825000251927
19.224233520087
18.05398079983059
18.36400985129034
18.700830878194495
19.19064943031617
19.041147922984358
19.879038102170135
20.26660122973479
21.688184637281402
21.199299978772746
21.593240806201067
22.42085861391376
22.99683610451561
22.874186246653124
22.726214064992647
23.813147579414778
23.126808422435648
24.190049334023
23.416657931973372
24.219680465176108
