8
2
e
123.36364288719602
124.25896890377132
124.39367534834437
124.15482796047351
123.12689780058875
124.73479574906378
123.25940868852138
123.16496275305165
118.86711910455105
112.52420912119494
102.85081411220443
96.72548337495411
87.3686921720085
72.55163754458923
62.07233257509116
50.71156174353309
49.967533697286875
48.40908244095636
49.08195185049161
49.87142708117897
49.048792943358265
49.163803168871475
49.41153757343443
48.11559575260542
49.320788977065654
47.51702592191775
46.48884083199244
44.16420336861659
42.20773185967466
41.2514434409418
41.96560293059393
42.17720130698833
41.91638873176108
42.54458474003383
43.59167856693649
43.70135179313097
44.07217553058212
42.97854458206238
44.47085662268134
43.9448565213274
45.42335107966061
45.562359075632536
45.5339225430848
46.22768713623518
44.44663067272473
41.655272921942235
36.63964020036653
33.37516173163025
30.32561473232956
25.93796566007152
22.64974306378123
17.29272285182983
12.39059262853874
9.060462835755047
7.377039063354728
8.611498639252295
11.912659574239768
16.47403458231905
21.304464935543272
26.828287775517097
32.69512817260034
36.27894748975016
40.80030692151937
46.06388176403315
51.484974042663325
54.386163801363885
55.40198920359564
54.61221449843205
54.52729656865261
52.32325121399635
50.62412169128634
47.99260112727391
46.616655233702815
46.2886361784017
44.417019940808814
43.881417894259585
42.26212437546755
41.316320350694795
41.68670546676034
41.700198093592604
42.143779077276484
43.50565063915132
45.35958060111587
47.45475172695731
48.5323789884206
50.193513848148626
50.66503273996955
51.425780405622454
51.66744156356944
52.928882685434495
54.36965099218515
55.20437112258364
57.4279178799154
58.54595516357265
63.01281846200139
64.5982055781902
67.60379973097959
71.70380427121987
74.45119493044463
79.78634534131966
84.0871945420899
86.93015099224075
86.61075733937443
87.80810280511801
85.08108303388477
84.25409623081308
80.26540314571524
79.4469495812554
75.77750670982641
74.34518493612329
73.12451090227835
71.90285771880112
68.7721505373728
68.13774270065528
69.30193596447316
68.47815639387822
68.55340668678453
69.58006009531479
70.23083577907651
72.4365478479525
73.53481860000134
74.68508504180767
73.30868547476815
73.14723505673193
73.52653786527182
74.5506339752129
75.37143192223488
75.40585694413807
77.12197420660974
78.19812984591482
85.52505679623552
90.5299372002916
98.30485254026173
104.47684056988442
109.20208094552267
116.33290431122778
121.0866845289634
123.56541533741638
123.63607388338156
124.70011237494265
126.74464707565654
126.94036402209258
128.56972717142233
129.35926220317265
131.522397245421
131.77736769179566
133.94151103702305
133.48845130570416
135.1201534469636
137.0810219958129
138.3148273907686
140.47189284357532
146.05738715276354
150.3988262937378
167.38976129891597
178.3276089456771
192.77828650913284
207.04458858357705
219.3893985518525
240.66322225143887
255.42575248622057
266.58371796766596
269.93580960486213
270.33396686584337
262.4544003880642
251.86426079495448
236.2438286883483
225.59797276518105
212.13533751350522
196.13068571823774
183.52848669141875
171.6129501032475
173.67656999099555
175.14757914383074
175.9126441232606
176.10941091274762
176.1768592006042
176.58317823968758
176.04974518794813
177.2474083890371
176.7516270096868
175.71991869243325
174.98044055831582
171.88901103819978
171.2533863788067
168.8786037703222
168.25529736667747
167.62353620098
172.91929889115275
178.70782177364396
187.86356781293193
194.48953319272036
201.79813378001523
208.79990150501075
213.14840307700015
221.38310184701623
226.15332837496734
230.58426366491864
233.60159635826523
235.39657753151766
239.14710818182363
242.53490160241543
245.50074370573583
248.43229557967337
253.29973395912737
259.73456469890397
266.8179390251486
278.40144271562417
286.3090382100714
293.1748972079605
295.4010526485827
295.7115764571689
287.9363577183946
275.0756821747211
258.03564158762384
246.7159932912009
231.24479490304887
218.85609993158252
209.1124128042488
196.9997000037649
186.83070499888439
178.99090414689172
176.79959120069822
175.03915762374993
170.82886854834723
167.16093131458658
163.17322051626937
160.1508828896319
155.50386910661697
147.7998369713229
140.74232173123886
129.8410535738195
120.68382697593533
115.56773981631224
113.93470999772606
114.8591514627743
115.37091970113175
118.5694564893943
122.1296558761527
125.70551113776753
127.6863447906331
129.0699726517595
129.4639657620593
131.7790355484805
132.36604145203174
133.53095269073003
134.38993065426516
135.62673765607687
132.147970633115
129.1834557884286
125.04551106987934
120.71982686205995
117.5379298679944
113.90040370047255
109.8771488917461
106.50515538339246
103.44358705157374
101.5383318388803
100.86467195551822
101.34095977535041
99.86340649083205
98.60724603790584
98.40685549016817
95.4547715993224
94.99712659423733
92.41180480453059
90.5363684848209
87.8763557026575
84.185890666501
82.29152090534221
81.46498702106805
82.21674319171116
83.94841700565257
87.54550571828466
92.63414090557481
96.20774183713439
101.68017725602004
104.4709022396098
107.50314108216332
112.03175286266625
114.33089003817537
117.22032924760144
118.17654287533776
118.12467701735942
117.5754767727421
117.85459761076612
117.23829317552239
118.2003277316793
