8
5
b
14.436353320253916
13.710311458575793
14.094307293453358
14.101531577132613
15.695441781980975
14.84036737981345
14.707673426230379
14.74039814557361
13.356999374043532
12.652117836329152
11.212595868112395
9.67413152909691
7.294600809933302
6.418267608043097
3.6814114531409774
0.11141545801471364
0.25395086642638365
0.0
1.2592441207379867
0.009052956408249367
0.448626182231698
3.3264085150324023
9.892182851746757
15.029456272415416
20.315758737045027
26.56613689185705
31.578431878381664
39.680489103793995
45.673444868472075
49.81220379927795
51.90043261930504
51.724699196702915
47.96553319549405
42.24356904220532
33.59192314835289
28.694628405759993
18.33946860082827
14.430059110116835
9.725891574504248
2.270671436915312
0.9580338664026062
1.1390007719835258
0.39845920207666624
0.0958906545505822
0.3344393229566695
0.0
0.30469814477824525
0.8631309864591383
1.5254061590241055
4.204712791693721
4.036716099027944
3.2443228760740106
2.744432926199025
4.419377984646597
5.017417889923779
5.94923817388903
7.912505731747775
10.221287025649476
16.810325539035293
20.086622260090206
27.102588930811102
30.206547741805373
33.376629514672295
34.90834915870423
37.078360088204256
41.57843537353137
43.49513853286709
47.549619306812595
55.68840171917302
65.86410904021098
82.14058816942632
93.77106345447851
108.43757233981911
125.52727047703556
142.39061408629692
167.5049796190557
186.9943599109951
202.1238248544897
204.79659974007433
206.11784587688018
194.3676225930422
173.79812198120374
148.77938732090726
128.69245902041524
106.6998257878355
89.66573692335741
73.48820986505525
50.15626148654051
30.266555133083273
18.015319744680827
14.844965825853496
15.008004285519757
20.956920059020142
28.287896818493977
39.48286636592363
49.025339561439736
57.48113599666547
62.79609570668961
66.23281068630264
72.36486610533481
77.18420986041298
80.7097925682033
81.42582022921893
81.59873861283096
81.3318296322363
80.1151211691504
78.05003840463586
76.80207882432255
75.22059901657198
73.16916396281079
70.31158920324643
65.88666127700694
61.703315531300376
57.551607117266315
55.682643843044275
55.3625235443095
70.96086493703325
93.82138361122054
126.85033482058817
150.06564285385338
178.2062946850671
211.68108656109007
238.66972454884942
274.3023987753061
289.46444768116106
296.7776407027557
300.200263977628
303.2221783602662
307.46992993859897
310.0388707505493
311.9474718454279
314.86538995575074
318.0449071448691
329.0544147211415
339.0833956707916
355.8846894735177
369.04825436030876
378.6447169901962
381.82330718172
381.7955643913905
370.8081753571389
354.11606122244694
331.6319148956296
314.70027206633205
294.46253140734575
275.42959551254853
261.7705947019352
242.35545389239715
228.94322814691768
224.60141040161957
220.87319773057752
217.86951127233843
214.5707614103807
211.41941751652675
208.42920914463184
205.76491834262202
201.66750099655562
193.47814559401394
186.52025811979246
178.7176726576943
172.33222731794586
166.33494325043827
165.39101030385274
164.64931097776832
161.50577654544944
158.4916200176702
156.29184044830183
153.4661490417877
151.62073907989358
144.99066317443547
138.77489306175477
128.87527123186715
120.91441444540244
113.9407123789303
112.16627233089314
113.36697924738817
121.04113589318206
133.60691713407178
152.45111463810443
165.876223629416
181.05728490185885
194.7500646873809
209.62487199621887
232.39696820582645
249.8296367281293
263.6903418973787
266.96569088600506
267.0530513320872
252.5067057767043
231.0171488387029
199.76604416431562
177.40773833832395
151.1983518214753
129.1565333108453
109.76289193069279
76.68853674569151
53.730142942267584
36.575046978301785
31.917039939009214
32.08424048366809
40.96870360647514
54.80607079698927
75.22404518461641
89.19352450009106
106.43749448259308
116.50136525886697
126.51904356928266
141.21320257103037
151.1646739718401
160.67900882369048
162.94637609264046
162.41592546354192
157.24441086890434
147.28416858487515
135.39012888562272
124.82628293999785
113.03221615889954
103.78036224034129
94.07345860408658
76.73330783137524
64.79784267985816
54.02978395609681
50.96687381985285
51.713600263421704
67.81526911150182
92.98234685601781
128.8519334705221
154.36328536431674
184.88077221593127
210.76194922669012
236.60560452488295
274.08931168226445
303.582599931485
326.2700610975335
330.02055653617236
330.31144204293304
321.13132525616027
306.9785859899878
286.5449529326161
270.7760786898933
253.71533090757117
248.5476071449538
243.35125806301522
239.44012869862985
233.89862761288276
227.63777225476267
224.19965062900408
218.7038791800747
206.02860145591848
191.7013576800706
167.10242340164575
148.60973314533027
126.24110164103556
104.35952161766416
81.6127985570973
48.22533897008212
23.454525320807022
6.305506032494098
1.1739352362039757
2.418062281991098
5.04340128277514
12.078011011028044
20.139443355014286
27.35971663725677
33.712032699845274
35.52499734635995
34.36940347845055
33.49529460083319
33.28331844884127
33.61925603378008
32.87655482935488
33.45634820704693
34.23199492087416
35.10487236481248
35.26599115645602
36.23150688068686
38.14016652992584
38.66599750803994
38.70027743718138
40.78266499568168
40.46662121885235
41.9670381127137
42.62410855427761
42.52160359633749
41.94985374000263
41.67120303694862
41.62051978629844
41.732837776509804
