10
2
e
170.54513299064158
171.63423008564675
169.97929137420724
169.5898811576382
170.15865384430114
169.60353389111145
171.07253902858054
169.80657420795671
163.63539964079223
155.66624825637004
144.34494242272407
136.0018524976865
125.92968713929389
115.31864428637482
106.03811068385147
91.21409880218337
81.2005146257872
71.55468148049225
70.93776722735822
71.96042832173632
72.59381861334315
76.78563335536802
80.92846843647268
85.17752042139972
88.62801190882894
89.08868856691278
89.36204260983413
90.17401208646017
90.06630620993857
90.28558448903885
92.03482191436629
90.9870690441331
92.80219885074463
93.11827222854569
94.39724211830385
95.71637648015579
96.89646379291254
98.17058904915618
99.96324592057697
101.37346203330547
103.79017576138398
104.6725863107592
105.46993030759225
104.93744347231672
103.93311621213195
103.41210210575584
102.32751490676938
101.24987443907258
99.5939994092112
98.89099775220181
98.60328427249887
96.95485771439022
97.33677635940808
96.81981089196655
96.12315023143958
95.49141434897341
94.7931979338847
95.72142311967922
95.5401788667305
94.83386480119096
94.19753001488252
92.57723710159411
91.51536978035129
88.61890232393606
87.1799930350175
84.93884279565556
84.5722995112959
83.71700687909535
89.15316826031793
94.90966434005965
105.89272529860013
111.9695450964962
119.68167594685002
126.06937074293248
130.58663264627532
136.14171072009833
141.47720639900956
146.90993250676533
150.17678870526942
152.92568765899583
160.1702430253277
166.00505452659075
174.9526235416131
179.44251094284476
188.08235364778542
197.73128120471387
207.44222472973263
222.1366232772659
233.20724233720998
240.98994185587787
242.4182144132277
242.39545527644285
242.34766723243172
235.99713102096072
232.57923742934338
229.5043268754838
225.61657173486572
225.13377778465588
224.85385561288106
225.25085314208144
225.0247331800963
225.12198730144277
223.81361939022605
223.30054279418877
222.08361406118607
219.47402655861697
211.71071477124318
203.03329857076315
190.61713004255353
183.28549121371938
175.82018838787877
163.6402985095282
154.5369874341093
149.565502707023
148.31183910887253
146.9212885714176
149.81531741518302
152.5471408560066
157.87042400060966
161.6049943529907
165.66429385112997
166.39538587470315
167.58708724495887
170.40566555195397
171.37976844005132
171.99674234436526
172.162802211829
172.10829179039615
173.38280690287777
173.339769916706
173.815507918746
173.30235401961335
172.9520486931135
174.61164940229227
174.1403542433573
174.08892802390295
173.96558961925365
175.26850060879707
176.002584639824
176.37645317238432
177.6871964591
178.9217041363219
184.7666338796755
187.97195791876504
194.415837106559
198.1438061431812
203.0170980150037
207.6234049191504
213.2337900268546
215.7701025536736
216.87191999717083
216.4373142626828
216.36867265943997
215.446014101416
213.23556669794925
212.9698975868559
211.0082513969534
210.94431611452023
209.52842736523056
207.32332287670246
206.18855539976673
205.47141038440077
205.62461944961166
205.84581008599025
209.6590818403719
215.18642872433452
223.7344684341289
229.30466548989673
237.09329264762613
242.7377752382285
248.93631574021018
258.38623772417515
266.56217505647527
270.9875386261348
271.9847692950542
272.1921766371479
269.2795111029513
267.13224891348386
265.45924726676003
261.8195379899135
258.97672620437424
258.1681631155622
258.26326322587545
256.4443247774907
257.61586483002105
256.32653132525013
256.2578671209141
256.92981660262006
256.21004609088556
254.09659253729944
252.34977820486174
252.27952231470903
250.8734335980833
250.06841643642298
248.9026124007447
248.09639968424287
248.20128146931552
247.3683106585727
245.02662794932485
245.35883753727614
242.79677821450616
240.01009965622572
236.82812876703647
234.03600352111394
230.42711546648763
226.79170398074532
222.26785779918586
216.50116811292847
212.21487423453632
207.19409992483523
205.93222683289264
206.56991584477325
210.92190624941733
216.769218324095
227.27737212956387
233.4071754518703
243.1733540908783
248.33171558884706
255.05406815528764
265.37777541358076
272.46258382584756
278.33179676101526
279.54886850566197
279.43574161674815
276.3090949878638
270.8782684167897
262.0877753875815
257.9504805922059
250.54207077464832
246.50240783059803
242.9534861281193
238.80624357065997
235.80803338306325
233.01710731934418
230.7556417078124
229.95838977144197
228.09213327214061
225.6787361168335
224.25354012871443
221.26938964238525
219.63271523931087
216.2146816986948
212.84484053605428
207.89474251591312
205.4635840036907
203.8680924331692
203.00029275854618
201.11281577868814
201.0205183725225
200.31751971944686
199.49882174741555
197.63897296630014
196.18536644322788
194.62542565553426
191.6660570006932
188.43074939973567
185.14143264956854
182.3728266363823
181.0398323827209
181.79328808160827
184.169544070308
189.7149390296666
195.24277493715002
199.63711932314507
205.54216995655474
210.33974899448862
214.6551168239132
220.7292456532561
227.62046207927997
231.49051675753603
232.41753180298724
232.69861878972043
229.12693735384968
222.96553006068095
213.105953446384
207.00029944503842
198.29471879604225
193.54690471332967
188.19034691561615
182.21248106134738
176.12593760953177
172.93257612706006
171.06367493362626
171.35054433679025
171.2168865938927
170.51319083091533
172.42340227239615
171.0439807431033
