1
10
a
96.56509065065816
96.30564607174715
97.03682101417388
97.92902965049369
97.04609487165666
96.62267513931941
96.65183114191235
96.90303511468186
94.43754176246343
92.65629350394775
88.88228751681481
87.121050093259
84.44871377676844
80.4812546634888
76.782706680994
74.83257149359056
71.9167911980335
70.44292688318016
70.75703519256739
69.7112945244261
70.40374391649809
69.12390927677477
68.38034439701187
67.6845530142221
67.76437636216706
66.73549894417009
65.83350546536211
63.10618872239334
63.321804589586954
62.47429083663987
60.5730124365969
61.17612624540689
60.759132784090674
59.94359455092292
58.24433315343605
58.19945842438106
57.57473259649824
55.676692251468765
55.44547566042086
53.06638113952216
52.00556961491791
50.805533084116135
51.31520086409301
50.87349681091891
51.17693231628416
52.23832361273926
52.81091429923752
53.089828739748654
53.8444266870575
53.842992091904705
54.78105184471093
55.28976566325629
54.861445700474746
54.17560448891918
54.47489839714679
54.736665225364796
55.240193175561394
55.76252510904842
56.21685643295924
57.44959682799542
57.18431646889097
58.6873634393937
58.55884074887264
58.86951087419835
59.51710860252977
58.30287342552836
59.61641992212126
60.2973177411527
61.524045326357495
61.65339161151496
62.77963679006177
64.12568701430368
64.57578859256434
66.23567145013197
67.34058831612258
67.7117412119031
68.0969359739277
69.39371430732943
69.2403570365613
70.42523596283019
72.25655366527899
72.51637075131529
75.64207529423373
76.99101164235712
78.79274825526956
81.18491014835551
82.07755556828609
83.64192888745812
86.14696954291902
87.4420898850189
88.38708834840847
89.4420294450551
90.58267561499697
92.73223777997583
94.83881602750722
95.588450213834
98.15586783480772
100.02795697128632
102.07414895354087
104.17631656069615
107.39659403278647
107.89793575499118
109.51974666711169
109.3729679161119
111.39797771908935
112.23478311927562
112.30330428658573
113.83221389234029
114.26003254818974
117.01101750140249
119.41187018000446
122.0364716440377
122.89870612417663
123.33841073715415
124.26081666884922
124.27378234154725
124.70747304214731
124.27017042708104
123.96585536382152
124.60855141613027
124.99021615828309
125.06106480127038
125.6825214459014
126.48423349464231
128.12608518145802
128.29499153830702
128.12394333398464
128.12363889040455
128.0520093067711
127.46718537583455
127.2859929481614
127.08082276221343
126.55325146425947
126.02872032928619
125.22042759431496
125.73129418392821
124.33452571096645
124.10259512839515
124.1212912440293
123.43269725941232
124.93545361995137
125.0799037858534
126.09978560640256
127.22762807024286
128.48193922164694
129.52609264691802
131.0856027477155
132.31245899503068
132.87398712955365
134.53476546615138
134.04776028744246
133.3150724500725
134.17473078256359
132.9699187826161
133.09133102596732
132.68504416836265
132.97543232967095
132.0383518617885
133.14150313134004
133.4969151239484
132.71843978579668
133.1677491977701
132.1870448950513
132.9670593809717
132.23676199801028
131.61422388255176
132.06961342508527
131.2638863532548
131.6640075583592
131.49888676875366
130.42099424405157
132.05154596662086
130.93486648904675
130.0575281080918
130.72839508772734
129.87921326945948
129.64236569463557
129.48254969733904
128.91740353114542
128.56896405159222
126.74105002894274
126.93205794513753
125.55967998572478
124.87268822647016
123.96230713278537
124.49427236354072
123.58086302954337
123.77470306929928
125.22917941846923
124.23921416671152
124.79909024466583
124.27804237800795
123.73965991327175
124.34351161523836
123.85700789704502
123.20101512989143
122.46573748026341
121.76858655711123
122.51476845836685
121.8597397005984
122.73320722215331
122.2436370878004
122.28187914788005
121.45732299842048
121.70857473110205
120.59160858765182
121.95043374267054
121.36160688005845
120.80330130073176
119.288390588413
119.61318102619961
118.70650375329737
119.00615638980554
119.7627361171037
120.77877623379608
120.21796503905578
121.7133197254372
121.10099985608879
120.90707683734853
123.18266141937053
121.45959966952195
123.05098182433785
122.2273774912118
122.58447035105658
122.71388735206916
122.88742406868735
123.46998562113666
121.75313852051018
122.78464104493116
122.20108893776624
122.44005000770224
121.81301122597452
122.10052061059193
120.63460069604372
122.27838537790154
122.30808625689009
122.60966410664902
123.32331189882592
123.9806336667675
124.80270746479626
128.3364418674181
129.53094454584632
131.06855049394647
132.2816336416494
131.87966745852393
134.01220815781832
132.59917015782736
134.47029792570694
133.51439812594393
133.5891058211421
134.11902799695
133.409473695191
133.19653401784691
134.65074510782773
134.76939101666747
134.15390496415486
134.99643766368658
135.5632651084389
135.680519237796
135.97812328528846
135.56591102874876
135.7700335824134
133.63570125515895
132.97128568724165
132.53242781051463
131.60219526163175
132.2543175734747
132.10074959902937
131.13008225674062
130.44204749905316
129.72520549175206
130.1148355365471
128.80623650683316
128.23060419340337
126.30061456681254
124.17044215313726
122.49216604352127
120.08195155946036
118.87620552079163
116.45105046829697
114.29739360927815
113.7812517099974
112.80591269983155
112.56065344565702
112.98745993970589
112.77694123158345
113.02826771199142
113.29919930167705
