1
4
d
210.7092314951759
209.92655327478906
210.29439792917748
210.3210248747197
211.16519086275952
210.62689221890082
210.31133086333443
209.881024677013
206.0040688671068
200.65041972453133
194.65137250676767
189.34322686106051
182.96780548072414
173.78882926926292
169.30209508554347
161.42561732342105
156.45155033652932
154.76458986432002
153.72131017760933
151.74714334930735
151.9984044074781
149.70748041768314
149.79768264618488
147.7195725824833
147.52201904271678
144.26449208575164
142.74903959924225
139.19624442002893
136.848122407219
134.61935741834245
134.89175752586243
133.74504863677788
131.51078468759687
131.0372550349261
128.35015200277326
127.8517375100387
125.05145924943895
122.7066642904897
119.83692880984835
115.44739977121549
112.0047702777193
110.0328499800439
110.32373151803867
110.70453553127305
110.43417043706526
113.7226294531111
114.0721226244244
115.26896719499234
116.90314482870932
117.65990031628861
117.92055578444942
117.6566438742567
119.03944345141703
119.24113578793387
120.29254378939575
120.5577777927494
121.46950568018553
121.66093605360209
123.1394767744181
123.2223009136511
125.62155391268284
126.22535939490947
127.88051741180858
127.84166293876237
129.68582299692733
129.78363251924443
130.62397111313427
130.9101111324056
133.49718011411872
134.11122970371008
137.54018017668193
138.7614895727359
141.83278119521847
144.0211983654963
145.02170338864917
147.6856314110472
148.99378841785241
151.22865014210973
153.05687150516553
154.67961311695154
156.93601506679255
160.1583815574474
165.56777949544158
168.58989440489304
170.75575848691292
175.13570534769693
179.15524029075712
183.5234402418906
187.35176401161098
190.84215612625061
192.8483090703712
195.52631837503554
198.53939285910164
200.71408193728018
205.80575793024872
208.56694525727482
213.49430224682757
219.20993363492443
222.85403296665476
228.33682850298842
232.72474082502566
237.19046577189263
237.96776620903717
239.52551495962965
241.2063347776153
245.00784898376878
245.97741251668836
248.05068669787929
250.15825479794432
256.6071993921211
261.26438226790293
266.44813488298496
268.33896366378997
269.63472136825226
269.84698784582474
269.8223260045875
271.1896535701449
271.65890791420566
271.25497794698805
271.6240792010315
272.10352701827895
273.1442892069577
274.1783313872386
277.44617798653934
278.5486659898815
279.9085605142377
279.3964121777781
280.5463997444748
279.9057025679675
279.15686636686956
276.523766838352
276.60232108771584
275.5411678692715
274.6539708478564
274.4347954775121
271.53775798317037
271.0696790553331
269.6055357264285
270.8241505632181
270.0856821841149
271.85419974104263
272.70957963807024
275.71059637652917
277.4799912254696
280.64304858324726
282.8821198170602
284.49201330596577
287.5611222688129
289.95461539200954
291.9730633322224
291.8195414319537
290.97243128874163
290.98516289322424
290.28272914125114
290.9265114979732
289.2860868841141
289.05090269171643
288.266752331773
289.29870343779004
288.5415968408832
289.5843433981922
289.10930255560913
289.2806881775817
288.95567213510344
288.9711355948803
288.03951692018035
287.6916980007367
287.35769069113377
286.24298638213145
285.5637714948
285.1969245144344
284.9050908360344
284.15423908297106
284.29469659656047
283.4377617710644
283.7006895075865
282.43357443504885
281.50409207660755
279.63603647864073
279.5429399182636
279.18999463185526
277.31831854515394
274.18549699805766
273.62560221680104
272.2319666003202
271.4380939046351
271.52090709322624
271.5505023813177
271.62759015351884
270.19271659887653
269.5773404825144
270.03017329123594
270.4112348128471
268.5484953936888
268.49198842603926
267.7547874005879
266.8761643761691
266.17842736217693
266.63495193102796
266.4506942180965
266.86943017836563
265.3859228047494
264.7867162184651
264.40432485540344
264.0604613958896
263.58420658344915
262.88276153377984
262.26191608178874
260.40666876285616
260.79686397653165
260.52510621428326
260.1054886644751
260.41222073546317
261.0129050653147
262.53904223260486
263.88218109521466
265.1080304886224
265.72165713205146
265.2643900161106
266.59333856642394
266.9761822231928
267.1864879104754
268.3158553283077
267.4351652998314
268.44508956671496
267.9935595515841
267.68949976285853
267.10012060533194
267.32757214042175
266.9877964274889
266.7235527104327
265.80927088424124
266.33350774573364
265.45060905839426
264.2932497018425
264.69494278207003
265.76172674748045
269.019920960494
271.772375096539
274.8624661768507
278.1536151118503
282.2496833671919
285.1684098696216
289.5764398108965
289.5018052634719
290.5865727856608
290.94527203677944
290.8340789107603
291.9353460555242
291.01831488646314
291.10918053025705
291.02634275510303
291.6531724961047
293.00015971412034
292.86789593596546
294.1488892183183
294.78890091123196
296.3528024510099
296.0910767506061
296.75150142334485
295.80704941720035
293.18513100261254
292.20655931482855
290.7210807292033
288.7369700496173
288.5105933494809
286.67454148560125
287.2234109646682
285.56291599392847
285.1726390629947
284.6364917592286
283.7126592344521
281.31060969020115
278.87389709085124
275.0037772358533
271.2120400165371
267.13257305938265
262.42306589992796
258.6936426376759
254.3220625080208
250.23939346202022
247.89676377656852
246.8452413376476
247.1083965331606
247.0539070294535
247.2490129786456
245.96161033911852
247.21131375862734
