0
11
a
88.78178400837645
89.01548648846841
89.18992074025353
88.9271749822135
88.4421476940716
88.92952351964193
88.30948410491688
88.54366125713581
84.5478628170144
78.85460727822526
71.89731391659738
65.78006373081895
60.47242063951391
49.934886002397306
40.90355212158435
31.51452109623242
30.54857582782309
30.109455503925805
29.770442754633486
29.308233166039248
28.636672056273852
29.398574709368017
28.69777311035206
28.756836062488496
28.951423605343905
27.828938439801725
25.462454782536064
22.47348140221006
21.690534093457575
20.174108255236156
20.0494942905109
19.52372284771162
20.720928435352086
21.061038013385712
22.957419792608338
24.018008791049727
25.933759142649468
25.741128466890803
27.184139629884463
26.57592103037974
27.395247107487137
27.87391508859125
28.75219424334507
28.320184859941964
29.35781111231586
31.402620646920163
32.591271963373636
34.93313479700372
36.61171217360287
37.889890275096235
39.11925255452616
40.16189733800961
42.245255776174254
43.76356146204148
44.80931461266994
45.739466797743404
47.80795180233271
52.51927435928975
58.55984150745759
63.13362848289099
69.06362194227074
75.70816819122994
82.55021012619967
89.1598059728729
93.73235726348179
94.52815455291174
95.27499166827694
97.161039754573
96.51676924510416
98.72543581573606
99.03934287631081
99.03580343053754
99.66556606811719
100.46634935992437
101.8429015074829
103.34462528365349
103.99680352972011
105.62515532214589
107.35026221900081
108.90329128754428
111.29932154653945
115.241947103964
122.12479539020492
124.73491706027862
130.74307887061948
141.91044169524955
150.22706104066708
157.5591016582347
157.73743478858142
157.3304907062016
158.07652959461686
156.54136853317468
155.99901871754508
157.0474856609975
157.1809103452547
156.86727810336438
156.8102359332491
156.87455991864488
157.308318693265
157.3905088213973
158.22987310017461
158.19607361972606
158.48351223476465
159.83267084317254
160.49943751942172
161.8348367934026
164.8223859901007
167.15779870648996
171.9062634935501
173.84785745736377
176.68821851217282
180.55397188478372
183.94119111662607
186.75552100232503
186.77107213055427
187.19615768199884
186.30065473452402
184.45647874739905
183.25887176011767
181.01059766127534
179.21683796584026
178.51789705169946
178.0569068006144
178.77065232335687
177.05924104411207
177.72640059486218
177.28870129022656
175.51754581363355
176.07490654069505
173.85448069843127
173.64634362080366
172.92861293683907
171.49710019816496
170.08533870747442
167.90146488668157
164.76683824673805
162.87181713382782
161.38515826821404
160.3676207385821
160.32642075607154
161.95899138065414
167.43011988945165
170.6961653970382
175.51519641254538
179.54792714719275
181.92250623637102
184.94339351220557
187.4829536682026
189.6543355219246
192.31767955009525
193.76430817601494
195.66351431702034
200.25100642901774
204.30335028965055
209.67270841459268
213.8337435393612
220.08906942552994
226.0863373080972
232.3583925997898
241.3960816799324
248.7934650964043
253.22532334625626
254.61301022004713
254.02399837756627
253.62158333075035
250.10593714859817
247.7911288575036
244.96328133416574
242.3599720294675
241.40505683580227
240.67581020822314
239.78261839099744
238.39447491881972
238.72816308906465
236.98669945242003
238.13834238683637
239.12440498403208
238.9164774272861
240.0959171383375
240.8358841206983
242.0850254993512
242.77285648229457
243.52109776982462
245.5951723192981
245.90497704403086
246.8524614149855
246.68395744931306
246.56462470842834
246.21201218595314
246.47138656321687
244.6091297163085
242.87014032123471
242.2454028293531
241.42572347925028
239.95330386193174
237.37223079604658
235.36940281306136
234.9347388200645
234.51631807480214
233.5864620883188
237.55108138169157
243.41762466832859
251.03776188109106
255.2945525165981
261.8432202970452
268.84022176601906
274.87102141102883
286.4125268935126
293.897722670662
301.8217305472807
302.6135228325198
304.1180110346688
294.6969163489893
281.76195661848334
262.16377198990375
250.21590078943913
233.8117684905241
207.5691168645645
186.4686020845557
170.34988757790651
173.88069859148794
176.17397054570833
177.3524389814052
178.24725187061688
178.98699892283184
178.68374032094638
177.76867651479856
178.4776163976714
177.7501135383623
178.68013535603382
178.2083571053731
179.18961840767508
178.31628156821503
177.6658781582013
177.40895781520976
177.1985173437745
175.76640117590674
174.36300067291864
170.6373053615104
168.64151031507276
165.333136865747
161.0015482285469
158.46321400774272
153.8195454824041
152.45634323436494
152.30792733523703
151.9432436475879
151.35296505001517
151.99475116175208
151.40539146807413
150.96912303356976
151.6885219427553
150.86824549254078
151.0425907907977
150.19393655489677
150.05828498738933
150.632916928194
148.94979153430072
148.64485698675986
149.1808334562854
146.21788376711277
145.93665838626714
142.55916367052214
140.9237999028455
137.33501844389178
134.2244200676935
131.2921544506015
129.19468737028166
128.2800074178852
124.89748327710822
124.41201975419656
123.24910901555847
121.751807355315
119.48870848168038
117.66867706948938
116.24184274339973
114.23061015406172
110.18891110032023
108.07849568795092
104.96162741498688
102.17061078501614
100.31092348661153
99.67638108007073
99.61262788223706
100.05528996082012
100.12853461708193
100.50819044210131
99.99784924484072
