5
8
e
56.80839688025769
56.966328778021
57.08427533417719
55.76660172780002
56.763705452936165
57.30259125097478
56.17612189303983
56.29214948138749
55.62250086321424
55.28449882048064
55.721797960800714
53.14998509678688
52.95812069281154
52.46223386363945
50.702112812418974
49.43718325199959
49.6803146603278
48.72676080854944
48.1907020469123
48.043520577182704
48.6076275946934
50.39059585502089
50.46522000820446
52.27904268035375
53.37515127626513
53.53425532183726
56.24447796906134
57.83397303044794
57.88455762251292
59.77997136606199
60.10304417640569
59.6859708647767
58.10773928325889
54.544372321913315
48.25201713691853
45.2954351845578
40.205168058348555
36.95006748425728
33.18052055610831
26.111108570578
22.016536161991297
18.84438809729827
17.264794536787193
17.53385247915453
20.125161681272143
22.505196720430188
25.597699682580217
27.55607406546955
30.838113460855723
31.70889615240126
31.64828498064945
32.18401175056617
33.855025028632376
33.724001991511315
35.069235299615286
36.16564916728077
38.99699168160414
43.10436962385688
53.52469105346937
63.50219372878586
75.57625030110601
84.44651121033203
93.53782183064108
106.47997497960111
116.27762145430547
123.67418020681275
125.4714002729705
126.40689469042621
125.10559482692005
120.17148176569023
119.18824471620545
114.8193552756164
113.28246444597242
112.9364498109163
111.71477128810515
110.08029389655752
108.45949774352107
107.82236354344438
108.27632766071075
107.39489746462883
110.5292333619872
116.81998190007629
124.41921613516004
130.99144729187873
137.5341334699878
143.58664001173636
148.02823788143527
155.19835477801405
159.34897270662634
165.2641184958265
166.66989424470864
168.13886410537103
171.0258875387362
174.02739432224197
177.53341753025578
180.20750842239465
184.5690568648486
190.84965008461867
196.20364156399316
205.9479049300668
212.74973238644083
218.915941461211
220.97510602147258
219.69067444477588
214.13323154215527
205.9448017974249
193.1449536830025
185.25082694511542
175.44493192888672
166.80866553314215
158.77707479564683
145.4977705791156
135.24461168734004
129.00961256935372
126.08440030722423
127.78075286307319
132.36278858561985
140.90883349986808
153.06951430026302
161.92014333211694
171.5469316041225
178.8210660398805
185.6169734021257
196.11635768195973
202.5782416726197
208.8646940865881
209.7778761545213
209.21484226982759
208.1975807697224
206.48128887204405
204.78425533139276
201.70702021185537
199.2892645644114
200.01410515611565
200.02747299552362
201.16942227585338
200.63250953088973
201.1626845954472
201.52034862922835
201.22973218564817
200.1750783960949
200.14822096511426
197.47289672743793
195.13161661989287
193.9486800206091
191.64496129086123
188.89776776906095
184.85480322472367
182.48281685927665
178.83923009384392
177.24143929016068
177.49646392098737
184.14251280132763
193.34080811415177
205.60352778231095
213.9617386360792
225.15407403094497
236.12648261980985
244.95775454296492
260.58487705887876
273.1857040724429
281.68848050856764
284.9019967435315
282.6674533203951
275.29109149779185
265.0621137023724
248.10101547788713
235.07698037796592
221.7947946544111
212.6632984115251
201.13046286849254
186.49293320659302
174.90643962428163
166.77858176517944
164.97826351444797
165.84326535165337
168.8141595656416
172.78307052422497
179.11604437299047
184.74208583900466
191.15659822102361
192.34787943037102
194.91694244786302
200.32325715998687
202.54394532143408
203.7977446841629
205.0240602670943
205.38419811016996
202.8065977934943
199.84602210041817
197.67383680418055
194.29246989968064
191.70439107937548
186.77315236925776
183.94181690653866
176.60214452505855
170.87531289303394
166.05352463678247
163.65531555534645
164.3569529023907
175.80224650105455
191.13590670191962
214.8677087951895
230.4333699155936
248.89634021424158
268.0907115011953
286.54087843931296
315.1897097000504
335.8746102490778
352.6660771320434
357.44961078602876
356.6175579238062
344.42293540851495
323.1319430066576
293.57479685217254
271.6056609850988
246.5200933306274
228.13941593633527
210.03074069255504
180.06955823641752
157.84071873918262
141.67874047317298
136.01506261591297
137.2279825626179
149.21696604796756
168.83786350007173
196.59051124749797
216.22376805126265
241.2311818477849
257.9746810958818
274.3549926420158
301.73046410095407
320.55709152099513
336.3205274562613
339.51564444836066
339.9008970165939
329.1851262707883
312.746390643909
290.85811490028425
272.6732677949102
252.52906981027454
239.45925382717746
227.92554100856418
213.73771494924677
202.4620815807743
193.4102399471689
189.91817467834267
188.4830705383003
182.26986783274043
178.07306549493174
172.78144854862467
168.49742648002214
163.53235146755435
152.839730280249
143.80203971295848
128.80579609453605
117.4739629739704
109.63715808900285
106.88734696789423
107.29923811436234
111.64900265699298
119.2495704664358
130.4234275956513
137.89137051640813
147.57391730559317
152.94681057748795
158.70316932846637
167.35024842844112
172.5667910161993
178.9197938524063
180.35365843031192
179.17583431313753
176.00654323350867
171.13169237143808
161.75158566681952
156.27491514597716
150.36233614730102
145.06612970711777
141.35317452467314
134.98055351360352
130.5404385130598
127.7864186717861
126.40094387790418
126.96361525419604
126.30159003449081
127.02916588458956
126.63770230412544
126.64799395013796
