0
7
c
110.8135508667303
111.91439783605958
110.8659802836431
110.65971794027142
109.93799295802283
110.87826208598864
110.14145892455237
110.90935000241018
105.8159714328819
100.55124492221086
93.68651558728631
88.06887299251439
81.6218779624918
74.5454615871504
68.94805340974439
59.56281237365661
51.89176210950768
47.396028006402936
45.82307667645197
45.569466646364205
47.43579536946174
49.68662050414638
52.65097428855447
55.24042977704387
57.15482206074873
58.36899327647456
58.76142311492866
58.18375646349993
58.21906482319726
58.400498083258405
59.14326847077225
59.030305563820654
59.70812300775764
60.972814618908444
62.38503802815395
61.878839926142504
62.02961846867292
63.352607362109154
64.56726015022818
66.9493150833013
66.5424091583287
68.6926712892892
68.18420867674048
68.61658738015316
67.68704148691997
67.14301374557218
65.81680053184309
65.95288074405339
64.6805868428723
63.56974402494815
64.33812964311876
64.21108143273987
64.14195187773102
63.49229506223968
61.758066297180925
62.37473038045874
62.599122549827406
61.99403281732226
61.398019750587004
61.342679919248454
60.53567914109857
60.85410561090356
59.15438883495967
58.408019715401174
56.906802545459385
54.87424933019056
55.64608314935851
54.68694655218291
57.94293295095037
61.63798880395228
67.068971511369
73.06758755347927
77.13541380484463
81.9618329477842
85.13090347159986
87.48053519471954
90.55643698027507
96.50697968919326
97.76932522952036
98.63695640819452
103.74149398461363
107.32597810180883
112.89321038018474
117.26805622030774
121.26516144877888
128.0504093584974
133.9677316870005
144.78449193937996
150.62438929316744
155.76053135563907
157.61830867905698
158.33857712952155
156.26047166160697
153.65398401502608
151.2434667212292
149.04436207744405
146.54552873613068
146.3881546553012
145.9611205594317
145.90246239950605
145.51533959823266
145.95671828225863
145.1400881836077
145.37558682412345
144.422316577046
143.00335056698898
137.21721939860802
131.41677929895798
123.08232738467758
119.10299729902341
113.70405538299943
106.09880103660846
100.37255611243972
96.40845046779629
94.99164786180286
95.50187051337129
97.56923773831308
99.43461036842587
101.92307125344688
105.2339003953993
107.28361935735049
107.98239719914302
109.61622803439425
109.8943936557339
110.9686910695272
111.83691427053702
111.46712339354063
111.62942288450913
112.26569222671253
112.0538873911617
112.59466032079364
112.41296348048861
113.06111863623418
112.26706275450888
112.84141195962987
112.82563415684848
113.47866709220033
113.30115464401761
113.33084128480408
114.43344886272963
115.37240115707908
115.42210143085615
119.36727830031383
122.04379125633079
125.25324482657007
128.46962421889597
131.33225324386862
135.52948162554878
138.37013191708257
140.73166128800423
140.18690210873976
140.6100931617166
141.1718792673184
139.7463047450153
139.83248968527002
138.10532082980103
137.8269042409989
136.58172114135732
136.20989372445248
134.61702709716073
134.92552853162664
133.94629547424717
133.61647858254256
133.45383637717538
135.737663341504
140.14237775126563
144.89456791777866
149.0757091192951
153.7342342227228
157.39002317332574
162.37972065645582
167.0804429850506
172.080064926022
175.22130323344297
176.9190305162955
176.26122685156784
175.04310412084882
174.36538051336726
172.17992182787842
170.87140457927003
168.77313813902742
167.81176474156456
168.22104305483728
167.17311493435824
167.23926329970675
167.26306139498752
166.09703415924443
166.72691184956722
165.85500724134312
165.5418066057653
164.1200444531536
163.91875255735985
162.6758518719839
162.51852930237024
161.67676754259722
160.28350980984447
160.557571655053
159.62479433618103
159.1386246518246
158.97016003837632
157.90002938608524
154.90896965790273
153.54634711039563
151.82626940604897
149.54262518676413
147.37117875757218
143.93871011579878
140.9907646655708
136.40773175892173
134.10187072930182
133.69105021889953
134.26445301731877
136.14783041552383
141.2917567336636
148.40750762644353
151.85822155836058
157.25934024408141
162.22007626291455
164.98674413546806
172.67926469123705
176.29930183253222
181.95823096079926
182.5037027383755
182.16604749459415
180.36796016723423
176.00444787619497
171.39940571905558
166.852973640202
162.20801146283424
159.26656576229078
157.288314174976
154.15721037298098
153.1219590111323
149.94942682519076
149.33494553606073
149.65469464976445
148.36515250005587
145.5360400854899
145.90567152540274
143.02450244266495
142.41653085287976
140.2557574507902
138.23746763436577
134.80647170629842
132.769579524135
130.93489628949968
131.246316350295
130.6929579789067
131.49290827123787
128.7163390534333
129.15477967046112
128.12038920497636
128.10537300999766
126.5259537608002
124.7780355938597
122.10780827669792
119.95256987226135
118.69316661463701
118.87357716568202
117.59505378154839
120.32580528594723
123.27506433159343
126.37658460323834
129.48189564051734
133.55611428445388
135.33523456126179
139.2973206445059
143.39205994630382
147.82659624533326
150.16399066140372
151.29288598432964
150.91067687099604
148.71297492382345
144.74208723460544
138.4720235315536
134.76952628045578
129.63996795903353
125.32325790416836
123.22283511341507
116.79620969260064
115.27943325204201
111.78734950075679
110.65438016408852
111.73469280326627
110.55469323258694
111.34921824095578
110.44321304680302
110.80663817857508
