3
4
e
7.999823089855227
8.216203005425955
8.123099398100042
8.257703817953702
7.580276315596545
7.347336697795985
7.4644558282497995
8.358317473813655
7.545453432074234
6.507477468033405
6.595749924499884
5.246436006614862
3.842804050297035
3.245060924718951
1.9971075760117014
0.6550831413983014
0.15544738378428336
0.0
0.48622528557575395
0.35274244117198617
0.0
2.666897756774656
4.959907921617297
6.833186128857136
10.817210611056938
14.078943805535815
16.67798006608619
20.984588320068873
24.585669672984135
26.969809766184337
28.576980837401784
27.535258103019842
25.514728026369244
22.347582556747437
18.594742434869122
17.05012698923171
10.685504450165501
8.159703253492879
4.693687055641051
1.199462383436555
0.0
0.0
0.1455765850851727
0.0
0.4969187742985095
0.0
0.774196592878487
0.0
1.4701106708207348
1.755781132588576
1.8871457485774499
2.248250749417741
2.7067510876582754
3.4115415697857356
2.6267369332057084
3.3766565717087698
4.777181912110405
6.161504993228893
9.26386187515548
12.61743395635715
14.70329858839657
16.625310307337685
18.62189048091913
19.17738717762631
21.108230745403418
23.399862681371943
23.657445165352723
25.36502573037685
30.760999377974823
36.31641468217023
44.586450487638025
50.52737076548058
59.07523591067909
67.92253930436972
78.06359711535117
90.32937331910902
101.37242680562782
109.66989098891167
111.052878154881
110.91852562603032
104.30836543284519
94.4239355135027
80.25549503490345
69.09347859095685
56.97534698634665
48.53107884707555
39.9724873263298
26.70859550230653
17.57145482619418
9.317088282987617
8.175251262631162
7.433325089932392
11.127264232048779
15.039215373113738
20.91483940183494
25.96068574812331
31.670765169417045
33.12956965273129
34.772577361995985
39.56091561169731
41.66109851362559
43.64323853572681
43.45973175419391
44.70541742577527
43.86466684057797
42.972678102781295
41.80571630727631
41.54160670723865
40.91001584433015
39.836655535207875
38.96224866194155
36.111406210907
32.90885200005058
31.143142411743447
29.632091999575497
29.137933191372316
37.473588153990605
50.05035649176188
68.92114283827406
80.55358600998713
95.84677544024267
114.05940710055296
129.67654021922516
148.6889384138704
156.43565707972743
160.4359772204111
162.90303000359583
163.53263363315008
165.82138944246321
168.1607130302014
168.35920119720836
170.66027173919824
171.81176067359738
176.8212165494767
184.04030034772748
192.73623005066318
199.51099664270367
204.56452203394826
205.8064710913263
205.75200158629477
200.71416928440834
191.1425774389074
178.3831976725999
169.49058558646038
159.08592102470928
148.59886456709788
141.81281535032923
130.74554235742957
124.96588316421071
120.22323319036418
119.25652438532833
118.27831858071028
116.06472420343299
114.17923435634027
112.66557950435366
111.66194937302294
108.80693902911139
104.08299872523311
100.29276411349014
96.6604071742695
93.65194575536339
90.20690687091972
88.46899305222838
88.21827273356269
86.38052082030583
85.9545641723988
84.01629627249129
82.58312216572112
81.25666784979904
78.13946958386622
74.93375217559031
68.7864734416407
64.56820006947011
62.05197969160372
60.88158288972691
61.23275177747762
65.83030696273642
71.9944284913689
83.57612114545694
90.09431024770487
98.19841766898531
105.60517848749264
114.3405089974548
125.75773683283028
135.14522785979065
142.55976557200842
143.7285473488059
144.85279190003553
136.1482672357492
124.29959747828991
108.02392436241136
95.8890174878281
81.43073921131888
69.97031331766709
59.149655194901555
42.28230022800614
29.08879200567188
20.16212607472339
17.48345657633775
17.819943499319773
22.32781675155382
29.09325875133122
40.44904822832226
48.01074335470151
57.00000552068809
62.84205210871555
67.59987153138883
75.26865478386416
82.92398359457275
87.33802613327666
87.58497374890722
88.2417905092401
84.77942727528165
79.88615602599604
73.0691931292081
68.4207574151276
60.75390742141686
56.64996708558355
50.8970687769392
41.53042671656297
34.94327463288426
28.9472201893692
27.05809644953508
27.41617502507831
36.52238630087703
50.29873908627665
70.05129333622823
83.83695512878401
100.37409689485924
114.65357013227406
128.26048866481398
148.73859301354008
165.0922528559261
175.837964744944
178.11553713820177
177.95797157386693
173.21594382743965
165.07541433027586
155.2122086947831
146.84206407972883
136.44575023692
134.8689734186162
131.06572956465305
129.1147740309434
126.16452945233578
123.16562237520445
121.16050485686752
118.98859138860011
111.25043327914236
103.27328063610375
89.91146429134064
81.32744164866394
68.46881090268177
56.683410232951815
44.19324221832862
26.183797198460777
12.622379001708062
1.568691095636067
0.42844410863802707
0.694121083347043
2.2837607369745174
7.010440320290398
11.03881956896246
15.09334061691357
18.800433167425
18.39341678254742
18.13789977307109
18.659462592500297
18.623677163137632
18.05426200514916
18.339103792556923
17.41346733281199
18.455349299028864
19.352876071070376
19.60304926773319
19.512724235146035
20.37559375738627
20.136506498195438
21.611105678081834
21.9848339261381
22.041033959975525
22.55940685223946
22.47817405865343
22.85153544023794
22.63793172982336
22.708840753195727
22.088805610217072
23.326741762904128
