4
11
b
35.62219123960509
35.951727568847204
35.636559182213
35.334122785796744
35.830389579360066
35.3247620004991
35.90794411073603
35.74204537823292
34.75693145022183
34.57177648622638
34.26698238598299
33.36757610033682
33.37942998871259
33.59269291148148
32.905773746646254
31.17430855586691
30.477292497704525
29.71649459593376
29.363624583788894
30.469195831041613
31.254146984415154
31.29897681361205
31.27781191181661
32.519424996059115
32.86654367533272
34.0423876341655
34.56403123492624
36.136609417460775
36.48956883105716
36.70784751638788
37.352031734631645
37.31483854634471
36.006164463879955
33.63238402124737
30.87651439766099
28.649619956236315
24.773107436642267
22.26814792596976
21.062373308651196
17.04731919539215
14.04906943387957
11.514431924257439
10.962401098684655
12.065848209484843
12.94356605073804
14.286905552674419
16.061532205266627
18.31752352721923
19.679313349190583
19.85901034284429
20.60352955974328
20.249832660969968
20.953216548189864
21.548813384487975
21.71112438861119
22.10909467075984
24.776751494741287
26.011154757413088
33.248390817662674
39.81374449453879
46.635749201685975
52.36447176894938
58.397709924330314
66.14950255710558
72.54615306583518
77.89244961078616
77.9793099721237
78.45674234433854
78.09150192809912
76.41853284271315
74.8061510907966
70.67645682226818
70.29873490632464
70.18294687834023
68.91829807218957
69.1547741503306
68.34055232093783
67.99773379772427
66.915581686102
67.13870818670112
69.34203304991856
73.54606693709864
78.1343449927271
80.9360062045517
86.4551760689775
89.58869192941386
92.52673887346131
96.74359172589809
100.56377282344917
103.27753905626932
103.84824462069615
104.90053517935644
106.34476406739566
108.94234259561563
110.9870510669835
112.87437005420232
115.21790463556977
118.03539597600125
122.1824352732459
127.61413375126416
132.510926384481
137.37293804292923
138.09054295070928
137.6629290970881
133.9069088297913
128.60740945707332
122.06363801248663
116.42027615083964
109.11113171560024
104.38717915791675
99.14679194131492
91.11064193183928
85.3519220926263
81.12616382385106
79.86619425993949
79.53426291608764
82.57247110418947
88.01527647798852
95.72200154696719
100.52756613725977
107.31216564744868
111.36162521999391
114.9952552084908
122.7853544486488
127.39073551308735
130.0595717664918
131.25702314967975
131.51994230812872
131.00856977457164
129.38011068170727
127.09891877596432
125.68761930715723
124.20503554348495
125.05973004705564
125.15839163197388
125.14987158088324
124.85041255651446
126.20476668494108
125.55891782676478
126.12382355996813
124.84392522353497
124.66396865459764
122.8859396972984
122.22550588964921
119.87316135411736
119.70402035643099
117.70489347140526
116.28193463920749
113.8888443391819
111.57425803415934
110.44885904187973
110.83399806333287
115.41800065245096
119.64308943404536
127.89696593220224
133.69185374273786
140.38511064075502
146.73956525406908
153.2984629958996
162.25177664208852
170.15167555154565
175.70693141848187
177.45417009639706
177.17641708472232
171.665181379191
166.14485365372832
155.36866571817941
145.39586086726288
139.58676370592045
132.6549836717605
125.63585965053554
116.00123678023958
109.55867694017199
104.07001607845876
102.55207820354424
102.31805921702073
105.55234844995292
107.91132503668656
112.58890891456794
115.26775084789266
118.7137584483798
119.76642402184973
122.34461039276015
124.2306059441035
127.12509937370722
127.75427960500812
128.4076738059073
127.65300420176605
126.75839982364631
124.95899490946519
122.09283535807289
121.8136783053826
118.97111267656874
116.3793512343452
113.96959566249286
110.4503547345141
106.72443885555323
104.3530086130033
103.07616762540029
102.65622740273174
108.05032319206221
118.51934438904743
134.59007583411068
143.6433095608806
155.5056589754172
168.13455740155828
179.42448689826753
195.4133846182947
210.897350248547
219.44507207829267
221.8737855448632
221.37924456579012
214.5038472954424
202.1587720856658
182.93184276736122
169.33458116272388
153.4260937565194
142.6821240345119
131.2593456660841
112.73138785393903
97.94972372436118
88.32655842711324
84.35646212758412
85.56491843472799
94.29843042448286
105.42382510537057
122.36881028034217
135.32132893811286
149.36737238246712
161.75148282805634
171.63054911217253
187.87016024005467
199.82698680149244
210.0228381266398
211.59428675813425
211.299080173605
205.80534974260618
196.2979584072083
180.95259132137414
170.8254050895193
158.00732987551052
149.6206284460259
141.8085120264587
133.00080558334906
126.15027047063886
121.27813977968701
118.83563198414673
117.95593908395591
113.30193497150945
111.62882379017152
107.70426182085563
105.6419742659113
101.26762898698065
96.29055830373892
89.5122038618878
79.76245216794224
74.28410571257228
68.85973278747504
66.5858910836016
67.15601910155215
70.79812880160348
74.37858074314613
81.53619192122048
85.40844143786751
91.88602746063526
95.46257377076567
99.14211664612283
104.29107237715306
107.99345628663872
111.6842764129626
111.76177807214395
111.95849906984338
110.34070454684343
107.82789206771929
101.38031312103669
97.38420820371309
93.00269371753369
90.0389933486612
88.43230240747701
84.84081470735897
81.9139891278813
80.10334237276561
79.5323256304242
78.8227272436473
78.70338916137828
79.52837733311196
79.47025384065334
79.08571993356045
