10
2
a
6.145804252019724
6.60427130655303
6.486961235056753
7.166785804148375
6.621982041160585
6.305667990745088
6.396230407860047
5.134062080332873
6.400824878859672
6.046180049930031
5.480548165769735
5.059799334449993
3.144687020936548
2.836215971778299
1.6059371491664054
0.0
0.0
0.0
0.0
0.5610461591861291
0.9273950113056334
1.539302703404313
4.484306893451596
6.068447763736186
9.904260741941586
12.263820759338035
14.527545362742616
18.307305472234333
21.61997820047283
23.48661372165298
22.76344853264355
22.716427492440374
22.03108702920492
19.533845682325857
15.886707329554058
12.765832320715296
8.54552558199791
5.976501268746874
5.496490679841597
1.4069987891509637
0.0
0.12909594259905813
0.0
0.0
0.09498309485787738
0.008579094345361065
0.0
0.0
1.0669130619739036
1.4940139275785267
1.7302991807426875
1.7949723728949456
1.2721999555416073
3.205955388797954
2.0070625602606063
3.161000383356382
3.71704659684259
3.8140741094130295
7.47169729398259
9.532164591467343
12.732517473301796
14.997169272163822
14.184755860896884
16.32243529534961
16.71067380212164
18.398548118494148
20.07806302037731
22.32276605980419
25.254828821366058
30.302435796584522
37.66884854700742
43.67396750373678
49.12736347311397
56.99276942342939
64.69378521735244
75.0843784181234
83.98195284980487
91.51413793823636
93.89406172569885
94.0531361458192
88.28899404401768
78.65375097038795
66.90293200392874
57.686805540127494
48.084855908065364
40.621560491775426
33.16069095398195
22.228357701899622
13.291189413475948
7.99044288617896
6.96863508822635
7.717202976171196
8.12978001705593
13.71669123002772
18.809867528532358
21.619039236631608
27.363174900891142
28.845755092819886
29.719600955081543
33.19245392748428
34.906324637566456
36.27372620947298
36.70087169264361
37.13244360018566
36.50172757615702
35.102321004129955
34.72240617482333
34.45641857091845
33.512847592085535
33.42587725548845
31.691640207138644
29.56211643669259
27.444639964905544
26.060211457937044
25.265230922656244
25.99067947444485
31.93824518779555
42.17867646061082
57.827494803405806
67.69945081539194
81.28751661220362
95.62374471150385
108.23205271485999
124.32569376808071
130.8620212894312
134.3280408521441
135.27778659425596
136.68132423223147
138.79954299166178
139.86129722518106
140.971957042334
142.24816257988638
144.28716413594051
149.73218538344912
153.14659959711915
160.66977794560967
166.97599188800922
170.71791151253063
172.9530784486694
173.14615913126133
167.80706995847865
161.10308699833038
148.94382904195245
141.62762494363255
132.69303088212868
125.63759993601956
117.95318733445733
109.88350642559138
103.09916428613367
101.09016844125422
99.71800079037672
98.46671669882589
97.2102431496948
96.3287795128827
94.8219187046887
93.51031051708756
91.74325604483626
86.4322208275905
85.1342055875193
80.42639996868498
78.38920395225503
75.98072937155052
75.18584343235993
74.60221016936725
73.0759731396131
71.19030318471955
69.89570196039081
69.24490148819278
68.0069211112954
65.50615981280433
63.24247826527439
58.4271941871063
54.742713513262885
52.042084761921764
50.77655733826065
51.304330841497546
54.675262220258325
60.76327320975791
68.9998793926035
74.35068485291659
82.39057378148831
88.89982796223288
95.20291518276836
105.4913541983372
113.04957169593422
118.96564285514285
120.80616069310582
120.27686384043892
114.84970820750834
104.80195095931937
90.8567623922659
80.10931342112096
68.69339920628252
59.096509800963304
49.058008066883055
35.6524327716495
24.471676240582507
15.426783066768298
15.09187812492626
14.76202440213688
18.29563262343699
24.335483708528585
33.473007709073215
40.748052126565526
48.51593016489362
52.72663806399068
56.77895682747694
64.79646968986829
69.562175141483
73.64980894309862
73.66150320566955
74.17501892761047
70.76043155341382
67.22258770068508
60.30624190149957
55.8213198372986
50.95429175915032
47.144277754834306
42.78894327465455
35.66704201099928
29.439384691760495
25.014229290268723
24.326960304848004
23.052374485591418
31.590831474921846
41.623297862841284
58.61697820562681
70.22607870048937
83.31223900472322
96.25300994938975
106.86099969521372
125.0491073807078
137.76583358208165
146.90714274012737
148.8278994674902
148.75922843161794
146.49737551255788
138.06884805478063
130.11833543768083
122.39736182763755
114.46418624130251
111.86882829973833
110.65111021146411
107.88773463893052
106.89618516841327
103.39253060459683
101.28264269728191
99.16137562442786
93.39572261568921
86.43004210025012
76.2525056942765
67.7916622942863
57.028234615898775
47.01176365627207
36.88425946522304
21.719010593184723
10.80982389489705
1.8647890386272552
0.8495697325809731
0.2794856599315053
2.828565294503047
5.446488972312851
8.522583595645058
11.670098129862529
15.970067519024875
16.059871220110175
15.145867840768748
15.642708247098668
16.049077560468888
15.11230975408951
16.105277391326304
15.222419153018913
15.441191967358376
15.088473161767899
16.513118578040963
16.667452360546037
16.53978419879133
18.09523068756794
17.70211577034095
18.13990372126938
18.750839153239877
18.943699514205555
18.635750696738263
18.000395761978318
18.60056929460178
19.006442128983867
18.994607898885242
18.981751204064388
