6
5
d
201.23226150888866
200.49564178643894
200.07464394085093
199.96813525424184
200.03023800118635
200.33864059603914
199.28387287254714
199.37043999391705
193.31952052401667
183.66662565530294
168.6223689616183
159.805749398274
148.21247440496208
134.89207707866987
123.52007677012881
107.0317249374202
94.1651737756469
85.22203240271904
83.67054850979319
82.56823602874114
86.19689393478697
89.68097491402875
95.47337959077657
98.97183100117314
104.09286757012211
104.47832878415011
105.04738849872629
106.00899645910643
106.3942203457374
105.58211558164618
106.52287702593857
108.46049986641783
109.03809686707108
110.11062117608427
110.69413661743101
112.33544951616253
114.56265960223939
116.09572117558726
117.70388455684976
119.0338920170679
121.48640005535478
124.44493187278572
123.49229824128977
123.90367217074996
123.20925266462385
121.4496707733416
120.73378246181603
119.00730877673664
117.19463175294442
116.38885340226022
114.86811779149552
115.35294675578363
114.62149969507892
113.5681527109698
112.57969994744809
114.410839529671
113.36230319028715
112.94971037336848
111.7073480409132
111.157827196945
109.71762930541196
109.40134534616547
107.46881361186634
104.60697602189046
101.35335239346493
100.42035274353896
99.9487659816799
99.13258072672238
104.73017548865813
112.7067416181242
125.03638886469273
131.34155107988929
139.28266316229403
147.67792947012688
154.00401556523664
161.26453258088762
166.5645652069652
173.3977459201801
176.0560053810238
179.5645619564123
187.337330154799
195.27259575203462
204.91341159932654
211.24596818825782
220.95224148297677
233.7449896711792
244.04029118652838
261.71091155789304
274.93973550469286
283.9914591149669
285.21675302225697
284.96746308529686
282.8291509641044
278.6108017830622
273.569489653426
269.15542723579256
265.0881443636729
264.9537887982085
264.97590493233747
264.3482878826799
265.15805690649944
263.755141238251
263.5923888666638
261.60088605242646
260.44599190873197
258.10777473835054
248.23821799883737
237.63128204215045
224.9943836349596
214.93286498773725
206.44396688979714
192.21464324846806
182.92084881331786
174.6495940865417
173.28210980849792
173.00144967287207
175.90276504671544
179.54521912399255
184.9338939800144
188.84455992711483
194.13008181233374
196.56781179002868
198.14708370568977
199.82448723322173
201.8479735981503
201.22628982834357
202.39049868177852
202.49505580282775
202.87614498289338
203.2997527304735
203.84620358929126
204.92151128844708
203.8724028828252
204.41429458668281
205.0949605291564
204.59220972464533
204.85702935393186
205.04517678464333
206.20028216785383
205.93188727035667
209.40693543135643
210.9595499499266
216.436408344388
220.79909977289105
227.75250829350588
233.0726574494406
238.34827413217192
244.00894523517962
250.52249812614602
254.08597007467986
255.06685902696051
255.09421121543764
254.33286312264386
252.5177290594052
250.81573349160084
250.04719419470328
247.80666640610465
247.53187940542293
246.1144229306333
244.54680682707667
243.75064819669188
242.41024482006904
241.36406616373833
241.61714754779678
245.8620016739478
252.81277426598393
264.10508996930986
270.8297043326961
277.3513246374333
285.41256406435286
293.1401088292329
304.11912647360435
311.8702813414808
318.41454530507946
319.2463619790627
320.2468475133506
317.8494872993227
314.7698452060212
311.1388213528296
309.221393397178
304.5423209324486
303.0789969000032
303.50004285197764
303.0060651889328
302.84185910362015
302.072094410865
302.5408725091991
301.9049272547202
300.04229639775536
299.1249463419712
296.8127099109031
296.12792819840394
295.359100524465
292.61611232240296
292.35415945689704
291.68945823791404
290.97827532396303
289.1166895122929
288.50765374115224
287.7339855874198
284.6754364069749
282.92685020449187
278.5467124875461
275.8438538393839
271.5817611019088
265.70362861037097
261.9804270462977
253.4259621709567
249.03233929884564
243.20505155874895
242.433157899761
241.94139220547868
248.4816683660974
255.33004671664372
266.65086332068546
274.947436935754
284.3946943068572
292.4821688830586
300.5540472813328
311.8142667910785
321.05322731509466
328.2007905967042
329.3050920775955
328.95379649758564
325.08088372398134
318.4834183401585
309.2273491926425
302.9084879053467
294.6562371876763
290.0674714433845
285.33649192426327
281.10173257864705
276.49771489308034
272.2707245886373
271.63173754470677
270.3143326988232
267.88112354466557
265.7171324233979
262.4515685173669
260.9660160142338
258.3735343437286
253.51237001967516
249.89189706398855
244.608254802778
241.3019439778812
239.45987979850952
238.15700999381167
236.77067256387753
236.0724931935535
234.91878027988474
233.20818608973
232.62676379682415
230.42014029064106
228.64753583145253
225.73985842765256
221.01383762120815
217.17708722946952
213.4776034843858
212.58620890594034
214.35972688430184
217.17343446977856
222.03403002761425
229.64619830685686
235.92134847461946
240.9568867870139
246.19010946577632
252.15989258791467
260.3900724569417
266.8243391562151
272.2144823473622
273.1628032505853
274.4067617463695
269.5450480640376
262.33559721988075
250.68156763553284
242.59016909671212
233.87929597523416
227.65903561658308
221.5532464970343
213.7292277890981
207.99383334103734
202.85969564933131
201.06445318375083
200.7205785876468
201.7958101448661
201.25980224945198
200.57508679954117
200.68595008974938
