11
0
a
84.64452501244
85.58232635419775
84.31883960717502
85.48466838717118
84.53261424932879
85.80947767171321
85.3719776706116
84.580144798102
80.51760668978908
74.99373884469169
68.67092586673823
63.50355498174808
56.95099712386777
46.99413785501338
40.02397207736961
30.307005256234685
28.145479237567532
28.290335565839932
28.664932353982724
27.815239531764675
27.596049455934587
27.69164787291742
26.595312384247325
27.281072245331522
27.59275970173074
26.876869042076994
24.64461275640247
22.27547162346003
20.87893057000509
20.402508569896032
18.981650587318775
18.934046555730472
20.15004819221035
20.79219569492663
22.525878321659246
23.70357276621267
24.257038202861242
24.740329115163988
26.49139182839652
24.621029774213724
25.58990843452481
26.04088728519583
26.904679714699082
27.42249661534143
28.340173677757644
29.55059578635733
31.61468195873526
32.65861853890124
35.11879136941855
36.42088933728543
37.58377084359168
38.37120363620286
40.22770188186123
41.42090919806652
42.97436159133683
44.58323827505765
46.56520636403219
50.182419751378575
55.81778023950147
59.96426793641094
65.89153223050396
72.81771244346224
77.68197813140253
84.6040434497562
88.65092524211235
90.2048827605317
91.5349128108689
92.26229966985909
92.45268891957305
93.3071088792428
94.03847006530181
94.71324818297887
94.1089622999242
96.48082727716893
97.74700069466492
98.3914952241868
100.16625737834858
101.50489566381044
102.25915330707734
103.83807782183084
107.19203223614089
110.17528637587233
115.68570040486006
119.30738207063635
125.038052034857
135.1702161875373
143.47381571028077
151.66875043932654
150.7583070568406
149.6065869142457
150.60265814113805
150.60124533087094
150.46688103303345
149.5458179609424
149.22534621177385
149.52727228001052
149.8304827521225
150.83199499689385
151.03871764427265
151.03255503266547
150.93830846017565
151.82870892802094
151.74653103502416
152.932346993039
153.0575515678978
155.395971539602
158.02813736988563
160.00080730786115
163.52254873206138
166.74019938931758
169.16852498779522
173.34960433966597
176.20855192043666
177.84181049112956
178.8096948595874
178.92302275571316
178.18970844441841
177.2934751365839
174.6684952003006
173.5738871907299
171.76167998147412
171.66503747937602
170.57602584152235
169.6502744831653
169.83883548685176
169.0847313045924
168.8776462190103
169.03064539790347
168.49223252305117
166.78994675009025
165.4305864127866
164.25418519831013
163.45483689868146
161.77774666041356
160.9575401114299
158.05353195921825
155.9250045904031
154.0230564051938
153.6317561563989
153.92418959644573
155.68384073964006
159.54685009138865
164.67651721484185
167.2991037074752
171.69158693270495
173.96619550487705
175.90282161521716
179.0399072456752
180.73650170637842
183.1265383577562
186.14801406554525
186.1421497875674
190.87724120334462
194.32784743293539
200.74053412490255
205.34457475741948
210.72217389394925
216.23937029531842
221.5431130437041
231.35112084017808
236.82566038489773
242.77960313121986
243.0243312763402
243.78047098613717
242.49591695964358
240.68475041465976
236.6214283630897
234.4005878335207
231.54308300532054
231.6247382013162
230.59604801921995
229.612494520972
227.61021450444483
227.77738303244212
227.74370298527367
226.83751771326703
228.07460493784694
228.60648078013557
229.5735278898488
230.12342933220785
232.25950291693954
232.69996751624015
234.07801648413087
233.31085104668756
236.0749976240454
235.53108711980013
236.02427522492846
235.8308941633703
235.5655696296827
234.38718954926492
233.23832644682102
232.6493034935383
232.21549888086463
230.4508363988808
229.79473255180886
226.66270471253188
225.42778084710014
223.75483732843117
223.35893959145545
224.56465114185414
226.56426112859023
232.0202322433199
239.60826690133337
243.85369307063655
251.69537802325866
257.103497179424
264.4657470719797
273.73873016724383
281.47810851762375
287.4451800496737
289.9330574344757
290.676426736755
282.2619910132792
269.43355921196985
250.47962818759834
239.17213186615152
223.39436418597558
198.10529598735945
177.41545232734876
162.21967695105025
166.66327834440466
168.9164765333766
169.33188372185526
169.80781652972388
170.6985746486818
170.97691087898966
170.3545854111424
170.78717972537416
170.7011075879418
171.12737412349412
170.96719728393285
170.7531235785469
169.88084403134215
169.4335799791999
169.8811649286633
169.31247472650892
168.13653046502066
167.59592887004916
163.28738198651806
161.30313621050962
157.07922141321504
154.10398253453906
151.21636557351258
146.4241556978699
145.94652040891674
145.28285449856767
145.38495920185957
145.38168691520667
143.98407848294735
145.12753360076294
144.8740814980371
144.18487744177096
144.33383710495235
144.29113807345297
144.45700534419313
143.41236393381587
143.15233618850317
142.82160102628606
142.709219708031
142.68738679300017
140.39384345839036
139.26500012471027
136.21525268759828
134.4152275011405
129.71209028575964
128.35969183000947
126.76879747753517
123.8386892973132
122.1343468437
119.83394065303442
118.13222597142543
117.83804373756189
116.14881460899473
114.17067810570019
112.86161747720072
110.80315355280356
108.23650821995003
106.8057658747838
103.09692865208508
100.30820585045798
97.69079182525319
95.89402024775654
94.82706801169992
95.1877852986137
94.55279033853424
96.19551484694006
95.19814405818362
95.5908765600369
