7
4
c
62.22311631705774
62.13278765980931
63.1257696157609
62.44349100118566
61.84232904376685
61.30615827384246
62.60884688098339
62.56176124079312
59.53627517265578
56.436600233586404
49.967637538498444
46.78007641739871
42.79619380653502
34.93971671521933
29.720008703852013
22.951912636516386
21.479396365547704
21.628150298357586
20.713343547136173
20.8756866928736
21.340462035057463
21.04027173395468
20.36778303484184
20.736322245376254
19.906788401712767
18.515111644975796
16.494632869140876
15.893467998665987
15.035578523085691
14.426305284415095
14.46723215122428
14.12116567481386
14.920568720675561
15.070069077799674
16.77854306047592
17.618226271149148
17.640092970091715
18.35819134608058
18.297093211631925
19.03501406892058
18.60468114888421
19.056052802903924
18.944879560164427
19.24452317685131
21.28250642338936
21.41598503089549
23.276094518004573
24.99681657118467
25.83218103054128
27.051343570185974
28.074234119261288
28.52924095101561
29.310981861274918
31.31942282052458
30.953604716774866
31.610256675387546
34.26164542931776
36.81778544507074
41.68173077264733
43.82466829960431
47.27661787224817
52.93525772681484
56.055405307881635
63.25274341439903
65.30626882419585
67.43274355635953
68.11747706754261
67.77236682719962
69.21875971203521
68.12253254194256
69.07059332864961
70.00164824371414
69.90614499450953
70.84510084183984
72.21416930318392
72.96819959736231
73.14356341139231
74.12447101956322
74.15160867799746
75.36055204805318
79.72549174449722
80.61267617678605
85.45325347137965
87.45382634967379
92.45125649050208
99.54904223028889
104.59548516575458
110.54406725183794
110.7806689142074
110.0644012220777
109.8674505659471
109.99275711789092
110.21683351143322
108.8518466330509
110.07574387054717
110.45606254247994
110.42500663082109
110.49258907810997
110.76467034068823
110.51639785904905
110.6372282731365
110.94283880554065
111.8992422904666
111.65897378790655
113.28681160791308
112.91248134413974
117.01479311700706
118.35706492909645
119.8140212669003
123.11619319654105
123.5866199743742
126.86203014049921
129.4531898909194
131.30549465051894
131.19873534996572
132.2774496645699
129.2533488457296
130.18835654470777
128.03759957835018
127.44405516056302
126.02674465122327
125.81695809642464
126.09575427328255
124.320663283249
124.51163764263939
124.07248856260956
123.82551157124351
123.25006282622489
123.79866486011036
122.04682938476518
122.03918229639254
119.96094344048028
119.73865154762403
119.57900784261342
117.83921071090946
115.10592846350958
113.65233841049721
112.56222950745254
112.50776599474555
112.48166864747029
114.1638309247382
117.2421758384977
119.98887209805434
122.48669719503599
126.10376897931286
127.5935067254289
128.72884877651745
130.56952711975762
133.2374376033947
135.2290941307461
135.9151896724935
136.7938850573629
140.62931024629586
142.95141277165794
146.5756623433852
150.73411489512492
154.8730506201682
157.82916754705778
163.07388520980857
168.56187270432915
173.95904617804527
177.9674721119378
178.01583172269858
178.85115752756315
177.498448609242
175.75686509084946
173.40149537485618
172.06959819960613
169.44476989027714
169.89813941828186
168.61911292074214
167.70588752198856
168.26953633871432
167.1532638985061
166.80099163254008
167.3931800740746
166.2209560132653
167.46683649978868
168.0465595293456
168.75673564535302
169.88811268294583
170.64995516426754
170.7359279978376
172.37852070786766
172.43436270394818
173.3354716878918
174.3988059947013
172.96668908574696
172.14558069900087
171.54922493780657
171.01777259106177
170.0463449608987
170.04003800425846
169.78484722700813
168.04117738907576
167.59675575270498
165.7129424478134
164.53016222325994
163.3008439432175
164.72542421030124
167.0522884397351
170.9361462859622
176.13822392349257
179.69621893569268
183.8983091017384
188.87122882164093
193.7756744888806
200.44450406967547
206.55119266373086
211.47392515043612
212.69479947082397
212.69904921851347
207.73506167357934
197.8902562248662
183.97874441627133
174.76371705676192
164.65907261208892
145.45647153574743
130.66299845600813
119.92437907348743
121.81595868420753
123.69420916037922
124.68474529604754
124.83991759572747
125.08665148627114
124.80476349364235
124.75025860580214
125.29359286007613
124.90059393060864
124.30618589528414
125.67558345640309
124.997641551495
125.2325748969755
124.67748594608673
124.68458088954432
124.51776389634348
122.86906947786636
123.12333258944064
120.97638296475876
119.09352176248649
115.9298571124302
112.86072059550449
110.8716414024651
108.12735188007953
106.8841813917366
107.12675328072325
106.47466106457655
105.8611754112307
107.27116182564828
106.34235371849933
105.73733567653437
106.71327724635816
106.81427071491764
106.68676371084089
104.91522344179741
105.28900801543946
105.51798048622508
105.3213273589607
105.27599591393407
104.8004807774531
102.78211623204923
103.07676711984234
99.91013926607667
97.99044048279565
94.87922944478072
93.94877845077326
92.09832547869678
89.90635401658436
88.23707687962711
88.13900427025861
87.14479033366105
86.24751170099931
84.35342998284547
83.59569098309811
83.07613479638853
82.14296325762417
79.59500726121462
77.92029951867957
76.58377377616142
73.80070922244177
70.90104452781658
70.55554766472656
70.1218937575394
70.06261597296165
69.60791177537693
69.7716164360282
69.37274629657227
70.70057983369091
