0
2
d
194.46154058598367
194.14465037517476
195.03939824101278
195.18219382024887
195.00822692724046
193.88933549558882
195.59203335834613
194.9390987238999
191.38071140342035
186.03529405558703
179.8463676677226
175.1130025399015
169.57151212539983
162.5649397853684
156.54980569814197
148.96296419985626
144.49096056314968
143.4893302374597
142.68777272060012
141.31124967554993
139.93378071453074
139.6598172975995
138.43012394991294
137.6188180648183
136.36201868131042
133.7764068284441
131.27896156043576
129.54430024877476
127.81297929131014
125.19909816215555
124.16302967112848
123.75590328963916
123.12007078953003
120.76493976761122
119.81713803316221
117.38081665664207
115.9113566587237
113.73435622303495
111.2405525358758
106.63330727435712
104.52220438858399
102.88816509666933
102.61481693556533
102.00927476275925
102.49634123898598
103.33042813891488
107.02489184411243
106.55056749072534
109.0583057480048
109.1848484267579
110.03820322645741
109.62930827470782
110.28996703840983
110.78682822004066
111.15566640026236
111.45162683136097
111.6579423846791
113.33668937147841
113.75309732053432
114.58460146503884
116.17350397357895
116.77852167041078
118.48668845482337
118.6726058451317
120.0904756111144
119.23351324842403
121.7074479525168
121.90434891958616
123.13287783504518
124.15932768033925
127.12295937302328
129.0656726729185
131.73739244042807
132.92894600693091
135.4577706025346
137.84676802093776
137.92677791414994
141.09454333020258
142.00321650777818
142.71741102698962
145.65779546053963
148.32231471209218
152.2584559342206
154.60413941736303
158.71972987828113
162.33028855277925
166.23649425974298
170.64055200306458
173.87637768205386
177.03234878244294
179.0231002401328
179.3559236516183
182.80955532656245
186.08695275892626
189.77323359986363
193.44022223360352
197.51498473897078
203.11621335256737
207.33824391649222
211.13880479031906
215.86470273265743
219.28452172399102
220.2242871670593
221.4280511987192
224.20132414983405
226.09287657155477
228.2014526768096
230.96080663004673
231.77647772979955
237.1164385269698
241.30962956245847
247.62365768939307
248.14016645346877
249.5153684522135
250.13050079622025
250.96580513669775
252.36101130317294
252.54167604708005
252.41601169823448
252.7760699988241
252.25758281438038
253.83199767006343
254.84683721163168
257.3975557155245
257.8696368906237
259.5274199332165
259.8006207916924
260.6517577590899
258.7754015329109
258.4714707170478
257.0377806918554
256.3510153856525
254.12451421344284
253.90239057322304
252.49970683076208
251.84760791854745
251.2274375608183
250.4804704716018
250.18334041481475
249.22420049034974
250.9642565284956
252.7262299877789
256.21323057748447
257.75439383294815
260.73347598222904
261.3139275008542
263.76969483108866
266.43251915367864
268.2906976625237
270.57543056305616
270.1228179614643
270.6870914476257
270.27555803627297
268.5727668954678
269.7249794778254
267.4430376208104
266.5555540124203
268.18319183613977
267.6727379962714
267.9298344024233
268.87225434741777
267.49989512578844
268.06849075331513
268.32173602418106
268.51245459837514
267.13092640251966
266.6729085310626
266.1548121598645
264.2568657220504
265.549762464107
264.1162035959702
262.82596431861487
263.9259831038929
262.9393179421616
261.85228156196746
263.3805673771244
261.51634730809303
260.9783417365107
260.0508503608364
258.6820234193023
257.0184048683959
256.04135656778055
254.17410148575277
253.38441884886873
252.33410556264226
251.08549812691942
250.9964057681809
251.3419290202846
250.4137734843299
250.35856008114888
249.70833359981708
250.55622820744307
250.2543193092801
249.46632688481472
248.95800565544437
248.4092915137594
248.29416276974322
247.52388773129817
247.02270858640378
246.92075460844686
246.92747819004194
246.69669361031393
245.65910962564766
245.22321841628897
244.8890550433534
244.75560640909802
243.69175432420957
242.74853434209803
240.93409269408164
239.9326377634038
241.41344885216557
240.80761020573013
242.00277402973353
242.82200693064223
243.5907317889954
242.80194573023175
245.42086985740244
245.8152962029192
245.41901729607488
246.82103416638805
247.47860748258037
247.5226575228451
247.4602909596029
248.08226783979805
248.26425930712585
248.90374871203724
246.3905880363201
248.7159639099551
247.82911875949426
246.98824345317635
247.87543361411008
246.84527907373246
245.71892815455377
245.5424462329562
245.81013023805738
245.40162631653348
247.44219100535577
248.95766312488942
252.51945714579446
255.48538565454476
258.0653507897802
261.0778684697419
264.4751410894881
268.81519624360715
269.3231390072406
270.18419281519226
269.225395575874
269.31130467057153
270.3063694762564
270.2904515046662
269.5281469491983
269.0530340295902
270.06390946734854
270.54490357043073
271.31478087086606
272.1358919012245
273.7876054156067
274.7458848396762
274.54426810797474
274.67129727792417
273.98165796561284
272.8729619015491
271.440128277716
268.9541479762288
266.66630829473064
266.86758568426967
265.4736450586953
265.92045429739017
264.57295205051355
263.3905140492561
263.5978563028161
262.68553643370296
260.77617601949856
258.0619277493873
254.19091189208177
251.4922585088866
247.06160120191132
242.9134214507483
239.51507998663362
235.43236146415546
230.96576370552899
229.40558769226695
229.23021229314435
228.81172971660004
229.23063909151998
228.53799784092976
228.17333001678819
228.8702158860872
