1
9
a
109.61620362562316
108.30335207137249
108.36593108421515
109.77432710742352
108.42621146918714
108.80688980141102
109.79360642388886
109.44985170432757
104.95568090540554
99.64126297970027
92.44776621470979
86.52728717552638
80.33273476211593
73.44190192162625
67.31841030747131
58.13319390981397
51.12135620594603
46.58575817258645
46.13231031473566
45.30244052056772
46.31523977920156
49.7714622513085
50.98181671407173
54.79479770494042
56.12264429775872
57.05225082246211
56.73309959712112
57.711013227878354
57.18080967197789
58.542970742392704
57.672829378026044
59.17231926605912
59.602984379921075
60.620262018062085
60.41760619996779
61.153873528533445
61.71327088358871
62.51282107800072
63.499033571428974
65.39919011908674
66.29276448663288
67.94493736064639
67.29053017524107
67.89511906971296
66.42516285747685
66.00577174303365
65.46501529718293
64.3934087546593
63.76637193868115
62.88320206519509
62.82180823950871
62.881567908480505
63.305587097606505
62.125875042214346
62.09028027196725
62.22587041349634
61.899044450032164
61.1597274941415
61.13655121144755
60.20437478421924
60.57656106331828
59.243794700503614
57.68458689859408
57.28679693434435
55.568493060235014
54.72786952970678
53.32326853821559
53.10816862485561
57.00256199505477
60.86548743768336
67.01052982746947
70.53711660462206
77.9535616202162
79.45416465621247
84.06894604112931
87.22531697643979
89.91155533095413
94.81725597951528
95.58608330077035
98.7844687026549
102.06207370688804
105.31205025280877
111.67366984023455
114.64836246295164
121.1932479427518
126.00757185943557
133.33348752273017
142.4407421033971
148.9519812112485
154.43371644296928
154.92677764600353
155.86622077486848
154.7281931013424
151.5278139955206
149.13690812080986
146.40844791503403
144.93758707665725
143.48273418086907
143.85304717127258
144.17809621552715
143.63732708647086
143.52537241271315
142.54704637008263
143.79134526907615
142.843184911551
141.56829735090892
135.12739305492812
129.57930604458107
122.3232265641012
117.59877038685745
113.03805044068712
105.03661403146043
99.6042515442499
94.87284331573242
93.85516456758684
94.23902790472161
95.2698990015039
97.01100281556923
99.90568098024666
103.13501137777337
106.15342885282081
106.15968163622819
107.66997552481308
108.46204270640209
109.6231199589922
109.63154149980808
109.63712619630815
110.34962005095187
110.24149281307558
110.04358126257088
110.62450478545716
111.08517277350816
111.55220066273299
111.47692771449186
112.36805139605414
110.43790657945446
111.6997087564926
111.74802098075635
111.85225485331112
112.45618175590631
113.80056826781862
114.62403667596625
118.02580251820198
120.58537330466838
122.87817442184743
126.93890107590268
129.04223791783625
133.90054425357394
135.86167519933187
138.16216719830967
138.46104299387466
138.65234669565268
137.97124888872722
137.8546146223297
137.65488851870828
136.63179611446589
135.0549278937753
134.97527463525068
134.49061376381147
135.06375559039097
132.5119993674051
131.98641847802537
132.01834969998745
132.41516171385123
133.82851234225694
137.88201307934767
143.60203626929126
146.60469777212967
152.66890524453535
155.8550091502795
159.94138137730909
166.16739432888707
169.90545158035374
173.80742953277075
173.7002259098736
173.9610741886284
173.34086773307854
172.5326755586752
169.82867117449427
167.9756686995422
165.28787116342593
166.68424512201148
165.07056447860307
165.84988515228886
164.7054411527199
164.3762998582176
163.95174468613166
164.52878078182835
162.8236451839981
164.04873451846177
160.92415310553375
161.75737463416914
161.47271448818339
160.02770262417596
159.55770740735971
159.1505744701537
158.0981216307625
157.90884234103112
157.87301463864316
155.9905104662015
154.9753089374298
154.26717022056226
151.89149751080976
149.46977986173582
147.07068209608966
145.11133498897132
142.7412811641344
139.16409776698768
135.5346723119421
133.08515676311188
131.91071391132735
132.86266653741723
135.15244963646037
139.39034329559607
145.97777186406114
150.5671800300939
155.1663870329812
158.9804237432427
163.27427237373914
170.52898162469546
174.27097198918722
178.59246801958258
180.56244432370352
180.11349969536013
176.9413444395008
174.24719987994695
168.7946329252546
165.1885020651318
161.36413283114214
157.38964983823544
155.00319648982563
153.86314545960474
151.21975258300753
148.60082223839703
147.79226781369815
147.39020444003506
145.55827714136166
144.58130586265383
143.70336705184613
142.15613627057306
140.69438656965923
138.21609567483745
136.63496738685637
133.77467400629857
131.7871365399553
129.95213416673113
129.0228637432769
129.0166521432855
128.3251182572255
128.09611368558012
127.3459917724734
126.06739419604725
125.48672856189829
124.4325735464916
122.29693137017777
120.93642761882299
118.3778987071125
116.86393986934735
116.24244323076628
116.13672965962779
118.01825717394233
121.31422702614806
125.20924243297318
128.3650972514776
130.34525853960298
134.35304574882682
137.1986892776359
141.51530866118324
145.84602099532512
147.94436468712925
149.15436731236085
148.77549540208187
145.80271184383014
143.07614361253604
136.37535828760932
132.30230568176287
127.1871392424782
123.50369093733744
120.46150177476018
115.55700291296147
112.81975281047012
109.87796582765581
109.00445333669761
109.57973701307439
109.43544702405394
109.62903284289082
109.56024507960784
109.1419847625876
