6
2
c
160.0040529163891
160.86197919112558
159.94986227710328
159.83007246908812
160.40317377138496
160.0741141603732
160.13110842684628
160.3093047929344
157.4605095909691
153.67908985496314
147.8892078832544
143.39756565061774
139.46417887376364
133.66241860109787
128.2427923797805
123.26009133680125
118.61216367024578
117.86130194509101
117.56908763417805
116.19814229043111
114.6349267520261
114.54760688035955
114.56014867001574
112.86484814246568
111.8476018612415
110.05507497159445
108.81019044585572
106.9646556198004
105.09235167142938
103.05760456240658
102.80062087924426
102.6050579324173
100.56264942641563
99.27013234683794
98.87741813146796
97.09794127511147
94.85263560566945
91.96055794757154
92.05651311537908
87.50229179944918
85.89162633725877
85.17195579994807
83.89567179314507
84.38376554505908
84.90620533613412
85.2910014715748
86.50736002977939
87.93724788123146
89.4526652383464
89.97999392718174
90.70848316313081
89.55696124523658
90.6657886352352
91.07377999138443
90.55105470300946
91.2359737844457
92.93738182562284
92.65674758766399
94.43468985755652
94.65291234488497
94.92408797408936
96.65209912008038
97.25551663059652
96.98824448506747
97.73648445473776
99.38164458164755
99.97332609017634
99.96843913111637
100.68280514713383
102.6353856887127
104.79060544204441
105.93750925069207
108.32813069000963
109.50922050565816
111.4059081896652
112.66594283451498
113.55202222027062
115.47765662986495
117.20609381104848
117.10041735754751
119.65419746263238
122.3314684291206
125.22437134182924
126.70353488023292
130.60711294630735
134.5885198919429
137.028164143529
140.09523335926212
142.75756213063113
146.50103067902194
146.26768760919984
148.68911263695756
150.8542047044961
153.4283653120618
156.3670978605713
158.3546332837041
161.6102137228403
166.52355438472756
169.48730736692062
173.59115033219078
177.69417298523047
180.8017672489197
181.95557314127078
181.96471855761231
184.11249771300186
185.91850919214073
187.1050885031388
188.82575838702473
191.41162534583418
194.6129603541589
198.32675686759245
202.4937963960099
204.34056373067816
205.23775580013535
205.60255093842474
206.55536752346922
206.80680820382406
206.56622039303352
206.12249847680692
208.09045325571157
207.6893982311657
208.5646484311994
209.38068346568141
210.95426138312018
212.4265216305963
213.6969519618848
213.0910340974762
213.6564961007175
213.2407226521195
212.7595572332865
211.97917970261085
210.29765490555067
209.1804473968815
208.81443298443824
208.60961775091792
207.33207561038026
205.20367482467645
205.63127611331265
206.2641768236798
205.466600447662
206.407685823199
208.18282565810853
211.52914859188502
212.36910977258347
213.32124464573317
215.38542983495907
216.2200554859835
219.03600375818527
221.21376953819174
222.13554558660627
222.35158204082165
223.24982016783213
222.15416771647733
221.4261551682796
221.44807806797482
219.92899582827332
219.9002024398753
219.61491971949403
220.35516550681143
220.87385947488798
220.58489705235237
220.61317934540455
220.80229093510545
221.0560798760283
220.04022895342388
219.26867690030332
218.9300681171306
217.51771027125565
217.23074467856912
217.8958322959857
217.4356227018012
216.6480135674642
216.40922477858533
216.0541336134749
216.35195661893812
216.5968089118094
214.35030798600104
214.8474127177846
212.94390880457217
213.2110908827633
212.50346304667286
210.5376155647695
209.21291660289342
208.92905209225887
207.6300186869964
207.61623794828915
207.0432821957273
205.79237273905989
205.4139443268952
205.93675812954788
205.6548108925728
206.25613126972652
204.78280406246208
204.27861800014344
204.59899941693206
204.39959425640288
203.60598448132194
203.65168676019624
202.3054107515597
202.6636378403064
202.07355411405823
202.30457603277353
202.71569674998761
201.78881403137498
201.33801389957918
201.55030288485884
199.22605448121578
200.54514202284003
198.10994024086315
198.0549825247953
198.10830422292696
197.95920346563722
198.06476496255777
198.84758994521903
199.92448599169148
200.11461490610805
201.46437977564761
201.56684986893526
201.68181586250182
202.62053140212936
203.11834040292342
203.3488519385375
202.62883672052615
203.85508343231632
204.72902564428517
203.5280834552871
203.93651369333364
203.71432380342864
202.85221254619046
203.36129217764088
202.44036436190183
203.31229317664406
202.13778742891552
201.73056052678618
201.66116653480515
202.29340389107776
202.50373752896513
205.0565893945142
207.7995355908451
210.1234542553162
211.76236259922317
213.58534520904504
217.5165814797551
220.89083215359508
222.0475511636324
220.9592327804975
221.80104251429998
222.1437372740759
222.2593792043237
222.10643823664216
221.54958729486574
221.42470366717924
222.33671347746457
222.51575753321268
223.57142279558917
223.3625419562018
224.38256870010943
225.8963993953138
225.09326493218435
225.2560312301669
224.84798661110625
222.98904196469923
222.86724721531297
221.6736863206286
219.8797393923299
219.24421796134962
219.38083745209772
218.89281655605419
217.81097919211268
216.82400937977593
216.0820487307387
215.05147943336425
213.33107086104354
212.94329540649971
210.07198723785896
205.93025394312082
203.49892409313668
199.97645072140364
197.1201986494271
193.15961218695242
190.72544301742346
188.30903101538038
188.07878088597943
188.41519996479695
187.8074131795325
187.69317030155096
187.60181224743553
187.6354048402114
