3
5
a
31.24715204571443
30.853234706510072
31.94385084890085
31.8235352962024
32.30889049081891
31.679425441255624
31.841348566108948
31.960094924165016
31.111332833647417
30.707120578830658
29.677599616006674
29.889830188487068
28.801825304332922
27.970204074727302
28.40095735584029
28.590020882975686
26.26248673580195
27.421257020001864
26.580249796362278
25.88361208782941
26.66381152359757
27.128572672292716
27.75246355243117
28.69864580049952
30.222851251957376
30.463202357005265
30.27711365012923
32.01010549945893
32.43495446271141
32.7722775242927
33.850558406239635
33.65324638673195
32.417289683125645
29.73400683185559
27.64220234909443
24.936778963687466
22.49333880386989
20.57952837150299
18.277148319651452
14.996408621417558
12.300684431411264
10.470488363644717
10.273973472004833
10.10308892396612
11.54882271592941
12.25924078127193
14.934689555500807
16.106762959511045
17.27253433644063
18.648217265584627
16.72059108882247
17.900495891279128
18.133980846164267
18.89842488798212
20.13698857643156
20.963797546722233
22.606398437028904
24.030064550970675
29.56107794303709
34.60307076342808
41.78398680315106
46.07577465117555
51.71983253765517
59.60647428040287
63.79098479027422
68.12678077367387
69.38681601810526
69.09598806519341
69.3163169427585
66.96578525528626
65.38766159995043
63.87785784568817
62.41110767471068
62.10065481780393
61.24931934474321
61.32893673132374
60.445920693676506
60.33914913619919
59.59240757903254
59.706957595174956
61.5170601298486
64.39796885874578
68.98403786677007
72.2863888762129
75.89059175052675
79.5800146190677
82.27466169292786
85.47112762457009
87.96256686740544
91.39824941987946
91.80723801423845
92.77292286506204
95.28429256776676
95.25080230516372
98.90684389351136
99.77100677706075
101.34415507452346
104.59946796570637
108.91889531815808
113.25301676520107
116.87867969733503
120.5363163647925
122.53226626145212
121.5164319998087
118.56068481488556
114.60795150688567
106.46426750063425
102.77488033669218
96.22268729769738
92.51931210913051
86.74346805690718
79.576775957768
75.46605984884972
71.16428973415772
70.37426524187147
70.5279311230467
73.48548371544676
77.95911695676848
84.31068978632074
90.22943784220517
95.80744299433792
98.87296993369911
102.93761117404472
107.1533529286868
112.77432152503526
115.63621218480417
116.72863775328669
115.70789559841093
114.82344329147914
114.9569070195352
112.89687804119355
111.9686845230169
111.23945158360988
110.51468118376576
111.16856411312234
110.21924992151004
111.44317586184664
110.24851579620695
110.77209771213745
110.69938339713396
109.60403159121785
110.4860724122884
108.59388455638818
107.17013845567666
107.56935890368416
106.0784318371758
104.47115796173267
101.18326825057571
99.61520763847716
97.72666821065394
98.36709702183398
98.47362992517236
101.04967100233416
106.2868480576192
112.9714235230605
118.0122099976929
123.3853496609368
129.22458914730416
134.75561114711743
143.25071455777788
150.31506265888433
155.27956133474723
156.91683476662732
157.11026732618467
152.310531964957
146.26688836919246
136.22035198762254
130.71751388862634
122.11578011417308
116.50978115390902
111.21120280901205
104.47118300860534
96.6229265867418
91.9692182244649
92.17523674921155
91.61525580621549
92.84808608055464
95.35447528036089
99.16553864242003
102.44185546849238
105.75747527017334
106.29342370914155
107.36626898187345
110.38693861797859
111.43404200407579
112.71327226015438
113.28595187925832
113.15647111811315
111.88763721610351
111.47434324442413
109.22820513387005
106.99363798210561
104.83014226543563
103.51392830180598
100.70671393720872
97.77956931668638
94.13885185914518
91.18087721689793
90.00973250325784
90.3235192039926
96.12452810068696
104.21319102911482
118.58209027364435
127.00781379721955
138.17298902770943
147.3889009188816
158.63031766845526
174.35403628516394
185.68878922936085
195.3161124331854
197.77566149101233
197.4040614292926
189.71634298428592
178.88982795349193
162.14274944535185
149.69457198611698
136.4044681271989
125.96590659392903
115.36219104640735
100.2838086389051
87.46783730362836
77.75764240445747
74.56424744225025
75.24468577946038
81.8154956209698
93.39033968116657
107.93603345231118
119.85656991267555
132.9613709442851
141.98657150183146
151.82881995239666
165.7381019603351
176.53415132855807
185.19878370448856
187.37579469328978
187.0897763727133
182.20332291780986
172.19588283480988
159.74906819753545
149.35971577716828
139.4080622000676
132.35368393251215
124.61063804600303
118.12633850194852
111.14283034692525
106.46702136881088
105.29431760885804
103.73742578844231
100.27608999579697
98.08845866980882
96.49034491187881
92.62119971470979
89.82365023865293
83.63039521393331
79.49303883081924
71.31375223730439
64.38281702515381
60.40913970502968
58.67388722975973
59.29230143309466
62.00257180586209
66.28902932923955
71.97550446239343
76.58808052781934
81.3163127266277
84.84956953708597
87.84951014396687
92.62288628910204
96.29523786749716
98.94756670526591
99.01868044179218
98.7740759781052
96.83703072759145
94.10560137467543
89.2659987328124
86.5626750275276
82.80355531662342
80.09410056043569
77.2589276560689
74.50008349893598
71.58007923119538
70.90282098826128
69.38949070176716
69.39631451475509
70.47862703673516
69.28581991534126
69.74893802968946
70.28859977900296
