10
4
e
264.33569193389934
263.7950222389146
265.02571464450256
264.24150326401076
263.0142016841877
263.88158675798536
264.2464121775941
264.2067169270534
258.8625803690133
253.3959482322546
243.33554762307523
237.99063678196836
229.78599476893717
220.00968788302032
212.4527732951718
202.23442808396553
196.454226931256
193.93195557175412
192.68542574553976
192.2469350711772
190.4883114793512
188.71536350763085
186.7814587969735
186.65020017016798
185.5902984397185
181.77964655693364
179.0933782252898
175.78987952801745
173.89354618107353
170.32585513727133
170.26755436518147
167.88152302352634
165.55756785940832
164.57709812301883
161.8478629888196
159.93649326877005
157.9106519777041
154.29434216839823
150.02125021729412
145.9514346489116
141.58250718933644
139.60286985842419
137.73249148783802
138.2430150262731
139.40029362025973
140.93396816289535
144.00202614028507
144.84953420655006
147.55659981762483
147.54632714129522
148.49593346104152
148.47096856385653
150.40700053999507
149.87974564236626
150.52590540590714
152.00706536384575
151.78144055276545
153.88248155913723
154.3395348501712
155.07921254461536
156.8772759935039
159.4991840080059
159.04994981012555
160.5114677550168
162.0608901640342
163.30270392445473
164.1809205693754
165.41103369491046
166.37252245818797
169.87508058317425
171.9836506111271
174.7943415383423
177.68574085964363
180.8462667917747
183.72030874962425
186.06484924685546
187.25935221518705
190.14654867119924
191.95205819425664
192.38654588657667
197.43944436826078
201.81572769543592
207.18561076803604
210.7919453322978
215.02917403372902
222.02315292677463
227.07208731408227
230.3002727960478
235.97713000752145
240.29044661022752
242.0233727905416
244.3781515167573
249.36573228305718
252.35284112767044
257.7155655368999
262.1760890921906
267.034289221276
274.26446657273243
281.0280741955592
287.8569114839686
292.36484632374476
298.01647286113376
298.9423204700962
301.87653675346684
303.4362896916791
306.33616194394426
308.9561228162567
311.2729848193865
315.18259197843696
322.0017649087754
327.9343786152024
334.6652315195829
336.94506920296084
338.28866334380814
340.1843165038076
339.4847858342794
340.4459145866326
340.2055168140557
341.72834712471155
341.61800147544636
343.35304631162023
343.1295156357463
346.7777163745294
348.98985782566723
350.7591403133625
352.2412017481035
352.2066746409727
352.5919867018903
350.8282333864324
350.08488593015494
348.4221485996984
347.45913291322313
346.2598877340868
344.8340788361407
343.5974979806888
342.84471345706874
341.017659141474
340.0784807299659
338.62075533323997
339.8741026549413
340.60215650283857
343.5109016976735
347.5259292997455
349.817097835411
352.98585601558443
354.8658169540227
357.66100289458217
361.68490245382213
364.1091856280766
366.0728383524581
367.24304882467686
366.71174104680784
365.60747035946156
365.2701283440896
363.4982205175003
363.69863572735096
363.2401590165449
362.90716695533183
363.31820210340305
362.62120677508176
364.2088049710618
364.13572668676375
363.9540323666497
364.1798547888211
363.940639898947
362.27819854053394
360.8296575404348
360.3254224520635
358.9239734735534
359.3686694217552
357.5012404427978
357.23535065943696
357.64552665364795
356.9806303098949
356.0045441513108
354.6698645994755
354.93958840019576
353.3077275175756
352.6170552919259
350.9243479588064
349.2015271601203
347.4768883811914
345.9233663138804
344.85792676528825
342.8202386301371
341.76426606430636
341.4863538273882
341.5068208300888
339.6106522927257
340.3882831430107
339.9254403316579
339.81738016756117
338.63446853266055
339.10021815029796
337.1248789048232
336.52034808811726
335.8972551272817
334.21236062770765
334.98647205757646
334.73517740585766
334.3413759284689
334.01001917545256
332.8300902028
332.22820131233544
331.3223028965947
331.79636804741835
331.0582708404927
329.12568249803655
327.4712011916672
326.87274658635135
326.0474177586125
326.7163146009969
327.6317294112958
327.71319262338244
330.08030158894854
330.2610696676482
332.92780980199785
333.1608256989
333.9579808166356
335.3403011343561
336.0073260606354
336.43716160386424
337.39063323009947
336.7083173689345
336.81424105846503
336.55696368420234
335.9837700660882
335.6976655653645
335.3932679902034
335.9255888757574
336.0581367370956
334.93486518988277
333.5751878239059
333.06373547969457
332.2643961422249
332.48322095768714
334.92000465322656
337.68948686137054
342.60987334281384
345.6316595491881
348.85654757445036
355.52494500456095
358.6211643107706
363.48469882424416
364.3834961184565
365.40619863514814
365.77896276242717
365.78317354790454
366.0832274311204
366.61140714042415
366.3791563006642
366.3783966571443
365.94589126633207
367.99722766996666
368.7416503119827
369.44074536996885
371.4058271525919
372.49433207176696
372.11479901313055
372.2792649917057
370.21351709013345
369.9768670011492
367.347223473096
365.1107082381779
362.7268895468794
362.60099075735576
360.6719421648194
361.0885279652914
358.49217117879
358.2699108509092
357.44633786373805
356.7005187991075
353.455420502242
350.22867025795796
345.55002160892917
341.8233164785025
335.7259568201073
331.0580792423088
325.11146179402084
318.53922505349465
314.90052497070735
310.5256441173138
310.33166166264675
311.10589199070023
310.3050363559201
309.8620747002212
309.8717709608284
309.74419899830076
