0
1
a
94.31269067769037
93.65963229588509
94.68206812070984
94.31530226741201
93.64583100151472
94.28613013603336
93.84280678112734
93.76508355185481
89.55029531624007
83.98895757010706
76.20510325398712
71.08762172562881
64.42865545135002
52.37587438193349
44.92322430694001
33.975108059654985
33.26725123476309
33.02251266417973
32.63302723328324
30.959575963400177
31.31343335337138
31.238146742859158
30.491585357155355
30.200651928703806
30.18907310385792
28.198784577503115
27.33335369003735
24.866666472822008
22.77180380033682
21.58219762757489
20.426371170754717
21.66002599026283
22.45571394340661
22.98651376939805
25.37946729857872
25.44069747467304
27.148999439120708
28.824249706897422
28.924621229301213
28.233656417967925
29.114603047481175
29.467415106635805
29.927159635503845
30.323690519409634
30.927981071634218
32.67589302131981
35.20126187890921
36.785957429884384
38.31341400880067
40.433097339953875
41.44094660207493
43.78874941846609
45.425961351598666
46.8315327706506
47.71803576038535
49.45802035175176
52.754261910082384
55.79034030176932
61.75915261256698
66.46350839953905
73.03661256325371
80.8263349181534
87.55031291590065
95.798279637011
98.87183124884452
101.00867751931064
102.23076157990774
101.34949490691841
102.4507144251081
103.0097290014278
104.14155021443773
104.75107971694987
106.2437847205332
107.65318296627481
108.72910370997572
109.33852024370343
110.30812664386907
113.01245506893956
112.92663198133677
115.09525580804174
118.67041470263253
122.75203853236836
129.317878199399
133.02849546835904
138.53351178020938
149.84541870559542
159.48987549265297
167.7159452121767
167.3859850174134
167.17136121143645
166.84118105416087
167.0051045576904
166.75853733708263
167.36897123911427
166.9954652885582
165.94743187069935
166.65616459758482
166.77241366014934
167.2529495819471
167.76507494243174
167.1562232433868
167.9374765905162
168.06832889135106
169.08507505375172
170.5763123493851
171.91241745670752
175.35207693756828
178.48137012677742
181.58601904897773
184.47564230696645
187.4004960420737
192.00976544472647
195.89325785049587
198.34674453441255
198.59016964510326
197.49828382314402
197.9044936521556
196.87103021997737
194.2700035024686
191.8283521512862
190.49048284546305
190.82005661505448
189.55481873607866
188.94811700263796
188.95200681031366
188.94397950736345
188.5581121442143
187.34890974403083
185.65387264040655
185.90046542569524
183.79726945567273
183.2631985231013
180.78506346777723
180.50751671600196
178.4250827003058
174.67489277131338
172.9808936744788
170.83392233822244
169.63991042613986
170.3778269848777
172.67460061021774
176.39115394611028
182.34285564462368
186.2640716863989
190.58690915731069
193.73594519152712
195.73264982232655
197.74793092617756
200.70187130617975
203.27600587362457
205.27163394786652
206.55887278363687
212.20059973841032
216.61255580196115
221.9229029566592
227.2964147519495
233.06817778487132
239.81121556320468
246.12688162746178
255.5028327719176
263.2325238785597
269.9660608948621
270.6442767479405
269.9305951906476
268.79017305269133
267.1866002595437
262.86946598973594
260.08225924617034
257.01977220918087
256.731871544601
255.9639724300846
254.36966408362585
254.6425408020842
252.41378567222816
252.86254905897
252.73221115391402
253.59784241943854
253.77163503841382
254.97754890251974
256.41643217035914
257.53689060393543
257.4101778283253
257.74389588515
260.03215225748494
261.7593656426413
261.55852270268304
261.5803955599902
261.0837134250446
261.0361406111797
260.02590051787126
259.42797269575806
258.33201755633416
256.24499069012813
255.52798036933027
253.8879141668667
253.4536254170053
250.18753769575576
250.2064482081812
247.59908069107075
248.80377427167724
252.42813232185443
257.8415287663704
265.55483308132915
271.0995574188836
278.0935989325475
284.8301957827094
292.43436439828986
303.79395683835713
312.7100264927647
319.83128633271434
323.0730434592333
321.4721226487081
313.1943454781323
300.0601685667749
279.3025504793879
264.06848273650894
248.61259942274026
219.92047044261136
198.55590505242802
180.57840281548286
183.9106022029078
186.68882000493892
188.09007000604043
188.2466132820608
188.97516401908177
188.5655836151245
188.51720279401053
188.97586094170535
189.2206083108525
190.44670550727687
189.77364849045634
190.3387906415903
188.61342057924088
188.9486945680942
188.4110892382994
187.20942975633452
186.56879649215847
185.93882898589973
181.25715271271375
179.0377254338857
175.19355171509991
171.45872711604966
167.22041442616845
162.62709718640124
162.1499072780744
161.23234249826044
160.87152053409952
160.7114078901685
160.58051288279646
160.77863735006028
160.34579640522068
160.50129840382237
160.263958714655
159.3648038236745
159.45039683999542
159.1421263878239
159.44502952244713
158.5001631222362
159.47937733428293
158.17256314332073
156.7966251954716
154.2909664659631
151.26106157150429
148.34432420160047
145.64426386463012
142.15070211238663
140.05850537943363
137.23691081304122
133.62296730883244
133.26038792865813
131.26794572757237
130.0076027069504
128.4362400046929
126.40390965952328
125.02176910712751
122.65450691158422
120.97168605801977
117.25387023635272
115.72675473402035
110.5814395414671
108.43098523988766
107.66598992428293
106.41621679492927
104.9839608829266
106.09254912643014
105.27247887203312
105.4632622211876
105.57885545653352
