1
5
c
146.80683476183012
146.43684933079416
146.00085212948704
146.20800915836298
147.12950527382083
146.485437770484
146.6055565693988
145.55574092249353
141.81328030208442
134.59522889740185
123.53023664677532
117.42574488377335
108.8701411068092
98.88001336141068
90.94004308767549
78.16503034726992
69.72408953393848
62.63400210638081
61.14261564549173
60.99402416273623
62.53670827223026
66.29306185753255
70.20752309569563
72.13919066864347
75.44567060399264
76.20383538908743
76.78007064617533
76.76755513698146
77.43390059099477
77.83897020525681
77.92479776010605
79.34683486480588
79.22657046947603
80.48909943510496
81.2755365586053
82.04226642597531
84.4477606032526
84.7564867684259
86.10706519922428
88.09648809759376
89.00838926277169
89.88341483783968
90.36005886370106
91.15570796328566
90.83012020321141
89.93628422161572
88.20243806114838
87.35420353197686
85.53938136813606
85.58702074163958
84.40471909495392
83.73290094501564
84.28952079968593
82.99048846099623
82.69733793059413
82.3829503639172
82.33183187348952
81.78673153382513
81.52178016117765
81.56301675182257
80.256531954415
80.33809524052478
78.80219535697171
77.05927367393879
74.71719546375418
72.75695846018843
72.97441286281109
72.37194910295722
76.24470174262038
81.59306685759842
89.67404722324049
96.11359036860358
102.73409190347039
107.8251662729071
111.43377234016953
117.19984491076123
121.82318386474955
124.93624275092304
129.64796701918664
132.39695923514967
137.08143714758478
142.239236210221
149.55910385691476
154.86509476687363
160.60398546897352
169.69542733872484
177.93168409938792
190.65318298145505
199.86431825450546
206.88583614676085
207.84507382724735
208.18753106124174
206.0491610462102
203.85566124606953
200.48481936582257
196.87262846343748
193.1533269307394
193.71920027564244
193.44080110828835
194.3976765620603
193.24324989308425
193.0170371807196
192.76956104828116
192.81023284369775
191.0778551078612
188.64663151197053
181.82501617028157
173.68724630727132
164.3494957618095
157.2446092229274
150.67843981731673
141.4386979324211
133.26031895145667
128.40856911913107
126.30692805654105
126.83651232905308
128.66610894639135
131.10532238958766
135.04422718649596
138.27214419109876
142.33706666166253
143.83539227133707
143.92879518744476
145.5945601369023
147.16023835306933
148.5068068865694
148.17681719862392
147.7253695263395
147.9821831467738
148.66932072884467
148.6664726762333
149.3595085177459
149.6844003063278
149.75756133684746
148.91199325335072
149.95384625386515
149.99547353107772
150.69823199187903
150.73666900333373
151.41308791744066
152.65906013220712
153.82799160697522
158.73588679323896
161.91885876508164
166.026051912662
170.42398449530526
173.47681223210046
179.20253933894955
182.96307171117152
185.50678435013006
186.33359172624435
186.66983025746737
186.26398690364522
185.1852068968282
184.14612692728505
181.8904842508725
181.29984423377667
181.83902725821855
180.1047885123528
179.21044590392776
178.42253938163586
177.17726624350422
176.98619315405426
176.6909995723344
180.5568594101601
184.97878396177427
192.5426901298111
197.3639404672601
202.70114293082017
208.6000897215606
214.77649906504814
222.42076094808812
228.11846093891228
232.60312998190025
233.783361346385
233.42972339480397
232.81321777133923
229.69077249269995
227.2950200044232
225.2272010107974
223.48561363735178
222.98621187950536
221.66567155925506
221.58726547497912
221.95105653387148
220.73198442341027
219.6993002684946
219.95453956513163
219.86690787794464
218.88567868642633
217.36473151140478
216.54339424146232
215.44146869944336
214.01456717502018
214.05420897679556
213.95949263783484
212.3231166380032
212.05579991740348
210.9241203046463
210.6685693743646
208.84966373963394
206.83827961378793
203.67559610188778
201.85583578552763
198.09422092057844
195.18232524569257
191.59124995975182
186.37758972217745
181.7907860107739
178.8265417646887
176.60905705267933
176.82934391516724
182.08361265745484
187.37212533726122
195.12206002302668
201.36503089070987
208.1736515146877
213.86502555969668
219.105379938304
227.92010418578954
235.15173493463652
239.7227498935461
241.48870110890843
240.64290612573936
237.91279278635747
233.30231512449575
226.02060062407782
220.6059714503278
215.13047493216823
212.2032045369254
209.0811947219186
204.40129797537068
201.6612183719444
199.8658141830249
199.42522806017234
197.5675670855839
195.3837135113216
192.83596070841236
192.1600547861614
190.71679726210917
188.4740861694435
185.09387592136017
183.30353527278987
177.7717868355193
176.59789630558535
174.45222933695112
173.81218911149256
173.88339983653603
172.23471046096793
171.4946959067316
171.83537920043992
170.68351209080907
168.11313646206338
166.56379907839838
164.1981371525827
161.43277609243745
158.91605134264267
157.39095441311588
156.24651435580128
155.89475731857357
158.55192383374512
162.93635875539758
168.73841583274088
172.78097558721348
175.53079710442552
180.56805125490058
183.76414906017106
190.47386310385968
195.6495066784133
200.0636212337495
200.06562185361557
200.05119548088567
195.91095094138083
192.20983138328518
183.85629161133048
177.62678101296262
172.08968570525323
166.2606389773339
161.97107959617895
156.14293735562143
151.10941719671408
149.18827243642323
147.0179769227994
147.24370025516615
147.00699057185864
147.25796426772197
146.52296224221558
147.43811995431994
