5
3
b
62.83282800478397
63.01575135350175
62.60243220571708
62.66878988428744
62.59118999107833
62.70101788225343
63.22668731451129
61.5722352740289
59.69206450013522
56.91543589519743
52.31212297508511
48.27937547957835
44.67755659949567
37.3614058635307
31.97316081002085
25.40047896838255
24.91232528125771
24.718235149068985
25.520112297447735
24.644923106457288
24.29062935438137
24.64379957860784
24.908511948247675
24.958131660098754
24.539621760772263
23.793188929820953
23.465524883324335
22.328119047303566
21.196420138311552
21.43764941107179
20.57065689894059
20.878823807226087
20.9543796025582
21.29153355354495
20.882354588557234
22.133347374680245
22.196622239764086
22.64223066165784
22.512756279964535
21.73138678994391
22.678105056207784
23.391884368105682
23.681374760277713
23.0496812591017
22.817067162101758
20.181842337320738
18.574894087338343
16.57891850260845
15.194399568823524
13.305857764544918
10.90932258270548
7.899420515743791
6.580740073616275
3.852566644677885
4.338241098682267
4.990940981191182
5.589623734431418
8.260440026710324
10.705082143924528
14.49632700465515
16.272566790570895
17.8410917338331
20.25812633215629
23.480279664474708
25.90564998629952
27.91657335535269
27.56911234292518
28.11689156661489
26.619468023988887
26.131940009296425
24.849734888855338
24.020685023958425
23.351377612903345
23.133995883325195
22.97393605361645
22.097149178909532
21.12350433933999
21.564564589971944
21.565526657827
21.27017811149184
21.935567321615107
21.54537202762527
23.71994467678023
24.288161652353452
24.66860986097054
24.911337652363652
25.941118360742994
25.973334564012127
25.566394565687975
27.189871251891756
27.11261292596309
27.56639933505775
29.732595428161098
29.35997435740572
31.374969480152746
33.262502843402366
35.1986802242826
35.68001841802003
37.93105905215046
40.252410595780425
42.809467268667454
44.01505581483397
43.81729385241815
44.28792276507107
42.81792500715234
42.418455916674866
40.98015116161474
40.69953945753246
37.31073157118065
37.677822247175
37.81825414092469
36.268667056549035
35.561107948305754
34.89839672222406
34.625916556007034
34.72629073348214
34.364539247474504
35.68395222056397
36.00095879168564
36.752427024399665
36.87457577108208
36.88166181348573
38.48377380791619
36.7849890914221
37.17884512301418
38.163179172181614
37.66122946562079
37.710720038173896
38.84826188440594
41.041439083105814
43.10656037763992
45.464703389258815
49.76336336705651
52.60244805310757
54.738845769504614
59.234747804934635
61.624228535141306
62.000073410618434
62.36832055648071
63.69534782032788
63.92471746691561
64.14565610953039
64.90595399808309
64.65402384149273
65.74974252128348
66.7590981318744
66.79299882226533
66.45442248920844
68.06358739260963
68.71901827519355
68.64609070067982
69.48849987650536
73.5032956073338
76.4387906375694
84.81075309390039
89.8529210957986
97.07011412104713
104.74937795610438
110.37373707429134
120.82520303602465
129.09230265440806
134.60639084982554
136.3675787413958
136.31748745247717
133.27116120854592
127.09832213409804
118.51877279313565
113.23076494381083
107.84008863585703
98.39966245023166
92.40964986711175
86.88626462437743
87.23198162542168
89.65484765187797
88.4761565744393
88.9952808005644
90.3916923840875
89.04324613269813
89.20375996787313
89.36634797458336
89.68854696495524
88.60337327066044
87.73106296750761
87.22956574764471
86.01140722921971
85.69004832328392
84.69590139635584
84.6212476534643
87.58357328113054
90.56415824363043
94.63450997682801
97.59245348522987
101.41294173663177
105.06219197951366
108.14362710531105
110.9861928592801
114.03806344373498
116.80807412441733
116.79513808072576
118.20032455102556
120.48264071374498
122.8832204965693
124.32612272234239
125.83792017854394
128.02640295468166
131.90485748870887
135.62165905893812
139.39851522837367
145.4660077954115
147.7051005895839
149.91042162502455
148.5776335789703
144.88392088363614
139.26648915826803
129.81784364879002
124.28375193125207
117.0590450663816
110.21749299207563
105.4317471890617
99.39594926637189
94.93332678120395
90.20723101219939
89.10140099196573
88.68929354293167
85.87198335459013
84.53213771136136
81.94888252749273
80.13054590565298
78.22536541768194
74.58833150579335
70.37501154293356
64.86955532675701
61.085587406959384
57.91409858828326
56.8879326626947
58.62094158284379
57.91645163131545
59.88775903862091
61.83186687231388
62.45840504870772
64.24482199409358
65.39206249915273
65.46624332111722
66.53400373233197
67.22256063722907
68.88317648290541
66.93856447800991
68.34628694735069
67.02101363236449
65.4414824374491
62.636278017636094
60.18586191746879
58.57977971400765
57.13717028243081
56.23330196502294
54.591977205297866
51.69015750738412
51.75499585881174
50.61205282242499
50.99856720165942
49.24106732086227
48.954964567786085
49.34199728680837
48.304924656842054
48.2032226637005
46.92668726458815
45.53278457619556
43.43737885077141
42.10211759087706
40.96891789928856
41.06765786875512
40.85920970824941
42.24782082426782
44.377294651779124
47.71548226369971
48.83718353276075
51.33890407968089
53.41896027649811
54.4907220010833
56.07734336521396
59.06656240858853
59.08899336833545
58.95813221597694
59.51844026887813
58.98102433835762
59.43296911332435
59.04350654405858
59.26052838972771
