1
4
e
152.1585088944823
152.9284774874535
152.47246516675713
152.80192814423873
152.50150478013722
151.66086737777965
153.21355060458347
153.1144979043104
146.27902479100896
138.95921936923116
125.5867763080683
117.49389568904822
109.35228158673151
89.29717548416065
76.42300924423559
61.60574133528629
61.8802542534559
61.376406366137
61.15853089264223
60.87224942911777
60.17982117813512
60.31329462490525
60.06871664185651
60.99455694091325
60.85669627180585
58.44051558120664
56.728062027251845
54.94520501016355
52.03597684269087
51.482459455195055
50.781321184683634
50.09590735084077
51.716457491076625
52.836181106243046
53.29598584960483
53.82445616642165
54.036903118563245
53.50454489743881
54.7005834591701
55.15282002577035
55.80481688871034
56.713282922198495
57.56605676346425
57.037251187012
53.940310645580176
49.60093758614516
45.322402935381675
41.3735214810518
37.282075915443436
32.75268328818159
28.073219650075625
20.867425413637765
15.87799742505591
10.905167765934896
10.409955888709803
10.958033139791354
13.819873791347009
19.148295233382033
27.92837728656417
33.228647535367166
39.911386448129385
45.202487224682926
49.29288158576325
58.201660819457615
62.48900265308493
67.01716297588166
66.95526733373673
67.94375252625015
66.20403751915144
64.62765128513337
61.41122639700498
59.2689350164412
56.81968461340184
56.503236514739626
55.666622960864146
53.541319695433884
52.15969571241477
51.64513423812022
51.062151568287035
50.285971858055234
52.09800933572947
53.59244759554712
56.733080571794105
58.42163864078715
61.69591687654767
60.878908976028626
62.83741343760731
63.624470564076894
64.35934495999476
65.5500036400117
66.19692624530212
67.38817146508416
69.39554974272504
72.35877378803755
76.26902487940328
79.83596722795487
83.90362517375537
87.76595835679382
91.87980619307379
98.33924891303656
103.35423704283721
107.38955327389738
108.17586934421055
109.10314158736026
106.67716826314813
103.17561396580832
99.32536075886793
97.3523603877243
93.87334124170292
92.9689965996398
90.64534638102926
87.84436553711369
86.18588192649341
83.79272021326543
84.29229004975775
84.53057444048632
84.51722503363085
86.22269613348344
87.1403258770983
88.26642508327883
90.63900950454625
89.75781837415863
90.68929682337769
90.68967560376927
91.01322555304347
91.77933445553218
91.80782174059706
92.36639982539664
93.93373515700567
96.99760622604293
105.16048278346574
111.77571617585475
120.3805083627448
128.36791454190586
134.515238051976
142.7476774903955
148.66531582421834
151.93067721057145
151.98458942240603
153.91597358564164
155.5026481772451
156.73605579265703
157.8325051145605
159.06081114385887
161.24941474469867
163.20321514063113
163.03967654378593
164.9099450741653
164.81527028782867
167.42949497664648
169.83046362559543
172.2982299114396
178.9553559338385
186.23981764258718
204.33571081852617
218.80938899910052
237.49713842921045
253.74854125145472
271.2538778013343
295.5164471687194
314.5286896531341
328.45241555835486
331.3586640085382
332.0493477297401
324.2033816030482
310.8618606230987
291.90736950188864
276.88055045075487
261.6687357990596
240.60447559079586
225.4308328172663
211.98080802902305
214.05008319055997
214.96383939884507
216.99051431729598
217.43399668974087
217.89720968660484
216.99802778753454
217.1233561203315
218.33155882110623
217.73588759110598
216.97581629329065
215.55696336190542
212.02248280806518
209.32969613775998
207.05490754206005
206.25276331446645
206.89834244094305
211.53759434768847
220.29039630690752
230.522016879111
239.46401368987765
247.81582642299898
256.70168978638156
262.8323612569607
270.47762778095995
278.3626528270037
284.3319433637433
286.8750103830142
289.0403298583829
293.32890907140296
295.7799549305317
302.5296926710939
306.95740125636314
311.04900451264393
320.3516285326596
327.5942466843573
343.141697430973
352.85861033036804
360.502200773838
363.58743999338685
363.24480668972507
353.6229229153612
339.1301919762117
318.0308068993566
302.1850429503148
285.9213837825392
269.5797094726007
256.25293661710316
240.7126470901809
228.43448036820837
219.88896899836712
218.4716309926089
214.3947295430631
209.76894748152387
205.78294383994253
200.47994637946582
195.40860121777715
191.07566845544423
181.2004645152236
173.3480122619482
158.92224732874357
149.39170032309733
141.86031479764438
141.00468554071756
139.11042909984928
142.11819858144958
145.96454485704945
149.81218132561156
153.7282004447523
157.65526103521464
159.63344197085942
158.89631429885924
161.20871753467028
163.39744669785756
164.9525596823968
165.4187376747589
165.4421680125714
162.53295885096628
158.44083645886082
153.82573657633858
149.61316065248172
144.002641476117
138.98144315717312
135.83059744807912
130.7811524057213
126.76410751361809
124.08272121091392
123.86941385997217
123.65403459202724
121.67891398669465
121.41223764234701
120.28306062806209
118.9376298064696
118.3334344402927
114.18877943996279
111.66814725081994
107.46150569864432
102.6154653558311
100.67502875261415
101.54457000020611
100.83069560669786
103.00521577110094
108.44067682619695
114.24153273083384
119.42364076943934
124.0829385680288
128.37848321048784
131.86080818911154
137.00622115624196
141.32951776695174
144.11809146093825
144.07356835003296
144.812824167307
145.24211941282366
145.73466840952636
144.0085370246177
144.50605996805848
