11
3
d
208.23807405384972
208.2070338119652
207.51216149418468
207.81136768487664
207.39985613013332
207.76499824231712
207.94498249695314
206.61509877592732
199.88389081748238
190.03820778847074
176.5757483875151
165.3998972162612
154.72792035463868
140.03655122045217
128.57205795407518
111.48755059630024
98.962920001165
87.84991652043053
86.50294072536033
86.46076518770501
88.02060735521175
93.65676444402314
99.1719619106057
102.77130266151187
106.93392575057752
108.58126827158624
109.66294727936918
109.8048352313676
110.33132376871885
110.24560131836913
111.036973315377
111.31102536747663
111.6487134301079
113.47741896199712
115.4588471867324
116.0370311211366
118.60445148126142
119.81942775054246
121.49727706361068
124.96562135752659
125.88505847904308
127.39581946309293
128.0525894122586
127.88084596841989
126.85598265056505
126.19721799631455
124.7744083998993
123.68666444993163
121.28672739254405
120.79865958838508
120.84557106582267
120.03603011409433
119.80941186031106
117.47534257965934
117.75640437930564
117.26139955451052
116.50834201345083
115.92843394281329
115.06826341747792
115.36023708033123
114.84043450865882
113.44846033277199
111.54633839070243
108.57344859445628
106.65162513022088
103.25697779408951
102.46679691653306
102.64528540892924
107.59690227602708
116.36963733456236
128.10049967284448
135.54118191698197
144.91509821165323
153.6843615014815
158.91540656315732
166.71970649545543
173.37403842350602
179.6796306956266
182.73636137619957
187.22638519966057
193.96775883366575
201.23052285739294
212.14526847532485
219.37239426303637
230.1117282335051
241.2205886015141
253.74186088260652
270.7204774655332
284.2800956859579
293.542185879
295.64544447245663
295.7256716312692
293.4106621717773
289.92329744878003
284.13078284656206
278.85640462514806
275.41078555354443
275.0168939036897
275.5864919882049
274.2625341189288
273.9589621590029
274.01011019230083
272.8050628263298
273.43223956357696
270.57116343652416
268.1627512539086
257.0600287134767
246.24535414101925
232.81460182552377
223.64905679160165
214.36321435922252
198.85322306799299
189.43138758247105
181.6286806816608
179.7925331309283
180.18057023091734
182.22384877663595
186.55762769794455
192.36873633200926
196.97847503754969
202.0050415192485
202.91826162282905
205.53200107428978
207.46256340248792
209.09154004594774
210.01434615810564
209.79604597658906
210.31705402288858
210.51171444098335
211.1352252443757
211.11199286667699
210.8176289938378
211.68986655393854
212.11154567901687
213.09086140688973
212.91737329754906
213.15399162512688
213.29793256085046
212.8028003066032
214.63498924158486
216.29371305801988
218.5812681746128
224.70759107798588
230.4378595645539
236.46382081286288
240.3136795981609
246.79588013823894
253.75602595231962
260.08534238233875
263.7823629840707
264.21509491687914
264.0157236466655
264.8324422637786
262.2786119782148
260.73066744688964
257.67548132790336
257.10098307183927
256.4428035720733
256.1632860676641
254.3231662686575
252.64889264282428
251.43316820382503
250.6806562654738
251.663846511547
256.0089618376546
263.2351996779645
272.03230572165023
279.5877825619074
287.9999227699553
296.86689632499736
303.9090760002474
316.7340440200593
323.63876262369763
329.7078934458683
330.6663268092653
331.46513167320086
329.50145213993784
326.9795465717789
323.7382112768282
320.1748100402675
316.80136373016063
315.7376952832839
315.1586810520076
315.2353586402543
314.339847264841
313.9219193285183
312.39672973034806
312.74679186806065
311.33767406049503
310.08170111610576
307.9378500901476
307.02274339894177
305.5705346925151
304.61690413557784
304.04871057097813
301.6741660909444
301.6750169786458
300.8272969890961
300.3412095625857
298.0721175676922
296.3891874272369
292.7328731615585
288.4823812860452
286.089326897722
281.9772127840982
277.06967394015555
271.69435090222123
263.5155957911622
257.7460492050984
253.4676861508831
251.5024390900906
251.7678755069678
257.6389043367001
265.0297342909599
277.33227174286
285.4008424578087
295.0381379744027
303.4792622515358
311.5697716108762
324.08529703514097
333.2883164730728
340.02880407639486
341.62119855413226
340.85710626556477
337.7558835262693
330.8189046404019
322.12934425498906
313.77898548821366
305.70333965324664
300.1921770217143
296.8982761047635
291.1062229234295
286.58385238975245
280.80380566569767
281.8719686538993
280.3984153175513
277.52213621724115
275.11751169872593
272.98054644796184
269.71453483859807
268.01601970278745
262.7091216261132
259.7586314246358
254.4661562753368
250.45448649170618
248.49955249504978
246.24180548185728
246.2399985232469
244.73350854828365
243.565742343887
242.1974181705661
241.9691722455672
238.76817708268945
237.04602463239564
234.00634308664854
229.96110067406383
224.7307975192451
222.34466387545984
221.49065349231822
222.07876220363
225.32120776984098
230.6162248275731
238.6012008605959
243.6057654333028
249.57276655239127
255.9042518356855
261.06217677899684
270.72429824112226
277.3826504064689
283.1079260468094
283.60239519948203
283.50796317281794
279.50248201553427
271.17214165418835
260.8261216145432
252.3972752946909
243.09965917174443
236.25809033014124
229.7829525131736
220.04381244002448
214.7300336100627
209.35064369724748
208.4622816857528
208.5668649303436
208.25363872142634
208.73033587981132
209.1287214693638
208.98532231712116
