3
0
c
104.3333273965485
104.02972365721874
104.28612300400533
104.2031606592937
104.98246898583947
104.99707347875395
105.06327250997522
104.24794415871126
100.15913039036597
94.22429782717015
84.6792489283141
78.56333480000687
71.95647910268872
58.38007059375445
49.4607087150691
37.73455508387078
37.21312860302492
35.76123086975612
35.770527001223655
33.94885201404887
34.666015327116135
34.338519901588015
33.99306238646346
33.559980343165755
33.57715087152425
31.661961012390332
28.747913175527245
27.79571940167428
25.828268589176425
24.066962899457558
23.74931864827787
23.22336915178377
24.34537938105893
26.20497842007546
27.889072920810943
28.018278921334243
29.698191312730028
30.505120897685607
31.479174207387967
31.374780420572634
32.24671318843009
32.643282894598386
32.48223196599756
32.89126519463832
34.16495204742082
36.10090270950008
39.90875849619515
41.54137785998035
43.71505005437933
45.208973840145674
46.63049514855871
46.61506000157584
48.76625440414472
50.590986481995216
51.33392148331407
53.43528425728758
56.53950244568203
61.74952796289584
68.8094354642648
74.57445039733
79.91028998194574
89.95379852383175
95.2328173382828
105.37391717322771
109.56296076803805
111.68227310652746
112.17870668982948
112.57775177523365
115.01211531444459
115.76406917973945
115.1981673775693
116.33143489659832
117.02221437649266
118.55962944843684
119.7429784235413
121.7269468601949
123.58714417015008
124.78770748046128
125.28175655404173
127.347101229917
130.6919692144342
135.9171416048855
141.91442266024566
147.7796055861298
154.416140493605
166.55459984616607
176.16571769320393
185.76854493554075
184.8578886205255
184.6328987747813
184.14849334559722
185.62767328511117
184.31417612050058
185.8720030899357
184.40956186879552
184.56366033434938
184.9984681428823
184.70192806256728
184.79580585104665
185.0769405444396
185.68245517552512
186.21537726015754
186.60021613305474
187.51415940946836
188.58342425052416
190.0177446872916
194.0028005366726
197.2202385282415
200.91644207628977
204.32420342278803
206.99861957233568
212.43264388846526
215.58715324538045
218.41148251168892
218.99529389062673
219.8865784100591
218.0474075970528
216.75949638162268
214.75850230523304
213.4711129017865
211.06953805381985
210.60155127181633
210.06969813998856
209.08422956894407
208.553160457234
207.88347788904917
207.09902424065353
208.10859483581015
206.02665211854594
205.63999261406028
203.46296712309834
203.2173889989894
200.33325616833807
198.4674645280863
197.61859558195007
192.87779470528932
191.73044438495234
189.83647884903854
188.60399525702337
188.78716671416407
191.89471477912707
195.69423332518787
202.6395700177631
205.9957947194064
211.9611179323519
215.03085086098892
217.128746700657
219.5070673275193
222.82640687744828
225.62410561171876
227.67941387394512
229.74656892418477
233.65440337401975
240.12708876691926
246.5878415753136
251.2912478612311
257.8820033801284
265.82013806460856
272.2910019545569
283.0222681076884
291.3300974982537
298.60464877023986
298.87126457473056
299.3189208091403
297.19261022199703
295.42219528035696
291.5566945865995
289.3117430095
285.60043583414944
283.58356698437774
283.8439081942814
281.9815123428791
280.23142604998225
279.02972541123165
279.4732137089816
278.6246378573103
280.09071919824925
280.75891384958686
282.61272381215565
282.3539257755976
285.0315765239609
284.64276829138663
286.47759709475906
287.3744272907111
289.2426465599556
288.99313257913553
289.7816521728011
289.8385226733407
288.8937641010621
288.5820003341032
286.7726705214122
286.8610826823408
284.67599223962765
284.88605912666713
282.17027239035934
279.2706321474124
277.1152848330755
276.299693723923
275.06329389911144
274.7868997377702
278.28190463633894
284.5767817253472
294.21868312580506
300.8439432094959
309.07390929374463
315.3650130234906
323.70721350299794
336.3659385487411
346.20106715467205
353.62162952788424
357.3579708929804
356.7339108008746
346.0890450923824
331.1664311067641
309.0073466656676
293.8913995613076
274.70088689019883
243.58860780279812
218.47927259955284
199.7851615707064
203.68887751260908
206.70189671386552
207.9932863546788
208.87558029237115
209.28762796501846
209.45239872256866
209.51088978912043
209.49345661664947
209.1683923620689
211.2567658238419
210.62800755542807
209.969870671985
210.22158956769223
209.8914226932471
208.9823948638748
207.99327148626134
205.99268836395865
204.743559052536
201.25724714449845
197.91552801426332
193.77810454928257
189.69841336086404
184.7041380411316
179.64849272236407
180.51039028248934
178.52695385100924
177.7077617476352
177.6151515766085
178.04171504497933
177.36744520101095
177.57147700572426
177.68306064222892
177.6242026492157
175.82752476028284
177.04573627445404
177.3308421492908
175.93242085495723
175.41278832097066
174.6664545829833
174.19298769278373
173.16361183323343
171.4950237874544
167.24964992523775
164.45989632479123
160.76710397295284
158.0342646345691
154.69679859253307
151.493191612431
149.37846126313758
147.5052100959121
144.8182155203021
144.93301241069824
143.2604701948912
140.00430494362035
137.67839189516374
136.8891582519712
133.4581441044797
130.47898642397166
127.38348116925778
123.3438973619777
119.50123011915443
118.15125129638922
117.4898366101879
116.7315147745673
116.627074182825
117.8588741289572
117.17173720992434
117.92683646057085
