7
1
c
101.4875933187223
101.64960667819918
101.58560632029167
102.45476436703488
101.21150994167093
102.05441811665598
101.2142456972047
102.41900636733602
98.73066149948716
94.3971505496727
87.84381206150769
83.84337938454438
77.48962626333032
71.31402189142841
66.32827758814885
59.4984782222135
52.954393115454444
48.506334675152246
48.29145702641534
48.300538759600094
49.33693284056067
52.38251847118346
55.84186915673466
56.772679511069306
60.07983136061551
60.84861287202693
61.310343850188076
61.79373952999989
62.89268397718614
63.30003851253799
62.65119581060594
63.52618488928831
64.14656977422572
63.80126984978827
64.75163980246192
63.72733204529171
64.48754193364859
64.70281788211798
64.4980041991479
65.7517217227485
66.4555422298616
66.95330220686238
67.31719202460029
67.50737641751248
66.71864517075207
66.19642500631615
66.20381781105866
66.33893300469357
66.22940573023529
66.00066898626866
65.97290571819708
66.12419198751172
66.33060392198834
65.931278577453
66.200919056468
65.93684385206406
66.19444669193715
66.97005854288423
65.94071117010684
66.02606652044103
66.53958126593348
65.63565115189348
65.5120483762907
65.40015080112984
65.33013508074015
64.9868174390662
65.1595446026974
63.824586433386216
65.37685656333244
67.71564206629806
69.90631140862685
71.80322238992095
74.30561617803112
77.63731614008792
80.39406996660409
84.15134334419587
83.45767732287116
84.20246692422617
83.58470671105943
84.89709264170563
84.84439108323046
83.81718645644949
84.03234105007695
84.51255008991609
83.86943772866424
84.13463398587344
85.42531834793557
83.20386410231437
84.79617513968283
84.59274491667797
84.98158463864092
85.74502834547191
85.44185127315376
86.7275867692768
91.85043516505998
97.88981787231253
106.01252530456003
109.92315440235387
115.25061516353324
121.7070312615012
127.50748905687357
131.6248339514243
131.16162072460315
131.77891764038162
132.28996742403524
130.10539688515448
129.0014280405292
127.27115006945667
125.8878633395258
125.37550744070668
126.16886737299599
126.00473181992676
126.33020615793428
127.00898973568778
126.04190614206334
126.00062806242315
127.36622551741651
125.08796038922905
121.87825264487026
121.00524997603407
118.48806677043257
117.69859113901916
115.02192233082502
112.62410728386983
111.01155793333248
110.13621124269328
109.91890451487942
109.4372469545271
109.84478988575498
110.29681456046166
111.61497913332006
112.43718221467213
111.57725329549467
112.68851855510928
111.61269634819794
111.38263660712457
111.13692638690064
110.40865664483064
110.03300211016726
109.69976977257065
111.89918563029123
114.99134135127856
116.37285155368066
118.81112571161391
122.52824437833478
125.49111031488339
127.7896442932147
130.7135740572297
134.5188193115619
137.0531078281375
137.6361123729778
137.7481732181721
135.0894194180177
132.4800107857513
129.40093658124206
126.91017271170078
124.66678825805407
121.83378740764269
119.63852039882161
115.60825736785064
113.11507148448206
111.15537270504664
110.76819562975244
110.57146771504118
112.07380108681706
115.08281708358554
118.67078682451513
121.96416244062732
124.89501222181795
127.67987946490123
128.77408471714065
130.63579202762915
133.99685350330734
135.00652735916307
137.04974308347573
136.82634773869907
138.62723180992327
140.30930957532783
141.96700583158847
145.15019704314656
146.55481546878147
149.67992554748938
152.0425837119646
156.9958437969634
160.27892208267085
162.4027471992485
163.56187419977354
162.67071526802033
162.47460217965414
160.93921635385018
158.719185017695
156.2787608120297
154.99572722300786
154.48228131562342
152.56079093548712
151.61493436240826
150.65675582583248
149.31234759250586
149.32731490936916
148.19401841241122
151.48054190978945
152.35882131230932
156.15885846896143
156.8370247858371
160.64613366186592
161.96582612126326
164.6472840867759
167.85865339308603
170.11825108598222
171.91225926838376
170.56173624839587
171.0805829540672
170.5379299551577
170.28498975022677
168.62300068390766
168.0813223940945
166.84336846700864
165.8707973465988
166.98234396391783
166.16510596729808
166.61296441195034
166.81933962165925
165.81947156401876
166.3296534151909
164.93972859639396
163.6852114830757
160.24926568526442
158.6703763680712
154.7563886207921
151.67463731752892
149.37572192313942
145.6998225291327
144.17370744839099
143.84660863162745
142.8405633334742
142.46526707176074
142.4632483802861
142.38049126147607
143.0663546360158
142.4814579627143
142.36105544255824
141.1497694529168
140.01186875365696
138.58161345199187
138.73823417174066
139.33861353266366
138.37279858482768
138.05611529608083
137.68020410367677
136.94146251508363
136.7906838021705
135.11337029890626
135.6321263356405
135.07277015870733
133.6812604934861
132.96302498991324
132.35722692955963
131.65471944028354
130.5091097461242
130.88382419083098
130.2441031522778
130.99137889167716
131.60328264480393
132.2776019150467
132.15156425869603
131.5720722912547
132.18236833543432
132.8454920497001
133.10598200863762
133.63272168932633
134.23239805938044
134.12031019071622
131.68560923766307
130.24336785950968
126.4752663483854
124.39770949990546
122.27243128437142
118.64472280319421
117.17970271181738
114.67510938609357
111.77579946141715
110.9903263894971
109.5855951565567
109.81932307842195
110.70115201627286
109.68374248568593
110.46907401787105
109.69672896028126
