7
1
d
7.633759999151498
6.804303301284946
7.333915907549062
7.472240649049156
5.8671358892741
7.036260042990158
7.135447346782699
6.480557679588875
5.876313909127013
6.476587524452528
5.8336079175746915
5.573523718632395
4.141124157530724
2.12198935964257
1.532997867339479
0.8819240082376072
0.7850835095265736
0.025378827763157457
0.699091348392508
0.5740647438068758
0.43040060486016657
1.6344485034958396
5.439951028361178
8.231720138265299
10.814644860100636
13.798185833469583
16.08592881769099
20.65906977408602
24.574487443978484
26.768655955855085
26.204658300243157
26.60709630957379
24.174738105921374
22.27511863895298
17.731695553491633
14.644062206502497
9.758834824524886
7.384642028660419
5.0373934482689595
1.8549739224619084
0.0
0.0
0.8183938359587057
0.0
0.0
0.0
0.7384575462714034
0.0
1.5629200302501325
1.8743290524800702
1.9506541662273664
2.1404348016211734
1.847468735720131
3.265837942921843
1.9614589544116705
1.9399742588473983
3.460415772954012
5.283833531295831
7.862441521108256
11.407558583302544
13.978626970493094
15.341974857879638
17.104976749408983
18.853671140891898
19.72112240432031
22.029607633076612
22.813770405766178
24.871942889342595
28.580336944274237
33.31676421772031
42.891789930476456
48.80964056411201
56.87291120453118
65.46317363302059
73.9966873088096
87.58793333848477
96.86894380802033
104.45826508715346
106.29254981483174
106.27379057319169
101.26974598913377
91.275153725604
76.7805123284239
67.30758101615244
55.9592032113024
46.704659762004475
38.32886518329254
25.262226762243312
16.500835176690998
9.421042801933801
8.040715101495703
7.043735000144359
9.375490274146706
15.128463749523943
19.998337426156226
24.94653300583818
30.289504013062807
31.805762421200228
34.1611351807109
37.12594545936936
40.74765763448483
42.51599878892045
41.55262915142432
42.79707120630298
41.46730506785383
41.53519503781185
40.875721343847864
40.266523331100636
38.3175202443333
38.09055118821412
36.683914882082604
34.429976076433775
32.02234910749024
29.26011011980013
28.44142283569452
28.598628340952367
36.862613294298434
47.895390251624775
66.08615128456265
77.72576847180457
92.25465734619063
110.31720709647877
122.85442598574646
141.06595618046438
149.65206197094926
154.72774201014965
156.1864547283904
156.75534261318694
159.44123408132705
160.37647381244753
161.75275918656075
162.98384231719928
166.10990198233202
169.6141389122533
176.29120300729156
183.88055582922772
191.42948535127007
195.5784883158504
198.11140357353062
197.43989455207932
193.12015212254104
183.81374352964562
172.11173985782958
162.22783375557324
153.0998664375076
142.91989686332215
135.96472353720418
124.56850356388642
118.69899368511672
116.52883019480058
115.60821324802028
113.18129971846008
111.65505880454495
109.28726698739757
107.94663082377936
106.40587499076435
105.16219317953778
100.49317050321106
96.29168894613586
92.77854612811696
88.82239260759681
86.61038966384245
85.0851438208994
84.96516434291603
83.7092818265371
82.67564362700695
80.20576320716225
79.76319222505458
77.08177294128078
75.19981805116865
72.19810786179609
67.13934513169359
62.30510127860056
58.69683110255058
58.731498371007184
58.466798200875864
63.338474177491115
70.381667965875
79.58196769231729
87.04593886893669
94.4627189716708
100.33819119583693
108.58128748807592
120.51933216438142
129.1648450336821
136.0377430146697
139.2373980551538
138.35144020327567
131.6286271250023
120.15640522244946
103.47619507025331
92.41509788827308
77.58187225745232
66.4909848752876
56.70403321546377
40.331206095177784
28.059339202009806
18.61585757971525
16.828692854489965
17.535025940258805
21.02941477992189
28.54417044227922
39.395686382221974
47.37198340267987
54.67083071978713
60.794102237437954
65.60850981808431
73.26334054108685
78.78132280625172
83.54379814314971
83.80077022755039
84.14571141743477
80.18674459769642
77.16335808276199
69.45252956982651
64.01157950738909
57.622498698155475
53.913207416938114
48.33802569532962
39.79148908344643
32.87721602049517
27.679603962231646
26.323905538461602
25.614079618622565
34.696496087002096
47.21260095980766
66.41628133819816
80.40113474978054
96.17479302767974
108.99920221142818
122.2886181804685
142.5943515220637
159.23317172300443
168.35633345952226
171.1328541613794
171.04767239275822
167.09240918395793
158.924043915263
148.36284861666672
140.58587083675414
130.87994285098728
127.77101101042426
125.44390279377681
123.13258740720258
122.0259742526388
118.0883365550955
115.32366840257534
113.27091136086918
106.02007304967506
98.75930582653406
87.16295544385162
77.52191184475382
65.24455729137858
53.37575835972865
42.245584748724106
25.143518743297168
12.913449820202672
2.792341023149361
0.4447242041533472
0.5250155565338002
2.3441358435113675
6.415656557001165
10.368866985655496
15.216124599109506
18.14523020890267
18.313285652341015
17.729297936588928
15.84146367276793
17.104550624733648
17.578281490561523
17.971975852593484
17.013865559484113
17.874940197326005
18.45364866024311
18.58691348579154
19.3719792093052
19.49187545153582
19.538821327639226
21.408230508447506
21.98680714304051
21.97296242981102
20.896129023885653
21.531912762716363
21.560474597465966
21.866653569760608
21.814326640251295
21.96414358029146
21.588727765452656
