4
3
c
112.17510366010991
112.54727490114117
113.25233400711654
112.66990665460673
113.80956211913498
112.41305307349002
112.16670445714209
112.24835106404227
107.79796503048654
102.71368274255627
93.1223227905842
87.10003466987389
79.78482165101174
65.85418278066732
55.93384277590136
46.37078687308634
46.10444420112444
45.33758634033209
44.70671119584109
44.56006532106448
45.021195656405055
44.56969667462999
44.90238812155387
44.82687585440492
43.68686984390254
43.21205862241399
43.34203189939158
40.5806345761389
39.20305620091718
37.788164838356465
38.35060927953166
38.03028048516976
37.72241564874043
38.64572170150362
39.36378386038565
38.723006502040256
39.95979671275045
40.504780165939785
40.72960886309315
41.161830662911974
41.964687652577666
42.582589803900134
42.1242573728957
42.631477095845405
40.31891306128578
38.08840887276915
33.15637524060311
30.314053771305772
27.196478055607763
23.538788987459114
20.505258549081493
15.241221625790404
11.146400147716093
8.436472608200747
7.3197060469249475
7.6138036359228085
10.352656160749682
15.096313400746405
19.651084690493718
24.854272884939164
29.612608702769307
33.407376384855525
37.21089278477947
42.52212104029281
46.26319696646277
49.34824894962848
50.50799589915506
50.7845145080879
48.79104842256851
47.9183122821136
45.4674526634147
44.35240765763371
42.06178409809231
41.329949070575886
40.32772016372221
39.5218395351151
38.225017928357644
38.405680691058116
38.579368252739826
37.6419029102879
38.49917470960808
39.83838091235155
41.35706415741703
42.78085016529467
45.54763584713286
45.68962589202405
46.11912868539771
47.20516297867136
47.248205060986315
47.744618165328475
49.20015191838921
49.93296670329807
51.49653273973813
52.84941682074066
57.129896767581826
58.00015717850457
61.9560324280045
64.93442977926371
68.91986872466333
72.20903254722823
75.41878217187136
79.08737619551638
79.14671733177099
79.21516283234635
77.3327060810843
76.41173524544257
73.3094446259739
71.24251202797724
69.05535475976669
67.99772784722533
66.64123891512746
64.61887347505953
64.44327781644525
63.06009405581736
61.67810244485522
62.51669157891821
62.94896879041103
64.66768229543453
64.23469263413894
65.02903725648562
67.21353894801527
66.99642595950671
66.64664549636676
66.06995034048309
67.02451134255692
67.6147825446052
68.9135372459116
68.30741261022236
69.09470029306677
71.35497346605796
76.87490386263974
82.84885809972347
89.53456466972308
95.06346673208614
100.26339383021866
105.48232834755402
110.62060449345904
111.65655434684591
113.26942867054571
113.88090657181935
114.12504511686545
115.06956616578624
116.73748957118102
117.9642322862222
119.07066009968099
120.77576371928404
120.19535644280944
120.12853280704084
122.03430750254022
123.51323130372295
125.67150594169264
127.85408685189047
132.07267435755261
136.90948236959872
151.9376048952428
161.62652750917914
176.12275403919207
188.17407434884444
199.43488131283058
218.23630561284577
232.85369359894403
243.4845519388136
244.80262862359388
245.89813416590275
238.72198686984405
228.79124187182902
214.89866897162028
204.9078089204543
193.35893695031473
178.74276705366518
165.5043468864473
156.4173970830693
158.36085209290388
159.37528449479805
159.90338791035973
160.22348299969227
160.85655445886073
161.28540956862946
160.1739589143206
160.54348020143877
160.6219003689455
160.2232057419357
158.20057657527465
156.68052858808673
155.18078773271492
153.65497114813758
151.6488919561909
152.61236216101557
156.10302820799035
162.86249914729078
170.33122287922495
176.75160916852118
183.7591666690689
189.48809765468
194.69185559743235
200.57262338607578
204.11342135132745
209.72635132614494
211.44087965823437
214.49576777247563
217.54499357983136
220.2874741060068
224.3407034384338
226.6556993661129
229.9527088600744
235.75804316864895
243.21249847610835
253.1279409796621
259.79395671259044
266.57788225641536
269.05135850112015
268.29089219026986
260.7329140697391
250.1310457620062
234.83427025614208
223.90492154363378
210.03219852412576
198.27060096489134
189.4125083029758
177.52572601809564
169.02157291805236
161.79073903739877
160.7534684067594
158.36028219364576
154.37299045610413
151.6098252135706
148.8380386454685
144.16243580964507
140.9585126376413
134.86644485663302
126.96810546381609
116.9153690390368
110.40027082924823
104.86395365382538
103.40651669124938
103.47552981638539
104.45821313282428
107.25021117912712
110.73005253725293
113.88874692099338
115.88353709841212
116.69197856213373
118.82705274403864
119.0905157155485
120.17186077094622
122.07148442923474
122.93909703826615
120.95864383309234
119.71925413367046
117.27608397067286
113.39707953792986
110.24953019423734
105.36775236296224
103.38778994239122
100.82119083672563
97.59160278331362
93.80776012827374
92.8770214437971
91.61319477124687
91.33256833703334
89.27197773789085
90.5484165771932
88.70834005484332
87.86613820922601
86.3073123936525
84.5678817401141
83.19631947655716
78.77401516503328
76.6378295964591
75.4827395448959
73.85609947259108
73.50310540361158
75.43109109455551
80.08428209784249
84.66089755503592
88.10570642413539
91.23261437503912
94.13872233484832
97.07057623013678
101.29251090537741
104.55976694624846
105.13052477112436
108.12285210001966
106.67902117103347
106.62097468404049
106.21927862546855
107.62965403020827
106.96966398439194
