5
6
d
197.6990118548607
196.19490533518592
197.20420875226142
197.88002389376365
196.58204094299964
197.08939232885498
197.05837885591507
196.92096990358016
190.42155384638468
180.823179057664
166.21182389181982
157.40708540388223
146.98017640463593
133.89733881776382
121.74720018057721
105.87861357138782
92.9000561653258
83.30448164496647
81.31618708639638
82.46659265222787
85.08940197035612
88.20850807759649
93.1142990160702
98.00195921090626
101.58701341597188
103.07727942949916
103.47899897807176
103.86785385520155
104.42988181046083
105.21478019605713
105.94420752019741
105.62945948195289
106.50788627312714
107.97058806265927
109.59206805189625
110.8272403777281
112.84365774197447
113.05479393281028
115.74740238052604
118.02291814755593
120.12811449428874
121.68553572937607
120.97731913078304
121.61725820592179
120.59421995863809
120.76007982777229
117.75135253601476
116.39725823560092
115.83543346711917
114.23875067795483
115.10835523218118
112.77304493958779
112.4285762401167
112.07071732947445
111.90248342582552
111.68801020037041
111.43562088456977
110.84037195182
109.4374012988201
109.5775464742805
110.2287653148879
108.34498279334204
105.734314126259
103.58419578512542
100.91931123547215
99.12531970385521
97.57645065838302
97.21186597274517
103.26086660009045
110.45005560542744
121.78668303451768
129.28180075232112
138.82885630633922
146.06536710681272
150.28763408359845
157.8067622945011
163.54009641881822
168.95577954421975
173.73126271268558
176.6319736425706
185.24522585612448
192.2152064185912
201.2020878568702
208.4653534353575
217.74166524491005
230.57549848302367
239.99695821284672
256.2477577884786
270.29224262479727
278.15303816105603
281.073221408453
281.631174428515
278.26110341762916
274.93796945070414
269.27024986347226
265.95995308736167
259.77940083539085
260.8459808321348
260.41083435636705
260.1657856170432
260.3299087493432
259.5469117122821
259.96776417790346
258.6112126795687
256.64063115478393
254.97276985328688
244.75048749436638
234.35388039062357
221.09635125910506
212.1139033425357
203.49608782091585
189.86077865915342
179.9357799971868
172.73911966064355
170.43167118217377
170.38715515951918
174.27102828296725
177.2951989535641
182.38025165978598
186.93467830905877
191.96735690223687
193.16464418295115
195.55853724859767
196.20884127373125
198.312716354335
199.59838483648173
199.87324073072733
199.54454718372023
199.75839920241205
199.96648653458675
200.5303536383005
200.71500176154564
201.57146022413278
201.43656453934483
200.94055267936906
201.80069762819795
201.77239166326464
202.63175224523678
203.122826818802
204.1179172702001
205.82998797689228
207.84940639512752
212.93196048824063
218.29599398346198
224.6142277582692
230.82232782472832
232.70815460501376
241.4012533636672
246.48596650249033
249.87692096082105
251.36258895523207
250.85257730113656
249.6201482587475
248.0915162425962
247.0892038199799
246.4552329710621
244.6182813045939
244.75590102232957
242.89909370032558
241.02996382271908
240.35768165915917
239.31934314827328
237.97421461046645
237.12738336349312
242.62885736778745
248.88871907191938
258.0149690822966
266.13845770059083
274.43102471991125
281.1683691506218
288.78714547752156
299.5949864156709
307.0057089387077
313.5067611087335
314.49194285685525
314.3811326582551
312.6404585451077
310.077089816827
306.3320435604826
302.8232585049579
300.84028498396543
299.5238948313972
299.25538156535316
298.1760085116063
298.3968550175282
297.513800395213
298.00619351599266
297.7363782672512
295.23950574952994
294.60172751191686
292.8922675160486
291.2385297397474
290.3460125278648
289.9060420533746
288.49847100416093
287.68117666864714
286.6384539273113
285.9067689999138
284.832267021877
284.0149118253988
281.5907633056829
278.926636225785
274.4059792853444
270.08002948380414
266.1291351253588
263.518441378762
258.2337416989567
250.59582981925928
245.59619370509583
241.87561938955017
238.82844050424387
238.7859384686159
244.48577327180132
251.14022288799765
262.06145824794413
270.7692338257116
280.73817067388103
287.5844084137466
295.69165863225726
307.1320225929108
316.4818831310779
322.02562509870074
324.55665652785007
324.6641879261567
321.48054676963926
313.93428854145975
304.516236664664
298.41827579098293
290.66964139289064
285.6579968782241
281.5291184459737
276.83402754088314
271.7648365286664
269.188973937058
267.55020091781796
266.0480240132733
263.298853787972
261.3824659863459
259.18203966636804
256.80401051110545
254.33334938619433
249.46985503957433
245.04389289100882
240.2798535934971
236.74171124469868
236.335997460422
234.8307280142531
233.87611091274974
233.13443616153614
230.30816035931588
229.4382095347505
228.87500431234696
228.01388755748232
223.91088288648342
221.10028796196292
218.17092678160955
214.0930992947856
211.35414753496076
210.0639277317928
210.669137352821
214.55092390697396
219.23252128528665
225.67366798437396
231.44108665702456
237.32498426717922
241.9761399606262
248.89456564332792
256.49923002012946
262.622658322377
267.61969015888536
268.56034061599956
270.31347386032115
264.04208022650255
257.47387418979423
247.2124785015708
239.10803243251954
230.8580285362204
223.0151995477481
217.56960457490212
210.19666994488634
204.0813965613622
199.35558236409216
197.69011036644116
198.01214998745084
198.51078923909753
198.2491832675195
197.9427757576743
198.4048980747142
