7
2
e
14.619524904342455
14.118814130076853
13.752036647294805
13.386144237822592
14.12984688145851
15.102230360805914
13.936115418429003
14.122188926942291
13.805096887095967
12.418292574316858
10.325879883181873
9.295647245603437
6.956544904772654
5.63555499436392
2.647737863746862
0.9704677470381868
0.0
0.37652441851514207
0.1599736230267219
0.13684301340614005
0.4304480129790563
4.113767621630787
10.790674777389995
15.042782769496723
20.549823113842955
26.419697140981516
32.664132996895596
40.67492051827652
45.96656585510515
51.28384064882294
51.71994350913466
51.370099464874585
46.48844009772954
42.49571204083245
34.81268736744742
28.586672836767185
18.936684954333575
14.021123306224915
9.82943083885557
3.0391416929858863
0.8311042559627779
0.40546488576016554
0.0
0.08006520440808342
0.0
0.26705106091834485
0.749311635598901
0.0
2.8255400688277104
4.0799060139000956
4.116577725786426
4.544203628907546
4.741206130306643
4.048107163907728
4.8251832209091265
5.378698776956875
8.229786127512831
10.960937771630883
16.960644479621887
22.005165947832733
27.476174966468466
30.49237434795815
33.59257043849888
35.25105431551074
39.0383158166531
41.59030617937354
44.70660695988391
47.659936656881854
56.13908587459546
65.15853803413214
82.20242158175981
93.19187618244054
109.45668200623908
125.8826375852202
142.8209437169549
167.56736894761383
186.67753220832554
201.79779961969783
205.6467199985668
205.90223269543662
193.97633463874158
174.82238446663555
149.27351901759084
128.11621476404758
106.00342087195763
88.57453968934465
74.74695476074385
49.049875273033784
30.41642620523696
17.478407946014656
15.323840777523367
14.95878294942678
19.91097511232485
29.056166549370044
39.23364196349298
47.18321229048674
57.627450500854685
62.43230315667009
66.28034137182686
72.75245985133468
77.0242061990719
80.9035280853335
81.41260607952636
81.20300910138134
81.29119062125649
78.43359083235298
78.2156122258112
76.26992932930222
74.65510250435386
74.32407576563465
71.0297155359896
65.80994976887172
61.06057219116693
57.73104825083032
55.02203156515703
55.44622155680712
69.94225426075103
92.18964724057795
126.40218454038784
150.03631691934243
179.0974435330948
212.0427902530136
237.88260359453025
274.0776913026933
289.4094092149997
296.73312039665575
300.2684202750728
303.64598553738864
306.4095044432746
309.2655495359571
313.07659962016936
315.17561778247733
318.0158816140054
327.81586074498784
339.81166811504454
355.8407108112672
369.65567953121246
378.9402699577482
381.34446576730613
381.69533941209625
370.0787242111816
353.57424880309486
331.1827748007909
314.93965816192537
295.17075847991003
275.9137938004829
262.2452898022242
244.0338984194367
229.32583888794366
223.6485092830643
220.37962606843791
218.48993030343635
215.03328085187715
212.2559092170106
209.70961729507
205.73987440167897
201.7647726372146
193.8871785276445
186.03098201276458
178.30455686977078
171.81954072765288
166.88140427351678
166.73355646932666
163.98080666938353
161.89200712269948
159.05272295864856
156.67904307495937
154.16980600639042
151.67443298471315
144.88202356849985
139.4087383362251
129.06322525022142
121.17808047365534
114.40395431633189
113.30027132776372
112.91628286633825
121.87863272163098
135.25314051736603
152.72904177668886
165.86680287019882
181.58708339840382
195.89127663961617
210.14525717671546
232.41845523975675
249.84086783961143
263.2391875134526
267.60663317382694
266.4819308020413
252.21658718817568
231.10183733755613
198.82967654346726
177.92128915919346
150.55220708645854
129.4371852861836
109.4934763560914
77.92028968567539
53.77018873203979
35.371864383920496
32.030865871984794
32.806809962213734
40.62779390155
54.5521340411279
73.21854512441435
89.50725314560428
106.92928863939112
115.94031023435794
126.36278277196388
141.10586566377785
151.29738392819883
161.06458347145957
162.28025784189632
163.27993645828082
156.18465708226086
146.67024781978043
135.26069972790128
124.86166285086797
113.07527261852057
104.02394347071521
92.91463036669272
78.44707904229352
64.22377536412021
55.121848635640795
50.63512303262264
51.15364360796019
67.31931649217118
92.45435393117207
129.1568438190743
154.8933242433395
184.9701759814183
209.93526622639703
235.354583772091
275.631657320937
304.86091142458014
325.2797858213982
331.10374547508917
330.35607373159235
321.77161127066495
306.3424839898666
287.18790841911516
270.0615030625693
253.40971838522017
247.0971237107528
242.89724566145395
239.2530798736009
234.4894259248107
227.69628305313753
224.22872557762054
218.70585391141032
206.95120105237237
190.59536646166862
166.86442421161163
149.2654539140265
126.41753850586709
102.64741926143788
81.9728618839912
49.22849748656876
24.15521556731392
5.285701524603415
1.847349956920783
1.3041516941563793
5.449672345134045
12.806310315239164
19.806076496284053
27.84047629698715
34.02708832480201
34.51006751061124
34.597689210057624
33.74206968304794
33.915704404589384
33.54939399569387
33.62720787659636
34.21279699811587
32.786829140246766
33.514064409501586
35.74672876767219
36.98468206157118
37.737483446144545
38.82006071131862
38.935614521791535
40.927442067939914
41.280132176360716
42.01938026715881
41.87017092629026
41.08128675619458
41.19246063568874
41.13046054715144
41.80045673850076
42.070392594972894
