11
10
a
29.88158531736276
30.89911065801348
29.952705799870458
30.94090737476897
30.712949314381234
31.42913268155779
31.009551491876664
30.50702606211334
30.36669114756471
30.299700658763236
29.776641176716478
28.478027087306405
28.317468060380413
28.77250616052543
27.440910940754907
27.395517420283213
27.389893273794346
26.60846181757258
25.40274001538239
26.05691804027903
26.451150097490252
26.854969546656115
27.701399378800023
28.189352723858086
29.046377617482587
29.609372234068655
29.94730517796608
30.923233898295887
32.30648663180368
32.59160833066658
33.72524634840523
32.46128171358858
30.68610065193799
29.366118430347143
26.2641312428044
24.48992594886188
22.191303572046344
20.6825125644751
18.188028884740955
14.277503656094828
13.022478478362114
10.945327002190584
9.962631968103697
10.358431417014902
11.413150139796288
12.310093768337167
14.10938734582403
14.517538511764645
16.936500009200085
18.418680145785583
18.011187884753163
17.376889642631365
17.483450633055202
19.124460113186654
19.491525495385524
19.50998293055323
21.836064127854065
23.126628404947787
28.860410970648672
34.20021968905315
41.329928722198126
46.1197958887909
51.11078574950155
58.46811067112222
63.720791151310294
67.40527253259005
69.46187405134175
68.93769206557985
68.16911484303328
65.81282915954544
63.88991093265135
62.486044319439124
61.66360802487781
60.99859615522283
60.74058252342893
60.18116761360167
58.680134419016085
58.56104433285905
58.32337399837538
58.058219215161806
60.532362540840666
64.42364686216888
68.54711707801114
70.97564203491378
74.30486892292825
78.53594247721048
81.46345916985652
83.96642563894041
86.98394792081163
89.20033416557192
91.16725270729164
91.5172757995519
93.83045886643555
94.60794337679681
97.86179883203157
98.41890776617
99.58211503679873
104.56705493707634
106.75239646449718
111.69908152687427
115.61152973981285
120.16288185839147
119.43945393208125
119.25603813278586
116.97651284863939
111.97422552907828
105.78883059985291
100.87381339205561
95.2345674185417
90.90429139240561
86.7080974020972
80.51027082612549
74.0492875602785
70.05573757731703
69.87151691181869
68.72889084792565
72.12032483552821
76.74719107325075
83.34561804614751
87.5717608427574
93.59813786818472
97.11128388725395
100.62218241938048
106.0331638257908
110.59681850856258
113.35503815826267
113.85386473825957
114.81694592587877
113.91442409616185
112.7582122413736
111.20113915862363
110.60954959387348
108.84834575437992
108.41098560278903
108.8906324433896
109.30379854301843
108.93759674165283
109.3226339105678
110.24087770319572
108.58985828623793
108.92216865887642
109.00481266537314
107.18402221619064
105.50731195490991
105.55857011178695
103.68933754166376
103.19924875609968
101.0056670423039
99.73185247393118
97.19276091468267
96.58819382445368
96.61997943357912
100.21070102694772
104.64195133486947
111.36940987523762
116.32395014318257
122.22528853506545
128.62612453623075
133.6580377562859
141.2900986758256
148.63009606903594
152.4301989542543
154.74040905685666
154.40051953526685
150.2846036904392
143.89783848709996
135.06667332342502
128.46967633401076
120.38292214116596
115.19486257216896
110.18492535149979
100.65048334266785
95.75965871869913
90.95039889567282
90.17356159437963
89.20721973070368
90.97791945869834
93.75345706291412
97.46234656884829
100.9399475867342
104.11295893781572
104.70835729596747
105.90081179435235
108.96153667947266
110.41176455048615
110.63765269001469
111.713698579325
111.79489274248854
110.7906936563214
109.26281717445468
107.68944265569
105.23844130741081
103.54508712838499
102.12144215931622
99.68107193939372
96.6792530055195
92.96627291439512
89.78837568342996
89.04769476044939
89.97036002337846
94.46167502818389
104.80489121291676
116.35439365588564
125.83734270021749
135.75067564847427
146.154916843351
156.5772105100989
171.53475401291342
182.82992318995193
192.04901682759782
193.9721759644183
194.44656508691946
186.62385311235508
175.7629525036562
159.2640958184343
147.60521906323018
134.0616876230716
124.11933395302265
112.83747546596015
97.6841469419122
86.02317756696817
75.73105513768411
73.9591606021156
74.08256328299574
81.29454882348115
92.0302537839035
107.20021821057988
118.50274424946538
130.92247142775602
140.25119883706049
150.35435223252043
163.20817749456648
175.0813689302418
183.12466966663962
184.83650227563516
184.52702524441384
179.26111440620764
170.56632723644756
157.8286966780567
148.77118907620326
137.60401244531778
130.46870626792892
124.66235615631462
116.14747181905203
109.86292111275532
104.90779533529079
103.69707819078377
102.10018645951943
100.03213565780771
96.29584413734278
93.8779652715288
91.89558051224599
89.26708785823524
82.60284279670104
77.93549077404447
70.01547097005727
64.08110927743287
59.228741107976944
59.18552693124386
58.359875671754416
60.90846076879776
65.04846421079655
70.02099262100106
74.45088377682389
79.4885379633279
81.87826059656794
87.22360614690632
91.67307023822102
94.58828764385072
97.4140929627336
98.4401146367329
97.04835721667152
96.43711502576559
92.73649472856329
88.22424173130027
85.59392965881452
80.73066156495487
78.43531719310404
76.45606738268623
73.65605935803502
71.40875318373061
69.7430213055969
69.09875461405004
68.38024905629688
69.32942616009935
69.46910192981859
69.01225702298717
68.75889685708815
