2
5
e
48.50477955642603
48.197423795445886
49.12461507350179
47.76364076630157
47.54415516984522
48.09527544963649
48.20245176076972
48.57214754433797
46.376441837856596
42.97491383985725
39.10315556443816
35.93836518822825
33.34490925893414
26.820123189069378
22.634008465501793
17.289548117347344
16.88247747464426
17.06267645722489
16.636110878245756
16.537553828282917
16.058705014638345
16.533801865867773
15.855822087724494
15.381284595562501
15.544666949844812
14.85068256780379
13.588619405318742
12.16320794270418
11.92757431426911
12.203158466768215
10.281090516445747
11.154370479334727
11.416060964287903
11.90736871868312
12.477079312728318
13.10823450300789
13.959299735068559
13.963613710716373
14.468190822713515
14.656517385091261
15.240133063826228
15.958136091825228
14.726150003043854
15.116115609998312
16.8352945183342
18.19950704257801
18.17407076223103
19.79165018989636
20.66587245781277
21.787399506182158
22.079430185305988
22.087805621057186
21.89076046934546
24.027849418916944
24.15647746527878
25.26247220947566
26.2059812875302
28.878234750267143
31.88526278209976
33.50365940799065
37.341966274138635
40.49804853831182
44.00764732794695
49.40265573090162
50.65113198364498
51.10088501824671
52.25066073269882
53.033057289076886
53.785938833384336
52.658733596645355
53.58192150455291
53.7436600314203
53.37093108864832
55.527645505942935
56.177402490513266
56.894048409083425
56.546605321011015
57.5343503629111
59.15218571659871
59.37170922533257
59.91439330360818
63.90709268203047
65.95244502359785
68.9437971772878
72.21354438953826
77.27677398299306
81.21559128529672
86.53107392572255
85.82331787618664
85.86448781391356
85.58076435292045
85.0854173767858
85.64230130959474
85.07695886587696
85.58784751417265
85.16684065086795
85.34325890191555
85.31011429792228
85.64772874608332
85.31705021196055
85.97752682016042
86.25446566947149
86.0590051421675
85.9598642246468
88.1606095446246
87.94414365856765
89.64512491807737
91.46075526633683
93.80752899071052
94.48698737887867
96.36954257012133
98.10740465140894
98.97901359173768
101.14446424011466
101.81235868630672
101.64540920886981
100.88662867634797
100.6678767942659
99.50035592007617
97.7901304833255
98.20712541436043
97.82744157942348
97.21181910337951
97.02770429959821
96.864346448409
96.89225769905718
96.40575642913709
95.64589075271087
95.02423494608345
94.23571082961827
94.01364752063627
94.18560930861007
93.24705876591189
91.96217533283146
91.07209834944999
89.58158115249641
89.16627756883526
87.42038500885502
87.30747705923356
87.06343531019121
87.8622888351316
90.34653424791675
92.87535027297956
95.5097417026383
98.33024620871731
99.30981137255664
100.22965796654663
102.72488678155989
104.08644810643723
103.74469018328391
105.35281806146698
105.70170112767137
108.88732910665206
111.56985733502346
113.73878573819282
116.14762829402045
119.43883137173485
122.9793378620473
126.48608260321912
131.40151423721912
134.4661121319105
137.8090221869367
139.02366959074078
138.29679558857245
137.40675882000886
136.96366926546227
135.42871876365516
132.80109541360576
131.50065766313782
131.37823524377802
130.804363047029
129.81705171474576
129.86562734330036
129.4533346888419
129.81398937122748
129.03607459277055
129.90466538241438
131.1521392387746
130.19431297623834
130.28457762448443
131.03329038255382
132.0725897216125
132.8911588327923
132.41412052982642
134.40478821035973
134.0928853945375
134.42168285411927
134.20317410938782
134.07379304007787
134.92254852805428
133.28648114201954
132.01085095430432
132.00331127046326
132.4171843177118
130.07341973465938
128.26660661564884
128.91600983917002
127.75130534053211
127.25119878956139
127.55023810910248
129.2095327371509
131.81174233737195
137.51957341787758
138.97800991910663
142.81991200222393
145.7133649531796
149.72272420531175
155.12245495358798
160.56887438442743
162.848212930099
164.23672602985778
164.95548250892733
160.3719799364797
153.24375440745087
142.92439732560786
135.38826041421729
126.97400373182138
113.0613457434219
101.12951254761632
92.74644083789404
93.69221453948688
95.11004887111852
97.26449527346008
96.47710480626813
96.6504342255693
97.27887883210667
96.85950280371193
96.8195959386791
96.53161751418247
97.37147883420246
96.78636984313397
97.25822529720942
96.15235191879164
96.82381216488785
96.67893048473601
96.70221649087085
95.63125128057042
94.64549493610293
93.60153484989686
92.34485103420488
90.3507668279449
88.28357629241181
85.82805770152277
82.85689327907859
82.84052433520367
82.15964514678295
82.43730933909224
81.93821461314492
81.59820537044068
82.1283208873206
82.05978461597235
82.15946399126284
82.2214861693142
82.58772622262575
81.80490865562798
81.54144680760835
80.9682777080418
81.34284031332957
81.59669635029047
80.61498265009322
78.88891008648291
79.33545993513388
77.58914270080125
75.61544998931294
74.36990523098467
73.59411387655317
70.34077432399438
70.07074976394532
69.18546182978567
67.36168731539489
67.36590836983305
67.2795644953317
66.03830082983542
64.85955290044441
64.02466157913804
62.89904585085225
62.04192044601747
60.5947534596811
59.02648945334804
57.19699296361174
55.86818321723366
54.04932911115168
54.01710241367883
55.13066373950959
54.73311859992205
54.8171805012166
53.24756783901315
53.51191657848206
