7
2
a
142.28700899463632
142.35185388822106
142.9189864171138
142.07064033184923
143.00854665873413
141.34987185446624
142.18406549374828
140.59874248950973
135.88064205216648
130.02974428931284
119.44764031213609
113.36304453265863
105.60924456515545
95.42797385732337
87.57156993423459
75.85167392000697
66.80233706008698
60.92143858863702
59.38362592108118
58.80043662625786
60.385836929072504
63.155968815271926
67.37369612482848
70.0257246032176
73.8009005836868
74.61757898206088
74.7921745352626
74.28732956643616
75.23226541550339
75.81783888765383
76.29320944135577
75.9273641847462
76.89751480721142
77.80182958678941
78.77258070912059
79.71828381894714
81.38609961943123
82.02235276929716
82.99658200450976
85.38394664725521
86.65776555586058
88.25383888954931
88.2003251712118
87.81294391518854
87.17518515216533
86.5541216726317
85.07512618517549
84.43036674177453
82.80396736910708
82.38663957978093
82.60945345471694
81.4045118733119
80.20152372246748
80.27417600153825
81.29516902452332
80.06196663916434
80.69218757658021
79.63632201220545
79.46070103091854
78.51800866731386
78.91377766102329
77.43573991369837
75.64292056192075
74.58088387076862
72.34770353178575
70.99539911387674
69.6864151577424
70.57883349081264
73.5077629885446
80.35644646573844
88.15183518019434
93.07669268525983
99.28363811095448
105.45846041016658
108.97797281680003
113.94628262870492
117.87138436692977
121.86523081472812
124.863114146566
128.1757796223572
133.28059005173822
138.0624615849964
144.64407581663278
150.1355000446405
157.15924850830137
164.00752160864744
171.9093553246532
184.7518065064598
195.28179934766104
200.97568158909644
202.035135407395
202.60730902785605
200.75600744501904
197.66858595074913
193.96734767431107
190.94098404609142
187.67557491990362
187.11889265955725
187.30064611190872
187.61401206811038
187.67331778400555
187.45469450962767
186.50179496918727
186.1292658143005
183.91513048793283
182.77352696045543
176.30306979214143
169.48507131797228
158.43261833910518
152.9728683923164
145.90874895007386
135.95383080142213
130.00919065888945
123.74928848356893
122.61977545868183
122.86382241468942
124.11256839499121
127.02476566956007
132.42315371658512
133.15413650453164
138.2933567999324
138.96928067695404
141.19801161244933
141.64703099707302
142.1387988058567
142.8393375954597
142.82965342609342
143.18056088520362
144.74839711471338
143.3324016001404
144.32993400225268
144.2765727275
144.11781872807154
145.9707602401788
145.4286289440073
145.15430304374797
145.86969713154858
146.18990780254157
146.22885864164272
147.66650610512147
148.44495558007233
149.2572165731933
153.77889908131635
157.4852344886871
162.10469826030064
165.11683435903657
169.4375909853477
173.62790706755143
177.9066819025317
181.3687411081327
180.56880622346677
180.24498435661963
180.1643262043549
179.07601757533394
178.43443019384114
176.04732287370138
176.1476483408506
175.79474151472544
175.37895152967707
173.2480219892072
173.45759539517047
171.96915581153945
171.51811531574654
172.89198636637957
174.0962955513131
178.27958885194113
187.07106460147395
190.37611228301475
197.8273157393134
202.6595525102309
207.6794671453896
215.86471955185064
220.80281322611873
224.57609491241084
226.3406678819404
226.70064485121284
226.03803965872774
222.67805314695192
221.10399467093958
218.90648365506453
217.0456419486411
214.91374644960868
215.4368552807126
214.7755187324255
214.3955012302202
214.26958303466714
212.44042951106957
213.70510389332114
213.0702484822029
211.27861305597293
211.11479314516512
209.7671090351125
209.50007776848716
207.3717964472822
207.29029274439844
206.439483683117
206.23460745380947
206.00404344122268
204.38558583601136
205.14882949180165
202.3050554803627
200.00885855703928
197.16263692070578
194.4259741667473
191.6698534643824
188.86139390270398
185.03643857678605
180.26049816517687
175.49164708096075
173.8411739800947
170.91788390812627
171.82176638110667
176.12733694247132
181.47090398656974
189.69440747580921
194.99932909259965
201.99378933598894
206.52919764390285
212.8533947936572
222.1595472457333
227.25389036750124
231.87232274574708
233.74527313214486
233.4702068978137
230.18661877667142
226.19599446810838
218.6184852162545
214.94239467833677
208.27756579864783
205.61492361773955
202.19591704920327
198.22508557102074
195.48384678776526
193.55607364488847
192.04894924982617
191.60671149673826
191.097957320863
188.32355566339115
186.18755564828285
184.960710428021
183.01757080098037
179.76976176785388
176.31326826719453
173.39541853549667
171.44473135030182
170.13859546204122
168.67768242085327
168.41330072554874
166.81587408854512
166.46395325310635
165.11847653319774
165.2526244715148
164.03436560862133
161.24489997635783
159.70865055576428
155.74017472956783
154.17153790165764
152.10986700304753
150.52469489935072
151.63971708306093
154.26266242789958
157.80510353687336
163.04349279671598
165.6454469555186
172.09396437551433
174.26715608990438
179.06463284453707
184.9114564301171
189.718155839734
192.91642080138004
194.10831450853502
193.7553104651965
189.88308000142342
185.5102837213067
176.97435819432272
172.7733978251933
166.00007345593806
161.15086222782926
156.9468791482643
151.65913239597484
146.76606006651562
144.11438766163647
142.31292986512634
142.02133788195738
143.120035272369
141.68941661930072
142.4190405259928
141.80934879876315
