10
7
c
57.69286713510424
58.01801120823354
59.16391318141468
59.25346396872089
58.818816735170316
58.64088690445298
59.28620219959185
58.35360977023926
58.66604736865085
57.576310711296024
57.11360177801563
55.75166354165211
55.09959947049811
54.82914174594538
53.457919429099924
52.8463798512859
51.422759272036394
50.90339890160538
50.931758112312714
49.99307854068116
50.338443038204545
51.24485506118163
53.563754501289154
53.738151442058495
55.49185079586056
56.50442469228948
57.262183077785004
59.675176391123955
60.665881057070436
61.75636344356453
62.426420782896194
62.04877449070149
59.875120612598984
56.1530353783811
51.10695649357212
46.33819432048579
42.10664844802658
38.24502022671004
34.55045974606609
27.695351076712175
22.67740135155304
19.90675333911291
18.607797604195397
19.063136452283434
20.405576851198568
23.56642558616155
27.21253655984398
28.685721508800793
32.457301942232654
32.78313284017394
33.50771529086137
33.61477728056322
33.677622000859095
34.9339209861941
36.16235627241296
37.286662716143844
40.8640093167673
45.26639573156188
57.51970203520001
65.79304063245036
78.78255063177401
87.94885011976899
96.54136427393557
111.26162068764776
121.37172524221423
129.18609410490987
130.43595507281935
129.61718014733907
129.33537840981748
126.50016862539694
122.49553037067803
120.84745302507292
116.66850243792936
116.06532795909447
115.86362935757565
114.96660205417461
113.41248573614874
112.03065413431688
111.64383805308249
111.96589626374312
115.47345794198415
120.90982669467418
130.59191275598863
135.79085689058837
142.63510623249365
148.94043739969442
155.14891448816223
161.49531742763457
166.634232384746
171.2235724862089
172.92154521576114
175.34682546370058
177.4969745894141
181.70684483568058
185.40314321888332
188.2752910912421
191.301943790719
197.93626826576227
203.9836595789696
214.1975993384266
220.98911553826778
227.21178387519348
228.98668784120832
228.8479696249691
223.0998031611127
215.0003556912451
201.23172806838298
192.2638345737392
182.05839858471413
174.0955916467892
165.0219242524172
151.72511364473866
141.20083872352035
133.77163048201297
132.1430588154857
132.58479179789703
138.50955341959184
146.68760031420135
159.57057882884527
169.11517491456289
178.98372335110778
185.47653137474876
192.4056230620084
203.91035920647792
212.05841629335782
217.3562790447928
217.29778279118304
217.61699368270416
216.7377899233455
214.50147527068413
213.47942903029082
210.11714946342286
207.68779343612397
208.1370271268832
208.34782852151127
208.41743393193593
209.60577490836877
209.37322168224128
210.16975383431452
209.0420723597195
208.01063450524111
206.6671270848772
204.22386805547015
203.68620505865422
201.93122984929502
198.53395007576995
196.83717994893652
193.65546188642782
189.02856596840985
186.16590147909358
185.02153136194673
184.8397607423956
191.37542493116467
200.8072249862231
212.984001663491
222.96087199548188
234.31888357671053
244.40659308732606
254.35324015426232
270.49558243192456
283.1293485605975
292.8493764962917
294.902597640279
294.8041105329712
287.39905785234356
274.8188494817143
257.908427330172
244.602119163719
230.20884147539283
221.0690902437458
209.0232706486212
193.96049743112516
181.80354280909168
173.6643979919833
172.16132848508258
171.7189633079942
175.2636393985553
180.66640086726292
187.131074708682
192.62429414977058
198.24828606000744
200.95234848795346
203.33551481752932
207.15342988020203
210.34853552650523
211.83028903225164
213.2429882295358
213.78020084995956
211.4908430740639
208.1133600431757
204.24210487397033
202.5231588934624
198.21346777485553
194.83970460542068
189.6439634490278
183.9860344318916
177.68962265965084
172.54579962933568
169.43480546405706
172.061169675055
181.82701001259173
198.20925526852733
222.54059419197947
239.33568856391008
260.4404439374365
278.35178872055786
297.8180674759077
326.52602088611656
350.2483635696145
366.41514201605304
371.6007916449573
372.0131993541869
358.10327940638985
335.36082563319974
305.73595271489194
282.95821012962733
256.8199586648445
237.39493079734348
217.33989222341256
187.40497655579833
164.67816835965493
146.2783155564989
141.96565022853983
141.85337510969097
155.82498887767792
174.54862236900235
205.1797143229973
225.28349971791803
250.8200386731737
267.5368172241768
285.99022694006925
312.4481652516284
332.600746756519
350.43486041836394
353.54662739801296
353.3242488838148
341.9317169643451
326.0708899427636
302.1181786131576
283.3471260285714
262.47209762294176
248.57343845759272
236.97175758541195
221.89926196762838
210.04010171917488
199.68354782686316
198.7685468453993
195.26096927207152
189.18246891071107
185.27841298717144
178.8774169034822
175.1944268381213
169.48087918089348
158.26486420501635
150.16391659323247
134.19166275764138
122.93333078364707
113.57233156343553
111.43269243113741
111.6671523887809
115.56170911318479
124.74539113614911
135.18678651847168
143.94939843353038
153.13984947340646
158.44541886276141
164.8826351126871
174.57470446887504
181.3616066068517
186.78494968416945
188.3155012653426
187.610983777052
183.5666950165225
178.44220755797207
169.30654886589974
163.03229833227115
155.4205146206915
150.6916533582335
147.3692125282502
140.21269700187878
136.35348777856728
132.20931951313804
131.46508549545186
131.18885917989243
131.714171562197
131.9617495867331
130.94747756955277
131.61555948863895
