0
4
a
42.66159399687774
42.36538387377494
41.13917592667565
41.80288447156049
42.32971974519125
41.224676628552615
41.811209011846245
41.96312540824246
40.43570834493705
37.51841146149732
33.35138180723741
31.779361373122374
28.159469664139262
24.669575678309652
21.24524765541345
14.443312718038252
14.153416791493875
13.81353999858324
14.229984861042494
13.584876984177813
13.92400013776075
13.467603416275859
13.969081631498666
13.563738605506263
13.543322803724001
12.50995001210891
11.650354206773432
10.761321062025585
10.696478260157464
9.188924328663866
9.36858312092475
9.516402823311672
9.656891047495908
9.910997075474501
10.645921668907341
11.195709489912463
12.55829939779852
12.452874559740078
12.940532578085174
12.633649619416124
13.014420298055791
12.99416618642759
13.63440747339302
13.146081901498837
14.040863502432316
15.26704399251718
16.615529926529447
16.808373894372583
16.624860023590244
17.97455562853493
18.787476749219262
19.74537603450364
19.395680011325698
20.700333143262135
21.70192401232145
22.192980249023858
23.325632628384582
25.2404132847807
27.242111806910604
30.118934190933384
32.68833573254341
35.38104856073553
38.366163673054686
42.46499579920554
43.971756239534876
44.40440194946033
44.941476857893385
45.58769349175824
46.3964969010569
46.577667996209854
46.668834103661545
46.47431772474761
46.97155035566882
46.77926202379021
48.438895993557004
48.37327071741501
49.16871517306319
50.60602108462138
50.05051033128913
51.77945161618333
52.97842219877699
54.456326212651355
56.61533818313855
59.60838577078205
62.69455968598701
66.58035924054556
70.51340007017848
74.82883513033775
73.64405921227164
73.4055972225265
74.43714058525137
73.53076814825845
74.35028366735763
74.61202015907628
74.69432752767146
74.32519179189305
73.98997710967285
74.1343718284817
74.66426669860732
75.63835656948582
74.69707670058415
75.5007165852238
74.93123841689416
74.95241472169857
77.13109126092934
77.02843181088889
77.79976815843486
78.61233885389126
80.90881373379668
81.5224797034531
84.71432765592624
85.47628596672268
87.47470827310063
88.53079923933788
88.7290826349727
87.8125905906057
88.6116570178743
87.79737291671351
86.38596258542199
85.47862065800749
84.57460908037262
84.94778113450556
84.45258591495906
84.51955288315696
83.84392354681775
84.42036832517378
83.35600689597213
83.71733418123256
83.55676237255872
83.1134017954403
81.47371838279527
82.1080705100621
80.886119788184
80.25275824946368
79.76270602441777
76.7434724227515
78.03462215891211
76.50883727058746
76.30538521844635
76.35765661420369
76.45905617672526
78.85337455806423
81.11536126453704
82.05977296069092
84.71382847204494
87.2436527054533
87.20211300831467
88.95346382336523
90.03420387527767
89.92009898538669
92.06397021087099
92.66762890390564
94.81472123683999
97.3514666941504
99.47854590329025
100.86498826882632
103.75879258609022
106.89877800882738
110.017877612645
114.47927753744162
117.95860372516164
119.84268472802471
120.60616232506017
120.90138170005554
120.12213929027277
119.32032824233643
117.01373273616838
115.40347803274474
114.00905442458055
114.58984082754408
113.76238380815659
112.51924780313105
113.77649637544455
112.4639550657685
112.58544998655152
112.28441820013641
112.58035715782518
113.72457322703262
112.86154251601354
114.07419202475225
114.67714338222588
115.11103387255652
114.56772130409271
116.8574478680737
115.8029425988702
117.53582456723362
116.46081221236172
117.34905977559373
116.96014921446711
115.92380048984464
116.4971429944492
114.81934340655042
115.43960270104633
114.76630441856007
112.99835401545484
113.4414679966895
111.47214978434678
111.00061399687516
110.64753041608532
110.80911128226477
112.95406811913057
114.71837198249061
118.1213943370404
120.19309845704574
125.01358556846984
127.06730097185265
130.31426648316054
135.3237737863712
139.8359839193729
141.10790006009037
144.10948497078581
144.25508771641927
139.88508667070667
133.63739823872208
125.03206627617983
119.03376132018755
111.43005453965058
97.8022275861557
88.50540317474287
80.37159040922448
81.3023566089189
83.7328678739
83.51015377123218
84.75352040012332
84.44015381652406
83.63733662497168
84.14915712988672
83.9764786597448
84.5461270891001
84.50351166703383
84.16244061205323
83.75455234410778
84.29278563899973
84.1327660796762
84.13437444370899
84.26643740404727
82.9059179908991
82.66028437801386
80.63783698227301
80.35678888050768
78.34066685712905
76.02091582881913
74.88903156494405
72.85361418412458
71.77770236999504
72.88890554922577
72.27101011748073
72.11360436702522
71.0719324099442
71.86116966100896
71.50987155502817
71.48277233617259
71.44397457949002
71.11277058390422
71.44560460298293
71.48364986119489
70.4820460937757
69.80413466227166
70.56097873388106
70.10054018054359
69.59110384104754
69.01209299364358
66.40345115496861
66.41497811462986
64.6274197048114
64.18205851856474
63.159123649331434
60.408116819155346
60.66770470283143
59.30574172609934
59.8948548021883
57.52620459883333
57.81636532169055
56.07442225532648
55.62451221423777
54.63307325234838
53.38938359208354
52.31348590045467
50.754302305123524
49.11469629327304
49.079228042715094
48.7638176269415
47.300598619322926
47.61190946164347
47.30671379894977
46.818359042429215
47.632198353024485
47.78154942361563
