2
9
d
96.98190469841411
96.82047622700918
96.62580296308084
96.75169423276317
96.96189845762925
96.80361248392919
97.5595957987223
96.46943848474668
92.84750717638407
87.17325568409481
80.48871118691969
75.12371200353302
67.63713370058903
56.6556417073329
48.38208323659748
38.78535044760084
39.101617152595324
38.43905985926044
38.32977083594684
38.21825538573083
38.80892727116739
39.16486110721676
37.94446296705932
38.15275345313319
37.99944733343998
37.44947116088735
35.7547423709964
33.52353951472714
33.00388106780979
33.50618062015774
32.65415012981931
31.574412595758705
32.62365245161236
32.86001179020809
32.68153379221271
33.88685416675283
33.42538686912744
34.284209478506156
35.15713423163463
35.26175126179139
34.98202435156294
35.65527734713329
36.11120281054862
35.8190929154231
34.890226354020314
32.32232342113679
28.55285796926526
26.22274198345252
23.63615973588243
20.62485630444595
17.008096014294008
13.621520467373342
10.35120507484061
6.325331103250646
6.633621064227438
6.988923059285757
9.490327380723267
12.204750834509973
16.907392717638484
20.747882879909337
27.106038469203714
28.236750280575666
30.843674097042015
36.91402181433011
39.707208571621905
41.90709805157567
42.876800834649224
43.11120686183898
42.46963313143969
40.75269939641264
39.295915991793656
37.79244254461959
36.21509465527466
35.21543506890681
34.64343821718404
34.390983837774336
31.994808958195236
32.91900916240861
32.39461027406996
33.072819000793366
32.86717939551225
34.45268515810671
35.94435976500644
36.05882388678558
37.932853439298505
38.80928118584638
40.19853286531037
40.055015597631204
40.2534333767842
41.31083235158021
42.19488983278245
42.07058346604979
44.16954041216449
46.15799719651789
48.95823002428025
51.68387669035938
53.17442609161929
55.486518616324425
58.27034947619066
62.144642809151605
65.43387552228643
67.76785313937319
68.89819928214223
68.29320906167558
67.8292419401828
65.4971338951956
63.214195083362654
61.01929706914384
58.90031732849329
58.735626582158794
56.65984248390655
55.53242296009882
53.8992969524563
53.35919588396406
53.81133830670486
53.29676090176052
54.24795645379398
54.75980723127237
55.99993771146107
56.726648273613726
58.01399615707787
56.943357448880676
57.278772573044414
57.86502223141753
58.511312694745804
58.51114866702639
58.06552082144809
58.57826217447516
60.04779484465089
61.9245765451399
67.5300105224642
71.1132416912168
76.04694916621699
81.91225286120354
85.70290662945138
90.42719444348556
95.57049333998197
95.80442886507794
96.57882758432608
96.94256280007033
98.52728628800517
99.36381404158008
99.39416346960452
101.95626823486221
102.25713089540686
103.01846892478055
103.17482055543212
103.72535959131014
104.21019211928657
106.17511832603812
107.72210055148885
109.32261282076306
113.16814540847254
118.38746682093911
129.442495598525
138.13616942709803
150.13588605540014
161.36527673477352
171.32735540240753
186.59284185286853
199.0372390981483
209.00661420774884
209.45019109177017
210.4669760926895
205.16144668562202
196.7961786671376
183.88781894203066
176.68016923702095
165.90372656445265
153.1921205855845
142.02584079868961
133.68501346068066
134.8152109557122
136.9415244375221
137.63358578895551
137.56172246854456
137.5917017491763
138.5255586445005
138.0169269066215
137.58750877445544
137.70767765381896
136.62848622779214
135.75629007886496
134.36027661479127
133.37553203863817
131.91755847215506
130.76723052652895
131.00789424722768
134.16433280571638
139.07398106212761
145.6814266656108
152.13173557923884
157.2196243575319
162.09217783264688
167.06270219173305
171.39362641035873
176.53621533901753
181.1170864687536
182.05391089063968
183.7970991935142
186.18108260042086
188.4780022398082
192.10873312503404
194.28632156208496
197.39968051148622
203.9898834165177
209.32078396522027
217.21939084691263
223.56162574414077
228.12900115159673
230.07841422344723
230.75757140209654
224.59257413177215
214.93470196239605
201.83928819115815
191.75856096405403
181.12654173888015
170.30751425726044
162.7188171756999
153.72674447673165
144.95863149277451
139.09465480262753
138.1124568773175
136.5532845617449
133.67766711510913
129.7654735085487
127.07957343749263
124.2338261881275
121.18157634523645
116.17249666650275
110.45361192279601
100.75208537678627
94.85889401357858
89.4791566336756
89.22726234087939
89.56484326376895
88.79505953302086
92.41964174088032
95.40372628209509
97.42081246627227
99.60993050834516
100.3718489122095
101.40148972409364
102.35989054563119
104.61485395451074
104.00990648285504
105.01504638372408
105.30205080827737
103.75630508070208
100.24355630162432
97.70770173761261
94.48719870643838
91.30360975065742
88.5184818439843
85.14387519390536
82.57036420719153
80.40376358539957
79.53748050888639
78.77810429816891
78.29396926604981
77.8626404532798
76.32202017321742
76.33646017221707
75.74337111228645
74.87366832549493
72.77337770793699
70.26287679902039
67.66738504216906
65.17521811046606
65.04519516937242
63.310829877233246
63.69623262109547
65.70213914618708
68.69168162476639
72.69092995020983
75.42487551147487
78.09053773968333
81.32485049319295
83.27537749094066
87.93514199520165
89.73005064340808
91.33672366662442
91.93393283858946
91.44768560900616
91.84979919713703
92.6452843081985
92.51423465894045
92.09168363733468
