4
11
d
180.21702874359548
179.15783460638326
178.63827391881642
179.83462662393265
178.32684960358856
179.82746227736783
179.7949933932943
179.3979312865944
172.17675551432555
163.99572258729484
152.66710897970265
142.64383587196076
132.47825124872617
121.16294789782674
111.79292959504231
96.02605808432257
85.67843412340488
75.64292382630671
74.91011110251219
74.93733924113957
76.46340222656895
79.8909018731039
84.5677768522042
88.47917524963347
93.22677278629108
93.27190396871156
93.52859215133977
94.4104543775743
95.0664024962981
95.67052428349098
96.15902359771763
96.12121132994572
95.93378641654627
97.8741599845294
99.80472235315843
100.22569190101953
101.92291326830707
103.42936974748694
105.90475123255241
106.61129967374883
110.40858821038589
110.70333907680343
111.17677514459467
110.42982689650515
110.02152604371845
108.27317837025426
107.41265223201594
106.7699399081762
104.77390826354645
104.83636644524199
103.05307528688081
104.08888955692653
101.84068856410707
101.63533626629963
101.01646871083861
101.84779359935715
100.75840568449809
100.3845251931898
99.48398557916731
99.5020845858815
98.3050093464994
98.08139335373922
95.86875826760388
94.06535209987985
90.82198247402485
89.7770006370728
89.7893445268377
89.56256995883852
93.91662542270444
100.44409029898827
110.33000005980402
117.33040000023104
126.27994042173937
132.90278458726613
137.4563161446888
143.95239258507817
149.1566209808914
154.009166254925
157.97281360677678
160.62204012443985
167.99081871007806
174.35104794317252
182.73567309494572
190.67806988809915
198.02797690069067
208.8939267964833
219.2525383357364
234.33444097716966
245.46528563233986
253.76284866787142
254.70397134153114
256.214391449076
253.0684407975282
248.94654992653673
244.4824230292044
241.02420380499464
236.78229327235806
236.86250028763106
236.51077887490086
236.17770369634755
236.8408130448847
236.76450584820947
235.60288844526337
234.50956101070244
233.92629492960376
232.11855604799263
222.54301727809172
213.02195058917087
200.7095071206136
193.06928065806972
185.29706919091984
172.23251789998122
163.02448520573677
156.9199613122153
155.5252247724475
155.47462715057844
157.049979620182
161.21275393537715
165.78855481043132
169.5831585777218
174.36861768027845
176.46525472508597
176.9876506852474
178.13256836846716
180.90173884201434
180.70579461429537
180.26880518979124
180.40593056177167
180.91315633723977
182.40795047403134
182.67105892887196
182.64682659252077
182.10516329518575
183.1414553645017
183.96790505776647
183.94019202344973
183.6340493064984
183.99926344223755
185.03028669269997
185.4630809931009
187.4433655889074
189.217028688113
193.03908864093708
198.73377243431042
204.2577843228422
208.4273009558224
213.44140823147507
220.0865359528771
224.34375570096114
228.01856633667012
228.1539596309695
229.26649992367064
227.46305932966393
226.9657431164373
225.08398441387843
223.24445119717328
221.86379305067638
222.15476410497138
221.49170812223198
219.94715624378864
218.35027068306823
217.95858220640608
215.70431393207656
215.72203090444347
221.5344088822577
226.47712258803716
236.9985921003464
240.83291960005994
248.6777726861561
255.87889809919326
261.6632267388901
272.2918472199343
279.01389033618483
284.5000258763973
286.39095149319957
286.05783508213085
284.7192421179044
281.7793160373386
278.9015241811683
276.1213815969003
272.7656919200151
271.99404871395467
271.97844557088945
271.3217131878538
271.2200663785554
271.6844764471545
270.08081452372176
268.77345781160403
268.8223254694237
267.62921362512674
265.9245720463598
264.7948771761024
264.5227884891911
263.42087317317953
261.87232879915075
261.2534339992217
259.8845863092677
258.5094160845185
258.3581144148613
256.10692197989425
256.3592509443853
252.29263554022134
248.4545987876066
245.76169034981436
242.526711094
238.81966466676187
234.92556229159388
228.00544299048164
223.54469441432036
219.103098124542
216.62717804030416
218.17709361440583
222.12439012159174
229.58553678044942
238.76904703100666
246.24230623707578
254.58974579604424
261.82515863420446
268.87179067912626
279.61905645074745
287.6546139972369
294.22091613835454
294.8258204963009
295.7249692740998
292.03607730263116
285.1101616752953
277.13519761319856
270.9621507257671
263.6493620276225
260.13432322372023
255.89899216268924
251.12622207234384
248.0852225160898
243.24044229446966
242.99488471271613
241.27630498813457
239.81094693865842
237.33163615934268
236.22167745940698
234.00099532229197
231.41887093864736
226.7255588676311
223.16829156818446
218.30737629971503
215.54817350360648
214.0405860186682
213.47264178919292
212.4554732834737
211.70334552638036
210.4178937594654
209.42772213282962
208.5788850658522
207.94941943684125
204.72894712215466
202.29287984179666
198.17063221094435
194.75860992263884
192.12342358221815
192.18146439227144
190.61428077935605
194.45516622097932
198.5349816852889
206.1498319812964
210.35465269284626
216.03690096625186
221.02337373337983
225.61007029006987
232.67518282397918
238.68422030772683
243.67372465740922
244.86683645402857
244.6930759598093
240.56378252084127
233.53940685609996
223.8829939667421
218.70036129098204
209.9064467324305
204.56860743070595
198.5876069244295
190.71723009407796
185.01830985871985
180.6527660328986
179.72999649144796
179.92205617530013
180.4418444351342
180.702856735735
179.944427787283
179.7102957373618
