4
2
b
103.83396350270814
104.11186657890572
105.00213492260986
104.66367142924172
104.3297292754205
104.38221247577944
104.71568297359065
104.25853239749036
101.3276550884767
95.36454262940391
85.51839500806037
80.32105788048143
73.53589063879463
62.25701471431317
52.30182199063393
42.63770942919346
42.847220422747775
41.756091063119854
42.36818251179265
41.70117792464329
41.96175566940529
41.88098485422055
41.75176617110643
41.72711450776885
40.999866211229914
39.052271098505585
38.42687882693522
37.125443613676595
35.34964556206624
35.103300968232595
35.18261961608014
35.33967239833855
35.57628792498479
35.443962438753324
36.169843840745344
36.20777880599586
36.395958420475544
37.08518088385687
37.15409555864838
37.32481491265291
38.37104654784303
39.00378091338711
38.670256334625805
38.63055804307564
37.47516514449575
34.80163977962612
31.828482618880802
27.596842635139303
25.039740335219246
21.813711645549855
18.428402573513402
13.900461431806217
11.018481055690557
7.238420048820864
7.193211791613113
6.271788563750034
9.884362360053542
13.301551482127884
19.21194115576909
22.47450806144472
28.201901254492576
30.62431961988067
34.95759868728925
39.983535363311006
44.21539043452868
45.732806967276716
47.32319951611009
47.289034641570076
46.578210615432106
44.98226884013831
42.68022102178688
41.35932636094167
38.8963547470077
38.73945740909645
38.55130731352643
37.605169189380995
35.58812738404719
35.240385320603544
33.95315354916617
36.325457784251526
35.830500701749614
38.10826056162365
38.92023284856176
39.96531267905224
41.145390759523025
42.77215355181398
42.765880066727185
43.51946928549178
43.767655018728064
44.94537154314311
45.680886910920215
46.4601526411256
47.61295013257853
49.984951609879126
53.25174006650003
54.958579210781494
57.34809168659545
60.51070169618208
62.872208125593176
67.58848295792885
70.91247759081038
73.9715976217736
75.16762476275498
74.06005014607592
73.0398932492303
70.72563106676293
69.33519480677823
65.91875276785846
64.24468312859914
62.68138521650202
62.44767847125997
60.79772820478224
58.74879537444706
58.09942686246383
57.132991357123785
57.09766839030536
58.32878664801722
59.38586709920785
60.630226914763604
60.930374226598516
62.29329239279022
62.6838118440098
61.716151957711915
61.49320168267851
62.19736340488134
62.687162383444786
63.342084794030086
62.74441589472207
64.28987570430849
67.14545616702492
72.22294553310286
76.35587647600227
83.8494880199734
88.68915458589056
91.9572896629582
98.49478975947159
101.83961051250961
103.69690656353384
103.20152181742219
106.30237448552441
106.78128152414855
108.47171961308761
108.63558008241444
108.79550364615909
110.77044605921137
112.14704891219833
112.50878020560101
113.0169513484927
112.92464457557902
115.27915041987544
117.48281757894918
118.2787214260845
123.46330248449038
128.39344119795038
140.20003823925038
150.31543227188445
162.82110244043642
173.78919108121784
185.8033020724234
203.2259587436544
215.58953929299585
226.1009329409322
228.5946889029941
227.57266636028248
221.90377334277667
212.5885894117903
199.37283458657615
189.70501375629516
179.4007619446506
165.42385627300084
154.30937600966715
144.76301450968538
147.2547868207255
148.22193514850227
148.92556218668088
149.7321549770147
148.78142739230506
148.87998226612265
149.0388476875248
149.2333747127744
148.89676564112352
148.9663174058103
147.49004172623245
145.66466039206435
143.84111478588764
141.541050723149
141.03154916458544
142.24072493778277
146.35554123759894
149.80445074970964
158.24737317801373
163.28795008623652
169.65826258093563
176.162778437964
180.51700714276828
185.60254451684634
190.31465855425446
195.39349375874184
197.1895159705845
198.00297018294603
201.4766915161961
205.1116790198296
207.60623022176645
210.02362113330463
213.69844044183495
219.69442862386668
225.86092198602336
235.5970836429711
241.1470273137284
247.73284009962475
250.03880603987972
250.06479538816467
242.0148194689045
232.59837184612454
219.11416202820493
207.71119243580316
195.00791418671366
184.70774414226238
176.95963136298812
165.4745717025602
156.46926538900607
151.39553903584468
149.30571106321912
147.5524606578325
143.72853935659418
141.01062257523506
138.6010745542201
134.95704527822804
130.67399145364172
124.89132128190347
119.31750175852817
110.16372066952756
103.92070491880632
98.15905266034132
96.45632795600365
95.64018602554647
98.7750840901384
101.19373411759136
102.50410087081536
104.92392394277908
107.19564876832966
107.9780875064139
108.98801463139394
110.75261215021159
112.60383235797386
113.79551926958156
113.76900725064009
112.85811349559965
111.0224011787532
108.4935911094795
105.44966108126894
101.22321950079457
98.73443106577287
95.61349872048108
93.43034848286813
89.25942667785813
88.26521695801668
85.46078448078289
85.09798020370057
84.59318868701519
83.26740973510584
82.73406677106718
82.47259623838171
81.15605512199147
81.00939674199516
78.56086911091329
76.87611379517094
73.45203709779543
70.88394128489422
69.17968843750127
70.02409809095293
69.40741663443899
71.0274906649738
73.6217309003756
77.53130592189919
81.25849722062542
84.8619238293353
87.98045976551211
91.54365065269626
94.12748581287279
97.38194217284169
98.7598375045013
99.54396987253672
99.25050823801877
99.42035007323979
100.0988850424806
99.29422868819171
99.99506178533706
