11
3
a
88.30012838283433
88.24820433416355
88.56086898741039
88.09423881828279
87.89736013665642
88.3802646537781
88.21826732669567
87.10013940427329
85.07607085496241
80.60612885408406
75.8430225928738
70.35677689020254
64.87873360143497
59.48208235628077
53.786586384105554
46.71700166716486
41.85225661855015
37.91954368125365
36.97925726801913
36.38124031280004
38.166963677719856
39.15558693471291
40.88515786839601
43.30423942912174
45.011606774391744
45.69512698503782
45.29850962449809
46.338528020986296
46.89871003354386
46.861761185045864
47.54168784180836
46.47483858627757
48.5636532764503
48.082999654247594
48.88563440962829
50.00153809954828
49.431328690101466
51.399558699575806
51.907417084717906
51.38053438451174
53.2250123886544
54.324608367605585
55.895106273785395
55.02412979278491
53.79889592888321
53.459472033826536
52.608020972680606
50.919038975979305
52.36466464344653
50.57337609177436
51.13355253038002
51.40948597252853
50.175197914361476
49.683558945669276
49.48524227681808
49.60570058757514
48.898771756654035
49.1942877637148
49.43160577431024
48.99324242901739
49.030337799611985
47.91858385964418
46.491314768343024
47.210904385794
44.61078175660563
43.922992865706874
43.625570813427125
42.75793703883149
46.41588857849165
49.925879678228256
54.23776025527906
58.52953062020148
61.41173209698793
64.86653766864784
66.97855079095638
70.38356989461445
72.55788593549742
76.17092057097085
78.16656076609435
79.10431174904791
82.72531653480328
86.02097547942887
90.23028653965312
92.28818108251272
96.84104971451544
102.9412335178084
107.47780150512087
114.65262126960303
120.79537200307223
124.83003632130423
125.93172851578697
125.41618688772894
123.59164367890853
122.99588045713186
121.32219772015605
118.17814715069329
116.63473254509036
117.09531379170699
116.98363000388176
116.75272550905318
115.67127564392871
116.27960735966329
116.56783163381233
115.35072538897455
114.36551863732781
114.43607198196281
109.28870532655885
104.99961139463811
98.92330129575139
93.7742387525395
90.85371763431185
83.62219054639804
80.48082928258259
76.21540587227223
75.99204332696193
76.88871959229719
78.00472567646047
78.56655863622147
81.10647804406102
84.06666084085931
85.30709817165629
86.6036408175024
86.22536547809804
87.53344316288421
88.52997999039715
88.38196560938734
87.7844829271403
89.42494198515253
89.9932506086088
90.7095343182534
90.18430977564469
89.58720072160455
88.8295198367053
90.05981032473409
91.12920990360578
90.15450931708924
89.52107342484089
90.52413754044888
90.81003371346382
90.4867700306661
92.09391755165402
92.8306535925237
95.53519457760426
98.02202158528488
100.5161554612658
103.18884140342193
105.15245002772585
107.52290035357953
110.12394204217162
111.00915509300462
111.41342680744546
112.86112055360303
112.4398465508913
111.52759352109001
110.41832215844343
109.56936203462398
108.27620370120715
109.61707567089093
108.74750717008472
107.5195900239131
106.95511316693322
106.5481526357388
105.94027137566084
106.14266635917467
109.47959281076781
111.23006902685945
115.17517598461549
119.1540084864568
122.28171103331755
126.00375122442526
129.47002307289873
133.77902444879496
137.57783439065284
140.3244194272329
140.37635115759275
141.2767933331197
140.03454439479938
139.4886262812657
136.96266527024972
135.98998126274537
135.10599853530047
133.81777378588103
134.15458722829445
133.86623836966572
133.70090121754367
133.02702673639874
132.92332475474035
132.06078465579353
131.91633225906014
131.3915820007403
130.666123453255
131.069877319617
129.6400071605286
128.8339083231406
128.6804649426026
127.6708867913603
128.58080492488014
128.1227474747235
127.89683440804527
126.61684279180463
125.53738556467756
125.04952379588767
122.08381762725409
120.95241981360257
119.60750676358803
116.60373681680002
115.99982630850776
111.31269966404852
109.02055484142299
106.77713689778453
107.09732226022588
106.43244877045116
108.5896534948056
112.09572346030957
117.73986747134217
121.08700212568976
125.50099997987176
128.25005018548106
131.74620827974843
137.39778360285038
141.02670016635145
144.03869317857985
144.56677382144602
146.51497464938046
143.0821592704663
139.71385856249842
137.23583881798723
134.10946477026468
130.15496044770984
127.67309952653244
125.34388431244706
124.09965932643087
121.80562286244431
119.77305474683305
120.68696833373303
118.1917082393075
117.5276184673761
117.1758117557614
115.78322269845889
114.39159555922934
114.34561689809787
111.4778530156997
109.83362375973655
107.16903496513112
106.09506838536211
105.95913753359315
104.58460911210598
104.49042208444511
104.16355331942808
103.56605693488957
102.14812653221237
102.08123807551995
100.74737223182647
100.25870664605299
98.98467787976377
97.55354734385443
94.96781028427912
94.39368847284719
94.54522790337853
93.33922225313667
96.58545919507533
96.91915426293082
101.60931445936144
104.22293484545729
106.81989623256455
108.37246663838648
110.86925038701776
114.63496442880354
118.28524605311424
120.20887957714469
120.33910189416957
120.15633806442386
118.57082753255301
114.50221932739879
111.18984229961596
105.63039616545773
103.43666381271457
100.89643925732449
98.05472431600026
94.19829581457753
91.96500341605453
89.29038460163851
87.72415194411528
88.23996830831982
88.39135714605018
87.82102941420013
88.49554739247358
88.4005135663398
