7
8
e
86.25370840199682
86.12233340077702
87.79070206338265
86.16543345109169
86.08483115400104
86.57562804336855
87.64650769969451
86.29269983053729
82.22877957870382
75.9765683886647
65.90273673294126
61.115467957500705
54.14910822656471
45.14390831756817
37.35633418448782
27.393320167770725
18.151887973133668
13.226086345359594
10.884339817821484
10.875810497543938
12.509687344147787
14.388031978622625
17.665194682487773
19.475056412434455
22.33137401034282
22.257306416325886
22.71536445822095
21.384182062685124
21.240081449640545
19.7646030443255
20.880694965964782
20.36668270939554
21.594657270641953
24.44462529519102
27.061795266115034
28.012441736623103
30.272835336664674
32.88646715400855
35.14910743508497
37.82432000617607
40.11064854347433
41.78508686292
41.89529742470699
42.56317813494831
41.79526681696054
40.362697753101195
39.148382163397685
37.50678555965722
36.18376576644397
35.06643854389716
33.85972551243507
29.943571774065305
26.632872517672148
26.115345960341145
24.67695689318423
24.875318885695375
31.071497259122083
39.89580849467726
52.84145150918845
60.661434791163806
72.37612639349322
87.01726173575342
99.03750437071271
114.51728306788289
116.41063013574623
116.6892437588713
117.63543009571896
118.71773025245965
118.67753787737684
119.37966815171495
118.5252541252726
118.38626579044063
119.83377610756438
120.73801793242599
122.97299492905358
123.339183323733
124.50365619548906
125.92245370939874
127.4127127068488
128.09721367218407
131.3755071503366
133.93198669604794
137.79299257810348
142.88503958679965
147.1885215970671
152.10632229953274
156.1190000023823
164.42237623701317
168.6578478411841
172.46898031217373
172.6700603997471
173.12551376143588
172.64545653738747
170.99545920219865
169.31908652498842
168.18964155509084
167.44851031856555
165.8697175850536
165.28935853186368
165.05455305320106
165.89806727298338
164.79290518000118
163.955912682295
165.06360633196783
166.18334819912872
168.21026750512445
171.49258978194297
174.5523620442262
177.71657018859798
179.55460926984054
183.73492303659282
187.44785166658787
191.18697385338936
194.33698593730682
194.85201447032813
194.51320129938904
192.100267322236
189.187207410474
184.13435216929733
181.17794144072462
176.67650157738916
174.68750615906734
171.88075797433436
166.61373231919157
162.60031598959247
159.97829880318798
160.20070785997632
159.70859306878893
162.14921246079786
166.65309129408507
173.62334960041866
178.22078738772896
183.17152311767603
190.198662823466
195.81484165436606
202.315329382763
201.66505673301484
202.9600702746008
202.75665775965913
201.42815442732226
203.20682312121954
202.28518254356837
203.04145629794007
202.95945055835864
202.6217781874912
202.95657552319747
203.2402436746419
202.92352432336176
202.84273419709854
202.93626997268626
203.53496746165675
204.03064032930348
206.25843910587386
207.83309306653229
212.37228804414917
218.2394099046304
225.3542169498
231.4785322113715
234.99626839352467
241.82125967870883
246.08209455677238
248.1041581946527
248.18960701397404
249.4363833004305
248.8981750534006
250.48653997374623
251.24023279261465
251.66684231327312
252.70424650822397
253.51020672724857
255.49609736889371
256.07856064417035
258.0400585780815
259.81800560537175
259.8749137538341
261.85876256713664
263.79587932616494
266.41511823502816
270.7287958321902
274.2279708772702
277.1050561687745
281.04960843632466
286.06851912489844
292.1451071552525
296.5451118805049
300.08187006412714
300.5138827135222
300.2171856145253
299.72290336207027
297.5206915202499
294.83912153928657
293.8477662292261
292.03862965077525
290.99665291492005
289.74279206329805
288.4671332501388
288.2732924536567
288.2192908947965
286.7142017119015
287.7111989499256
286.98106117689565
287.72379560006925
287.65058593513925
288.41995238574833
288.0778428404545
288.2017775781572
289.40767700398305
289.3784973731055
290.37386184398844
291.3716824906684
290.00172863703773
291.49317363214493
288.9171437215802
287.11213600001656
282.82189732068963
280.99490350443483
277.3357634188717
276.46127153316434
274.1456243454474
274.1217435744442
272.16502255071066
269.97999242622654
267.47818162585804
267.7009086111766
262.01019719987966
256.9492331889065
246.3256737101131
237.4822826801509
226.23496127662756
213.98028207266785
202.60915942208737
188.35304514084996
184.15365768269788
182.60089422256516
181.8340464808971
181.12021152608284
180.00489774028125
178.89864081764867
179.6885400651621
178.0810824965598
177.68284614179228
174.146170373351
171.67769961892162
168.29648248247395
165.06691042678867
162.4947903879556
161.5684824876384
161.8540066381305
162.20261870649648
164.6423871621758
167.39115742613325
170.6208999529948
172.643239887327
173.23087195165888
174.34071509718788
178.02789436660564
179.5310072465681
181.42530621554545
181.31722068850678
182.72555873196163
178.9621448882693
176.7411394111
172.5794835727178
170.41420805265878
167.05117276294527
162.3975217012848
160.24263312241476
157.2352039829828
155.13283103771087
153.94339671180794
152.26640481975187
152.67231939015528
151.85077058613666
152.0652308913836
150.04502240863334
150.16750710495552
150.6808520710647
148.19310903319587
146.8735859632117
144.1054559516608
144.08426829378098
143.95366572560752
143.0997328331882
142.80251060999578
143.16390047219687
142.73992061942118
142.4876998491845
142.57562404062995
