6
7
d
63.482309551784724
64.0613961138062
63.39949743259896
63.51649456920491
64.15353468149856
64.15917484950717
62.94284251737033
63.13576858141751
60.28033182991561
57.74627299471874
52.52960764089822
49.214849925126956
44.47605468676832
37.701954138622646
31.324873210528207
25.337794908210828
25.81572296048528
25.902346628016787
25.835031041996437
24.976560654987136
24.514432405184294
25.47479879240888
25.043673910896846
24.79265628594519
25.560662944273925
23.996721188410426
24.475072329643407
21.978398537437684
22.693747079895672
22.193681955343543
21.03436764707299
21.834424444858257
21.15256295999674
21.94532485736381
21.537862786385286
21.837594942731407
21.985127954192265
22.24606728862685
21.874834049407106
23.2097582508915
23.083613035774434
23.535866825971546
23.218099332907194
23.005416993820145
22.56163779590562
21.382404941478367
18.733210781786344
17.47723244697476
15.18353243535761
13.853126112867482
11.938742990014923
8.678518363595531
6.208138812407274
4.301567699212798
4.544837314648468
4.5605230295083805
5.503826863394011
8.677254886240654
12.391487209987401
13.550269342402729
16.9499961690727
18.958516356851817
20.80349374596425
24.570183626675586
26.063607112140538
28.93216282270396
27.76569520824003
28.063125948763634
28.009338668865553
26.620985064738058
25.381344086909177
24.63842226056064
23.314169952735604
23.553212302327946
23.03082805377794
21.92161706150152
22.559934645408955
21.961723414769985
20.70696542498509
21.271730835522643
22.177859885545853
22.236954255114
23.746725095157615
23.784598807692205
25.522839198961794
25.593621316672756
26.105540321852626
27.254460871223376
26.62937327214775
26.42497919636697
28.393760291487162
27.57647005299198
29.200723044360586
30.310652084850148
31.486772057005776
33.60559794495331
34.895315460780374
36.75160431390186
38.119092762642666
41.222505453763894
43.6164266680622
44.645234232643894
43.863550160743245
44.95140992898653
45.10518740938942
42.93147977658869
41.8379872652297
41.09703444996494
39.326417299127975
37.51148986188345
37.7765365911174
36.89819838684008
36.063173960940425
35.46230829883574
34.50614660719397
35.75653631788235
35.313421580643016
36.01902004108009
37.250662276454065
37.03331408234603
38.35320171930398
37.61437436031714
38.8904167043152
38.357915090494146
39.10927321520912
37.292155184890504
38.41408235832346
38.83438196372276
39.122935617512205
41.28385053885413
44.07461760922012
47.210778326121556
51.202756049972976
54.36630488506936
55.456516898120356
59.254377678156565
62.2512025350939
62.80253205959546
63.68619932778927
64.52582771628167
65.48347881725147
65.26817629329953
66.64416446791716
65.75336079722962
67.81075526308811
67.81649105002991
68.11737322604623
67.90748703079079
68.97759130051908
69.94300903809213
71.67598313445345
72.1933041321834
74.2278979087172
78.72924139358328
86.37553994890347
91.9615424674605
99.66839994737603
105.5123680260259
112.739372268755
123.06893633802709
131.21626574159916
137.00411774993827
140.4743544467002
138.68919284875602
134.85158425911743
129.49055079315423
121.94169792638424
115.51409021984212
108.49121168481932
99.58729619512603
94.09946675266707
88.68829930478364
89.68999762653604
90.31025427130902
89.86777247437243
90.55017630331598
91.30226835883832
90.88198820003466
90.91566796579995
90.76493812781986
90.94773322705748
90.1363686342993
90.124440111395
87.94030236375353
87.5636512507739
87.31886508195403
85.81123097812431
87.21545144495367
87.4602023814314
91.70170914232673
96.01317264255051
99.41270513800178
103.17858830357835
106.38580093990659
110.00398599586828
113.48781509612954
115.57876178207862
119.14368334444096
120.32403968257728
120.15813916906775
122.76996940130977
124.39883579362613
126.2428901026212
127.64942820121071
129.74628738728185
133.60677491708952
136.70628512203353
143.77752319901745
147.52529334039366
149.95427229294464
152.55297438384872
151.96818806237744
148.02248944027525
141.8778539547415
132.93865241407164
126.07464442779631
119.5321795393847
112.54495162621555
106.85070605233344
99.89032349168399
95.60788101578557
91.85895700487599
90.47765839860449
89.36606184874731
87.69015986764406
85.71322333971385
84.11273568264187
81.00444476118516
81.08248031899518
76.70546335317096
71.85165509862107
66.52419438030105
63.064559936424054
58.78689842384808
59.11294898201086
58.30805547845134
59.003493607814846
60.63813702194107
62.67890278731824
63.722551174617955
65.75177980432979
65.88008814124727
66.90359383991449
68.30259467137036
68.45100599323342
69.36566479766442
68.99448851200039
69.56110097854621
68.11423814505281
66.2982904043308
63.925726161602746
62.883821713112646
59.94617076977279
57.868841000244466
56.06221369338785
55.33980200261074
52.4046101910311
51.62787257483659
51.84411401077611
51.97113399889008
50.457127409258625
50.69724316757307
50.40227875790573
49.98536220172586
49.01949546115992
48.57329270956684
46.209530589247954
43.9814296697888
43.23386140439203
41.91783547159661
41.468614663660915
42.11103454872089
43.489979714221654
45.382888433130816
47.25666126765483
48.941246712056255
52.42543715237691
54.450043186408486
55.22587632116935
56.99893988749818
58.69672445190547
60.08133735172316
61.51962330179707
60.580192144318445
60.299800203128285
60.19692667783925
60.83273158263665
60.786797568772286
