5
4
c
10.14066538167996
10.26617343776357
10.907389088522295
9.096366601454974
9.88892393136183
10.666007321271763
10.027484403213908
10.278227636892995
9.78941150372507
7.918268545124363
7.692295747870377
7.6942411024559245
5.301230098597375
3.5242520858417246
1.6536322564915886
0.8553654455726176
0.0
1.368002376435097
0.7449341115578975
0.32507607245300424
0.0
3.2723899843917073
7.46486757169519
11.608963422868667
15.105807466658847
19.803070482170433
24.045937525318415
29.10161686476803
32.1032417143404
37.62119861953417
37.64880811656428
37.93906673037473
35.07832032684241
30.813298408194463
25.28487343844167
21.66492393305458
14.139192829793116
10.203798432346836
7.434838172242573
1.9249039327661022
0.3088715633088573
0.48725480025672274
1.828501410694595
0.6549704727521071
0.004587267898727896
0.5412056960007542
0.0
0.6399192310241182
1.4270108450779277
3.495412907735122
2.943929444748555
2.713125315779329
2.8870116735454463
2.7996083561960834
4.3070931347658545
2.9967069064676415
4.700193584016797
7.439366810800618
12.546747922413688
14.654923908085255
20.29875678824186
22.433802485812954
23.77908237047938
26.20840949282668
27.774655963397443
30.1239229300151
31.985783606541005
35.328358803491504
40.799602554907146
47.00953242785197
60.12641726318284
67.91144077599968
80.35608038482053
91.89111574426977
104.005742872908
121.66110989414796
136.3582346446858
148.07829964965453
150.38252706842258
150.16507853605316
142.29256053156323
128.6580116165401
107.41786014085743
93.38975431033067
77.20932514618734
65.42062865020367
53.680023982563775
35.91256905580842
22.693089806016683
13.50428387250784
11.096326354334767
10.632702387502595
14.17796824111419
20.314277962474787
28.70593443664746
35.36834564510481
43.160071476305866
45.84060204987742
48.63423077374899
53.36285379946688
56.86169392115394
58.55370744114284
59.61917082276163
58.92214187282717
59.260349214670676
57.76541499213498
56.379498198082686
56.37203386450194
55.681226038049566
54.93384810438356
52.809851680922876
48.634525308746554
45.055911203218535
41.91789640299423
40.23261500270615
39.9201981576959
51.87084787401445
68.76000968644313
92.99196773815378
109.57460172716195
130.93494533196102
154.34787491538657
175.07377448827012
200.2244967934652
211.26753795757233
216.87868183617348
218.81425336356082
220.9538548330114
223.39223105148096
225.80674509129295
227.4394302554205
229.19624051465334
232.16196112051435
240.0601171760945
248.12695752045005
259.7367501591112
269.38661202198267
276.4170114567446
277.68307550879047
278.28528633683396
270.68267209636014
258.77637609436056
241.78575321814577
229.41153484386
214.08936540993298
200.6977883244093
191.13511661616138
176.98546333730232
166.76092325378414
162.76868550229656
161.47975167520224
160.0100301259635
157.36613271569018
153.8777336310073
152.4877100537858
150.05212336338334
148.4387259325458
140.07475537422837
137.89931930146173
130.3957491034142
125.51552452820233
122.17060764893654
120.99324374491532
119.58186737238435
118.04178168196755
115.92563027823034
114.17769744476244
113.2057870452681
110.8065548245997
105.32651124912049
100.6646035274755
93.99091492853996
88.19287234988144
83.51761726919874
82.85331892069603
82.47346981454173
88.9503112768053
97.9329572563659
111.22558067089467
121.47709684215852
132.09207092291936
142.6885831629688
153.00601160042157
170.40325713236308
182.23703746120336
192.61773633010722
195.23429229280578
195.11265000242693
184.66091360156267
169.19077253576017
145.2065946316504
129.21503474705855
109.95458206839899
94.5189203632257
78.85526610008667
57.20824221407843
38.77825015497726
26.19138902563474
22.94392505442389
23.724199653409674
29.780659504185284
40.71099173365352
53.70190625303126
65.39549195427065
77.6586792525781
84.55448936794613
92.27201708082319
102.19396836863181
111.30341996201825
117.14042793068909
119.65913491208146
118.74452432549728
115.54544540540392
107.54619563412035
97.90673080044796
90.50605438735472
82.05563290097433
76.03786347214208
68.13385694241967
57.20450528139721
47.19088682664014
40.032689116488015
37.0399109141082
37.98273625158408
48.91282556144007
67.06970410207599
93.69349385570193
112.19610944464665
134.9484666853274
154.9756894288364
171.7776149695602
200.43921083010972
221.8035432780578
237.04927682351703
241.51134246097908
240.88598128764872
234.45731457554982
223.64871667070003
209.2526201345674
197.33106326736214
185.3392992380218
180.04050760329304
177.44555863236894
174.16216651852434
170.94189556964957
166.06444014639936
163.48135775584527
159.57505850117386
150.74972386240782
140.03255233250798
121.72289818936264
108.04671583237312
92.21563175918055
75.88399324358146
59.76538971511656
35.186769906890525
17.108439024252746
3.919402369160971
0.9169720968306763
1.6382243555769846
4.204340624643715
8.07687242597734
14.353696281150317
19.39805931199031
25.53777982665204
25.18749225024898
25.787888161823467
24.799351600877007
24.884101414265864
25.17865789646478
24.416395948780902
24.547067957025945
24.44358891980356
25.660736788798705
26.48587500134041
26.46652642986663
28.285371148942772
28.108453842626822
28.40095557378001
30.003292228856566
30.45642500341375
30.90083359154784
30.312199991834827
31.03391082407164
30.03778645464623
31.692495688806297
31.327837291299872
31.601439526082604
