7
2
b
14.036829107274228
13.52280060514199
14.435404830394265
14.295882674699516
13.61678763385956
13.989922335162685
14.830089671142398
13.81806805520961
13.060179234219582
12.11026242771584
9.766709669754768
10.303306739485643
6.954302419685584
4.664282224592434
4.059258246893127
0.23011463760808015
0.5014636997044201
0.39694806035089714
0.20013150010612332
0.0
0.0
3.6666757890210513
10.54054364577514
14.570270089335159
20.442041148738294
26.044767011087824
31.419750476644012
39.220718106667
44.40184506311234
50.02150093609781
50.039457968391645
49.94238329393349
46.132961589462845
40.729834456795004
33.93253038380965
27.244904595178248
19.20722740363675
14.557829925143675
8.938573354802864
2.955304255165094
0.04542533497680645
0.0
0.0
0.5434686727238673
0.22004025886395837
0.0
0.3698006459080643
0.623462017041728
1.8825452871448132
4.2413444244775995
3.8785821443459256
2.9731407923831874
3.5685731717614737
4.087671061824398
6.20727893246851
7.172597734456646
7.825596080623513
9.289869836724664
16.355139633395865
21.116632307858048
26.36389781319988
29.935156622550767
32.30935621046229
34.91339349248615
38.14537705678863
41.36063196076973
43.34639257146754
47.23317515731741
54.369195101410305
64.04310732464202
79.7299182102608
91.01337410840937
106.8386975675929
123.58282540441044
138.8156160283358
163.70129869497518
183.4808660318704
197.35066793028057
201.56249049855757
201.43237357516458
189.82034868093746
171.3818471515186
145.2302058844777
125.90184143452107
103.61211645893003
88.95886844437646
72.19046648096773
48.62653096707414
31.201623194767105
16.966425173387556
14.022758395180016
14.73242338605847
20.11624059750108
28.22352784381935
38.87705868227278
47.86587620796197
56.813641233532
61.022725235022975
65.18009599727537
71.56236114086718
76.37495351041595
79.18843990873059
79.13385953446443
79.56269951012148
78.99831211265621
78.06830357571302
76.36895359083043
75.78170277539022
74.26323829465336
72.77726573054942
70.13276392883336
64.76395462574776
59.24279051145078
56.96442198981617
54.235488546380516
53.43622936443411
68.6343974594339
90.43153078363208
124.00580564207563
146.89579555481353
174.42348742883422
207.73566904426357
232.55483351484133
268.1757171550701
283.3827988028199
291.0311881399424
294.47917905319906
295.86352519720435
300.66633068090385
302.2733061749173
304.95811287367263
307.9329736151698
311.3643547632134
321.1954414942575
332.65663267092265
348.23887219091506
360.3791380401068
370.8107435928432
373.311076756264
373.73054187408377
362.5432425498959
347.4281592806818
324.27243859143044
307.3854000670899
289.5579717109119
270.33717143498114
255.48043015402806
238.26175214640057
224.5299201794244
218.76589066743645
217.14555154023623
213.5637967307155
209.88700717137704
207.66264137329844
205.77022329781605
200.2026274600824
197.10658179713843
189.4712580978975
182.9154568282567
174.63642561547525
167.77841199494227
163.6322630673632
161.9758900918462
161.37469564386498
158.02520350497423
155.7796217000714
152.6741583148853
150.70647594433478
147.5741897029704
142.37731268259353
136.01076986617147
125.22132679113123
117.20587311192705
111.59354755056623
110.5926023270571
109.99729618562662
119.02163643353676
130.7649540867035
149.35038956488185
162.1321090964372
177.14238645581938
191.62128540103254
205.14457859828963
227.64442439912492
245.56122719518854
257.0953191972823
262.2917488690377
260.80770540179634
247.56549970921304
226.09751843819126
195.12502908858187
172.90263304242407
147.21241820812486
126.77022155653933
107.2824094684988
74.83709849871126
53.31342969872025
34.947112491691094
32.11704610120645
31.4015415979725
39.613756822928096
54.001207093632416
73.15878283455956
86.95583051453073
103.18074138346978
113.72843336219385
123.59922817637396
138.0287352112837
149.742524220437
157.18364893410111
159.1700293455748
159.41153424307302
153.38385592879337
143.6572090969359
131.63833063450843
122.00013122213225
110.19269016396206
101.4696065100528
91.88696018947923
75.61170820633953
63.529254379413146
53.04966126886562
50.32551292746347
50.56598092401293
66.0050306731689
90.58163777972503
125.42951712802584
150.2918482729522
180.87032611201752
205.96317371935768
231.5746287416186
270.1621507245658
297.7156604162301
318.24294470929584
323.2491723875525
323.1667776603775
314.6071024409245
299.44477011091084
279.7032029008059
264.7662294019887
247.69645559117956
241.98853448689823
237.07481135860698
233.67266548586548
229.6252676049809
223.3980548881489
218.63621840494375
214.83051727882452
201.3192426703302
187.05638498298754
162.7728540926056
146.92063557708994
123.88972349872509
101.19130048008823
79.52582394367997
46.8553144077806
23.27613898715072
5.415305064669791
1.0426447972139914
2.0050519378871647
4.523843074269216
10.640576756543403
19.833979118464732
26.301901856966882
33.94346207375669
33.96222207755144
32.70360009054014
33.52615934959684
33.1141442649594
33.15319522994146
32.49987650704285
32.56747569435164
33.323885424502926
34.236167245377814
35.30215444076597
35.98878780556682
36.389655443369676
38.27714164779929
37.90526360975967
40.76507200923223
39.80675994666973
41.76685384845268
40.76679425933653
41.22480498574517
41.30747526424009
40.16186546056267
41.60862426118544
40.84570967213324
