1
0
b
49.29931510980818
49.8964036505292
50.133622550408404
50.24952593847022
50.480901472602284
50.37819539832653
50.03676225638745
50.01092615063692
47.75258683432249
44.5702985692358
38.585114692362694
35.606917356545495
30.04092557890792
26.644371902949093
21.893810170675387
15.333689722014338
10.72753129538303
7.025700605967669
6.426747130751177
6.084203108942518
6.89352057643337
8.65072048302919
9.172367641272269
11.793364671060678
12.576288570071531
11.867207891842385
12.881395897959539
12.41873128473707
12.19108818847987
11.918434090810065
12.458355034792909
11.864387986377839
12.525893691411104
14.461944806116756
15.363697477068099
17.08887647686869
17.950905581441305
18.477200867917457
20.70605373410625
21.649777464226837
23.4714120165288
24.25428946890579
24.7514192040313
24.443115825202625
23.29722282041227
23.648763959071232
23.229343365878677
20.649682587583456
20.96671811938064
19.53321455254724
18.977783196690083
17.294229305766773
15.915668759926119
14.427546277399404
14.145734875499267
14.944041064205546
18.282353726125304
22.229107761327853
30.55309957541906
35.33230374034562
41.42513665177103
49.595664323330546
57.13961005288769
66.37977570751175
66.9298716358379
67.52141170990849
68.05772520378818
68.33066163760476
68.38146966201138
68.14697488313843
68.31024147553437
68.31501963048905
69.08653755812794
69.82935428025125
69.86902035733347
70.7694140968705
71.92609107795268
72.12716645957096
73.3512262640799
73.5714145421692
76.36886027237449
76.70379461709271
79.61306125619895
81.81884013850188
84.77583768717382
87.59753222365877
90.59833629601259
93.08098156544986
98.07822810454192
100.12704412734311
100.17380991623014
100.48004800596041
99.52532658561695
98.15842226728348
98.57093351654798
96.80801714819931
95.82740162069102
95.3949690688685
95.74269199956628
95.68243717986671
95.07894642273948
94.90837360001342
95.06467510647296
95.37834626378363
96.56748475700368
97.04820635647278
98.8567441498703
100.55278600677295
103.35751170908576
104.18875987160143
105.81073779712219
108.25342123959503
110.53806319009789
112.19809354538752
112.00669581705404
112.8494080714087
110.99176510602541
108.74562553672638
106.69458643902492
104.64730146040107
101.49732588037448
100.10989061054701
98.70125190811723
97.13013838771329
94.19715254128798
92.25221188642038
91.53054233571824
92.16168690732489
93.20477997473104
96.58569217393881
99.69373592357198
102.62267175787262
104.65233246487311
109.89279561501839
112.20163155174899
116.87536161365247
115.94795792953107
116.20384052602805
115.55693479657835
116.96634281383153
116.95016985344898
116.49074197981197
116.52351009961248
117.23511183665504
115.99482700520404
117.98611749251974
117.29604182824193
116.09814083931737
117.84734575280373
118.29920339741562
117.47227606540606
118.16010977940795
119.22709984360584
119.62602658744039
122.08383710981123
125.4667442290059
129.18269778293433
132.69931546222517
135.66384493581947
139.61819758409732
141.30772099523836
141.28337862258917
142.15359536411017
142.904494194268
143.67566229070198
143.90223902428505
144.55341803600206
144.7046870404539
145.60157341648977
145.93119232197898
147.35777855016585
148.9582974144782
148.6974115951175
149.74943692227157
150.52158540786752
151.200596647021
152.2311505897816
154.6025222813826
156.48929108314195
157.76086107822246
160.65592780336777
162.71292139808705
163.20873780675535
168.14603410993251
170.30119611015394
173.35534626582168
173.79449379755602
172.95436547632394
172.07523646279617
171.3812946835252
170.36787933264358
169.20149064992523
168.16082241362415
168.41672171707674
167.40935509870334
166.4107161266383
166.14767378278216
165.84858046800628
166.03713649213765
164.69408158666457
165.7367769906143
165.3281231913278
166.26001439492447
165.50206497500847
166.6817533482385
166.78139010181366
166.4358321631096
166.38499591878173
168.28880411593832
166.8208263524814
167.60527910199733
168.13733338894448
166.0536127952396
165.25042172775858
162.91848787118752
161.4098525171053
160.21118611116364
158.81191932379167
157.67301836519673
157.66185856727643
156.71824042730566
155.95161582825133
155.1073715778132
153.4757454628359
151.01453114636664
148.34635456519055
142.04202623027152
135.40435741708552
131.14011741045024
122.78869731531505
116.87303527713881
109.27661598585755
107.00936374895694
105.26357261352007
104.13999817208082
104.58392228046078
103.79222343791827
103.95143217995565
103.30824115852462
102.67088733067575
102.67101575045439
100.00045787558321
99.19727930130327
97.07398147961396
94.8349987245463
93.29069657540799
93.04778326345763
93.6156038371065
94.50069296125218
94.80579329321235
96.91520790526612
97.5113453282754
99.07947884864151
100.22338500199916
101.3676947925539
102.74833506537122
102.49565658355792
103.58782361481283
104.9316464570197
104.95122800570851
102.42522301555245
102.6248625713555
99.39742947448141
98.61132199327673
96.48120422896942
93.50281607910352
93.0251042270363
90.45311628877411
89.99352173761
89.39123100374587
88.76134975561936
88.30085457239906
88.37701955977396
86.91312991606245
86.54057304423195
86.38765721592924
87.09176197035636
85.45576579801785
84.25060421845023
84.5950066497621
83.25009956742322
82.67869305404598
83.39279465967518
82.49428960584702
82.73810327298916
82.46528224910563
82.86679264926887
82.1507091846905
