2
6
a
126.57450488103262
125.6158500746688
125.52154627994214
125.8263024852263
125.4766182801159
125.41481733073451
125.80334929294968
125.19988644233091
122.44457640592357
118.9990835529602
116.33706737464374
112.79978059130757
109.1380088738386
103.54688771441657
100.48376039103253
96.15306632496561
92.2172817430688
91.9716542991131
90.292735799228
91.55150814744353
89.87752830683601
89.66535980054647
89.01804123585019
88.32015182035782
88.69705819001005
85.85360429619283
84.48504528331496
83.15708622153508
82.16937870311283
81.22599034772684
80.8634917960534
80.61455367983119
78.34293395657852
78.39957069741229
77.50362296689681
76.17635532845338
74.64146904789109
73.1443940311544
70.67979905805146
68.84445020487159
67.66369887624
66.48668615198447
65.75013662362215
65.33183800210217
66.44582315102654
66.7244793812888
69.03836284249547
68.698066423214
69.76131234047067
70.0051836778701
70.83334835226837
71.12315401825944
70.76126353441215
71.6886588366435
71.62977174439473
71.18843658407481
72.27264775408085
73.14269735062017
73.44257497898698
73.75431750273819
74.58956249287208
75.2988246580986
76.17805975277952
76.01270427007735
77.68480598941112
77.37719003144706
78.21488865498982
78.41291065319955
79.65769859767943
81.39699298380893
81.74616722651513
82.78636238009031
84.37777496556144
84.7646618734658
87.13811108575946
87.96352080211723
88.550259154982
90.30254309279427
89.81294281889876
91.98205558899902
93.22407551881831
95.82822201918408
98.63266849151508
100.06285718833067
101.92119916018466
104.13792911253745
108.09582944178885
110.07914855728085
111.96194400804869
114.65491327268902
115.29042880960495
115.6958925030995
118.55292266276962
120.78697490200193
122.40875812210051
124.06049249356825
126.29869301655204
129.84849116616877
132.92035181009382
136.35641728522037
138.92869082862214
140.83040479386239
141.9539851291868
143.0902150591637
144.10335027524363
145.43970170224424
146.7945007075935
147.3652309231871
148.95382461261323
153.10414034442476
156.18150398225134
158.21904232010687
160.2194769482009
160.43917299784303
160.7148914053024
161.18101927208357
161.73496501466144
161.88165672802853
161.97990190320857
161.57773937110085
162.4372630317953
164.40303487296265
164.80022679504577
166.12586189516884
166.25526995925165
167.37708205912102
167.07861914503118
167.78661968480088
167.12052195748365
165.47801390308575
164.74584115830268
164.4245204297082
163.40774968031454
164.03364674026798
163.77782226315452
161.04075816826835
162.05445056964217
160.9086010777548
161.90883621671645
160.7865270628214
162.43457100922495
162.92751494541207
164.6881995017765
166.15626477904837
166.96747933849807
168.3308286516901
168.9249492769451
171.9985474847763
172.75344731425727
173.23596151854778
173.0115770768302
173.95296241149472
173.71629997336206
173.5707873597408
172.9079072963987
173.53500603275316
171.87788544193478
172.18190975725713
172.04711395976324
172.26340110651395
173.11850720687775
171.46873172340955
172.6876625577626
172.478154724207
171.93139969254838
172.42785149876292
171.64741933640073
171.19991497071882
170.808195835327
169.87045047885823
169.53998585364636
169.50405173095467
168.61194042403147
168.42444344354442
168.16526745281692
168.5244062910251
168.92177059152172
167.1101376311105
167.45073516278137
166.19715152484795
165.35439225179834
164.38497469573232
164.4713777328891
163.2354085638485
162.31495711373822
163.29872135752964
161.42033115381815
162.29519139396078
161.71911949460295
161.69761294952892
161.67290069521127
160.47335090604352
160.58254932947415
160.4443719508693
161.17530429387023
159.59071000042525
159.84456370266258
158.4269598795251
158.75474078425032
158.96784969576683
158.2551998140501
157.48976780146734
157.81521179121995
157.61207453559362
157.5651066417351
157.96082320618262
157.02027719226186
156.38015327139766
155.15220264127072
155.00726579225605
155.5352908329341
154.57416757426822
155.55994181208047
156.45258328882795
156.45464974397345
156.95389015263044
157.5085611026104
158.64994639815333
159.19694148094214
158.8411004088858
159.01665747296428
159.06012618967375
159.40299567200591
160.0970233543275
159.8640167446913
158.9678398431235
160.14499421287778
159.40248695526552
160.19896815948044
159.3512553053274
159.0942716106128
159.21516396525305
158.67602341243557
157.67856190941464
158.48384341277037
157.5098022771406
159.77437170276596
160.62012558148064
162.35208720044386
164.355751293994
166.30791704059658
168.08308896540015
169.64530091409554
173.06754119406153
171.91856007003648
173.13994994281413
172.48089364062892
173.63872501440952
173.20493041060712
174.27531442551447
173.89066882415426
173.4908075548548
174.29876485950143
174.7230274134098
174.1047051086316
174.97853914846155
176.07859186740058
177.08723313146828
177.26400233237771
176.41946090803535
176.34084308134254
175.77358519434105
173.718158731093
173.45541201709
171.90626010952053
172.01840943670567
172.04498391500582
171.10182146698057
171.39090202768
168.85880651378793
169.82569444002843
169.35466104759684
167.24756897242295
165.89795493741283
163.91074690096036
161.99883585186103
159.6963882470081
157.53334266627593
154.97950970977854
151.7348866461083
149.29410823796442
147.27756688363417
146.99049183935668
146.85798100597302
147.112384989732
146.7745313116753
148.0275064731617
147.26437604318264
