0
6
d
117.44843311598369
117.55598257960114
117.73298318378768
118.16126871218114
117.80329562578383
118.42974086352278
117.40661672119653
117.08488538077401
115.52189641253234
113.90510132853862
108.57318523890876
105.42935198774859
102.88967518229578
97.55032145677409
93.71528291369393
89.90324059577895
88.19498041983645
86.91921456025024
85.96163101672623
85.57051730418807
83.89654589520752
83.85168406177016
83.62878915366254
84.22281168193612
81.7248388892567
80.08040230631538
79.51787982480654
78.31456594367575
77.79672088578023
75.90159877977761
75.16895691423329
75.19380262069866
73.5210340274681
72.64632722206987
72.35721189271639
70.56206734853704
69.77862268292995
68.88765594183954
66.76286133268563
63.985895779840014
63.06235785714926
61.281211639119604
61.85134124045402
61.53184367327021
61.639620530588374
62.7952698734478
64.52799158932233
64.29973133973714
64.90867027014478
66.46183869029792
65.97573953729965
66.28401844075819
66.57981720923506
66.50567807022279
66.48697807364378
67.42360224281448
67.05182633069012
67.93634390475411
68.66157114704488
69.31395179997665
70.25703355169307
69.68627698865649
71.72628501371892
70.3807608633305
71.87902150735674
72.34527886803598
72.33054964855648
72.83200601455164
74.45196363977396
76.0603791690326
76.24861707255097
77.50993713442753
79.35587563900798
80.74416488412645
81.33891044211987
82.54444681731742
82.80342276204766
84.72611278415032
85.64850671208605
86.40217356274208
88.1903687961843
89.30469522222914
91.04321092720662
93.10756157478137
96.81128993836307
98.15535976307677
100.56617319152205
102.57266651117854
105.01442809367634
107.28107483785617
108.62680275405441
108.13434154527819
110.78078018322954
112.21800759714034
115.62342909294786
115.9833080718568
118.53844768082172
122.04880080628386
125.21898567010248
128.55912002492366
130.3851791477782
132.97853964358004
134.05359572956252
133.31750970044197
136.08042326324542
136.08598129888583
137.60468060237173
138.53205799164633
139.52951759166143
142.80354541256352
146.14078921400267
150.1770192743782
150.50497673082828
149.8468509382385
151.84809470642958
152.20520318146035
152.15872945163937
151.77160912996663
151.2215149178201
151.55390762376538
152.7612090674019
153.57755990664495
153.90997882989842
155.2360737251558
156.1209430499779
156.38762347572984
157.40003680790466
157.59926043585267
156.66901264538572
156.05421536489402
155.0413310923112
154.67571388159828
153.2615275764034
153.626968308541
152.54205630359854
153.2797549502226
151.80059072235485
151.31709678752128
150.50640909310425
151.56623428803994
152.4174765074541
153.06425164957963
155.11200450041315
155.1956219404127
156.6190516535496
157.9287700376042
159.54855231387003
160.87940331571178
161.8899135035978
162.8251509093401
163.10620420126233
162.1583866199235
163.94584883160454
161.54487324657345
162.46695225097565
162.49811715868626
161.89790451936537
161.5132013871971
161.26079030671818
162.04568012721867
161.76412960087268
160.9290893371715
161.73839692464168
162.46788710670032
161.8661048331788
160.95867996381799
160.51062706650777
160.79860464856142
159.8278134634225
159.84780132776467
159.92520538893672
158.9440700862792
158.23746798501477
159.45500251038686
159.00934767726991
158.61167862383357
157.645772753127
157.78024094209127
156.30288626811281
156.18823103375277
156.26043413453914
154.53191946605895
153.30680425671537
153.39879518811023
151.76364970766664
152.94964459134047
152.05577185684638
151.14968402308446
152.1589874135233
151.70220411290526
151.6064542043371
151.1426335504722
151.23108411947948
151.08440787367695
149.69550915829382
150.6807369447122
150.0797270796998
150.80081064434324
149.17655007624458
149.5386258117413
148.66573503109396
149.58738863788363
148.8577254036549
148.06004486223142
148.0938728556205
148.42037847652725
147.13672816945262
145.64656836197523
145.8905961833062
145.7211253135013
145.82619149214386
145.24089527012774
145.4538675218902
145.9369157059191
146.7433598850987
146.6609908874815
147.20786405973465
148.5478247355875
149.35525687733403
148.61720531176633
150.0235656912852
150.0948838935036
149.80180338401408
150.42186362044384
149.76503695934687
150.4079934523295
149.40803467120065
149.26771933848892
149.63988559594713
149.4109305977696
149.87074098841728
148.88016086679494
148.22980098172098
148.69494174436664
148.8219453153091
147.80583259179633
150.12445930319353
151.29055854483474
152.20422715484085
153.78299447957804
156.14678731695807
157.42856774913412
159.23219502968914
161.33823834262185
160.92929435212824
162.03624635344443
162.43041221142838
163.34732979541542
162.54410888713903
162.83383804567265
162.49703136266757
163.2196256304909
163.12547247735495
164.6533071909797
163.8406275493054
164.96245333510763
166.13264015838055
165.90588118926772
165.92670013284476
165.42218818814993
164.924550611898
164.2790142357427
163.25714261441618
161.79852296559494
162.43806254472096
161.15008275052386
161.07466201538713
160.77952597666368
159.75905648626986
159.53852860452236
159.01748334747793
157.757991257815
158.1476511529234
157.0076894551174
152.8768040018849
152.67055225466163
149.157248614731
146.6243671880523
145.10678014998106
141.34624819271497
140.14633506146777
138.17026162390624
137.82868923651478
137.0974193915389
137.53055896592508
138.29680329885014
138.28588259025128
138.29759358822682
