10
3
b
63.559433220116176
63.36423285804851
62.88281576617513
62.26403475740636
63.47290761515983
63.39462266472281
62.63832196259504
62.8583032381589
62.544578581015884
62.6827878688465
61.2058515103313
59.939371396071806
59.14392813543849
58.605560430367795
57.544837898523774
55.84498114448039
54.4663006809778
53.55098576150255
53.396480023535574
54.0380274287735
54.62273638631323
54.81041534498242
57.59076603332327
57.56194216974734
60.125446173468085
60.61261558204751
62.35231276331382
63.112113785815566
64.32958560346499
67.14097366060737
68.08038562044588
66.18853535757025
64.4029000313483
60.19147873349358
54.60318916474681
49.970578036926504
45.931015630943335
40.48785694691072
36.908847133247676
29.57180023930649
24.957720454629182
20.764332284507347
20.491457192368184
20.01954582954709
21.85474115533873
24.423090985091427
28.388413248327467
30.50633327499854
34.36814781544047
36.28460109903871
35.81719868746487
36.66866574075036
36.900728940086275
37.622182787918206
37.982259586836584
39.549459761133754
44.30949063359577
46.88114169826469
60.65629927683247
70.3539622282067
82.84565172862514
93.18289029000621
103.51609369781984
119.40882626523683
129.40139836254056
137.65218048372097
139.0388525645207
139.6414260841997
138.30213670914097
135.15348845021677
131.4160216463482
129.0891734923318
125.60903183323187
124.69542906672616
123.80394611720213
123.15956236706657
121.38809132592446
119.95055969898756
119.63563149562165
119.12787997844815
122.71184131681308
129.4615303221795
138.18571144519632
145.07713349849044
153.34461215349125
159.8180464239401
164.9480925996343
172.01837930397178
177.62997214303806
183.53341487848922
185.0309776282641
187.51554566199033
190.66793702324196
193.5449425066529
197.60084505688732
201.64621079472326
205.56351922960326
211.81252207741298
218.17525119936025
228.24848581463925
236.91378268587692
243.78933945477922
244.68874793563634
243.3737779411828
239.08805723238078
229.78218888749814
215.82563895393338
205.84879027325732
194.70555901821595
185.59787898931265
175.8206143031839
162.55996068468264
151.19177064737232
143.67199964103952
140.06428342256442
141.5768776120923
147.28675990385938
156.73204663568768
170.39398458458766
180.26668979241074
191.47203098609137
198.25503946348107
205.60025847622845
218.00720279790778
226.0244621689355
231.77048203650455
232.4818321223863
232.68547581305458
231.88397712727618
229.83461527179873
226.96215157142913
224.26004867144516
223.63420058652406
222.19050217832097
223.13613991451473
222.9605724502016
222.80511071847042
224.02065229213014
223.65679602678597
223.37523752964398
221.8349330426097
220.75586957837402
219.03517412767582
217.8575893536497
215.24919721238086
213.1020361487406
210.8388151366145
205.53827736287005
201.68046385329572
198.65218279797995
197.71920496960243
198.11267503863687
204.19887446485234
214.7560138914682
228.85449683762232
237.53042121495497
250.16890132626395
261.80501174120144
272.7848039527607
289.8136705955932
302.7729288455191
312.763954298895
315.5028767705445
315.66209592400753
307.2185990520337
294.3631561902476
276.33036588196336
262.15488660296245
247.16938718858793
235.55295278719763
224.08022993508334
206.9422969764836
194.1690972159089
185.26401585471575
183.6221338211041
182.5174230328458
186.51371963562755
193.38052126878063
199.65023118890258
205.40758128830075
211.1855794602348
214.92064915734304
217.27016046281537
221.7751718744269
224.7605894787688
227.8349583379917
228.10539308032585
227.5648920569764
225.96449011273046
223.08203654759998
218.4427208298668
215.10918079532
211.64215165143955
208.8054064294997
203.3555856317229
195.8662514052876
189.01113127743082
184.71357970983132
182.2938871497973
182.904068531827
195.01705238899524
211.8965778993635
237.4732060977199
256.0624775694644
277.6331068891037
298.86023570089037
318.7028482049767
349.9924802634417
374.4363911926608
392.3608968685723
396.4782930828899
397.207379197372
382.19764690775725
359.2038977983946
325.8498455248317
301.75275212174574
274.2514710065721
252.72538537811454
232.39718407235125
200.2624520756362
175.09492636783014
157.15392609476217
152.1556087450039
152.43023934512462
166.57537182468863
187.49593197391687
218.0645371720725
242.06957955486683
266.5568017432413
286.86729030145085
304.97157023539603
333.741272440714
356.4324803663871
373.42743199462933
378.29446950782034
377.79672341144044
365.37564769796876
348.08919813668797
323.08119181511665
303.8528393583825
281.6628486114817
265.13845496178584
253.17960953495665
237.09412601459857
224.58608468938192
213.9313901783293
212.09407154748394
208.09098283497934
202.3461487214655
199.2496764901952
192.85322741859983
186.76463083263044
180.91271552328666
170.03806448163834
160.34059371372862
144.18755228976428
131.0587273022068
122.35334706782145
119.28346314245634
119.93769838598348
124.70371805005618
132.50063115207143
144.21087406888347
153.91451425637965
163.54994571697924
170.26591003164597
175.41223737409598
187.0534303081883
193.8296229076649
199.22923224855734
199.85277556234232
200.2874277344278
197.2474200469108
190.73685180187846
181.02238800076938
175.13181776270343
165.83559567597413
162.06229272146993
157.84986185474742
150.43960886768454
146.25920618801376
141.6842839303389
140.77318471182707
140.67684594672238
140.7453397006851
140.5666000690578
140.69568764032607
140.594700889207
