8
3
d
209.24612299190437
209.6201912434386
209.08681972421698
209.87081067607724
209.32073886762646
209.3164598623978
209.28073872383587
209.46585182894958
201.85781768376975
193.24340119585935
180.23239995216142
172.07910265525516
161.38358891780413
148.1541443749354
137.8365071219824
121.84747268317493
109.89245021062825
100.15708016132318
98.90007540455998
98.41799211986572
101.7013672078035
106.30840811913927
112.93763267562375
117.5063031071155
122.32877936741043
124.02472539843205
126.0468821442433
127.9787281773039
129.3576378948337
129.89298265731435
130.4861846921235
131.09791038970772
130.62966160066313
131.5061918994396
132.1734627761924
131.14120305375164
132.9662119485904
133.50208879197396
134.4758085278328
134.98578588076248
136.00399212048342
137.13602274568458
137.4066903686642
136.96327676911662
137.72856906204083
136.43793836517895
136.4406723389993
135.14538371710938
136.29698177616416
134.98929329140464
136.40485208668008
135.49309123179015
135.836396352211
135.9189145340932
135.53882216452888
135.4054099046073
136.03769941441763
136.12704237667077
136.23693046990036
135.39330187094455
136.12783964466792
134.96660345391945
135.49810650655172
135.0570495089648
133.9523700842633
133.0247364576327
131.67970029242412
132.6818495231548
135.27521994562704
138.68302680572737
143.75912444205184
147.94887285918202
153.9008200432187
161.3895343397868
165.8205828711681
171.76209757574097
172.45299476952664
171.80413571781386
172.69779823488616
173.35221694580704
173.28915692833368
173.20246287238754
172.70755377688764
173.53303149182474
172.35131627978043
173.41487793815998
173.6384797768334
173.7816205856434
173.1582686379612
174.11761277273894
174.94605558290937
174.5471210629651
177.19181761775806
179.38662718860022
190.48753126918476
202.22830725470826
217.31291107545084
227.37006092112262
237.92695733163796
251.97526494104503
262.0233545149364
271.2846295692798
273.54331631737506
272.6080270081528
270.2163574721926
267.19924463793797
263.89260501794814
260.56675514023016
258.040697470806
258.4696462179726
258.98009397883743
259.13604267067376
260.14869060863987
261.2753888333257
260.8177132902965
261.38022385464825
258.6388986508064
255.56919213968033
251.22806326450421
249.29547510320603
245.2887892353142
241.89282014714016
238.3164954703306
232.82474650641072
229.3432049923906
226.37341142790402
226.5475118586475
226.5319775397886
227.0278813264716
228.44371738378152
228.83020759314476
231.33969183649583
231.52387793418984
229.45697638996108
230.26035072992107
229.58879370393788
228.33345497877664
227.8305592227858
227.61100599039077
226.32677629602526
229.90092037727854
235.4432733222047
240.8931658914492
246.09976588379308
251.71243150601498
256.7545106550019
262.1763647487635
270.3643312006553
276.8933802619887
281.5608592934246
282.2462091772428
282.9716343283527
279.218526918144
273.8786042109988
267.04919671357897
261.38014625281437
255.02249989008988
250.11412584746586
246.10622325771854
239.4553046834555
233.19491089382632
228.3763183703918
228.23996701181082
227.5781747131072
231.71752864969204
237.87033697530816
246.27494560772038
251.1750590047722
258.3738805888756
263.38994552331263
267.58443179597583
270.90092795145245
274.5252661499647
278.8069631218989
281.19532740316873
283.424759700547
287.16954905140307
289.65100946893693
293.9754284107943
298.1146663815564
303.2126048197401
308.1062334048107
314.960622223199
323.2641730731313
330.42119940281003
335.47426218514346
336.70224026215544
336.02639286506985
334.04554908864
330.60468893126716
325.910852074338
323.4514840350775
320.14711652940764
316.90534343818945
315.7338860595609
312.46716530350955
309.43902673040566
307.6992198474824
306.47997726304254
307.7402242693713
309.5160039550924
313.74596850630815
321.83510251854557
324.4114106831142
329.82141780574256
333.5756261115431
338.65303709879987
344.65252367908874
349.0833797198363
353.01014082718535
353.34236611665864
354.13002623268943
352.57582373530624
350.35006395758717
347.42521414999874
345.94147504000773
343.02641801322926
342.4370927268785
342.36703880007576
342.6289622488425
344.46059052227685
343.11521699848447
341.9103655053655
340.966235641718
339.4386764031626
336.47362887298823
331.0114924052404
325.6868730400741
319.73369210060383
313.2647024783736
307.9044099740235
299.83232185831656
296.9108126919345
295.3473556438284
295.35083734493344
294.5346482636225
294.3074571394697
294.21607421116704
293.1797827788571
293.3296498471017
292.7953681996863
290.0780428108365
288.64681412507014
287.3676909439511
285.9297600567188
285.0849530152929
284.7084139279849
284.8315956121231
282.72922758245886
282.1134633304309
280.4853512774256
279.8562202282039
279.1876891455787
276.4554874494503
274.91028601055046
273.6751789510065
271.0523690894496
271.1590694174772
269.41644513200777
269.13324976651154
269.407036618237
270.09388017364313
271.2419423992675
270.40170601396477
271.46416606549906
272.7154476123157
272.2660431486636
273.9456952223841
274.92035355900805
275.75389986205585
274.82195200525854
276.4844493463699
272.87355609127394
268.1068028594207
261.54997132303964
257.63121130720157
251.01923803465291
246.49082193497432
242.46574816148177
235.51284795425963
230.83151127768593
227.92003872904183
226.2784899647258
225.6371975383955
226.67100574344732
226.7590558836488
225.4092009166147
226.415717594235
