10
4
b
91.98875755299125
91.30849789125658
91.56768376552036
91.02409152399864
90.28328771698851
91.02186493648587
91.61453450812381
91.08538176987194
87.16559131921038
83.66910584191817
74.76688297751359
70.93872706603457
65.02341907488679
54.27444651875328
45.96362066416768
37.868048964509356
36.69372789021168
36.234574184298616
36.47635524533535
36.299116185628904
35.96362157287506
36.08437610629862
36.108988423789015
35.96076219036982
37.04036792813422
35.18383056990173
34.08909410523362
33.31487617457415
31.90926129771092
31.4829883141216
30.728058122941672
30.354877670212776
29.884902209957808
31.47887102632513
31.930046659349777
30.982539213704154
31.551514774367888
32.62421801408956
32.51337577547015
33.24151166294344
31.874644074386673
33.84279637050904
33.996339713382135
34.02866599301508
33.2836859666739
28.886140276003072
27.02868953420893
25.101181427351673
21.616697573608274
19.57225076698265
16.934586152321295
12.429534235481057
9.481228131610859
6.964141820285042
5.411162959619222
6.40124042348312
8.522444557725988
11.858922189029105
15.88652971261534
19.019756513046907
24.33568226123103
27.73422604901748
30.714367363978955
33.6546726915076
37.64555033834578
40.603873964453605
40.42519899847413
40.93782496156609
39.77606705417295
38.67445135885776
37.84465474319566
36.20511734893389
33.82988455296813
33.563384718640286
33.21616238400943
32.214320621788936
31.191198533498866
30.9478213908278
30.285859223702133
30.53742521951024
31.538924913185877
32.0802571354905
33.42931546307477
33.70455810896811
35.83925719523313
35.74301518152682
36.96146443328612
38.08962410276005
38.80706675252386
38.62434131128327
39.16329600974259
39.993367346655674
41.981645415254604
43.47395286297772
45.59188185797996
47.45999883570552
50.4076405522634
52.502759543530345
54.92520160508788
59.189352027459215
60.975523452913585
64.13761060756107
65.25249767915062
63.277901334722515
63.86474852804444
61.02743756378385
58.68704943394106
58.23524093036537
55.845372632512266
54.720459664196774
54.1818791954977
51.02981564374998
50.13716241163865
49.4388563007279
49.45783013111934
49.92423697835928
50.43473792926133
50.76070697084539
52.37502548973481
53.262343305295126
54.40724254080743
54.034029415480354
54.00124757532154
54.48716000371936
53.05691696062526
54.14392248639726
55.64817611959998
55.57574338924009
56.58194321435149
57.54550122157233
62.4079909769013
66.45589244579992
71.8197283913572
77.17733426869601
80.90239754239393
84.96724344689318
89.15466918197676
90.64447001456394
90.63143975321407
91.88854785326996
91.73803991644739
92.99988036776368
94.36687956262124
95.8549047577639
96.17651001932134
96.64527026770749
97.1842015803102
97.17738991007909
99.57524980302021
100.60053404344532
102.2201148741194
102.82309953906487
107.3039572695582
110.7192790326624
122.50950012569436
132.72877803708238
142.48809444297802
152.08172262167892
162.03347539192177
175.68520637000148
186.63547037299935
195.81716845435153
198.30673406403386
198.89188515500456
192.85180563313185
185.06510735546757
173.4227308874743
165.48770086593944
155.27129174153575
143.8351880184489
134.46623237648862
126.66663733553315
127.80161645358098
129.48708298933073
129.84915913806518
129.04534103786096
130.0018575818925
129.32571849824959
129.07497771429036
130.1490746459078
129.69878215287662
129.52982795571742
127.4563240688381
126.25783681494882
124.53067546528025
123.53932779791343
123.36321775463495
123.38988647079216
126.81139035660398
130.88568670356645
137.25713871621576
142.28872754607147
148.02518805634648
153.58000211342903
157.45918824145804
161.64571443380623
166.32023965304268
169.81884788757063
171.0981658361085
172.04387927579458
174.72706587343325
177.60676053113517
181.35525125168544
183.0459313875401
186.46890671222448
191.31430517210603
196.26607811701055
204.09208158116402
210.3247811481619
215.82577166022793
217.33695343611237
216.252701834944
211.66950286991414
203.48234069378552
189.66761844998192
180.81004749687693
170.0226293201665
161.4403906140416
152.67501473086182
143.77931877144664
136.57391386637283
131.36039631423023
129.39251551237453
128.5126162315884
125.4742094800378
122.79650525334289
120.1117837855026
117.59558428455681
113.62969856928973
108.56262954081907
103.12017094024377
94.85375158609159
88.60814331342999
84.21129954215988
83.8302113126425
84.55711108162153
86.19362234460282
86.83282018483276
89.49191849796303
91.88677565063675
94.92085177314729
94.35420746284207
95.2271839849616
97.57758494094999
97.24053057195506
98.27831712435737
98.44863662419544
98.97120775802965
97.6451276350912
95.19954824640786
91.09258581023902
89.27599425606573
86.38752681099582
82.82148639069985
80.96818767346907
77.26248361352712
75.49552646311902
74.80362644473502
74.20502073534934
73.32928950148178
72.77524814735726
71.74079728332795
71.18734614613054
70.29718360435103
70.06566223807852
68.24046642678651
66.63701091293291
63.76170963030766
62.604544866447704
60.36764656172013
59.495134463483154
60.10193965423877
61.132629943656596
63.80808072340299
67.11836477283208
70.43724745547
73.8410919204595
77.04850246201971
78.8884019892498
82.57646453544109
83.50472690968724
85.84884649924945
86.22944459998443
85.92828199170559
86.04408768631963
85.942209545276
86.56433199327762
86.35490670268034
