11
7
b
100.5521816795956
100.76497521170892
101.09025486746583
99.79241700233607
100.51277128458094
99.86034903493226
100.2820897956478
99.93020553736832
95.82594832678349
90.21933727018914
83.44270478710563
77.052255065446
71.40394313252062
59.68268118143113
50.645539395737046
40.72802591260702
40.050970978217016
40.25262749072332
40.62292031160776
39.556268107499235
39.34228427914771
39.1651873055134
38.868425844674455
38.76667856693228
39.59479598368238
37.85668390467905
37.95009396835626
36.60917192826035
35.19486168081473
34.33927330822445
34.82978724904792
33.31167153810271
34.441855400008315
34.24737305093233
34.83624106807715
35.2571019397611
34.81832708664785
34.75661651418731
35.97289426307992
36.31049693723927
36.39982956269644
37.46015475395453
37.96604600720553
37.36892166974952
35.83678037673521
32.39470660398335
30.477349443166652
27.623515162845447
24.438726408804413
21.880315013952032
18.799378973518266
13.941593294574915
9.916659194531091
7.682685722313091
7.143153958875634
7.34093723187009
9.554614949505899
13.09308909995825
18.30889806294472
22.426298111018912
26.58697308569348
29.80491876557961
33.53071185928452
38.65524411579439
41.500403140948656
43.8224717424009
45.34438552002541
44.79115724312409
43.97848799695587
42.2700529557715
41.34894463623673
39.24483730704216
36.97511136806445
36.256252367555106
35.92766864298077
34.688790448985664
34.192549169086554
34.21409835312914
32.78336957198888
33.14556287634217
35.035205673644654
35.50442129014156
36.68341075981481
38.47082983961876
39.92350192370604
39.86040204246229
40.85281518519165
41.19171696782286
41.999708447370224
43.50836673150542
43.65149052060378
44.13658566416969
45.72547201869009
47.37611692574163
49.744208163643776
52.63793033422393
54.829685044352736
57.88391961877263
60.22343369841942
64.5096577598909
68.53701806864163
70.96898519096555
70.91177543706598
70.39005272186603
70.16886561449
68.35873023328344
65.61851296901884
63.82032568121501
61.34417053159605
60.18173291823876
59.80234459859832
56.98450848624785
56.242410296365414
55.04648179099123
54.727105050940295
55.1230452514091
55.57489790888275
56.09747701837128
56.62885334010088
58.1497645358076
59.65317584437448
59.43339487543393
59.79346947522468
59.61267378532379
59.56163839042183
59.717730959036025
60.6329344043376
61.15863301175372
62.56926572968935
63.758139068730465
68.59289319634911
72.92657863339186
79.50399661101721
84.6135442274012
88.22907784769491
93.48617788247525
97.97403957747179
99.12470759473305
99.82369583227852
100.53479734708584
102.00631001668343
103.07445481139598
103.5792431422329
104.4377575561365
105.37543490099007
106.08534115907777
106.82544574495552
108.13084967637515
108.10978775366844
109.99159314851534
111.77271878889319
112.9255611851676
117.94033614140325
122.29655633882025
134.32766219100517
144.8323860489134
156.19583103855928
167.50081105780484
177.23989872578926
193.69788173436993
206.39372157220984
214.97743318855086
217.8116876644569
218.67068255316352
212.111028838064
203.285503185442
191.98025039330844
181.90024632634137
170.87438250668976
157.8666923055384
147.4157621661989
139.27684827638595
139.95918279611246
142.33708957845138
142.26422984194033
142.25168614767236
143.81198303552955
142.9309417515849
143.130802027815
143.5355374931056
143.27277686898293
141.46787275251808
140.79885989988185
138.80830425790336
137.98898457372775
136.55337588207922
135.46687491883975
135.48308293062473
139.16029716532444
144.62141884632445
152.32241265935744
156.98640680857568
162.93672087311273
168.79481995612278
172.42347544563955
178.14869358733284
181.6771519523857
186.44189567613924
189.01015349902497
190.14757820266496
191.44460965021347
195.83424961950385
197.8353063448358
200.95398679007243
204.78742754641019
210.67036836098094
216.33364329421684
225.25732880590607
232.8401318460402
237.35244994918946
239.20116193200283
238.75445040595935
232.07310286810477
222.29409174323536
209.22300194993747
198.90706925044915
186.57506648235687
176.01590884399275
168.99178170185382
157.7334242229201
149.7985950225566
143.95160919769668
142.5617584672741
139.6803916698419
136.82928571772675
134.69269800359282
131.68996061706972
128.91225403196216
125.31403136483507
119.74822231294038
113.52774029471448
104.82513841527845
98.29964756153983
92.4613465061535
92.15507571723624
93.13777711174072
93.76699654315384
96.85217251056262
98.97204602146526
100.35032387983688
102.93890076955425
103.74244370140589
103.50979329862486
106.06732240071149
107.7721744449887
107.83088985550751
109.33699650550909
108.29145509194507
106.04478906802935
103.76917690924765
100.19634561938835
98.3230722417032
95.51474558582714
91.4075873886093
89.62004972924085
85.93020703419192
82.99089836868328
82.04898169650866
81.19760034714547
81.1976024884802
80.13378906156483
80.4087262634244
78.4742964198495
78.30454913795133
76.88105653905932
74.38361722366632
72.83989257509799
70.02354161364106
68.76087906115684
66.57608558442014
65.54298369167674
65.66244154246948
67.84477702943423
70.59933449192566
75.47509882419757
77.6154582647803
81.2264489060106
83.97968224725864
86.75580286409252
89.94414654578816
92.6791649372266
93.86377435226188
95.442468673382
94.4718060181151
94.72149387241772
95.2099607924293
94.73642867770141
95.22936997326518
