11
1
d
13.646413241551043
14.611522887914688
13.081114210007387
14.096093604750132
14.286592094743902
14.231803318731536
13.667175492658558
13.207433949486447
12.58555163957706
12.209582800782119
10.756344376765217
9.63750016634215
7.1984566538663115
5.027592612274205
2.996178316095321
1.540575326799122
0.0
0.8379552919489847
0.013844669870940858
0.0
0.0
3.7206417255543034
9.427753363885328
14.876980259992203
20.081515381146925
24.76857371764719
30.769521764134073
37.98754359107202
43.33278793754347
47.37851660485245
49.32598172122427
50.22947886560438
44.72327620584894
40.21091582864457
32.59034442863182
26.993781444067103
17.537986133636
12.751147872973318
9.466162228572117
1.8999521281087883
0.2576633921434807
0.0
0.0
0.0
0.0
0.0
0.0
0.48386395024918505
2.895175877485509
3.8073068319066836
4.4593094301303475
3.9106302742464907
4.518239863621167
3.915847994256137
4.99573742752889
5.544480520436961
7.146556206713582
9.56730289135072
14.564379631038763
20.243156823124693
25.143284083722257
29.432676508789374
31.99259712704245
34.24578419289007
35.95740425930628
39.917582887239384
42.10242140449752
45.28747154670296
52.40275368426274
61.755447351340585
77.01773606141397
89.84743217663186
104.42789096619835
119.39472748948552
135.0766672943538
159.0557117017805
177.98882558093575
193.22940326097813
195.02954459142356
196.4004691533787
183.301425443759
165.65421626631118
140.91705827543723
122.03413645396768
100.82640928914864
85.73484480648408
69.79188893122213
47.00438125591202
31.095728148467558
16.24270619986974
14.511908498986113
14.117034064766429
19.27181268584781
27.108773248390563
37.89544254822048
46.319852966477754
54.96057062070664
59.628484153228975
62.67138980280203
68.9025429854894
73.52365018622848
77.26189146878173
76.26373710146423
76.6586896348718
77.29953214763546
75.78572431269303
73.59588817446955
73.04285116638512
70.70633833007086
68.45485901871648
67.34981094696441
63.389325725175816
58.65414502098286
53.79086052719553
52.034704262956154
51.93506619820267
67.01395020753019
87.49928889492934
120.66028150333014
142.59689478817066
169.3306095784305
201.67287612345487
225.9441642528954
259.67232090840247
274.7220366001258
282.95922330368955
285.1382763795231
288.13923216836355
291.14391112788735
293.36186224420663
295.8473392863165
299.1962260928625
301.29927988785994
311.82221116628125
322.47771493718443
337.77249375870247
350.42042001198854
359.2787262416654
361.54072034564035
361.6410135599729
352.9543607283719
335.6331888455543
313.57444742523916
298.70414348941017
279.5123732071217
262.6678962435318
248.7848957491542
230.0683835231029
217.8655996381904
213.29888890038495
210.4386786459569
207.34762433808385
203.18661180152753
200.94250051655735
198.39586622847915
195.62926773700448
191.81055684007822
183.557880390288
176.9860300774579
169.70460022494362
163.2309284067407
157.9396180087112
158.15123972393158
155.37049013240045
154.27632133572104
150.85859177192057
148.41629345684225
145.78774672286025
144.04247417161912
136.56424634070783
131.43511477010722
121.0909476962838
115.52495613496131
108.2715597316604
107.56967464557553
106.59073291050528
113.7977072376142
126.88805057047078
143.98198778473568
156.79711369629783
172.35364309190842
184.60001973525755
199.38431246912344
220.28457364504456
237.45386382265394
249.17272332472422
253.22871027410176
253.7343119423534
239.40892387438714
218.6795696050573
189.2754999954522
168.58344539445045
143.30683968995038
123.36642907856384
102.9082912872145
73.25860185075369
51.52301675259489
35.08711407055128
31.824159438813087
30.200240907671486
38.84118210498855
51.61759747128105
70.2867013753621
84.74031522982746
100.72915542017456
109.37849679857187
119.4805981687631
133.12673468409747
144.82469781526427
151.9564232590258
155.01161987908986
155.17508655613054
148.94196738218918
139.64131105519007
127.55083912902748
118.06401712310726
107.78138990442622
98.87483360389633
88.81022479827645
73.86248163997855
61.58737722642303
52.098317891665786
49.32324957387754
47.478803177054935
64.0864294851973
87.95687524835863
121.978518135332
146.38867189837123
175.22662594031007
200.35488124269887
224.47698190473687
261.23132149124325
288.5086432495407
309.0800200444229
313.50803529157497
314.0710193603003
305.185300843546
290.7695344860699
272.033009516741
257.4631224338793
241.14621903040634
234.75515913356705
230.69055830929048
226.3216264167482
222.15376522621978
215.29035131731945
212.22655838518574
208.11526958014187
196.23300313267592
180.78819022575834
157.9837065194005
141.57445114274714
119.99689543072267
98.27642535986993
77.41576911906019
45.291073574118336
22.830529991755697
5.306653050161929
1.5582245753140007
2.0057798810319643
4.95441706547666
11.977465752249943
18.385069763605422
25.784763082230597
32.38702761478354
32.289287683580035
32.14289057250106
32.401382566022306
31.73703575671902
32.044582692203285
30.84545057198792
31.25807964532398
32.42427262461127
33.85833085609955
35.02020216181708
34.516097877100854
35.74198294953564
36.382536631611075
37.67060818073173
38.149258379081495
39.246256672665034
39.6173035571425
39.42686122019526
39.520311269039105
39.179323893232784
39.598691044653044
40.22392337959405
40.03203357890955
