9
0
b
24.959584045414022
25.009852425342807
24.917488657006082
25.379932866493455
25.16300582423648
25.133886606722402
25.376430268856307
24.903122760946026
24.286201025673623
25.027537114130226
23.7631430226077
23.42201206494523
23.583176580071623
23.006596921408473
23.021876665843042
21.44798869149007
22.024155150413115
20.82239778458767
21.79265019258549
20.98848015354014
21.44054290059226
21.98281965771114
22.57646688334077
23.497756147158064
22.984160105548
24.333610820986653
23.84895895871165
25.209004965213577
25.258100238478914
25.998630502377647
26.882408460507662
26.73033533695685
26.0316025262142
24.404917279377468
21.920789137051113
19.46910216299383
18.466237835694514
15.17415989517206
14.739829313571699
12.032970139565606
9.283152621406915
7.878122155928268
7.312689050170485
8.157829916032043
8.870670177142655
9.709277361734385
11.432533272164665
12.309607927439549
13.780392221800303
14.277210323854908
14.639190862267782
14.43662499646648
14.522255947466972
14.045378877159935
14.65820660556511
16.27934373827023
16.595737521913072
19.219936912227883
23.82443803996421
27.455103987961913
32.75001610512907
36.850734206865674
39.96577351459682
47.07143631962224
51.153903916177676
54.724049933772406
55.86923384094691
55.33852135421496
53.85853877424911
53.876194061698754
51.58581593877162
50.9683241353951
50.00901386686057
50.06233366085199
49.34062333722124
48.51137596518583
49.15729501935134
48.301490001106295
48.26932160225403
46.5827796669365
48.85547653202113
52.1183501344118
55.35688502617129
59.00121653954469
60.76134761094335
63.69852965920237
64.8530306045023
68.69492502942757
70.37408500829706
72.85077857035935
73.25381980969021
73.56342080670703
75.76851242717679
75.94744957236
77.78902279034033
79.1707364951066
80.69618980305009
83.7516162730865
86.34791860469264
91.04981003851167
93.8595974197556
95.22690717896852
96.53312947692932
97.1807689216174
94.50123782163638
91.11588472218573
85.42142195587478
81.72204338382822
77.31436299735164
73.8644765843626
69.83589770079213
64.46000747361869
60.66246308440466
56.0716296313202
56.07408869650702
55.49398005429759
58.57702809978974
61.04411415195906
68.1683381769112
71.6394907794512
75.65079397368679
79.41384028072865
81.18556123270601
85.88574806919411
88.91972176666519
91.60296524116971
92.59831657815725
93.2300701165174
91.99184616038627
90.29043820019109
91.052117440282
88.28519026542148
88.38377497139038
88.0163708118566
87.4239681472494
88.81837334729241
87.44466485297608
88.81145627333312
88.91969552132562
88.2327501465594
88.32634755554515
87.0396149576155
87.51942703902908
86.2061580132779
85.59182596205234
84.20505826525661
83.67800938211039
81.56486891764769
79.71892820997604
79.13447119475876
78.92689753593817
78.57099979192579
80.14853252147796
84.60792043213472
90.73256758273098
93.72185714038987
99.10567172642088
103.42651600859347
108.32832810793818
114.45416698231216
119.89568030388028
123.46804838208291
124.9333210534224
125.03082805398644
121.81042856324623
116.3946161435663
108.78029117877625
103.70888594716625
97.82779210070966
92.82921429829845
88.30557054323144
82.67395164083928
76.93272267216933
73.12619449465483
72.22433873794665
73.18029117005352
74.42091576138577
76.95123697493145
77.9811094319138
81.24956170825125
84.22627467108653
84.99005049614517
85.59269312009492
87.120831928018
88.81492927840003
90.51604321836484
90.23968403916423
91.31336911075681
89.67523117409216
88.56023230432947
86.27048050863033
85.06878122070081
83.63335072851866
82.81218003637493
80.77162872451373
76.33794668575966
75.06642855022962
73.02404190246467
72.4401921647823
72.10782250524805
75.70834102353953
84.729167530526
94.425675704788
101.29002090891184
109.6691527310903
118.26542069262328
126.81277884981164
139.099319026276
147.35423329355197
155.43655331815847
156.95785088737247
156.9152710273392
150.48997866873208
142.16876035910622
129.39871407619046
120.3152671632955
108.24788452340047
100.40902140929073
91.95914798758125
78.091902845118
69.53919114338359
61.892181362638674
60.271640202303836
60.61948064113555
65.96104378794853
74.64072274148623
86.76426895734969
95.87933365962657
106.00303747918196
112.79622050244845
120.94059959993972
133.19802411179884
141.10423012393852
148.3905980431141
148.60368614426145
149.98671838914186
144.82758811551156
137.71193360467615
127.93108891740239
119.93501864458553
111.35177972928275
105.16771777850975
100.74236036706266
94.19088424044753
88.42453284220659
84.30412316602813
83.25061199462175
82.64480632537648
80.73348784195909
78.08666912829072
75.59638425480492
73.26840249931423
70.75473938422437
67.5919166307479
63.501070708257394
56.25174098879589
52.138219138059505
47.92775513527621
47.13919909630374
47.694360236190015
49.040367140807035
52.21168638877435
57.86834048105915
60.946441422666254
64.17779253069172
67.13845640464633
69.1476403279204
73.28212116232412
76.2254320997923
78.4080021714911
79.80930579791723
79.48726286667925
78.09105547067192
75.90444710013541
71.95817398193162
68.47411554440686
65.1302331508638
64.17685083984269
61.763227611043355
59.792981894394295
56.9594067936162
56.16068753071898
55.517702549077896
55.463443298146395
55.622871544881725
55.0667601030019
55.96825277721947
55.49043508307844
