10
8
e
87.17120739223343
88.31663833011288
88.54084639230308
87.31933807837451
87.93725737999642
87.61409262366385
88.77380662503508
87.05480873717774
83.82716629633501
79.41465355599857
70.75868580536496
65.95430776399175
59.54189348990938
49.46564848918751
41.13838726129928
31.525448718886782
30.677385366847407
30.232579087951603
28.93870900944825
29.549322785255466
28.478958790780347
28.998601161597744
28.32203305412407
28.55484394735849
27.206004187145
27.485205288543625
25.35433606310763
23.11194016852423
22.286423783470454
20.34691260435638
20.732080456056078
20.51463968894869
21.454698713510965
21.243475218470863
22.780144093521326
23.85150108769097
26.03959579062454
25.084412573631955
25.401852785233164
25.950865042345434
27.091421082660016
28.42033588779342
28.304532330897135
28.85024534560074
29.871798999242845
30.557632566246692
32.636553597159306
33.108112840937544
36.80480717703864
38.323159315574486
39.82230560570812
39.24701157632742
41.92067506451009
42.87169107058966
44.60819779778485
44.82386290435054
48.357042088069804
52.309244304610424
57.48997906088688
62.76362216187117
68.23138247528047
75.12619982989563
81.19618683086193
88.58789768428916
92.82495912451411
93.97832285166392
94.35788306241398
95.65802504558229
95.90913175725524
96.65892359843623
97.70743659289515
98.02723323742698
98.53103682824855
100.36831096705974
101.59832218140855
101.97336406837337
103.58412546106345
104.77242476304338
106.526669116769
108.04529217029999
110.53486741350386
114.56974935236592
120.7585180482816
124.75207977869073
130.6471468178616
140.35791947003
149.01684073633984
156.4135311187425
155.67236616925462
155.68336560723495
155.62286092138532
156.21275966453666
154.67953271911298
155.77346960274633
156.57398176099124
154.99602459543155
155.74388974475218
156.3189727303033
155.82994276581962
155.93858135862226
156.24182633011367
157.42568272069445
158.1732050519015
157.42838186345233
157.88577784106513
160.41538644537044
164.40116151170938
165.7754188740215
169.80628477636753
172.60032095095906
175.60622088869994
178.9035020653692
182.63125277445556
184.8569703295137
186.55207518435952
183.7384110289124
184.3782426578541
183.73605062030913
181.41528990891356
179.0053487079497
177.1755704518884
177.7861822315384
176.73054538237213
177.25643865616783
176.7479940181205
175.96628331927104
174.921530938511
174.3592050321963
174.30736162425163
172.80766710018165
171.86054851508104
170.28609686467254
168.3487375677293
168.16816465829513
166.36863287909526
162.83448414642146
161.20597246136455
159.90615367878382
158.5447538201689
159.1864749233648
160.6774785188743
164.48485548798976
170.47092422886266
172.9834166702285
178.16740497792154
180.3417587704414
183.14248412841602
185.7032083994477
188.0122010455169
189.99966308424496
191.77297983738262
193.63770258237406
197.92528941089446
202.46369209597353
207.21934363193378
212.3196695531933
217.56091390191605
223.9531035475259
230.2677659052205
240.17071410586942
247.09357031372036
252.01392066207944
253.10393699039412
252.77000073550045
251.3052705651001
247.83915731783677
245.49753286300322
242.14326864104135
239.0059652417066
240.03363002513615
237.96596379466465
238.19211297964708
237.11084769628036
235.16282311319705
235.04465609184186
235.4193004987036
236.3428191614291
237.08527439280036
238.95795614411918
239.91313303425207
239.9144609830772
240.8150329142322
241.21451533362753
243.11828025862434
244.23316044369082
244.30377864462795
245.24294721356196
244.68146367881857
243.55644290019217
243.05345278058155
242.44122654546567
240.521003341635
240.25327812529986
240.25564381615902
238.4850210797265
235.28632751596038
233.55732806112687
232.31111263250565
231.96413415050498
231.6502852651548
235.44117075293923
241.0490657618001
247.933858336644
253.27108581643833
259.6193079655832
266.37429667981553
272.38271029048735
283.1604557766909
291.5276512467881
298.2962486896981
300.5384551799207
300.7942634929609
292.7211345312538
279.1263833086077
260.69127897636446
247.0459403996141
231.96772781720904
205.38571426599043
185.13781077663054
168.38666375570455
171.66365626703455
174.90374989105422
175.0071172395758
176.28234544491468
177.02795528726676
176.57584319529028
177.25417367279442
176.53759578372689
176.4961445725548
177.46880582284717
177.14571461684707
177.30971281924863
176.03691916743193
176.8964474157159
176.29978989273198
175.52502865857994
174.44831171995497
172.09827932506815
169.51858570814812
167.38847153304926
163.5895915817696
159.4789756299704
156.8935564368195
151.19855107854957
151.56835647606582
151.2263321861912
150.93927146753944
150.8312663359504
149.25393717798764
150.33489216874773
149.92204702086516
150.0483576118215
149.76185755193006
149.09163577038908
149.02403439582687
147.54664268991806
148.7291124559374
148.32069942460762
147.10906417192808
147.13741131658907
145.97133453542855
144.3763854349264
141.05018298536197
139.2478078998383
135.31608529163304
133.0711922286669
130.51979524053002
127.88504357691622
126.33530466513614
122.39514486426988
122.20439130287612
122.13405578437889
120.62174189595561
118.96059143344156
116.00645343194412
115.87647722901468
113.00847819319867
109.94239329328107
106.59468964404891
103.5079907193789
101.59752864856765
99.94234940410547
98.04760076306046
98.10083815473678
98.91670227966377
99.06768030631923
99.13089898492437
98.92830453559247
