7
8
d
106.35261032538551
105.73765650964101
106.88429337068251
106.57373361922052
106.28510336464502
106.21517504755711
106.37464158380908
105.50859198890764
101.55813715195063
98.16984540816387
88.59221421017318
84.96423996023297
78.66221925941254
72.29649663115113
65.55373655485872
56.58861555505563
49.73815418197668
44.95771624246844
44.389493565061926
43.67520862165141
46.041806686146366
48.17275155863191
49.633354676159634
53.609572828874825
54.60507900595448
54.50388247049589
54.769184238609284
55.99280527566916
56.11283344359138
56.68241604961184
56.87486140865032
56.9406843800419
57.389917404126116
58.04540813649571
58.326518638099394
59.70334420224113
60.2648177779381
61.56428056290555
62.106551402331476
62.64374096962924
63.56062079429085
65.97949444126608
66.11147383034395
65.10596056182165
65.59632878956107
64.44577638138396
63.15820235143871
62.45413088903014
61.416634704314276
61.651831171292244
62.19257920477484
61.530170614518966
60.5789603801761
60.54551305291902
60.12304903420358
60.07194217762567
58.91395048786829
59.366493736372405
58.964288429019554
58.93818989747155
58.69157654827089
57.60579919293005
57.850805230443356
55.217401424354385
54.33501066906671
53.42367419413822
52.26324462779849
52.59199587054521
55.888746920787376
59.98000598406732
65.61475064480788
68.5921251046304
75.09826000180576
78.25538884815887
80.35846700647242
84.58827203748346
88.5826603800779
91.17021541529351
93.6222065459527
95.9024587377961
99.28463733820257
103.14320880377497
108.51952510580936
111.8442359232382
116.79159844148201
124.49415742256095
128.54038285498567
137.70093640389396
146.04539690207298
149.39530267134955
150.92394049438064
152.15382219536912
149.79640707832294
147.87970686501353
145.12732355105726
143.13860116904905
140.6854207364042
140.0004116496667
140.00487656856058
140.6113776834506
140.99508146683144
139.709963257528
139.22834446834605
139.27736229897886
137.8766208133004
137.31603103950764
131.67780443983642
126.53824782548685
119.76909179979097
113.66041665622588
109.76891102139217
102.63712106207151
97.184768522642
92.37101662722584
91.69163234437096
92.42640984342842
93.52393872285683
94.4670073350345
97.53183288005745
101.03665850893408
102.9610342012256
103.31303809971723
104.96362459272208
105.52874960787777
106.49934350998086
106.55709343576869
107.00681495380393
107.65298161445479
107.91285348430236
108.01379150439645
108.142043757891
108.26243591653288
107.05234772483452
107.50382637516788
108.24072469465
108.55185208364843
108.74491887760144
108.6434135324579
109.20817678873742
108.72639243081044
110.07393632243586
111.49666057676637
114.59416200413487
117.12903825907145
120.30049777073641
122.84569588746976
125.22498885017279
129.12539121604965
132.6316295044029
133.85880067696127
134.9560312479864
135.98447117871328
134.84241365387143
134.0493077259058
133.34344281882935
132.72153856840765
131.65933988290197
131.25437254221285
130.5524269446874
130.38425563955704
129.1281501154647
128.35015469148507
128.34196085794025
128.39828342247898
131.03274811279846
134.7267989474531
138.89404978200093
142.30436278960025
146.77869973641552
151.15117030589536
155.49257372354094
160.14106885691112
164.65700813780822
168.69000387533077
169.37832477644355
169.36847409551592
167.7606162515635
166.57211722495677
164.45385826825154
163.2442117840074
161.26121899584044
160.41202865250264
161.7329497869296
160.28544711579767
160.0598415531612
159.93492788187876
159.18352698076146
159.9394703808704
160.26633746894743
158.33861960658146
157.2659207959838
157.68588995771336
156.36310907251348
155.27980195164716
154.97802687704373
153.9736550067136
154.6392932234231
152.97315787586834
153.9094912974387
153.65899066668973
151.3437797691489
149.16825105660232
148.27099798021715
146.0936854868536
143.54325748544352
141.9109415890084
139.33149851110105
135.8656703158079
130.47821593653316
129.59566914960257
128.95738999271495
128.4037520371835
131.01250484780877
135.38077076019272
141.19938959331012
145.71347326792522
150.24910682786683
154.9313340145348
158.4950979724799
165.47401444796193
170.05890795911142
173.3015064097258
173.88954615279803
174.91161174559318
173.07736227211723
168.69299964792194
163.2575109598921
160.33719292886408
156.1536679472933
153.20919097331532
151.25165901600363
148.9750351326803
147.4722222842768
143.8922622166527
143.90466641610232
142.93465309149414
141.52824652904997
140.63230711221308
139.67866464980094
137.96880787394485
136.89451788436148
133.91231160569947
132.7715358089416
128.8111410005249
127.52524156687215
127.08791964620664
126.1519558660461
126.21925711095422
124.43229315198167
125.48121470083827
123.56497491936204
124.18548156974504
122.32588982144215
121.01968062761892
119.10318379701235
116.46849956520265
115.25692012579421
113.87217911200223
112.90278728819776
112.96434489873208
114.98406148381153
117.71420469387958
121.60518792985205
125.39778373753839
126.94625521345289
130.46675906886728
132.8116917883484
138.6656352661692
141.43030644862034
144.86834670364655
144.53270372499034
144.35681365792846
142.094966803955
139.26743920818308
133.32430319092995
129.67208427595344
123.99610837369714
120.52716347450819
116.46679483912025
113.23155571986919
109.25773660579884
106.34534102984034
107.08629464242593
106.26154768847624
106.38163957428615
106.81894843112757
107.70785327346316
106.3804375559798
