9
4
b
79.45621278437619
78.84028330753048
79.29729390220328
78.30471907634492
78.50926177623833
78.30707340124833
79.20589593740948
77.94601214051251
74.80436093117746
70.78554345119421
64.33490783425223
59.751668908077306
54.15556587712436
44.07604835706548
37.574837933348476
27.426768561704048
27.47004086627434
26.37913775391019
26.54043857745184
26.57206249686701
26.304023483151983
26.235313366990052
25.19724640777226
25.41090214407521
24.913197254214566
23.17755961737495
22.70270709004335
20.46945445558658
20.045091036381713
18.355571777019954
18.171518677292234
18.912074068449932
18.687556015675042
18.67738868309041
20.909909168378288
22.417967119284764
22.10716796106209
23.495323534786184
24.02295294095918
24.496468574440275
24.90321042369227
24.634811468890344
25.19832380335279
26.34574128927214
26.14661629378899
27.89955160793161
28.164404459198693
31.194407288674658
33.12642207919723
34.40621056502173
35.79878543318364
36.202867567660434
38.38725920039326
38.73834434113409
39.20166311244853
40.11463591929692
43.429534397634605
46.383253034333904
52.74782123912243
56.27366149931848
60.03534588061003
67.5995644829079
72.53771774611995
79.49131067926457
82.82899192375258
84.71341058547021
85.85544602447659
84.55828273735995
86.38921993384184
87.17690049686553
87.04606159564149
88.28802482941276
88.87278123965591
89.24258431310562
91.27958967385975
92.01561880951401
92.35553886334942
94.07635889194762
95.76748466183459
97.0800126820448
98.68050598783083
102.31840065305492
107.34203186835627
111.26037026931225
115.95161607864864
125.77220069044414
132.47753395150096
140.66031658480864
139.315285322263
138.5982476376275
139.42540901943983
138.7413766902703
139.5544547039267
138.81938592101596
138.87313606513243
138.71663199127494
139.05486520889184
139.21653023749468
139.51909971138656
139.9074403096439
139.48166306766072
139.96537382678034
141.35866963044828
141.932507452248
142.40566473319512
142.6240387997593
146.05428352867267
149.02071651843676
152.43619533370972
154.07104932342588
156.9544505380944
160.57895423642435
162.69183285326523
165.3694553547596
165.7883140851992
165.76462921020675
164.56475873293783
164.28165938013746
162.46643938737165
160.77186407651283
159.01713387205425
158.48364073809458
158.25383259615901
158.30468195433892
158.2559594851417
157.7831774444222
155.35314354731324
156.3402297536238
155.4252551554777
154.01067976052371
154.20187510416832
153.37282986257608
151.9626544871068
149.93617851507372
148.32465498393788
146.52477030214848
144.938209095312
142.3658087302042
142.71121534541277
142.85817525301698
143.9077442833326
147.73256270163824
151.67391458010098
155.02959271920113
159.118406490601
161.92932787108924
163.11934547459418
165.1930935850703
167.75476281945487
169.635279569116
172.59526444216945
173.12495411835218
176.84204528824503
180.83073488738836
185.60525653331726
189.47358799115483
193.8225461154902
200.0349204848945
205.82766638560483
213.62402786814732
220.2590080612447
225.02138098135242
225.44373186663802
225.6057959231343
223.93969027627804
221.81908314008336
218.52624409222835
216.696984424625
214.48130327799387
213.7046023591494
213.26383879454647
211.883174958675
211.85598316375575
210.70651109642543
210.75304225151493
210.6547691055851
211.18518080708444
212.51162138538461
212.95551379697463
213.24611389781722
214.8457661600327
215.53568864036822
215.74945052662721
216.3009131335095
218.20619995682188
218.06147565595973
218.59898164961913
218.4502717178542
218.48825263117172
217.19806937540363
216.0589752336791
215.05914813831964
215.61173329557818
214.75003949714238
212.34272969905132
209.86061928723194
210.09048735699685
207.7401507305772
207.5414578406126
207.6496204832429
210.54388242058926
214.96646064798333
221.57708776507022
226.92054075086878
233.16805276122955
237.42671683230927
244.22885230419826
254.27542330449114
261.26163696615487
266.5464712347203
267.80928879230254
268.36914744272923
260.12421244446364
249.34514289618747
232.91624800289952
219.7882564636393
207.25740979248528
182.19963018217274
165.29343544874635
151.07680827690274
154.26857110546118
154.7669901603661
155.7742817932305
157.43687021440755
159.3599341230018
157.6128311941263
157.91454801875997
157.57416186390665
158.27745831527935
158.3480480122258
159.84444764375098
158.50327195165863
157.63156307329243
157.49695160020406
157.58410326404197
156.6736186491961
155.5861727677877
154.58709159796774
152.12892270218364
148.741856023262
146.15715800496835
142.35011968060886
139.76994669497415
135.45527558331992
135.03624227835422
134.3403082209603
134.64623156174312
134.626369566583
134.22250932874556
134.0965532598903
133.90622658293768
134.41950756581574
133.81803923782252
134.36820071110054
133.5758294321375
133.00789307861243
133.19725207459055
132.78597296361337
131.28131064398048
131.4758317459764
130.8927654654086
128.82761449341317
127.51223684734697
123.62397423144432
121.32738739667668
118.78291850226681
116.02637013156071
114.12626881717897
113.11846952394338
110.6795524498241
108.73289359145117
108.415517150717
108.12958443604289
106.22116711573423
104.07937319880128
102.77451929768657
100.70658128791021
98.50878519472465
95.5855394648809
92.64023985516933
90.87679383228704
88.28062950626335
87.82624650457478
87.92966584885403
87.45784456685723
89.36401916056307
88.15925260811221
87.76089496747299
