10
6
b
239.55973459559254
239.45869876523525
239.13236553485734
238.87270177846025
238.615731570337
239.56422205181116
237.92964497848604
238.94142908007373
235.23536496304843
228.78372241050582
221.35498256638627
215.32598163727627
208.2236318739903
198.66176138065546
192.2045033247086
184.412778842031
178.1576423833097
175.07007708915845
173.89239091210246
172.96489596457073
172.43731500879372
170.47531902651687
170.10273058087344
168.85146888154134
167.2436816912436
163.85828899119252
162.11532664731695
159.3260128573542
156.68825179569717
153.90340622283543
152.85086649131006
152.24177541392515
151.03182158204183
148.7646229338797
146.84695330478928
144.5143621578121
143.04404010480795
138.4092388281684
136.88990090313823
130.89207155956026
128.3706635701305
125.67310187143532
124.75953065998789
124.84504376004546
125.18668198120719
126.65427311893018
129.6666209983301
131.50063646136098
133.64199145867198
134.22301814711577
134.77718823148504
135.0140568561443
134.82602733540364
136.86287243232096
135.57278936678927
137.84135436184476
137.39523783053144
138.5896883527474
139.8960041168995
140.475977108071
143.17461641978244
143.61080534978228
145.04009155438868
145.72046466160927
146.67688058409684
146.93663215405343
149.34032774559267
149.04505738121586
151.37180675753476
153.25818405285727
156.2712208729421
157.7143308359817
160.1504047559513
164.30060329742474
164.93665597022095
167.86022718593728
169.5356427767186
173.86270059822164
172.84785920842197
175.220176645217
179.21281894714306
182.87702509440737
186.48163497881606
190.94369845071455
194.98163444610896
200.86198848889984
204.2398259682085
209.23977645422207
212.57390989525584
217.67639321754936
219.09627510009753
221.4217834825594
225.86988532283004
229.45448109417075
233.87767701124264
236.83628467962987
241.8659686676305
248.34992262334555
253.6753418800538
260.09116059259406
265.60548768656787
269.432813659362
270.56590435878246
272.65477852404774
275.3728632382172
277.3386054890535
279.90122138674394
282.4954895689434
284.8367854223708
292.9275418636202
296.4794656729859
303.2688916816001
305.2059536103939
307.2939825630392
307.1796969319531
307.60588457342965
308.23933030673885
309.15954366122116
308.4242711358321
309.0417078769145
311.04810919846426
311.7465973886089
312.75558312229685
315.8065078450509
317.53425311877874
318.2621192246801
319.4029987119083
319.5770640619578
317.6671949417028
317.42179274080104
315.57428902583035
313.8806044837924
313.619179583656
311.80123646472083
311.1327685964914
308.9945707742086
308.77392103769233
306.8425739313655
307.60782920469484
305.9760229164561
309.0212385641705
311.1311485181978
313.8266123989223
317.1960494146243
320.2440856703271
322.06929943519845
323.7136784929356
327.98349942015864
330.1204874980419
331.12857580929926
333.13233978351315
331.66210086397905
331.1784586620686
330.6272204225061
330.3761004116199
329.86937274204365
328.1609172528252
328.967375425301
328.8094664596004
328.8777807004844
329.9480027851094
329.3836023303524
328.98672532839555
329.36101082308
328.888123377857
329.0520810943832
326.62464498227996
326.9203826349786
325.69118256631634
324.5189438457651
324.9929957730292
324.18686798917105
323.22600998867114
322.55087709348857
321.97888885097245
322.0786724734949
321.33004957549923
320.0781910527993
319.26938309066134
317.3833194623284
316.2646240908732
313.9789673687796
312.54782815029307
310.7296606452332
309.76996545222653
309.16362663587165
308.6609848745717
308.5660826228347
308.23310389361296
307.174054211642
307.72968115278894
307.2834416561635
306.5908836466239
305.26569741767776
304.92620349212075
304.51118487956876
304.66998383181135
303.2090413959028
303.7531355523734
303.1996193738
302.3945075039822
302.4240054635435
302.34346320276245
301.4665052033286
301.39385937157124
299.6410261108264
299.20941399402193
297.2906881733899
296.4586668786565
294.9859957006978
296.2836383516904
296.3021391482569
296.1513508249348
296.90921632098264
298.49575230968424
299.7008308929079
300.12173287717684
301.31406700031374
301.8527015665997
303.4439785800706
305.063856978241
305.13007726356545
304.42186766928637
304.396051157912
304.8007020736167
304.37562572712585
303.5030090259135
305.03088935684013
303.2161787597127
303.75612749751826
302.90642818958196
303.6736230862484
302.66243965492407
301.9943911989387
302.1034381885361
300.7444939573745
303.70973583811633
305.4163366543629
309.7527280228228
312.5239110427565
315.7270594466306
319.8237362996778
323.99301854325324
329.55304277453075
329.9597964165663
330.3011480923836
329.98372143090785
331.0185501592882
330.55379546143723
331.6598621823522
331.4201095255295
331.4878468315724
331.6543236706831
333.0673427729613
332.98067143605226
333.9851663746819
335.0689516389327
337.30521727552036
337.09483388930875
336.09822864157826
335.5502288904874
335.7577995678308
331.9549909280295
330.993010566082
329.37955961051574
328.0300198887477
326.9059616821673
326.0418680223383
326.2385702687964
323.7596502285825
323.7633845853467
323.1561525389184
320.22500791295107
317.0938775252936
311.8669394847673
308.2725990390307
303.900634986456
298.3386978703829
294.87771111363116
288.4482289798911
284.2124958028367
280.69817252675483
281.2101800915107
281.5104291664672
279.97145114640625
281.1701870383956
280.5968706673315
280.99382576160843
