10
6
a
208.16694268780265
207.104467381101
208.1780124509756
207.2607084910015
207.84743272096932
208.0076913708279
207.89727740077814
207.81304454582755
204.99409933474735
199.36736773784563
192.24549992047335
187.88729152496944
181.49002449468375
173.32796507026234
167.15474418953292
159.65208740135597
155.6782267050678
152.03164165395503
151.5783906835208
151.60200137978566
150.33035770922785
148.11683091921194
148.1085705659168
146.27344764836513
145.84486797834626
142.79546672941933
140.93589597048205
138.05507335857789
136.96089541700982
133.91983237435866
133.01537027980808
132.2127169334414
131.30511521893027
129.73647578544472
127.21394474449862
126.13087595559558
124.29062304250851
121.05244234767757
119.17130808306746
115.27879781014387
112.15826528734311
108.89127393445045
108.48835205624336
109.55992187014462
109.5960138831641
111.03532873318419
113.62515258422357
114.85972068228239
115.6945315401814
116.77588918269005
117.35186586038202
117.83814715680055
118.41614716827144
120.14288625503141
119.11645935911459
118.55967295199375
119.68771546558882
121.48014975435069
122.163451640367
123.92025748002564
124.0023315255339
125.41448299301564
125.72688578736006
126.75393586459771
128.46464100010922
128.99508456802917
129.83655344361748
130.0984528422524
132.35063973656415
132.94474164310432
136.95424535411203
137.69266704160057
141.1037127013286
142.22020066046093
144.4700543554265
146.26127324944696
147.68476505203054
150.44399639756114
151.3522829744727
152.9828990586762
156.53305024685622
158.09053128927314
162.58056688278697
166.52847775248858
170.2869536269498
174.2540881824504
178.13536156978947
182.79219032720357
185.7659342652749
190.08846315475253
190.37729482214013
192.66416782729047
196.07833878202294
199.02124813578254
203.62043549394735
205.97462396747545
211.24429417290511
216.63967360263624
219.6878586180796
227.097434593495
229.8304363226517
234.66336279844742
236.13679416805144
236.93709929077218
239.47703911378397
240.6850265480783
243.9713926153684
245.9138620181352
247.59510832652154
253.4348949069155
258.5570519837194
263.0841631044602
266.462916253229
266.3597217060231
267.90347986453213
267.16552693071964
268.59497223768415
269.3667523985894
269.6112318289809
269.28753521974465
270.25741159882455
271.1978849271184
272.81493728488124
274.5175404091897
276.30915909554994
277.980639275659
277.6546137353743
278.71170775502134
276.9629524059655
275.68973973935124
274.86387283964484
273.8513396707793
272.33344620160625
271.6907246206728
270.3784925621874
269.6700817391044
268.42706098415493
267.25451275531213
268.0917018283431
267.43301541846625
268.9186510403811
270.5455022173508
273.81694617868965
275.81620906386036
278.02334702146356
279.47063052184984
282.2169402131203
285.1785105220679
286.48210257207813
288.8256710883811
288.42506829391425
288.42331880345864
287.7996690294167
287.1756251233638
287.4130852135949
287.10213279578096
286.52634032333214
285.7647147062601
286.05151042304897
285.73260114429155
286.2893216497358
286.27111201533694
285.94726848192016
285.30868218388144
286.16961728888293
286.5367678883404
284.1309864548903
284.1284140505272
284.0745771416454
282.2808612823902
282.35766294847497
282.7966702635626
281.858901077176
281.33751647832355
280.71970388850553
280.8711104856617
279.7588501054153
278.49455994923915
277.29359716341463
277.0733740088191
275.75467651454096
273.7304609156581
272.6905723605944
271.30162496008745
270.4406506516726
268.6152381852481
268.54576181038755
267.9570889483089
268.8666653123567
268.7068567652177
267.64560312844833
268.52737011520577
267.2509997910644
267.2785970267833
264.8152717973413
265.024957541709
264.8399940948244
264.2580592855533
264.5374319215294
263.8486781254812
262.6120146237872
263.29184746237075
262.6137965103135
263.0745771741325
261.84557739784293
262.4043454665865
260.56569483002096
259.8249037993452
258.98284408805495
258.3306927756797
257.603698992077
257.8478011010077
257.87127881267037
258.84404231361816
260.069702460164
261.32328679156564
261.6779305635509
262.74060580113036
262.3933662670064
263.1969019495332
264.97372125991393
265.9074425319352
264.6397275734375
265.16249774888036
265.0755212517119
265.26142323078176
264.4363218833165
263.9911817409125
264.3630928943328
264.7537738450609
264.06659063116143
263.9337085687232
263.48713358000134
262.3315402226944
262.11912540435196
263.1582400780971
264.65417788959854
266.48749377677484
270.00333709761657
271.6983611754186
274.3392273057809
279.42672082129957
282.69557956258166
287.6628073675341
287.3137769473796
288.00252274179434
287.5490079528982
288.25336651018387
287.9040739458551
287.7049865104974
288.54617341317964
287.91052228009744
288.79859442717117
289.33287074201303
290.473746267982
292.88635446362946
292.6009472298604
293.7061485630908
293.59114200322335
293.35489766323326
293.52789060297704
290.711752784498
289.5448209344075
287.4476172554188
286.44640500537366
284.8757084271481
284.65276923901285
284.00989653414143
283.68868691359404
282.61323197043
282.79199453825504
281.07237883801633
279.4717211518295
276.2501857730669
271.841035356061
268.26536368595885
264.1033134752664
259.93445687881166
256.8955606062928
251.69397678216046
248.97621396012707
244.48879743605167
244.67642533349476
243.95631040153077
244.61412956047542
244.4607695638614
244.67064084980086
243.7620681247785
