11
5
a
177.93518367607632
178.10617502237076
177.57930786663732
177.59748554522264
178.09562073303277
178.06606633028306
178.0742441342569
176.15680255377615
171.83243721845307
163.00099682483133
150.87002289123615
142.17202662918902
131.30384649397095
119.0567977737124
109.67462685141298
95.2533677488502
83.62941419767994
75.9117927906946
73.30974859497988
74.58012599476014
75.16184840148087
80.73115035612334
84.12822322593387
89.54172490719665
91.66742989747112
92.7474317386081
93.00686318124248
92.57587606234311
94.68312238857138
96.02398822954889
95.42194991427559
94.3124533189916
96.40583200795183
97.91718581806253
98.53733902510271
99.8282925580801
101.82566147304546
102.35226838977971
104.06835837563891
106.26300189760386
107.94728038679233
109.51905895033703
109.76798394242758
110.11290947205947
109.78075666897416
107.36226352881731
106.95957219506154
106.77152407458648
103.46859263124158
104.14617027011582
102.60947945399545
102.66371446826979
101.47073314383378
100.64094724192694
100.50244414514049
101.56945926911965
100.02912381084099
99.79050687239648
98.86103528163108
98.89949468932498
98.62127434112813
96.83820398829066
95.68179270276607
93.3967729485779
90.18006341658743
88.5458314790398
88.43221356230258
88.45973429046474
93.3611588200042
99.67792316012213
109.61735052316986
116.44237450547355
125.24508861115223
130.97043279314326
136.23563536187845
142.35367290194296
147.803034605395
153.9849712833525
156.89139836391547
158.88525275536333
166.86415840452028
173.21951545417343
181.2558997073548
188.3784732690107
196.54790031886876
207.65235826750222
216.94268274560227
231.42154197312487
242.30353155609896
252.03237744642496
253.39963444549807
253.9046577568843
250.57897111647694
247.33968120560948
243.5977698118788
239.3201649508225
235.1989434924328
235.91679041812188
235.23072662074216
234.9208444492147
234.70910584582197
234.9146341765462
234.1858933104305
232.59743743580782
232.14440179430017
229.57998382468563
220.09090138414422
211.20674015138175
199.5536888600601
190.292100415393
183.19226699680692
170.78876179975038
162.50576823986518
155.69866846506616
153.81098261182078
154.90464517209628
156.70876432353677
159.3207874651473
163.63395676041583
168.1227341646556
173.15419241714213
173.98836346270807
176.00556770497533
177.9317185742005
178.02055587213493
180.37575711651206
179.98955297021465
180.9698563345625
179.56517944685677
180.68517323841533
180.78323672286268
180.34244378560837
181.64066742333276
181.31558352811336
181.82996973760575
182.21948509155698
182.37150313375304
182.52986485262952
183.9708116262678
183.43258399780774
185.6251789094974
187.72370725381083
191.94901494180735
197.08123974859902
202.95628357157594
207.9725379541792
211.39644368644048
216.70104027200955
222.09232764448709
225.0316244064733
226.67571035304158
226.99645826085035
226.5333920760761
223.99154701767765
223.69059043752085
222.3943723687935
220.04543975115712
220.01269438985955
218.88306719082433
218.03111325447674
216.35074671360127
215.76045729493882
214.99570384006037
214.62291386135493
218.5257345920067
224.55882005769215
233.61556554810582
240.80277991850963
247.42511818050818
254.13945159096804
259.74465399592793
269.79107892941335
277.75642677934053
281.5368806722404
284.57747950036367
283.80598221734977
283.20335274696373
279.0532909838452
276.54836236146645
273.1168843324378
271.60370394941936
270.4267071460869
270.2870269309417
269.63004134922494
268.8547783880319
268.7404284924125
267.9951999795114
268.41870075384577
265.5251526603786
264.85664157789626
263.93876263560634
263.35622801179665
262.0210490105936
260.6930257385471
259.91165624316704
258.3004647134323
259.4649748958974
256.57130212482355
256.3571173202245
255.30516774603325
253.7345828569489
251.14155722284855
247.42791422882343
244.67859027336465
241.71730171209114
237.23183079070972
232.97017533316188
226.29545468452162
220.55373313732682
217.3131760077538
214.90069316307566
215.90412322704424
220.56913699080044
226.9903959662871
236.91553994126056
244.78631941801754
252.28676482553232
259.9041040567719
267.16045386924617
276.9115740076792
284.73908423532134
291.6390642120366
293.06978983663873
292.554774985348
288.66962206185167
282.9799721795102
273.70764172787403
267.8839546159793
262.2572469885476
256.5619000907829
254.129658717892
248.81731090718088
244.36104020105233
241.9407865195664
240.82897663453448
239.35915337966648
237.87533545869158
235.7424936676086
233.36527403174097
231.03088837882413
229.20261292328007
224.5226416209895
221.60486552580653
217.1654097490556
213.65437971887408
211.59276345526715
210.95563959567622
210.7475903138281
208.68035361505528
208.22973487594467
206.83458455366954
206.6053411091661
205.81033053053582
202.0641016134387
200.34596153485109
196.0040460721665
194.50356274856387
190.73861097126894
189.62731440984246
189.80749450787624
192.9577590997333
197.20662832088658
204.7579743090968
208.91266625825864
214.95957568770837
219.79005060746127
224.30798294943853
230.84227961551943
236.87620854861885
241.501271609657
243.368189953633
242.8576821412214
238.86585735193955
232.15227636228173
221.8494256366716
215.47241072204167
208.16923904367042
201.78411641949077
196.88456209434352
189.17224005548064
183.43123997323335
180.2449454213821
177.8343802007705
178.43007189930782
178.79129425260766
178.44352372680262
177.8365068482597
178.86396923334314
