1
0
e
142.85579056705416
143.64800606949942
144.1021900738799
143.23493859591522
142.97756719688616
143.7061112961838
144.38419385058356
142.8346703781636
138.27145840902756
130.98271724113565
121.09259376718155
114.87731292162486
106.92714936331028
96.9690870670187
89.17164214899154
76.32959868191084
67.66075037245452
60.44936186510873
58.9858039173378
59.93419964368785
60.76231561409584
64.24463540695668
68.0822067853979
71.36303810680782
74.43087736672943
74.82064312389646
75.80236137393968
75.72068108399057
76.0250821497183
76.17738865762368
76.50281008277615
76.683599228897
77.42482169516352
78.77886113058088
79.90363196031598
80.55989548337051
81.00281048456085
82.73417018320964
84.92761539890782
85.09409507021769
88.12367387965882
88.25430627264717
88.69794139200539
89.188801031043
87.78134492635994
87.36637889174759
86.03218260595797
85.15490757024621
84.442519613069
83.47985418492446
83.17200875552044
82.55587073981026
81.8992233951815
81.91880517070699
80.27244674954018
81.93663538800985
81.08546034425193
80.4064010554416
79.98725637234857
79.92885338452885
79.37699406242564
78.23263767346187
76.75179147250601
74.88288314456993
74.12986641112462
72.04568060837403
70.7065970961896
70.39187476638169
74.77275744912427
80.22770657347752
88.97950324751837
93.78149012546467
100.73196960841005
105.73825225860257
110.60339055219727
114.49042945827425
118.64231914835277
123.19970112132883
125.93539299232283
129.55077382947516
134.16251848428195
139.5110400035108
146.71654277486235
151.58509139816456
158.996734797992
166.90187793729157
175.05018675757154
187.02326990267497
196.25607879641143
202.9028845900658
204.3927481705676
203.30634271118853
202.58210675061127
199.8577274083436
197.0382837563381
192.7792254290061
189.30354423509783
189.5385990398989
189.38193463879682
188.75657430570587
188.73763674918752
189.37078312715343
188.92889600865863
187.43326383809008
187.61846281770352
185.4262968336214
178.1481610482396
170.45786143892803
160.2108122880601
154.35115640537404
147.78246819746536
138.30400062394028
130.570525768171
125.18290440443286
124.07251125340944
124.33258449336945
126.24733601808805
129.16971771728666
132.82604164986464
135.96806220796182
138.14989379707188
140.78333879221825
142.0209984118116
143.24228293876
145.2454504285927
145.11437811356782
145.97108494586868
145.20765572169768
145.1144725244261
145.19969084847577
145.48970026104624
145.7511855886167
146.80372151147498
146.22739497011582
147.449673932227
147.01354806835766
146.77327573113192
147.53803846902136
148.22245563189875
149.09087406249876
149.18864846558407
151.5227474676439
155.00818418747352
159.176649933046
162.61197498433629
166.68306081346032
169.04751283736542
175.05891177716927
180.04081503090646
181.1201996571688
181.1825973925757
182.667583228721
182.27531127769907
181.01248362729623
180.45521741503967
178.15840076172836
177.6216057374306
177.00063186432712
176.2276929296199
175.18552666834591
174.4262728434572
174.43588341290248
172.6211864293131
173.6784897217498
176.43345026624985
180.87019495527096
189.1373172242263
192.42718781036686
199.42679563983208
205.25490720810893
210.2095351564132
217.49214756107412
222.73033290779802
227.6871427740708
228.51167144553253
228.3009576694003
227.3187297116022
225.61156944100819
223.8324813418442
220.71512303878916
218.313123744232
217.8218076562186
217.61727621240814
217.73935643584278
216.58896677026573
216.04110270961212
215.76564981661406
216.00626278486712
215.2386192532994
214.42192552090012
213.30927347794255
212.69857272069643
210.82279468095953
211.08187660593217
209.88534869033978
209.09557101500243
208.09757809568697
208.02898013218643
206.97406623735387
205.92904551606983
205.1822505105605
202.27023507254057
199.8394407618236
197.6688727399887
193.9857317407086
190.51157064493972
188.06507956038314
181.93665066820364
177.95794440998637
174.48679213899973
174.65919791678056
174.17573928714435
178.8028522428451
183.1767919277494
191.11653915836496
197.48356580262728
203.36008812143913
210.20935293007872
214.30822784721718
224.08766566354703
229.79254982459716
235.57712463915936
235.6729217899877
235.51846965510939
232.89300011067036
228.80766083259567
221.4322881061904
217.2213030897123
211.86939854117327
208.3969897661608
204.3130519985807
200.12322334987647
197.84836857502938
195.0855068574006
194.24970331250586
193.28049796829958
191.47174907728254
190.81674361311872
188.25421037661565
186.33846361730224
184.26752799337928
180.97866392329786
178.36754024025475
175.55243448123665
172.26535361243788
170.27754373774025
171.03787149153084
170.33506356661707
169.24240299396544
168.48865664544977
167.67885172499572
166.78196512867456
165.98799046901723
163.54009766456937
161.78013359154622
159.09853561866558
155.34107887579708
153.1786102855116
152.48558252174672
153.09619979863479
155.67911529607258
159.11374320656574
164.90766284243867
168.952378638541
173.23650714442428
176.2716194316282
181.21351042017972
186.29512679320848
190.22489167549045
195.32787109177985
196.00961286508885
195.69008515937477
191.74961327519839
188.33297387476463
179.2005591130588
174.89142239443498
168.4527339633187
162.24259101958862
158.93277157931234
152.56785826442933
148.37849802240174
144.57584838970814
142.87846729983724
143.43578525445466
143.3748701192987
144.15997995312793
144.2025171813248
144.49706002095502
