7
11
d
138.15553732860798
139.19852991153667
138.31912023601768
138.29346555245237
138.3508800650356
138.91603040955843
138.76653933963607
138.71255414006063
132.96869374547342
125.4441702395047
115.00336690313861
107.01510297994763
97.69708816319407
81.75214530103882
69.71133748865014
56.44331342471458
56.515486874806854
55.536942507879104
54.951675272794745
55.26508578784686
54.77291479439498
54.926198333229145
55.45886655382503
55.04627597009788
55.25301945243418
52.896013405544956
52.37949071255169
49.9754098597258
47.8928695952208
46.20418625776904
46.891702777903866
46.83452214918448
46.835722431190256
48.04903907288565
48.7870200767628
48.72248544360048
48.62749008277351
48.67937178856804
49.09956929456375
50.20592266286492
50.74171901270432
51.196873642573706
50.7759970203487
52.041637084364694
48.85109898759987
45.97076208728183
41.170922229095076
37.46042530077591
32.977031447813374
29.063496030004067
24.06564574713721
18.51759824218548
13.438763314974445
9.818483142486908
8.46056111244945
9.586458151839695
12.506805470596577
17.613981414361415
25.004032212688696
30.251177276651052
36.049194404264355
40.65482914180602
45.384946914846715
52.23645924429942
58.42712181549478
59.971724704319115
61.76947026903573
61.69041413196716
59.44530731110951
58.501903116587684
56.37631578125433
53.88585414979765
50.790107182329486
50.64611873954831
49.39250687064443
49.057580921905526
47.087423510466174
46.36948078778479
45.49123458048528
46.86584553906117
47.06630276250184
47.886319350324534
50.79399716345839
52.905555639907384
55.012069718128714
56.33889646032609
56.29413394522525
57.70723331253313
59.31316727040342
59.803349808214975
60.66497894451187
61.29872359594348
63.491279055740215
66.56753695368744
69.63961719402481
71.17081090293937
75.93911423764168
79.48383091792164
83.88780138710227
89.25769263356133
93.47096134417684
97.19227180271467
98.59029036423622
98.13019008668826
96.12326814026903
94.00819573600434
90.08879960022942
87.82010163725376
86.48374801850179
83.73904419301712
82.88191776254433
79.57633721735039
77.60336841565184
76.38083144150647
76.77155767055295
76.73866999230569
77.50535838036619
78.11579444365088
80.9153753724891
80.72455765867007
82.99319654982583
82.3123551932982
82.50495066212513
83.20006442661108
83.28368964901351
84.15289662352818
83.10442040398718
84.56637393891677
85.79731875229436
87.75498334773823
95.46348262057248
101.80977692189082
109.22024165736602
117.43733409080441
123.20554341640245
130.30709387526628
134.75865204747984
138.0457699122924
138.95810253599754
139.19721316137668
140.42271793061977
142.84173794156627
142.89066037245533
145.16519259322487
145.99345894920907
148.1846024904395
148.50555939973268
148.63489348386537
150.95892230071792
152.15013350398183
154.16799232494404
156.32485139540583
162.8012711297947
169.4622317541657
186.63578156011428
199.91011296967605
216.43707478633385
231.9432319097173
246.50050525935043
269.6033069315178
286.1334853898174
299.85032247038555
301.8580767078323
302.96467282162695
294.43924023299076
281.90616017001804
264.503047057035
252.212500380721
237.27748223842443
219.57886279581643
205.65773500820578
191.75296502472477
194.78975814125536
196.50523545842177
196.91636856356084
197.4663543479564
198.38904261809296
197.42245687298893
197.51890688292931
197.72494753368386
198.40721348309404
196.4497797197263
195.26526554055943
193.48480298827238
190.10378012224794
188.54408654354907
188.2598730178048
187.94594716585405
193.51276938030875
199.38325964058757
210.18612743502467
216.50739354976304
225.55266035465894
233.65494509598037
239.55931964398223
246.82001892178337
252.53306074040557
260.1767649111189
261.0184754500727
262.56094528517207
267.72269381731724
271.50619778812916
274.955589709675
278.67922644344367
283.8213010469378
291.2440033292187
299.7474056892868
310.6657631409274
320.9357456394007
328.0063413275767
331.5672831201707
330.68711879349706
322.183687474247
308.7640698166711
289.85804036782423
275.6019387599497
259.81172016646997
244.3253593480238
233.79561588102283
219.3374318304013
208.05563950845985
200.61258548336068
197.1962184342655
195.3601194872028
191.16845874176286
187.66233227096947
181.58416989057696
178.8082302455799
174.78550973089665
164.53317880531887
157.57508413666693
145.46357145915715
136.10674838095454
129.69219685286882
129.20878919393303
128.40876290501913
131.10724221249654
132.443950719782
136.5976816343787
139.53259725412587
142.04525826435858
144.3787566140369
146.18717073525193
147.0045116506944
149.16069159090742
149.4253151642891
149.93690629035947
150.24115961293046
148.99570220567003
144.93465452915964
138.64825951279366
135.10537582198774
131.27829361893419
126.31467877234995
123.49421158294392
120.18944862524472
115.71389317009914
112.74443621235633
111.84172123375674
112.58723174379854
111.52396730997184
110.45093537213621
109.38702702468392
108.10662994274523
107.36513079427561
104.3323232401618
101.94630436625339
98.30472808035508
94.72244133373948
92.91082865979823
90.97504645102019
90.9747802648699
93.893922260272
98.45955816249646
103.71708586433493
107.58283165121468
113.18933821707111
116.99341895305136
121.08227625991229
124.52903248461358
128.94146348464974
130.49992598727718
131.02627316940482
133.08555609402288
131.19654960013014
131.92891502585277
132.25212547082052
132.1438028862828
