1
4
d
42.590159502353224
42.5843303644076
42.26197888773276
42.87561460700234
42.281219125191555
42.05726002709586
41.977093936468535
42.8110771064153
41.919380165758405
42.70776099034902
41.49763113192328
40.238394293794734
41.361800003544495
39.32130475790374
38.28892165512393
38.337492128041205
36.98694751698675
37.2161759326981
36.42284676555778
36.198947651979594
36.69163544379009
37.00744551277419
38.626414710990495
38.48965381028785
40.25196590120562
40.993109251171234
42.13523815454517
42.577212328395824
44.09078576553366
45.33785204995679
46.664953933873974
44.962776322198685
43.18670879489212
40.9346448788571
37.718503586326676
34.34952254135058
30.974833223368947
27.683585732630174
24.653869883518457
20.42015103196114
17.702365568749023
13.807767372709272
14.551457349107938
12.83287987218759
15.091492054131352
16.574818234920173
19.63243285217928
22.03546733329239
23.04613662217888
24.770369742232944
24.44103540334216
24.12721071517256
24.610409115951814
25.716414777986763
26.622192257076463
26.822795154553408
29.989238791801625
32.173735184917746
41.170127396575324
46.88495308420822
56.658457050079065
62.923436619566985
70.02913018514332
80.02591578426141
87.79696346783857
92.97705207474864
94.58881225363127
94.66314820764448
93.00959902458052
91.84272757279008
89.57837732733248
86.74580425920432
84.59982325982442
84.67245281857939
83.90268843279476
82.57059597933959
82.29091077233859
81.36646997906097
80.74435037013237
80.85804439325871
84.19258539644336
88.07260239824716
94.44791726385431
97.45505517254409
103.3034135770534
108.87495442513035
111.71704294790271
116.66760351314879
120.12205371985743
123.82318459519317
124.73060003224614
125.89010962225903
128.6908224161505
131.29290797069334
133.87160417058672
135.652445084171
138.7092346664418
142.9944287137388
148.22820435406754
154.75456878737094
159.29604067626985
164.67813464931416
166.5283195087562
165.31549061670378
161.189655770067
155.50888811728342
146.51471301568557
139.10704167178858
131.41482264153262
125.39593509594174
118.8704745385398
110.42282891510962
102.75478880857476
96.28431407702311
95.6151730138129
95.48965946669205
99.96704153045454
106.45277915783058
114.83354820260101
121.36196352488251
128.79773391953228
134.03958727010308
139.65213174958447
147.068020858415
151.69073241281845
156.78489190428508
158.6321400834496
158.56474028471456
156.81173796284162
155.10331763851428
153.87659381348305
151.9756612672033
149.67712162476244
150.07812384728885
151.33770927866826
151.81216241630568
150.73994333204004
151.43378726481407
150.48084379903105
151.11396177918002
150.60987740857706
150.3442232026051
148.30115049081235
146.52201945569973
145.6561607012071
144.68271175739758
142.45970527436415
139.18254602040716
136.37199387861514
133.71936338711095
132.86843219293107
134.60760685060984
138.9447979710714
144.96532739285374
154.71487606828663
161.4202205264129
168.5868100832603
176.05796134095397
184.30929635297903
196.13646344607062
205.26035704411893
212.03843559932773
213.30486048472565
213.96216011204893
207.23781962192612
199.23938307576455
186.40254412523825
177.9218396007488
166.80937976522821
159.508934899679
152.04228263450645
140.57329540216517
131.558977025092
126.73096494616703
124.76594896408146
124.05242043537302
126.20603706319764
130.27413397850893
135.51626517008623
139.32699699943646
143.8892798852459
144.93809485048683
146.27766748204877
148.69036362585962
151.6692057122252
153.8117215687567
154.72422133968178
153.6081167508613
151.91031125326003
151.1909137808517
147.4774153889471
144.87304696566815
143.7807938765733
141.47065883780934
138.19901186346166
133.47585925509281
128.67809091978097
125.24351915274052
123.30033570407718
123.97821566113399
131.66560042732263
143.64999164859262
161.09841865023841
173.75352736327014
188.46503987820435
201.64899266041405
215.60937713071962
236.08086863745942
252.74227962079803
265.3343848492457
269.0226839294032
268.7961886643463
258.4071813994275
242.07429442134367
220.714340700104
204.2343268795119
184.8775041672695
171.62852052206247
156.79911238600843
135.7791905061826
119.18697724518303
106.15251857599834
103.08652073351914
102.99581562263029
112.9770171606477
127.23989532186759
147.9054171531525
163.95442560087213
181.83178954973283
193.84301684696214
206.5318964309363
225.54629156840076
241.111035801588
253.12978299703974
255.57418145785746
254.92082245958227
246.91455638823612
235.62074931641936
218.32598238147781
205.31960178700334
189.9805369256683
180.04646666703684
170.95541510708225
160.71901696308828
152.66869172971906
146.3186894247321
143.0930117905269
141.38304411097926
138.14368913634985
134.2318193885888
129.7695267293802
127.70254412603984
122.61465155813157
114.67040132734176
107.37902157653691
96.12808107291369
89.15909611151349
82.30369671634821
80.8077703203916
81.53983346695175
85.13969309300778
89.81701690936136
98.00922777983254
104.30458493956588
109.73204494159411
113.8377083864855
118.64529454310562
126.29373161826196
130.55925160303283
134.46092180684727
135.80806564112027
135.82956427743628
132.9865621657673
128.66637442166308
122.3940183916241
117.58273124562473
112.72533282532392
109.35716005134428
105.43395622581616
102.26682355821806
98.9150276145805
96.24416120600257
94.82734609459379
95.61595845396491
95.92136079152928
94.56126881932576
94.87554717874694
95.18844840237166
