6
3
b
94.14306922545119
94.06718222054695
93.16276817681276
94.72889473688944
94.37278651391762
94.24030866676316
94.11998183944107
94.6331584587176
89.58090815470058
83.1805580635177
72.20648081184177
65.80437771372665
57.585894112718385
48.69101081599769
41.64582108537166
29.068689035072943
20.091840882951473
13.487161617569969
11.88205926535411
12.438553772445477
13.54123309470315
15.20221302264845
19.898761165320145
22.42667927575508
23.84486196990404
23.904774012818056
23.677574249569954
23.1174835164741
22.866899923825954
22.302309318252757
21.589939840048434
21.954935648928064
22.881625374494813
25.565633137933656
28.474394045830262
30.721716216818493
33.277342838886256
36.126105985651044
37.79513813341463
39.69826282109718
44.60737410189685
45.57666612363961
46.43618654094366
45.26966084447324
44.481751759141865
43.31895021962962
41.47529617020365
41.42278131124241
39.396941057914454
37.98206601038237
35.80135690761033
33.15129982732946
29.16650321422181
28.39908824247019
27.12261151793072
26.627064087128993
33.24005402121129
42.49889414143307
56.56842877725674
66.51773476224294
78.30733828803453
93.88897468076368
108.2223071480197
123.33587878438469
124.42495980334152
126.79353348210775
126.77615480653171
127.61088297743677
127.88871763399803
128.15253862990244
127.85638800815968
128.7984149176046
128.44040779582656
130.78951692317713
132.47567829834176
133.18633061392342
134.24003762114205
136.74937645502274
136.53724438164477
138.8674661835459
141.60713206818716
144.90458555415782
151.1560604372457
154.88658978415668
158.68609596798214
165.00724715749837
169.6024219597489
177.50986875023295
182.98102382777694
186.76794265821468
186.84448674563612
187.1817289894211
186.10729067974734
185.66296327723305
183.46367973171493
181.90340791110594
179.83701791010336
179.73906291543753
178.67771571496917
179.15276390336135
178.92882183423103
177.50926787068056
177.5543912572475
178.52415680218994
179.0301215635187
181.70010663835333
185.84987676796658
189.36220627033399
191.6155193979833
194.81691256896409
197.94623390284286
203.56837335528414
206.2633787053776
210.0538760659613
210.33853154393339
210.66609668513988
207.83544263413125
203.97009596477815
200.19511862186803
195.9643164308106
192.0311990212427
189.09782428271527
185.961606408318
180.66086600443109
176.6599243226958
172.71833364584697
172.42418688451988
171.63607229187076
175.69138486585445
179.28413583845202
186.83170936816495
192.0803701803956
197.71519371512747
205.46563795734713
212.46015534555187
218.66010310903897
218.77034799587702
217.9823361634231
218.91375197596008
219.16878203652948
218.27602258206346
218.9661582921543
218.77055856552104
219.05322869672707
219.15453848463613
218.61904537932662
219.2410422695714
219.138167216378
219.55140160800872
220.34156549468054
220.41879617615038
220.59624020896973
223.66498817197936
224.9154870022437
230.91723286762414
236.47243595609615
243.0725505383387
249.99372447747632
254.09945827446268
261.9111246852213
265.20402961205195
268.0712755750672
267.2687517681492
268.78303928374504
269.09966039362087
270.8392233900394
271.94862836220835
272.6743368047261
272.84171634854084
274.5909889325835
276.6607257798228
278.29800864932855
279.2533982416407
280.92652277829586
281.1081585565292
282.64267647929137
285.76831364526765
289.095835450937
292.9949715306619
296.166890186155
299.90192111736013
305.1472071454765
308.49490431057114
316.1617672723459
320.9856812964782
322.9584112775314
325.09050225073827
324.8375923434109
323.5735960016289
322.19817647070056
319.51591373963475
317.5432850684125
315.6839006840925
313.45906016143175
313.68623818356906
312.54588790021165
311.78509359149655
311.41126124420526
310.5113132130026
311.0524558825662
311.21345093241086
310.74499332108996
312.2160001558796
312.0867934930718
311.83049834451305
311.53714082509117
312.9111150739181
312.7029772641051
315.11959956832214
313.87267060309347
313.693853862906
314.5191104320453
312.7308783451169
309.30832317413865
305.5540075898916
302.79788410207357
299.5687588986844
298.7598748459281
296.6241028504325
296.36664472975883
294.7481706145189
292.33484727800885
291.14025355801095
288.938826487896
283.99425418717334
277.1871823886104
266.46975373765326
256.87647810518155
245.66889509595617
230.6894785858371
219.52117357291618
203.49674706808509
200.03155128596927
198.15496386813228
196.82755080373312
195.0058407178083
194.96857426692594
193.05045174452
193.23836955092105
192.82406661298194
192.61400926288462
188.90874199444337
186.81441723447773
181.38243164130543
177.3839915566415
175.1611909434849
174.30509822995194
174.9563129195331
176.33284888458226
178.47328894435722
180.70596404117518
182.8516455572776
185.77429243025236
187.5671967752463
189.15667673837171
192.45166050869688
193.71708261455584
195.40820001458766
196.35833230754093
195.9906294101739
194.02862591432316
191.747750895693
187.10550747994412
183.56106806972943
179.22564272293155
176.79269245695986
173.90935365162392
169.42566156340942
167.39348531134613
166.1190123658633
165.14109052813905
165.32429260648763
164.66938976097794
163.5038589643897
164.00322412688553
162.3520434289967
161.35316567593725
160.58622803267855
159.7338927870307
156.8869364056553
155.91847664080692
155.0221643395792
154.834195713369
154.67974573847025
154.26478994005313
154.02736700956166
154.27578939541394
154.60544113496547
