9
0
c
115.16433536180449
114.49502632996506
115.4030262187643
114.74188777723742
115.20281896857234
115.04335805241413
115.17816934418579
114.09619731592734
110.50260081517669
105.18946487570261
97.57883978511457
92.20020279164828
85.50049609870685
77.59047201107076
71.6707956075468
61.63448879140938
53.90008350354518
49.669925925636285
47.43536044361115
47.523891064972894
48.37139858030198
50.909175916259045
53.80040352269356
57.19198915355788
59.489233903089975
60.10963173931308
60.75766205456152
60.81900618885698
61.12968614658123
60.428271879142706
61.4642222959801
62.27170342707195
62.21672801249259
63.67505866086841
64.69605765550195
64.29538171842731
65.46523480787106
66.12125413755308
66.35803199575555
69.60360401337384
70.8250279386001
70.01441845037466
70.79446314452923
71.0917501717292
70.68795044636299
69.93469212505997
69.41919404753372
68.54953269599955
67.46795670751867
67.35463288527298
66.03377960251242
66.60189067369932
65.23350345441119
65.74764881921281
65.37171094505064
63.82335180493731
65.35877089091858
64.40309130544915
64.45933547860184
63.14461765198831
63.535126672831915
63.32307613918545
61.26974204706831
60.43580070609541
59.0524353576647
57.90352527570771
56.90779536666177
57.67695000393691
59.886209213760935
64.4464390647957
70.72756823258364
74.14474224958265
80.79403221301934
84.40039532190389
88.66068028298783
92.41074475084078
94.30676909383328
98.67694280216335
100.77983326027555
102.84735736516603
108.69343547148209
111.9183100330668
117.38687595958777
121.88284960585597
127.59034793894618
134.16842602000304
139.86501006509732
150.1773764547996
157.3651532932654
162.9831295223449
164.3292181699882
162.9409685884903
162.6335630704244
159.9733375374335
157.3411707290607
154.22366895940607
152.46214936645555
152.20148760926463
151.65154473710297
152.10466823993715
151.95914609187867
151.7269582660773
151.98025094001386
151.15327429689893
149.9374847730958
147.89285013671463
142.65033538330593
136.52585678465712
128.87629529324002
123.18751293500054
118.44075875423468
109.90496607086423
104.04277383063094
99.61199031420753
98.47435402441329
99.66574585595976
101.52780303756754
104.2608277214445
106.96758760229463
110.23311585170212
111.94001127992799
111.94729088138637
113.52735157007181
114.9828047233788
115.7403590167492
116.78546646088546
117.29083451414466
116.02496507632044
116.45620309000678
117.0432258240109
117.15605066109444
117.09148575480546
117.05994836199523
118.6429692157453
118.03656718251669
117.30055004068505
116.69774983493463
118.13606088087565
117.07728149889527
118.6437971438395
120.91121593297136
120.92132528952227
124.71616129709754
127.00874424938236
132.29217045226423
133.94046197646006
136.94942118208849
141.47926440764275
143.4790498600694
146.07899534571314
146.14149582616287
146.0439873639344
146.0366239972089
145.9220529658509
143.30226258227503
142.6473500361247
142.10530574173356
142.33791357177955
141.3921053270542
140.44524443756382
140.73653884557052
138.86064056233138
138.74770455204936
139.65591872795375
142.15682781009897
144.96349218730157
151.5072945116906
154.90362512248532
160.6642470684274
164.88531161586073
167.77800360634666
174.74065371897598
179.34461356207768
183.96720027838194
183.05761335227794
183.4315703380148
184.1612235605469
181.6157747010226
178.31618698081974
175.86245778168063
175.96031872558507
175.23285956402512
173.68004710588136
174.16550137639476
173.64321239500012
172.4449413423546
174.08604422013758
172.97281736440686
171.4245848464845
172.06375766433726
170.55208710225574
169.83190604116348
169.44159678874595
169.29639646346115
168.39279430575817
168.64811966870812
166.39461444011542
166.72524846456804
165.96137601537495
165.8661606757677
163.8858327526382
161.88024942808855
160.20211385768027
158.34667363793966
155.5715166131782
153.0124997445037
150.89279784761464
146.81401221905566
143.71375663110953
140.44259136588326
139.57314850256057
139.26342036084918
143.01817661883715
146.54197043995336
152.3592972103615
158.5864405477937
163.64321496897202
167.49544204862354
171.33281927383734
179.65310885663683
184.64020072755756
188.2840795102712
189.2110728788781
189.214504967763
186.9073979496541
183.36972223588648
177.76480140467905
173.41291599967286
169.61043561651246
166.30342045809257
163.80732079023147
161.12565243286613
159.74005428284295
156.2652623492827
156.2833592438656
156.1582049518753
154.21403353376346
152.73795217364764
151.18428285254976
149.39983158952052
147.42520982810532
145.36289352825477
142.4714717719742
139.90564746087566
138.16913440486894
138.05317668536364
136.1292318437135
137.067443672587
136.16448306261503
135.41866282095035
134.6148446049673
133.4078281288686
131.89118956945873
131.00815184171103
128.81816030101234
126.73714689593544
124.75880630120656
122.55084901927746
122.26130278315753
122.11576715875204
125.30466547332006
128.55191339763095
131.36172999277233
134.9527840569678
138.03942132200444
141.2028332817776
144.7667075518395
150.41584664119816
153.97379948380075
156.6096585960279
156.88074001642244
158.32568737511951
154.93031742406222
150.07143212266118
144.82116535773653
140.0728338627055
135.51785532670166
129.68248776831837
127.63934160822008
122.91406393228377
118.82541398065626
116.9393408408175
115.43143258702841
115.64901575409824
114.67433957851345
115.74435528870622
116.16789907316141
115.63667163013218
