3
10
a
231.11564799872056
230.89092000211576
231.9378608973672
231.1413261284214
231.65811309430043
231.48802114872973
231.27170487764744
231.44663540347818
226.80464031019363
221.50537232766354
213.14823338290793
207.61182362165377
200.60422210514054
192.8757109147513
186.57567987349213
176.93754054133262
173.1541910290714
170.40275513155234
167.95378629884408
167.87460026705307
166.77870380509881
164.8818036195298
163.60006619544163
163.54960786330702
162.19308904434888
158.7865500019089
156.77541913560572
153.0968921047586
151.799520220917
149.5584790086337
148.7407311833291
148.12101526166327
145.62338345224484
143.5136702461892
143.1104331916445
140.52368471326474
138.08493394630963
134.37618733242684
132.7127064102625
127.71091280748068
123.6847354145269
121.65460241588855
120.74606418424433
121.0694156763806
121.68999069592047
123.60293292295466
125.01050983896711
128.18261911352656
129.4591223866833
129.23097293311582
129.9097602541623
130.6829779156318
130.53137275697895
131.2719194351792
131.85755576162688
132.30448848428986
132.89172035948076
134.6887567679833
136.19337878137236
136.25289837372594
137.46217444454274
139.98904502379742
140.7822651653138
141.584975163918
141.3527658385015
142.82942338450897
144.03353983573052
144.81849922949644
146.6633351712031
148.65224050246553
151.2001780162869
153.0494741413942
154.5166060402055
158.49069101734585
159.5515185669674
162.51457729856443
164.6592547776091
166.46105576570713
168.12904524654104
169.14396538821708
173.21335967796318
176.8978923683244
181.493805365982
184.20397041776093
189.13899715419083
194.1279371755164
196.84502999235275
202.55056915332713
205.14128457916308
210.08573016457316
213.38041476235634
214.2041163349941
217.63480292250546
221.08803627568446
226.51651310181109
229.48312947478385
234.5716721861057
240.12458236813987
245.17218555044195
251.45222896409052
257.11601338610245
260.9177508373932
262.14943725664034
263.520104940954
266.19696342779287
267.5828703367098
270.3930732504699
272.99935845271824
275.8555426244117
282.53499206704396
287.10018075180557
292.5375079358027
295.7371251077393
296.40678855200963
296.65381409476055
298.2144192318128
299.6004292443267
298.4303812982197
298.2706533223669
299.7247164978494
300.698493334045
302.34471007162233
302.50577937019
305.2535232128487
306.6112332168473
308.5251307966167
309.24432165117025
309.17546080920283
307.5415777675168
307.5564220098364
305.1274901234175
304.38884467222863
303.5790184376904
301.9295817161017
301.73395026338835
300.23724709548753
298.7673311993015
297.14532627254493
296.68798931559536
296.7280184032396
297.335270057333
301.0556920846418
305.0799466489774
305.65111845754683
308.6408912059135
311.0400413722475
313.45170516372724
315.78277472633044
319.04961055102916
321.4917901036727
320.49957335792993
322.044013848605
321.5729752385014
320.36174752272603
319.88278960154395
318.39409277441587
318.88765797517647
318.24923388844104
318.3806206049833
318.41264991559484
318.3405549164704
318.35722113728275
318.4311352799662
318.68268940643725
318.36177585907166
316.8202601301996
316.62172474223377
316.4886396556992
314.77289861971104
313.8508811379332
313.6568071400364
313.28363348378883
312.8479947973317
312.8502563776514
312.0420305277913
311.7736976176425
310.9001456180315
309.6299563964128
308.98697037367515
306.74797359627803
306.46953083818795
303.37028577821485
303.31492120473735
300.5681955630422
299.49650550402833
299.6096964998922
299.9058502988603
298.77445623179784
298.27131955923727
298.1094344271276
296.77425035648855
297.0000851125287
296.3699284430595
296.3594590910474
295.87729097601374
295.08237947190264
294.152752530506
294.70471043391626
294.08506856865216
292.46757483830896
293.08023403475994
292.32092399849296
291.87911371641167
291.0222942260903
291.041506829848
290.7848837855293
290.82218417338566
287.3862501911169
286.8305712308086
287.66720460154846
286.4550333172462
286.77415012058196
286.99044464669413
287.2853899493862
289.16819653230317
289.7180464425169
290.2957441103176
291.4453688641189
292.8562300011845
292.8477831645945
294.8853174331099
295.0703599572034
294.9378218791274
294.8653002682286
294.7182758217063
294.70483354310426
294.4337775782223
294.2402510790155
294.4754073561567
294.0871727638877
293.70971399566804
292.625096302348
292.1336900232807
291.9627725950124
292.4188123301015
291.37125595343184
294.28831850809655
296.14910880970444
299.6415708941341
301.8968905284494
305.94980185512935
310.15058587063425
314.35494438020856
319.37102695314576
319.5894230090049
320.01725501310466
320.03097481683864
319.3200296770365
319.80236345393666
320.9221244330792
320.74312133211896
320.85275518902165
321.2221299591264
321.5973656149822
322.4566442466381
324.75565611538605
324.932654886152
325.5876598145049
327.1646564346088
326.1466182975896
324.88642903317486
323.3932930814767
321.47711892053246
320.3090995977352
317.06844626014896
316.7986580533946
316.12963531529954
314.386662248099
315.5347075592632
313.61953137382824
313.0584447637828
312.23578689905247
309.2351635882013
306.34689918136354
301.59507692731955
299.19089132688566
293.8652295388665
289.2222498343503
285.03118811459296
279.5601210151765
276.4804276298977
272.926379622964
271.6670859101653
271.54324512698355
271.70668308160816
271.5293105005053
271.38993542607494
271.53947443560463
