1
9
e
162.08195739263536
161.5635723064677
161.58289473482944
162.19209566350975
162.3509065398607
162.2996303268751
161.29969283534948
160.94981079749425
158.50786897689068
155.7361312567501
149.7272438076935
145.85935313267296
141.05611656964444
134.30296169347022
129.91718732638856
123.92848918898156
121.28730924087452
119.14878151656801
119.02633587397976
117.83937695964586
116.37877919379542
116.6673281274709
114.89859609008258
114.5138568582225
113.31783789226519
111.76165802065144
109.67489163194807
108.02652430254122
106.29350706582149
104.05548585024876
104.73428286036847
103.42251797806698
102.28157679688094
100.14739246478331
99.24986285682564
97.67744736404752
96.80311544928557
94.32480216470931
92.74635441592994
89.67677170790206
87.58543026881323
85.75109074083282
83.75453867879727
84.4944005318194
85.29526940037863
86.65384650082116
88.16902561090075
89.32346894988716
90.77965234462982
91.34650553345692
91.19706984732949
91.61625382218952
90.80021961499759
92.25118504639413
92.36143218631248
92.7183663305042
93.76047314012095
93.78498526857513
94.1641454565026
94.67191682679146
96.2036472363231
97.46960798723467
98.15763104826674
98.78955128041308
99.2012583385769
100.13532534510036
100.5843413117348
101.2048750341344
101.93136749977057
103.45325130089057
105.55005351883828
107.29662244044695
108.37103809637779
111.90225192031227
111.5919725669168
114.00499814768925
114.9782411258196
116.28484376107998
117.28030919141219
118.48710718149243
121.32120759928875
124.17694838186165
126.04433724307245
130.04640261617578
132.41942621129522
135.6051394880257
138.5023132497791
141.18536749348624
143.57475671231927
147.80279626933512
148.88030763735793
150.3502110384156
152.90571817379504
155.36543535647644
157.92178842775317
160.31864693148805
163.4606623118606
168.48227720697255
170.72887041301863
176.7873193201371
179.18598289100134
182.70056246546653
183.059739938835
183.79225573861015
186.3191333010728
188.48829097754677
189.3952609324905
191.49630715578624
193.25735320246181
197.63846681135064
201.5547855777771
205.45573647937195
206.29598299342163
207.37639210853084
208.22366266942387
208.66892244113174
208.13261775858868
209.3108933260769
209.97489803644106
208.5281597014545
210.13307341852567
210.45733736021893
212.67771847551015
213.99983918597678
215.37901504639117
215.72959912345664
216.80699941089182
215.8872180611824
216.10823673148337
215.3669183263997
213.4256477561334
211.59651853387075
211.60783801903983
210.9812779807075
210.86304998162032
209.58203544935796
209.92807494769542
208.95928813815834
208.41976640123372
207.81830612789244
208.43382810280974
210.99477140464236
212.69925015958628
214.52130949316026
217.1976860960826
216.940531970538
219.84655005121596
221.85447542459752
223.1253106574169
224.40937302789726
225.53721654058387
225.07304883903947
223.2234102136781
223.76051774799438
224.20048017916224
223.46169561053568
222.92350178715134
224.09625331164727
221.95976426873102
223.23225941616337
222.80603447860005
223.41185637900998
224.42252285854946
222.81976556905724
222.7781217202668
221.52823509258275
221.48385759084906
221.6223191209711
220.63284449022328
220.10567293227967
220.21904693253657
219.85017007340335
218.9823395977266
218.720189709229
218.53919379957097
218.53637160630285
216.47634708483062
216.59944274413587
216.27624546098374
215.16589597042974
214.73049127004333
213.93657078378806
211.55417218956532
210.44542979631865
210.23752612123587
209.93532477586118
209.88319571227137
208.80720655832565
209.49669003503612
209.04584517083174
209.26740092492716
207.758897512005
207.14128511600927
208.24493799212433
207.47089905542924
206.20260344585253
205.5883389316892
205.93490730292558
204.73973638305532
205.33733346528507
204.76974624706133
204.57804650665025
203.9659038713771
204.19503956057815
204.57920964844567
202.02200241763776
202.7314844200474
201.4697789368591
200.80540650756967
199.6663116176564
201.0388089386837
200.85936572665258
200.75581221333115
200.97418995984282
202.29904826101057
202.91838072858445
203.35279375009935
204.24725069088535
204.73820500302855
205.45807230193634
205.28160809012326
206.11785328783606
205.5578123665242
205.89513952312774
206.46479588490664
206.11398984886475
206.40316258247455
205.1732897940829
206.64202640873586
205.64902989639845
205.69935037445927
205.30311307833668
203.85176793567402
204.26092188716999
203.35207701715595
204.1735388702136
205.31947934474172
207.45184819001815
209.10916354111654
211.1354040344803
214.29700876875654
217.4254127530479
219.5583725023147
223.06846161225792
223.60451885560204
224.1239951071861
224.08158082718066
223.95722624032422
223.9433094529056
225.08630085937506
224.72590070127177
224.4196553088903
225.26670607611345
225.9292956511883
226.58162803298444
226.25145709596234
227.96984323074466
228.1563911983042
227.44532942377788
228.81980391275602
228.13224369855152
226.62046402944415
224.7460986998165
223.41307896402125
223.03127778140336
221.9350428122354
221.6999143699045
221.7994089609447
220.8523639172942
219.85994266769453
218.8740192167162
218.00204449131746
216.24062735414975
214.77238843396822
211.74218489903652
209.4362560445982
206.59908396099837
203.45472193100494
200.65463371716766
196.3849568209437
192.9202619296168
190.80187756398593
190.04714721008548
190.22570251872529
190.37153798591908
189.9376846753889
189.28068694113196
189.82645901153649
