10
7
a
95.06656100649403
96.100650023415
95.56672637114782
95.26877303105759
96.07844750351936
95.50294453554359
95.68954330794568
94.5553720414949
90.7434645599923
83.28467656458957
73.48364929540513
66.59862671880454
58.314499609960656
48.854688175563425
41.62677162200319
29.230134397311236
20.589216988780272
13.40773145218657
12.403701260118634
13.351661442278168
14.288935223484478
15.870313528318647
18.56343955812883
22.031653367440246
25.273561110553953
23.90436817286323
24.06218188961777
24.186242038530853
23.757625737394548
23.06500078433463
22.280289172466354
22.027049307749824
23.12880562897359
26.655979278341047
28.85323657434818
30.02144268717463
32.12711087358584
35.521043612927784
37.72802378466426
42.161071394203645
45.04474244204243
45.78083306436021
46.32496988396949
46.46038121643301
45.96225001559914
45.34357190045106
42.74200673697508
40.7326501313792
38.58365010597062
38.664863747459094
36.3545508197629
33.478301273568206
29.80177806723747
27.931526630663726
27.182813487361106
26.981693244685918
33.08400087659774
43.45102796315707
57.5627330187327
67.3180687461597
78.96343952563993
95.67149424454361
107.73415722521574
125.75139787975603
127.90677307915192
128.40754658342397
128.6899084663387
128.9743709967294
130.42910551340628
130.55927046132393
130.7743948938658
131.0336812571828
130.32934414561242
133.58775947575234
133.69647401156055
135.40618835421935
136.82136823346806
138.71103437641344
140.02027113105947
141.36695296862158
143.48154668759346
147.35331440000527
153.41532905406692
156.84025766129378
161.0213570197019
167.61528225268188
172.27390603448194
180.1202992380144
185.54863181485612
190.2577754352717
190.5616709529661
190.07936548992427
189.74388698286114
187.57561809282862
186.2295010506108
184.8955480311177
182.10762198135077
183.59703173716633
182.48565282010765
182.79620297466278
181.13964938226644
180.07400710026533
181.37632253557365
180.3437801588678
183.234065101605
184.56428404242908
188.69383827038297
192.2055191297116
195.27004963961653
197.9076187533618
200.95637586185208
206.62945282993866
210.88808827022302
214.1977650181295
215.20592987359774
213.55283046592865
211.19788714079678
209.03428625965225
204.35920924478305
199.4100371931647
196.4338130578424
192.09379330973132
188.33620382314015
183.31971844697273
179.34560392574403
175.03913188903505
175.94238114941996
174.8162169414083
178.0970592295797
183.14957723115134
190.345719060893
196.13305374265045
201.865591313855
209.25089167824106
215.4789289854375
222.40175377208766
221.56305387211947
222.803663675627
221.76738025240326
222.47137700040255
222.1073576959593
222.51737034490668
223.35816489409376
221.23781514248026
222.459606452353
223.0947531374935
222.5335307621757
223.27134603266117
222.82818597301537
223.80749513055042
224.3712831230905
224.56925947474616
226.67348107526132
229.05376205003938
235.52990453036344
239.88444470965297
246.8865658646336
253.37311219311678
259.6343036342469
266.0395614209304
270.4436673123376
272.00652738497234
272.9564633690727
273.6859460605417
274.3102563235685
274.7829903684952
275.1701932074423
276.5869336518221
278.331962350736
279.3241869946964
281.7083475791737
282.87395906592957
283.11227346315485
285.3439667543776
285.8187910123963
287.0268405956217
289.8721279516931
293.50065991167924
297.8984921323528
301.4920173636612
304.6571852111663
308.9968534462982
312.2223448861176
320.57839591487806
325.91279010828913
329.5058321191706
330.5464926897207
330.1420398538124
329.45712807341795
327.68815666927117
324.34521527121314
322.9603476613901
319.1473109684237
319.86406273894494
318.61410958605825
318.7109982787851
316.88076122914083
316.01803137946365
316.6994769320572
316.10869980563314
315.47971854773436
316.4956575691769
316.7416639765001
317.21815447598397
316.8274106563333
316.94976529525604
317.6059099927247
318.1558398373577
318.72070505421493
318.7883568669388
318.77087416973745
319.8538609693202
318.7210278554623
314.913487917081
310.9091703722968
307.7400372537997
305.4631405498375
302.0506807358906
301.6841135799231
300.707089228574
299.63809282466906
297.5264414307693
294.6279225124642
292.98266336662203
288.18222377710447
281.95294936479473
270.00120411670895
261.9920278350304
250.56400083663985
234.83755248281662
223.16735327433594
206.26184743572236
203.36718427722028
200.4503463720073
199.7048553508113
198.71622119239098
197.74481956784604
196.98666822826988
196.83141237796556
196.50120427019897
195.33840964240414
191.29127805138154
188.64741870903052
183.7582709739784
181.3755939900851
177.77091077670738
178.36938532490865
176.74206386663909
179.79744033776032
180.78425770527124
184.15056609338865
186.11641411701706
189.13229882962364
190.2702670076629
192.6188837595959
196.10784756987763
197.08009124479653
198.91732000269548
199.60982086319524
199.85370222943612
196.99392786135894
194.67558846517193
190.1576480358913
187.45009082215637
183.5641982642623
179.56331012550862
175.9440032274874
172.70086350300548
170.47620321580152
170.32442124863627
169.2696336678581
167.36682696187407
167.3443830587359
166.83957113960176
166.5246189669315
165.05201424872394
163.9841403137091
162.99054286505466
161.23420191177587
159.3620448029514
158.47045993386075
156.88246322019782
156.48036730724894
157.27245784199255
157.11565451952563
157.00413239524227
155.91215429433782
157.17683893695974
