7
5
b
6.117389378240398
5.931096170932561
6.774901798047963
6.57365624586685
5.8956770710996365
6.364780594938141
6.5361771945795635
7.5564058951731035
5.873895150473244
5.358286288473012
5.308478598955298
4.210015471710191
3.8828635745098654
2.444425242405304
1.7692278081584338
0.46875977547184833
0.0
0.2647811162334726
0.0
0.24963280787313671
0.0
2.3468950264613335
4.716518705882423
6.3641633392310855
9.683380303446878
12.360514555475882
14.346186228506804
18.265029508972056
20.5994428474225
21.885970339423213
22.925962823663813
23.283106787035713
21.65316441021866
18.70660911760233
14.599742830156064
12.697827413161118
8.823155467567382
6.754634476984259
4.186369176876564
0.9700040019533716
0.30538732414970393
0.11943163701031068
0.36062156912702625
0.6817127698975262
0.0
0.0
0.6720603827057068
0.6835012803333756
0.53955403774295
1.3312898445840675
2.409767716065757
1.6086590900275066
1.9952087067125983
2.232973219850623
2.0597466678486227
1.918763401842015
4.206740560837668
5.208404500152793
8.144434911191919
9.75672502166539
13.020026910879274
13.99797655242243
14.676196227450811
16.763477738942694
17.122897290583566
18.955795929932393
20.175464701478113
22.014907327935667
25.3999473042467
29.58278639836707
37.53954923493674
42.88476247940951
49.62496968303743
56.511042606077055
64.29753020856845
75.77905943720475
84.36677609617952
92.21454239262613
92.87765628869242
92.65413718148176
88.36351676627386
78.99822916816443
66.38052311440237
58.450817641044445
47.7194191538333
40.5010396258867
34.59194792856104
22.20361168673564
13.964205062514203
8.597534320727346
5.987644114498618
5.771440021906618
10.158598646453239
12.422410413185752
17.88197795948277
21.85863317278581
25.90501246240909
28.457647906121753
29.646355782194348
33.10606554776046
36.09533460660572
36.32405375993038
36.08052053881908
36.49558504966467
35.98729263546396
36.516828757351476
34.564761800204934
34.580604536600156
33.576468387388836
34.02902882639561
32.42230874054753
28.890508701480037
28.644758385183923
25.969177034912388
24.81609648049547
24.96039082117286
32.25688960906225
42.4350498323417
57.03231622196273
68.41368845398713
81.38245004708675
95.15947217656023
107.41596439142738
124.31889164811054
130.43140129501253
134.43244487230103
135.79330739028794
137.01563485026062
138.75539537457036
141.17676492450423
140.15902358121025
142.57259830860022
144.45073683655264
148.56750602835106
153.69521471725085
160.9946670466604
165.86246389428945
170.66314979088264
173.05054902749063
172.2578253223508
168.10430190877966
160.33677102306592
149.78085995964
141.85125218545733
133.25977484978722
124.93525700648276
118.75133102043856
109.65507851776782
102.94605170300493
101.88433645679066
100.65299663729336
99.13612753415948
97.33071221470276
96.04645739444803
95.06753193220275
93.14732008598325
91.61269936463952
88.55572262006193
84.66925032490927
80.74544267729718
77.18456015901901
75.44323249889784
74.4905254761751
74.52928809285814
73.38024158483498
71.95158355811677
70.41701334476828
68.37594147639518
68.45341211401409
65.40377740051662
62.89569545615804
58.525245179722496
54.277402174873494
51.86002580235502
51.313424237019625
51.073198866643104
55.104666508964876
61.05060254664281
69.15571337272775
75.11518835396227
82.39717223685065
88.96859827539993
95.27185864212666
104.60054790884963
113.48941684513176
119.1003237355917
121.05056050953463
120.71444544490232
114.89595245962842
104.97727608111461
89.85023190943511
79.75487303627044
67.95264075493891
58.99432055080633
49.848423919462874
35.25977192988339
24.174993805798646
16.00566166614409
14.611939276375573
14.480174623213243
18.628517875240696
24.560221749148447
33.9528116527911
40.174785021523945
48.75129840768533
51.81543386915411
57.06096156416303
63.73901600868059
69.32016286313171
72.76615295866564
74.05808753312735
73.09873201301994
71.19992401109035
66.60542317880778
60.10439923461905
57.437212887384426
50.895181408280784
46.80071083829121
42.42652226334125
34.6880320544576
29.09545411938558
25.211917049300972
23.144824085699806
22.548000590354324
30.32346563381503
41.51461250084335
59.11609879763897
69.99579352121883
83.84175257202294
95.47021346971512
106.92018413176544
124.56955197778618
137.8260381120113
148.0902719131456
149.50660672677773
150.48826644746123
145.53289833171908
139.39836720314025
130.1794834985347
122.32284636124461
114.85389636634505
111.84831186827228
110.60586260445814
107.91869312066184
106.77410704562413
103.37879054213123
100.71622183695222
99.1746288245872
93.77311096985737
86.48605854434888
75.82196986158715
67.90611172556356
57.57816905027252
46.39436805959863
37.023938830452664
22.665235918652186
10.54548830748587
3.5167789948204433
0.6233278066984635
0.9597452951219976
1.7339296283503267
5.40572544623733
9.056073553617502
12.073441711468105
15.385467591930045
16.30139559644204
15.3447699760737
15.820216931252409
14.645353293308531
14.699959202019869
14.975641590935762
15.68402735421996
14.927157873193993
15.957768365098904
16.327983941079797
16.042910115567405
16.98600592542893
17.924199725870405
17.731879870375966
17.781092878936814
17.94964288890925
18.250704144526743
18.612037473982973
18.38385827894015
18.734676412699347
18.58914230380924
19.210856245368653
18.11044554722051
