1
11
b
107.6213275072916
108.49830475671949
107.67329611846273
108.27405903244475
108.13168434455643
107.54806607448856
109.09310449066861
107.85060917748521
103.45070768424873
98.11895717494352
89.01451463268114
83.45482464606552
76.25451347956174
63.17857013760997
53.781565342030824
44.189646120473064
42.6144143425192
42.720420148323726
42.44090134403428
44.01380354879543
42.81713713265647
43.23168728838189
42.81438514013982
43.32779797466152
42.73268170645547
41.291500303522504
40.616755363266385
38.506509391483256
37.346842524044675
36.611511702253125
36.752200298020504
36.19701082151996
36.412478972546644
36.23310833727092
36.79240085426075
37.824981593834835
37.51121255982339
38.2394485651417
38.072110389033995
39.37868812794309
39.4835786754432
39.80455293525084
39.77467574304508
40.16309589514193
39.61810607460194
35.44571346167874
32.13803154673046
28.634042736000136
26.342484854503684
23.063542687144132
20.377539383818565
14.839357332980184
10.924409562754482
7.917497422954869
6.846400333584211
7.169565367763061
10.48047798224929
13.277856690505013
19.200579815034523
23.40314477124441
28.297749019697264
32.00979566319443
35.27167377563688
40.05439809914435
44.84448681695809
47.13392477050806
48.314386552328614
47.63884542662592
47.38501684912745
45.45270701142379
43.0472780828821
43.41380676684423
39.91364108571778
39.462385321421536
38.933634336428305
38.423470988210916
37.69770916723866
36.17260102654995
35.55955444418856
36.12550761430312
37.64051864246279
37.90991653435147
40.776780908387046
41.33742456898029
43.10966232453621
43.99523895926901
44.47363164795336
45.578455700891105
44.62338182618971
46.52641560757437
46.99755110567916
47.83747761828935
49.17187990000444
51.10784626751687
54.497824483608596
57.00715036610078
58.45419868013764
62.77768139619812
64.73258087637149
69.63380423649554
73.45197378294897
75.72740033129882
75.95390819407845
76.41856275804726
75.22768192879677
73.5879933726679
70.45938998108427
69.57451770434436
66.81014968727513
65.32517828133047
64.71146142539797
61.51198625276117
60.63341720199816
60.26462163108042
60.52382261676409
58.927279503770215
59.8782468908158
60.65654715456196
62.17071790103866
63.22001105019789
63.260040531912054
64.30332990799258
64.53565534028824
64.58781709786093
63.92566204550542
64.34347049293144
65.24961832801141
65.04365039626643
67.54593088820798
68.61067719390144
74.28929739213721
77.98875010672708
86.07649398734175
91.34188257283523
95.49170158276388
101.29772709856294
106.09932925495943
106.56145600787382
108.34104794047725
109.30219563055917
110.28984884605698
110.79724943443219
111.33803554933468
113.84481927893717
114.62480370642751
115.5560834741521
116.36109515160719
115.64790181682065
116.03539274332495
118.62053125362362
119.87762363628866
122.78512901179492
127.94163138944465
132.50293300703015
145.41940298005218
155.79917188208725
168.20918487082227
180.15677421613765
192.25907978953722
209.55396495262593
223.14291366323425
233.2705101737998
234.7562948618366
234.78285848481002
229.68390146167812
219.20615921272005
206.45417322887516
197.09865994765897
185.64436657344578
170.30867386174435
159.04540055891133
150.29825165016905
151.86267127419188
152.50816976708455
153.04552786441067
154.102111059099
154.29651467603344
154.15078779974382
152.97298874796417
153.7556372371105
153.550366824126
154.3298041445497
151.96948027661537
150.0301957382171
148.75093324021668
147.2245949560122
147.0480976798318
146.33957935678296
151.3514534429318
155.7983580263333
163.6752642578166
168.33531997898646
175.8280524688208
181.64512186354705
187.2075122496701
191.5820296333006
196.61551614277897
200.9328402822995
202.64375624211627
204.51353411609563
208.18778437248776
210.6879976845425
214.3141660039205
217.09383055008888
220.93970357855298
226.14971650165765
233.7080009697589
242.79246660381898
249.23979626257793
256.56254979552114
258.0206161481375
258.06588892787477
249.60255966497186
240.01263931932428
225.1368695891046
214.23032353898444
201.89621689232214
191.10244867695275
182.45152285033538
171.2831624938711
161.12836467612294
155.71455921589845
153.38712926319465
151.08025159202828
149.97311904756944
146.08157938542794
141.73045498822054
138.77839391445556
134.3402474277859
128.61087747902877
122.64780363556005
113.41641620320792
106.52009776433296
100.26471653310435
99.76919163566812
100.0988079772687
101.1074069855617
103.32212469550292
106.80243951579837
107.79377072512612
110.52886035954468
112.31373473244436
112.75822658419
114.02932189244662
115.23191168482754
117.06138917785285
116.51137104624122
118.00881309814105
115.27813452558271
113.08433168116265
108.49941744470338
104.32839066450816
102.85088719962715
98.38130452840215
95.7068774438085
93.02006671106018
89.78133569972364
88.814004668611
88.78596037120215
87.01947122066022
85.98924858212352
85.56098287060553
84.53738754361045
84.20783115121911
84.49720436146583
81.54258953252655
79.24615711391105
76.57345710537155
73.44584990880962
71.8709777645501
71.32996715095707
70.1015787633292
72.76991994076317
76.5790687605328
80.13863205162532
84.2255488818824
87.97796864250644
91.07028577565787
93.94382979102255
97.17073487215774
100.64312310767536
102.20972307192258
102.20542114163908
103.2870507005813
102.67331410622829
102.4760219987033
102.44802435113024
103.34101873675108
