7
4
d
8.716962402815614
9.391361205083792
9.557885249518375
8.965231006335403
8.362296858801146
9.194494023500582
8.544070486642937
8.50372690367707
7.783664476519513
7.718535056825926
6.58217327448047
5.241795944338567
4.498251139083135
4.048876491359275
2.38424239415902
0.0
0.006794088278365305
0.06639100116594206
0.8655446641290985
0.0
0.8393569017783373
1.8521068074717055
6.786948506078811
9.510698523244349
12.038485694940691
15.638698033411561
17.890270114981824
24.535915134365784
26.200896417559765
30.73362293966674
31.06304760479721
31.067891449748604
29.36644513517696
25.96463542414092
20.91747842371582
17.184071537334603
11.340570750299891
8.974422443163279
5.663782614149406
0.6569145302501429
0.24014409294415512
0.24059344428822171
0.0
0.0
0.2515732500259305
0.0
0.09738498673272496
0.0
1.5467297616757956
2.760931478953912
3.276163393070303
2.1162307461544354
1.8029857351596408
3.104833412190829
3.716482739295321
3.915360284379753
5.463692467909195
5.771121851530773
9.684506950426579
12.73650824571094
16.803781176658795
18.368034788713654
20.02134897232095
21.298582517602505
22.87740650136607
25.468361174510456
26.65066935332237
28.926440837260202
33.99355454299497
40.415590944000364
49.278980901592824
55.925098484302225
66.60963608488036
75.50488005932944
86.00389180774674
101.39032802166656
113.18570387766798
122.70312566428322
125.31324044525363
124.92004623961486
117.20823141914624
106.44829422031384
89.63675889661918
77.13379667155787
64.0177860312586
54.39230366900415
44.36347586273898
29.710796294067233
18.594137175054378
10.739993535541792
8.33569013152962
9.078133236496443
12.065759240650666
17.54404584313353
23.785437819437448
29.32164697382374
35.36983019322588
38.95101343790143
40.03415412739235
43.92758979494409
46.36496874829943
48.7867879696481
50.21435567506598
50.02158096265575
48.831764008691856
47.478031893204275
47.81417378833951
47.04780998868293
45.17235792569844
45.62739756358189
43.11931896248308
40.17491795380885
36.961854626445
35.15093332442306
32.88707472981081
31.64634477118067
42.286318739703916
56.535039428911276
77.27992071216721
89.5873499460086
107.08362323537631
128.25681364147496
144.36682004763202
166.93124536321605
176.31537320728134
180.417564285119
181.9986544580753
182.81354152975416
186.14115910475743
188.25059366001432
189.04120371335694
190.85090684089704
192.69077227117617
199.7567074498396
205.42935778360985
215.84230247097543
223.40497814611788
229.52804701746686
231.70015301060903
231.1146712350236
224.81234733979474
214.44993768420332
199.97857158897912
189.7280373030747
178.1370238731558
167.58315200937028
159.19551951164743
147.59746339094912
138.4401980848923
135.2751663413675
133.2613149796049
132.69765472791636
129.49383700815653
128.3869565818621
127.04229977163354
125.30167076009538
122.04559207845904
116.82947746989421
113.36063085898
108.5013943850435
104.30803778579624
100.65749179483483
99.95240050657263
99.24726854326298
98.08439626258847
96.45708756780083
94.8772387794758
92.73080777911167
90.27807020605525
86.75210802089761
83.8090142963941
78.11843879378122
73.05701912551655
68.98040394991865
68.11320331357874
68.31117922296656
73.31274995688051
81.40536870194266
92.5391842050208
101.72111859978546
110.16805763118015
118.14248791542191
127.21787555246051
140.7248510765257
151.27773657226965
158.6952299691135
162.12349676572975
161.50027272886868
153.3978436410275
140.95027747051972
120.6783393660027
106.70777319860295
91.52682618662018
78.85630850632228
66.10932532400176
47.43814608741373
32.68871477983594
21.457193984642966
19.52650109532743
18.543733381156226
24.380114812917046
31.643294599524086
44.41802542570653
55.26889191660731
64.42413710115441
70.20846823047108
76.24597590938757
85.49147660967644
92.13081485139286
98.42298330867017
98.935716855963
97.93553607087637
96.65075651877585
89.39280606800953
81.87063341861872
75.88639925470147
68.75383773894717
63.77607883212621
57.510111099788524
47.550181918005954
39.184197784537275
33.144109602212374
31.318361095912408
31.454539193188957
40.77879162702444
55.97033497222207
78.48629604076065
93.60646910233105
112.02540344550651
128.06108028375266
143.58004729805506
166.7588571062756
183.34902665060585
196.47279764777812
199.34555800540306
200.12667406858432
194.48981070116116
185.43404705895955
174.11428406793883
164.10467303616338
153.41197854957116
150.23220421480926
147.38151179141573
144.2657056111515
141.86654029124907
138.10191843436
135.44665560798748
133.5621808641327
124.25157307310798
115.7276751418677
101.63698907992716
90.5796488078282
76.29840401646156
62.31493245237974
48.87361064858042
28.239658421105464
15.085842294483637
3.283625860527822
0.41287688627274377
1.695923489111776
3.805057101859727
6.794634081195186
12.696777513043235
16.636489209206385
21.069190101797812
21.143233700551463
20.815945843354
20.580664987918336
20.721480332508296
20.659649681296703
20.994437606196563
20.27306707958378
20.522969323594094
22.017280064061307
21.294993124894894
21.526699553124768
23.713477443037814
22.96938889534152
23.71148119786785
25.13826888040692
24.885792249149812
25.948061669737132
25.948736607911627
25.279824897481966
25.366805734200266
24.85818163276131
25.999403645595436
24.603864231594564
