3
7
b
151.78259291089952
152.86179513556198
153.39599361226317
152.8474178553805
151.6754566045897
153.14100736864438
153.02134722823126
152.04544560620369
148.6215417644792
140.19354022528327
131.34700321092225
125.48369841126875
117.62284636329744
109.19583242592405
101.14639546032076
88.97124899518552
80.27413073135223
73.65174739046822
72.1743529156842
71.55819513963507
74.11431736557371
77.05052285292714
81.0248492014135
84.93497329785889
89.47745232244692
90.36888938506934
92.28525892429094
93.1810697685008
94.53243644716862
94.22538074114294
95.62928311834762
95.31280701379754
94.64892497731874
95.84728005466671
95.71764448504418
96.32740727926313
96.14741958570461
96.98385046894865
97.54672980148348
98.75972377334635
99.36874906451682
100.78433811710369
99.91259039033716
99.73232912047902
100.8737735255854
99.30986311832208
100.72926497015601
98.98388878233325
99.68667104726568
98.82645779309496
99.10840976216014
98.77721412677025
98.9018715175187
98.8856425508161
99.07709792443102
99.24614993156541
98.4268409271901
99.01970779472474
98.79570021860735
99.95657250318322
98.32384541017764
99.48713736248581
97.43591546583033
98.67323202904063
97.09562115648163
96.94369734251745
95.30577980835788
96.86541532161374
98.91644455989226
101.12257303723345
106.39196530294569
108.3667936424607
111.25800647551756
116.33990056261331
120.64266707090853
125.45122533755732
123.9426517689546
126.43450682419876
126.20102661300749
125.36233419892417
125.56948193873694
126.63250590298733
126.13019633960577
126.20585224519927
125.95759911434932
125.81483719710572
127.75999281795032
125.93762526342084
126.60533847378984
126.44731025038527
126.66693349491416
126.82538520191527
128.754237593311
130.6719989369979
138.64065124665464
146.93724329044116
158.0396949990086
166.3405793255871
172.96017049907164
183.6734301107067
191.69144367880108
197.0646265193263
198.08133455533746
199.2659928395883
197.97193867767405
195.85061073758018
193.38247841781057
190.62661224864183
187.7101542693131
188.29761443044416
188.51320479069787
189.2245176655555
189.10678707446073
189.78980701404492
190.1887144674911
190.07199678372262
188.55785443917154
186.30394471039833
182.3622832130711
180.3453820881158
178.1848428240168
175.2353969750866
172.83116183314112
169.80009449310387
165.63515329096305
165.40322663050236
164.79378232598918
165.03343474211647
165.25752385852135
165.94825669034296
167.15232826242396
168.0334729314611
169.17916148733494
167.44626125614278
167.78946224582828
166.51994497989025
165.74494957940414
165.3598426944267
165.7999951152149
165.092954451591
166.90175596989366
171.37632153216413
176.43874112303735
179.13039530027805
183.24963884246037
187.00478293649195
191.09083936395956
195.80773054900496
200.70764936219936
205.6647603321714
205.79144105871774
205.6196045932531
202.168935796494
198.97843851410906
195.14091134819355
189.53943031595122
184.99039009477
182.52522262800474
178.4276578687856
173.92642392611927
169.6490965116861
167.22424376970392
165.29417515541064
166.099454140599
168.74291302427838
172.33556280481537
178.48203582356015
182.79968271990703
186.93817856149835
191.31327820175943
194.16634762228892
197.49484694736722
200.65827492827373
203.1227564774587
204.73365434411127
206.20997579329145
209.244248219534
210.35786915945056
214.20088948447858
217.14875287907483
220.6580568921739
224.04122365298386
229.24053646331706
235.25001283397074
240.40079549439142
244.28777325483009
244.77124425239384
244.42200358237972
242.572948823047
240.9072456838664
238.1768916891406
235.0258738067828
232.79454377104338
230.6688354661891
230.14423079398298
227.75945322790466
225.61099659346263
223.93917061547526
223.93590425416096
223.14755706817348
225.66317323744624
229.06190504217446
233.5335388973383
236.7039231187401
240.10347334325846
243.2557779370083
245.80232058796207
249.6187223471944
254.0505787840087
257.52876186240644
257.0865120679269
256.83032093261926
256.1248808220526
254.01141624778953
252.8779324299854
251.95323181036485
249.0858326813681
249.35505737682206
249.29598481139115
249.94190581786967
249.27562367392508
249.63630041255755
248.6676427116298
247.99783077219058
246.58092180139445
245.6401177845673
241.8315099726992
237.58948191537803
232.33958690182135
227.03373224525555
223.2131510197332
218.03086836557333
216.78438449415492
215.64703450168355
215.04042802293245
215.43951121191216
214.47191500847035
214.0955122435579
214.1138904743218
213.71204710220297
211.8873821297671
211.74655591713986
210.6185813258263
209.07049753932657
208.75031843412376
207.1870754176474
206.49063817636366
206.61425621322934
206.35026798851948
205.31227551558626
204.12442567665326
203.07701135049206
202.585787484667
202.04614161723947
200.57574374999734
199.77406947662155
197.31261438353997
196.51104053830474
197.20699299403026
194.6330114811478
196.47563707295106
196.8965319340033
197.6943104749122
198.00622992078442
198.3155346037566
198.1036366216376
197.96362359282423
198.94200601004374
200.1042725817562
200.49893637056098
200.67678218289026
201.13694562810164
198.38123301130923
195.76424195960823
190.7035391304766
187.24781884722427
183.2494184434863
179.94365815137712
175.50172268966992
170.59795094830915
168.8014989579194
166.0573713023141
165.11430080671352
165.2426138246717
164.95498849166415
164.79598775631325
164.22252652706325
163.6558294485267
