1
2
a
5.837657487982596
6.1222956844377725
6.4687708551616945
6.45006916829579
6.889847931842397
6.448916291469339
6.413889261523166
7.107662903371583
6.9650135435489995
5.946931894533939
3.8460962403721526
4.659236755095188
4.126691624326577
1.4350417651955223
1.068878997944748
0.0639955961621172
0.0
0.0
0.161550935015056
0.0
0.0
1.6671772957465862
5.027286388763642
7.414670316880282
9.97807564600453
11.916279565039519
14.739016081914066
19.115872777392084
21.12571204264626
23.417823846415676
23.824233651867555
23.692656976905642
22.22403312191324
19.295571137147025
16.524413338374043
13.057089605737474
8.253107539208235
6.975301737060495
4.233886301159795
0.8198520425012878
0.30550997338291225
0.48938980471584753
0.07756713946870966
0.36828657629152
0.0
0.6470842182535187
0.4014465122779888
0.0
0.7298001083977518
1.6456123410643557
1.4948818959040078
1.3614391687500724
1.2760056955136745
2.5948572091520066
1.7128245209915134
3.328451210173141
3.031796676842821
4.398415921889105
8.17123818453717
9.449408339223329
12.01088311572062
13.120114716399872
15.30565853271547
15.791035795040377
18.345649427981304
19.509388512075866
19.48536787403786
20.839501902970277
26.408092800565598
30.45094261093913
37.17050209775806
42.89163873745504
50.54270657130674
58.22168525593075
66.37080867965959
76.13388277280106
86.69000975584441
91.86584035923813
94.47710584090636
94.12764246972343
88.89899190086258
79.65932064790834
68.51131326175624
59.234182329499355
48.28910696431037
42.71553985856767
34.194799771473186
23.858697061983897
14.386412845078542
8.130315714411147
5.944648887650459
6.9741379336984775
9.097328430635175
12.749319238448987
17.807025232793194
23.435690788140082
27.063923122787553
28.500893366514536
30.49854820734309
32.677969069858264
35.4665348867196
37.380304259195455
37.28915526512792
37.21710060693395
37.09083020356556
37.089048990885345
35.171029493942264
34.90876302715352
33.56190752818321
33.967523337373024
32.86069757047856
29.992289548586125
28.186662083444737
26.33908378015439
25.603576990972247
24.864627313036248
31.737939133829435
42.63081715797514
58.392496348893324
68.27499572038728
81.62842895257513
97.17995649252924
108.90268876038687
125.81733759135332
133.79538819184296
137.03044526763367
138.14089902682346
139.29748511938504
140.91240161828813
142.90598624158642
143.1948515479468
145.35087381448136
145.9735472701818
150.77171613400688
156.9395623903302
162.87216490580053
169.17610265249724
173.55470634400157
174.8262741806337
175.11242461089302
170.47709806254633
162.2052816272986
152.9274684835245
145.86237567352677
134.6048963032849
126.84611648042946
121.02303764751093
111.3991697248302
105.83600130920219
102.3864647311772
101.41913647338225
101.09952192968517
99.21668420699442
97.4787413973832
95.94219925958113
94.84988001323315
93.44914469055742
88.79603993770996
86.40929430043568
82.72825899580889
79.5514875776489
76.89920624974319
75.6620480490453
75.37521711402772
74.5696327574298
72.63740536875005
71.02002926117945
70.08635017326071
69.18042879867525
66.22573431546277
64.14474349992138
59.148971125512595
55.28554501923651
53.1996087393138
52.06148054268659
51.53254959406333
55.5878152775742
62.30618707827874
70.04193954448561
76.04515940953277
82.40013679555142
89.23748972989125
95.3349208209988
107.33932692876856
115.61126820466265
120.52700632456103
121.83826240968257
122.48858809349407
115.64708296972925
106.2215456528861
91.5154742335885
81.05222040980927
68.71507156824116
59.88368093301814
50.486999343977416
35.444447049446524
25.38915991980353
16.52506970004706
14.934932816859398
14.354127150227054
18.839866983771667
25.624672954290077
33.579590605422474
41.187834015241066
48.30728085176491
54.09319173475069
57.150764318127756
65.64248070170358
70.57748097415335
74.03373380618322
74.34375397766162
74.47790713583007
72.55049014309071
68.01552295594298
61.72493019795341
56.782311195084176
51.354549446516074
47.91291142834125
43.30060916149704
35.60994674619957
30.54241453762167
25.445198049902302
23.21194587067511
23.294251066817115
30.461122890608284
41.85378252426977
60.17584307940356
70.51594491512058
85.72811692808034
98.08032752030223
108.93239396825007
126.86212234431859
140.03172967666342
149.6477092959435
152.31120101089482
151.6951069074031
147.977624683764
141.3615510615637
131.40485616723672
124.86001558512193
116.3050951235893
114.53896750872191
111.84142194088525
110.30634491027284
108.14789048467965
104.53126775147727
102.34077992674584
100.44616977830583
94.83290359080488
87.77666267517863
76.32119915097068
69.00613405454193
58.107046050626195
48.41954643048279
37.55487836716505
22.039948908347313
10.468460172356203
3.0629750529612467
1.1478416953711221
0.36154400377562673
2.9300835944584396
5.725225518609393
8.59613863079126
12.578763791529855
16.32503220541732
15.032103732627023
15.13665521476522
15.895617419856604
15.595078590786771
15.630529697857941
14.630676485282784
15.223723487567327
15.38887705670547
15.581233940411114
17.37469068637428
16.72650050876171
16.758690930211614
17.452155669491138
18.47963682721195
19.006060726372713
19.405951568113956
18.743862562811408
18.96200786190354
19.450580424417446
19.898662039878506
19.29068624897786
18.224138428973905
19.534535073932812
