6
0
c
194.66783158124267
194.4389546503479
194.15467791358316
193.76984198214936
195.10467811975073
194.06812521525714
195.2796987402697
193.3416536755539
188.28315383550367
179.69016644303932
167.2327006278926
158.56856899672107
149.47004237068393
137.583430081126
128.45846397579163
113.11925155759548
101.81045652154535
93.65080172922032
91.69998241295355
91.24305369826276
93.23979711400646
99.22121720980273
103.8999916647297
108.29408214458564
113.72214050154118
114.9769770717632
116.20431339345784
118.82935626070527
119.82331441863428
120.26053955804892
120.24440770330665
120.68129908404738
120.80885588835731
121.28604092674738
122.08845204837773
122.73328031720187
122.5604275487288
122.74952553052462
125.75981118134773
125.69230300120115
126.88373605845341
126.8406486364975
126.35062896292098
127.3440492962228
127.00553593912689
125.75610498590159
126.4423922135437
125.87583515157976
125.66608939650727
125.33767809901123
126.49495865848775
126.03972496903548
126.50714963696566
125.7600487070516
125.91088564303433
126.0128753074606
126.47336097658363
126.50077693966425
126.15214239580236
124.79789798086094
125.96755036266053
125.86534238503035
124.48170289570604
124.13074372123752
123.99762749276836
123.30523822279314
122.55039872855154
122.67990467635353
124.67259396390288
129.19064704540057
134.3464587855647
138.08460114045928
141.62316287850942
148.70691335231874
152.42387952768968
159.47975236406472
159.92144072441982
159.33276269440987
159.93128175119284
160.8326667482766
161.54203819471678
160.90257774519122
160.20181917219458
161.11880649639824
161.33303273303312
159.71629878046895
160.49687214973355
160.63577910347632
160.8311417726474
160.81638010779508
161.3756745747168
161.8528222581114
164.37833530338858
165.97624415856964
176.9265199389149
187.53117453428834
200.85653786856525
211.58321744903503
219.71958076213426
233.8705586403163
243.3637896268363
251.36355352787214
252.12725211995283
253.20938534472657
250.67887411393963
248.40409044425687
245.26665061663306
243.28187609816405
239.48362631884729
238.84643033531034
239.7225741949248
240.43422893688788
241.00638127919106
242.7485981042712
240.91872452813504
242.05065405010313
240.2750538181362
236.772671343192
232.90645485649983
229.41453285964403
225.30796115626757
223.09204302214195
221.29934199229044
216.38764570489695
212.75478714915187
210.00744980510763
209.81330241476323
209.91961056279922
209.861301263186
211.74536666079462
212.13513963427698
213.05525369034467
214.20316447093327
215.12086641678775
212.75540895958545
212.38903511322732
211.2045856597463
211.68030206897987
210.8303508958058
210.0150021856741
213.16905545885447
217.52162955347
223.4219396852261
227.56369511753553
233.40695050859236
238.73142762060115
242.09128715027688
251.04774738233704
257.04992952550134
261.4183440323637
261.5940396282612
261.14307360767685
258.8614595283383
254.82340496264757
247.8598133270654
241.64508054655866
236.40908448624683
232.06097785919255
227.01791030515363
221.08042220950594
216.89714024579928
212.92607097318407
211.35149057771378
211.48455433929016
214.82337255108195
219.55671962427581
227.12283458681404
232.6561843987832
238.65947509269006
244.0488516994619
247.28355287064792
251.3321370117558
255.47366298358116
257.98050447143953
260.35892161348283
262.6885745867708
265.50335968122596
268.9038609894582
272.6752456139066
275.59202628088724
279.9067930120286
285.2880958353074
291.30025905482637
299.6685787848635
305.8056854803981
310.77304836528407
312.30127520213983
310.453444110173
309.47805166494015
306.0732276253013
302.65623826676637
299.01971966898327
295.4087553628481
294.5910307955567
291.8185332227893
289.1086133765613
286.777377033607
284.6974302641685
284.559095821878
284.39730963103085
288.1854712891543
290.6997914152425
295.84942583075735
300.743848214596
305.86930731729507
309.6525861928402
313.81545053510524
319.56795547096397
323.51451315686455
325.2983281038827
327.7522771866821
326.6871297861483
326.7389923940998
325.8308060090734
322.1290168857044
320.5821317615598
317.9632326677881
318.31741812326874
316.65493162252085
318.2490156518007
317.7769261247233
317.228580706112
315.7750062844837
314.9768813773292
314.39126012726217
312.20176362069867
306.4476061753786
301.21555906912215
297.0314423867204
289.26491200131875
285.0035804512533
278.5090287622869
275.2698831220977
273.72890172473313
273.5003664230257
273.0324561552707
273.05451250320584
272.28662250053463
272.710194664082
272.6527023426711
270.1745340309651
269.31354795730783
268.16952497192136
267.09691826042683
265.3164957201848
264.6517082391463
263.7361429872978
262.7588598006309
262.55173208724597
261.1405926526812
259.4253329268157
258.85830605622834
257.9721766295243
257.25267683594257
255.00109681504983
253.39871576280038
251.13177857180858
249.617185689569
249.19191938475927
250.0715949931998
250.25600675149371
250.66711104520118
250.28322806672384
252.13620298751582
251.3833639947777
251.72471711202937
253.58626426906534
254.55769681919548
254.63668745291545
255.52628083343768
255.39500303450842
255.64557175161983
253.39202248279273
249.32606064406866
243.10729109302554
238.3364039077469
232.6358362498272
227.43285480505557
224.46164074390737
217.89342483089192
213.54975557785298
211.38997879293422
209.65661519553623
209.08691872893488
208.8358702642911
210.07088430591907
209.50040482760318
209.42790155250128
