8
2
d
11.035532942929025
11.567174758064587
11.743322838863314
11.222442402418652
10.681187337575645
11.240528191319955
11.553924165907857
11.306523610407826
11.220698595801814
10.81205782097376
8.820300343364329
7.967060759908152
5.321482600030203
3.9918277090860164
2.6501233276265195
0.12192441638131901
0.0
0.0
0.0
0.0
0.6290560942467088
2.476845947468148
8.568152640982321
12.374044342096992
16.337448828698278
21.584521858487893
26.236295184257923
32.45385877257565
37.65744660210306
40.86885951449478
41.71579437031979
41.26481783342063
38.3221546264486
34.19450230878812
27.69906921006658
23.731961007499248
16.118904339884008
10.893018771033017
7.243620966736002
2.547743773031156
0.09605400713679982
0.18512738600274647
0.0
0.0
0.4375679922097063
0.0
0.27566698991287847
0.25909755557019537
1.21281138165264
3.47615904214507
3.4926117763422937
2.7932551416619207
3.9857779035868575
3.417368682585107
3.8385659288691154
4.938168685233826
6.2420381796535365
7.797323128830813
13.590123948977986
17.574580884872493
22.62134543252596
24.783575232667317
25.980895681811443
28.406713392065136
30.131042874138384
33.29860717557183
36.771732582085725
38.03052287643253
45.181654822015766
51.75012366594769
66.33277681903128
76.1766043944012
88.41053414019069
101.16045622311698
113.96136186154001
134.303408008495
150.1172600422179
160.96088277201753
164.8233297683159
166.19429761379462
156.11090664926846
140.13720597161938
119.5649853496466
102.77941556555717
85.1369285305203
71.61109090430763
58.8676344501124
39.24796738280051
25.686163502973546
14.365779104043456
12.21932962343198
12.665009985376509
16.235572395629802
23.317820471187222
31.66719163199611
39.72446421380075
46.1283784192692
50.583002609995205
53.23065977941124
58.28017786362179
61.80264227037744
64.72654250212268
65.33445591414576
64.62046466055666
65.11546590880182
64.51194058696385
62.823127415171165
61.539653833163534
60.989840302947044
60.37020752063637
57.23009992316888
52.59306268202715
49.78490290922257
45.855114276165004
44.266675501925796
43.13626665015887
56.39714767611465
75.1620593866227
101.61644048501094
120.29400282234657
142.435972341325
171.39535037048606
191.30196567632822
220.1634726227062
232.60326825706926
239.18377524099824
241.51105924228685
244.5038197758287
246.59166771357786
248.43233082934157
250.94532121254247
253.38251740326913
256.21263965181646
263.96235546922435
272.3684965426815
285.53535980900256
297.1204490507404
304.01441649640356
306.1526628936413
306.5861567627868
297.70762537635346
285.1585431008144
266.2963488867439
251.9608157695082
237.0491416468258
221.97356015880095
210.1241460166509
196.4681073310427
184.28028470179112
180.4363530789837
177.8866347484256
175.3407954393837
172.35307686958873
170.16308101075566
167.90394051426154
164.782296282013
163.16449656707337
155.70990060764387
149.36290516156964
143.13500030752502
138.29490133031203
134.19643300458694
132.659676955662
131.11204870548326
130.27216586699197
127.69246826415355
124.71647283338278
122.67723199517621
121.0687593324107
116.20392838954037
110.05928275573508
103.14943685113789
96.5845171178469
91.61874982352582
91.1163322831152
90.04912959594337
97.99753322344463
107.2911381013686
122.3890688232063
132.62866115575127
145.37217889062953
156.37610026672033
168.97176471192532
187.81468702941606
200.42259822689996
210.95989099634738
214.18133241618645
215.4872971322241
202.07621429641173
184.63338797661498
160.84525066260596
142.16316043555312
120.4368345483458
104.2205080862308
87.36705498050263
62.84130347363536
43.76420105140002
28.883580505644606
25.345884731243586
25.619529746648194
33.330911536772376
44.19794413470684
59.092033752984044
72.3533312354936
83.87403337121908
93.88294472749456
100.36195240262485
113.14691792435895
122.68564023671297
129.82535812643187
131.50810942674124
131.37218152355243
125.27735368734811
118.64874449944834
107.95289941380857
99.18930721964037
90.56419502965441
84.06782887585652
75.11169439194941
63.10441561388806
52.69134121159104
43.23973421957647
40.58910666533104
40.326384921996706
53.810309934604156
74.4192096029852
104.30617068317923
123.76007378841103
148.86317912303554
168.83897280179525
189.82090972644949
219.6791223185388
243.92896072070735
262.3660380505135
264.92185749297767
264.7150466577269
257.2746928742695
246.20649722206622
230.64206829423583
217.62182752382193
203.75821905857472
198.91964750213475
195.7758620869256
192.4878498850889
187.74809015214564
183.45929959016394
179.66756088435687
175.79658018171818
165.52592863789366
153.68859045698332
134.46643574436453
119.89818290481736
101.3312569466998
83.51671315821677
66.55935464931163
38.27459659639129
19.566173744981715
4.390681017671293
1.7341806303440097
1.279410099495227
4.984549395894152
10.209669393678972
16.308587501151447
21.457933437045124
26.861714939401075
26.717790441117298
27.43779560069465
27.931009049770427
27.978292006391897
27.028399535458917
26.921339206393917
26.693404198345416
28.064253271804773
27.940930890655185
29.711990628336643
29.38973390273957
30.9429356995265
31.266238779004293
31.173489785512196
31.751704070634435
32.67210610774806
33.55347867607597
33.58229728503462
33.851032298125304
33.847534911302205
34.61591985300359
34.32425952851539
32.671477892067195
