11
10
e
113.51372063321965
113.53567391755331
112.43268088164399
114.21463145132105
114.45819532290383
113.351861584454
113.98218898422051
114.13541221646153
112.65298525326793
108.52707853776876
104.74725318682817
102.75659895035987
99.46297411375083
95.04532049230872
91.67344429585198
86.7273311615213
85.03724238830274
82.60996273600631
83.67744317213666
82.6081122590856
82.11030902803732
80.70075770031788
81.46229249423395
79.63993836559513
80.46928377052575
78.18879574164248
77.06017672172796
76.49605457863841
74.7190856462162
73.9746564053361
73.77442262871007
71.66974010590661
72.27815678979525
70.26998413438307
69.83687230130958
67.36957389266028
67.98150115170792
66.20596678162379
64.66784559500576
63.49281190350494
60.7633455789209
59.985950631030484
60.32776356132143
58.19125545567247
59.584539729521545
60.39720044934168
62.26343928556958
62.787940245109546
63.929563720396494
63.88589586411305
64.11437023731845
63.773659284924534
63.0915905092763
64.76691976782305
64.69094702731667
64.86094923860995
65.42995848262478
66.44756173495193
67.2115694448908
67.45111125581268
68.1204330207142
68.53517875257657
68.3290955532703
69.51240945888733
70.1231768016614
70.52784296483551
70.27459522408637
70.5769143790988
72.3086987771445
72.08612911533574
74.10884192421044
74.94694550269472
75.8427462414017
78.44752555797939
79.0298938677329
79.66243542720252
79.66370937720887
81.1962234893384
82.96123777045064
83.68080769957568
84.89675277956373
87.10408679172403
88.17376154048172
90.67726104267402
92.50498274441314
96.00437032480725
97.00236041633494
99.54315572329801
100.71392880012448
103.51508176007569
103.41781244868795
104.9884258866676
107.5688715174577
109.68129577842103
110.85597946410861
112.16991864215022
114.16992870444489
118.81913723225006
119.98104134705824
124.50329166958343
125.52037877920908
128.5629682984448
129.1315578728973
128.70585492169317
131.81074346904947
132.27847184845297
133.83441965150587
134.27420864937642
135.7036176455727
138.70855284105014
141.19608230329396
144.53401165143762
146.44985109277357
145.17631020145478
146.02391938722792
146.6964178804549
146.17449937472398
145.69895630379563
146.37363828103756
146.79845018304604
146.8179329311704
147.39420481859898
150.1518718899281
150.0329438996494
151.0837331067509
151.78897377419517
152.1248195712915
150.94837485462494
150.8200233847559
151.27255925242395
150.74025322040356
148.69597107322969
149.00472468761018
149.397105558918
148.54790993443925
146.41312625400533
146.512592712131
146.22750174967044
146.22454777575365
147.1397747592056
147.09544037154518
148.27462081941746
148.91264554742952
150.35204202137325
151.61318718666206
152.7404634312682
154.12803530375595
155.40567465632532
157.11536095689112
157.39495131338907
157.55524254927707
158.71193261234905
158.03328170327597
157.73974256482117
156.7158835221457
156.19233808296656
156.41134852590096
156.97223216730657
156.71573190991845
156.71651711525044
156.48013476717355
156.57999058415217
156.76151198482938
156.00079302999055
156.20032818773527
156.25742118571432
155.26387437251668
154.70613713576248
154.91692674151284
155.46922739561802
154.30269179596624
154.73241394960098
153.8365817809115
153.4157069122355
153.74166846689437
153.70160602039613
152.22901264064316
151.52058592190443
151.2288280826892
150.87534946170365
150.47556543266063
149.8847011650186
148.77873161866296
147.62816648435356
147.40605535608302
146.81106043029143
147.20298314816958
146.2762230738117
146.7690914067622
146.26904571063648
146.8339038040834
146.7868761495801
146.62916236867053
145.75424232148407
145.8131533589716
144.8329804319744
144.41688935977749
145.04307543560273
144.36063632898956
144.0662143244501
143.01447539000347
144.39810929913804
143.1137378395288
143.0154309960199
142.68536643164745
142.14311626755384
142.05691950689126
142.07601515059628
141.62192879745032
141.03720426566932
140.78735695553726
141.01330941464352
141.75684358859436
142.00295698425919
143.0144371711221
142.66374417075818
143.5477555200599
143.1834846816249
143.6731089700536
143.80902572526335
144.8323416398035
145.9175418245273
144.69629453279637
144.99992818751505
145.9261635877448
144.85438021924543
144.79473852343497
145.3536354580997
145.15925722369437
144.42257721893654
144.61646821044684
143.73961397474554
144.47064618364396
143.34565149815035
143.47790375335137
143.86021790783445
144.66951616612943
145.40068264465896
147.5083929959025
149.02871180176484
150.1755603210242
152.97955521408292
153.19961610511638
156.921424918534
157.1073715774146
157.26275882662006
157.57908005480078
157.52944747109345
157.62642779056765
157.15385790438003
157.77730623657868
157.33340151119177
156.95421646985204
158.64711513118266
158.92370141827902
158.45804746332013
159.23876415897928
160.22645977405423
160.56736223895396
160.20126550342997
160.52331108970563
160.04157955164735
158.38366530276562
158.43199833616438
156.6912157989303
156.62415450572928
155.2561851683389
155.25036184408236
154.07216136252023
153.82813058642358
154.10136969506073
152.95963158972404
152.8785684602783
150.71460022455466
147.49419004259022
147.37900397427188
144.96914985987317
142.33225189545266
139.52812291687076
137.53409955823025
134.95481655211816
133.88226024145868
133.20660482323964
133.33074031395017
133.6692720947092
134.84357080410666
134.33094943211225
133.81904372155822
