10
9
a
142.67541963138206
142.94122087769628
142.31284607721287
142.22799318426542
143.3506858196541
143.6122266658893
142.96668980987735
143.46563539279174
140.07614145648026
136.58838286251427
130.87338852471578
127.86630644597166
124.28540637798233
118.79269465708357
113.7856420514211
110.08368208161284
105.41020083582401
104.81964460972497
104.10800011143158
104.6640261446791
102.31260106290088
101.60317126012849
100.84514618264225
101.08422621545283
99.17091438302589
97.33330896610491
95.82072345196771
95.36411873564688
93.67336810482426
91.77292685219243
91.82083497071045
90.89657583607577
89.1742207765424
88.96950568304725
86.82971836659858
86.82016623967041
85.15418929502091
83.32025776711228
81.43558793482352
79.44715791036735
76.66523045718027
75.698013111114
75.06949298793428
75.47526534262866
76.01435587518583
76.5704974077205
77.79612437015064
78.25945459880747
79.60593133676271
79.50923170090701
80.00899198440112
80.27419626886055
80.45667800080723
81.11158434729599
81.84077504756979
81.3166039482104
82.67640780713843
83.25904086252771
83.8958087337158
84.19519460620778
84.84987156340414
85.44783225286014
86.2662388293503
86.08147576369001
86.68691206054467
88.12995925882726
87.94202166749554
88.64055885141708
89.90164303119164
91.2537546058324
92.86445482451711
93.68226886365895
96.22224229036806
97.85329307437681
98.58260777152059
100.1525718172892
101.45520318041649
102.47687935144813
103.44204161849595
104.33555976092069
107.27695311133668
109.13534402489528
111.03900286173578
114.5839837469943
116.18142011890991
118.60396318745093
121.36319736425739
124.47144515492484
127.17057934548755
129.89697361070216
130.5375613503966
132.83724400271672
134.42653887759545
136.10436821077582
138.8168613170434
141.8508113173691
144.29380954383663
148.81221320883935
151.00652155467233
154.13830315816642
157.7550183974799
161.36816386359246
161.3752509787218
163.01377555602684
163.98733072484134
164.583049114778
166.74802176901864
166.4333083840455
170.0259798224954
173.91565718097215
177.06075067804454
181.59281919177252
182.81549816319705
183.6537135197378
183.69996873737423
183.8053544028209
183.46459308529973
184.13774181239384
184.07853742920622
184.80423840765638
185.8670747759077
186.83924540562066
186.62108365423018
187.72652485804483
189.74359577773075
189.66816083855838
189.60818297753903
190.23632485191078
190.32216426177075
189.86221801556388
188.3438987527517
186.77540900335066
186.74871703534674
186.67057644731904
184.8465506822748
183.8527361873963
184.29183952491115
183.69063508491536
183.70613279990124
183.60021273438787
183.55444545065328
186.32129868982156
188.2426614629549
188.99494103116848
190.742067693462
192.24337614181997
192.79453532114053
195.42225846371423
196.37157935052932
198.02505755859602
197.37507508875967
198.34972348338994
197.5741526347289
198.41465206276507
196.9514093264429
197.2426651975799
196.35497620269587
196.31741523268468
196.15227548539661
196.48703479707973
195.85744419369036
197.1841883640026
196.99486599887453
196.0892429325495
196.8301161944783
195.53781537091658
196.26253923245002
194.58005446853832
193.90781801761065
194.4676661290688
192.27229503394312
193.3323167257585
192.85347963597883
192.752876654177
193.916601657495
193.1817754754462
191.79250490876345
191.11230915657737
189.8643130246839
188.8439065090311
188.75559371406834
187.50121365217078
186.5703261802632
185.40402267204317
183.81752612608588
185.35692274061557
184.55377980144732
184.26466892565213
184.59663694825545
183.41588003051956
183.47683176723032
183.45127165803245
183.31419224363756
182.46001212059684
183.3481053157665
182.557766238347
182.32393111983367
181.00760605564219
180.69014462959055
181.55147418324825
180.00219668085495
179.25341267416377
179.41766655548724
179.8479143605773
179.16564206490926
178.83494896417736
178.28573467114262
177.90273680702052
176.21903546437557
176.24151249415812
176.29684884106027
176.6002092358405
177.93311818685905
177.27870616434387
177.1146526737386
178.73003898339255
179.14331813854693
179.57400339658486
180.17379733154758
180.64134875715968
181.6547219669732
181.98976079539545
181.28324108584465
182.05534310348912
183.0432067772031
181.71108621277534
181.97988440221891
180.94745994221282
181.46728743517963
181.1034243976849
181.26954770115543
180.24570614557248
180.4665648625594
180.5162568620152
181.21305043373368
180.0137920621878
180.48484652645928
182.5439604140151
185.27352234337812
186.31195845174216
188.2034744861377
190.57429737914782
193.04505430673146
196.79990313542513
197.17631575657288
197.39723856074167
197.75902705658936
197.6524734612822
197.1496397363311
197.48900081571358
198.06740681024732
197.8045579752359
198.0291022728208
198.6632172420145
199.31616911988428
199.8583130321744
200.06454419252591
200.3558990127188
200.84767599457084
201.68070365223048
200.76206678165852
198.98847522047436
197.90213320062506
197.260824996916
196.4637157273358
195.08742458398655
194.0563458323157
194.61789102999217
193.68176998566815
193.38528678331105
192.46688700895322
192.1032624594998
190.89672236878894
189.97104285922265
186.02293627912508
184.11986176135105
181.96046654988123
178.51642233880523
176.03669841275348
172.57202428238534
169.9619410034121
168.09777215498008
166.98460431731448
167.9158533511567
166.67592038961342
167.9571563413827
167.5206333202052
167.42395400988153
