6
11
c
93.55794569815778
92.66176200029264
94.33250299140944
92.88531269955126
93.78502826101933
93.89457873422876
94.1890160002233
93.72700303610463
88.19260232872497
82.04492326369547
72.11569248242525
65.90011427281807
57.452938416166184
48.48309676714775
40.95189858848978
28.472054394720622
20.27382483899695
13.200290235397466
12.4496798406159
12.480270397648132
13.572606962374904
16.08453247082777
18.67132059748555
20.93422895179639
23.217858367245235
23.87690190411099
23.880105088534826
22.84355713107405
22.13168932586524
22.802839933146608
22.783692256698163
21.99623271601444
23.303015910482927
25.143127854296832
28.307716146909627
30.869362370406687
32.58904667891352
34.741441336138244
37.175082419763235
40.76058943887925
43.373742319608304
44.96949493152572
45.90642733160338
44.673174180648914
44.911882339216845
44.094451036766024
40.55915715830806
39.78449954646336
39.26272367069326
37.45364365978556
35.438317170868366
32.116271858286034
28.815735330373112
28.205179913623546
26.00455379974228
25.698760430016055
32.58347813389014
42.34865501839268
55.956683785079164
65.54821929018078
77.58026641146307
93.78057892737687
106.8794915557655
122.38284415873854
124.22244690678365
125.38971502833088
126.54173910680163
126.24157429308394
126.83836534723646
126.30150823867821
127.16036934986025
127.43683489883959
127.84694629732572
129.4465243351044
130.9384945415372
132.09943215004202
132.78410158257364
135.04637689041795
135.57999924037276
137.2243574624938
139.924786449562
144.07811319194263
149.5652804726682
153.6897993859251
157.3473797441315
163.88572849505204
166.68157050125973
175.63190910139846
180.85750185096924
184.9774351964307
185.49892407351953
186.31198809846094
184.96027393655964
183.59761950423803
182.50919784127808
179.8292195184559
178.73049028696826
178.34542563959477
177.8814627705396
177.81176491830942
176.61436287205913
176.07636387001222
176.18699577755464
176.10390718064798
178.0293696309921
181.07947388731478
185.21412510252227
187.49295188598308
189.83487941920382
192.63140200613492
195.734442621371
201.25756861545466
204.9040531203566
208.31300143771475
209.45084875067226
208.77987884223958
207.263397780189
203.83605117334804
198.86782646268526
193.96309486623247
190.8559709213988
187.52739678788808
182.51952306293725
179.13615938058012
175.21860263286803
171.503201783459
170.77524077662574
171.22681578640828
174.86574350582083
179.41241959466052
185.51946475863045
190.50957001637528
196.07173330407286
203.51803188038497
209.6889305028461
216.59048195750648
217.00291302622256
217.09344992358749
216.4426558017142
217.7733386413652
217.58247776316273
216.0633485068616
217.05672406214762
219.04205201338948
216.07839417959084
217.57330659408333
218.16303166955026
217.9273635809964
217.4141421840934
217.77498115176454
219.32262868131383
218.77379769637466
220.93271437939964
221.84496367031335
228.90927915782854
234.56315096855795
241.1620320136621
246.54868353957102
253.2295629829662
259.5948628631193
263.58527824688707
265.03100870223506
264.81565364211104
266.10403215938976
267.7698765569296
268.6035589427833
268.4561930652792
269.726803117252
272.1280383745076
271.631531796985
274.1233368132852
274.90636436302805
276.77019904540526
278.6956033370687
278.77014336169174
280.6935098720214
282.1719207614731
285.8625173514654
289.7606559360633
293.37141796868076
296.9511367658275
302.35174720976767
306.2961973593092
312.29285938356065
318.02196204713437
321.3646991015688
321.3430211807335
323.0361523202968
320.88571781533517
318.5631036383752
316.64003584211787
314.2707056949556
312.6468225285994
312.0631235429522
311.08012208046233
309.913208169115
309.2086537701495
308.1295569314171
308.4975086134466
307.9128455280205
309.05748619827114
309.1688509951646
309.8451876474728
309.684327655027
309.5429012307092
309.305107179549
309.7978867719009
309.9963354913941
310.2918607353393
311.5986811532895
312.34517862190495
311.7169873271081
309.8625903706027
306.38617758669784
303.61940062795475
300.79817044525316
297.19808130579304
295.72298397803013
294.63492178151614
293.5820207618435
292.4268861298082
289.18199034161404
288.4542079857131
286.56349756080357
280.64398781219217
275.4327409464727
263.23598534213806
254.98341771215382
243.42166037655218
229.77609887804337
218.352423874497
201.96884093174828
198.15380827452435
194.70618604266954
195.37791755947435
194.41641630464778
192.59347303873412
192.1253004396312
191.99520016702087
191.34999083670948
189.88001712308483
187.72017469116074
185.035111626073
178.85060307798534
176.63817384260435
174.06172524911636
173.07326057869003
172.72364392256804
174.40160038293794
177.01778969224
179.93919806284134
182.57398311886664
184.74843121209375
185.37584702707844
188.39044580138955
190.76340316761735
192.45328899415307
193.8072586874685
195.03893415792422
195.45059722613897
192.51498430629778
188.90212829302428
185.6435247592316
181.53433812653086
178.03373050479584
175.05496442882952
171.57472386792443
167.5288845971035
166.28753790921616
165.26854606979424
163.9545809866432
164.27161454887292
162.84713539236958
163.1320993480987
161.3365630640983
161.6699466454868
160.8987733804744
159.27437325147702
158.17254799796626
156.142656251407
154.66770485403492
153.2042970238273
153.4792090202103
153.1655003338415
153.62064377999968
152.43551876967683
152.92418035727712
152.3380351373708
