0
10
e
161.5445638323735
162.51251929660285
162.35421249637537
162.0213293867177
162.1381086520661
162.6933644294716
162.15136458090362
160.98524952504258
156.09262064881287
149.91928905860817
138.84999878506076
131.87929885435392
123.11646960708481
114.2086422818865
107.32223165007538
94.84281393278623
85.8821257776213
77.3948455141712
76.11849214080677
76.96653940560508
78.82265346897411
81.4574064665264
87.2919648232751
90.69356678952418
94.27031590134136
95.86635536154763
96.58658060484557
98.57290377251351
100.16593188475336
100.31145067466815
100.29882135584357
101.33761736218902
100.80251347531672
102.33251242811698
102.2418323644724
103.24320655343855
101.96288184778734
103.24212160489476
103.31280306446314
104.61186643920483
104.32097084013667
105.26266571503496
106.65597423844189
105.37417743589633
106.16367559548195
105.82249927910563
105.4471594423867
105.23584032522645
105.57098678295836
104.56521831140724
105.15149002623448
105.96981450744465
105.0252095668388
104.24778551812936
105.22441256773864
105.21678135014193
105.25741201847755
104.73588770438778
105.56017591316653
104.96968870036531
104.94098384966354
104.66138991402582
104.10510767789587
103.0887548518466
102.89975126557243
101.55240674858207
102.04940994279173
101.9522164368137
104.59496553851068
108.02808308274291
111.6524542542106
114.16095796709929
118.52050576990293
123.62374753504798
127.20971640750537
132.74489860967816
132.67750971071243
133.15177298698055
133.39832707097844
133.36791024353352
134.34130509464646
133.94941613576142
134.42453244345194
133.39964671311182
134.49643957951847
133.0677990333063
134.50312211001685
134.39058248753446
133.13254948878114
134.23829017624868
134.28183688583744
134.59912573620508
135.9037961886897
138.47431789038566
147.03997114994922
157.08951366975788
167.46731777947656
176.3170160320905
183.41720205253404
194.58943780671748
202.83149852351497
209.26296150725693
210.03071377204392
210.84942925099088
209.7571829527121
206.8850868297419
203.48769824946197
202.4296700737594
199.12462207199752
199.41824043731168
199.92828741002893
200.79469758818422
200.398525550111
201.86544674031015
201.2141233881266
202.2635821003071
200.26879759882326
198.1961674689322
194.61895966031682
191.2295613188144
188.2918694072867
185.7475057331119
184.00025761686751
179.63894563369678
176.96088232361973
175.527085513054
174.82223483188235
174.64187785243658
175.4868030409573
175.80883913718495
177.53084289668715
177.7690057665928
178.74227675335266
177.91131962065535
178.88797745704727
177.13029313607342
176.37244763347016
175.95727123112312
175.30773601220974
175.38267245869665
177.44911625444774
181.2305362759494
187.42001114365306
189.77981629309681
194.58381723506307
199.02808039868748
202.62508093953682
208.82051618030738
213.54830705600975
217.39526559608166
217.76720795514998
218.8352753775302
216.0099220139773
211.4710244894434
205.4368132443685
201.5830212965301
196.43699619141023
192.6933858729549
189.6038653015827
184.85864900046403
179.4185309945085
176.37936532251763
176.38115829889347
176.13239993468608
178.61720494013687
183.20204203762992
189.59936549876068
193.2727237814487
199.28814076733104
203.53709373192206
206.66966172710656
209.7422028131517
212.13515326318114
214.63774185497334
217.48805654736205
218.53220945046817
220.85169042923596
223.55386074176505
228.2151519150667
229.93950446368572
233.5096126582223
237.34852893274763
242.1530715645262
250.03166245582617
255.08642247900283
257.99554387382597
259.07170689825153
259.1727646002353
258.5563750923592
255.303751574741
252.63949850927546
249.09392196988514
246.81292343187772
245.85606370702956
243.61847355701414
241.12964753011698
239.04166246107752
237.01978143692864
237.22465054380777
236.2950149691024
238.9476339777341
242.75699839069975
247.34215332960002
250.40487076721365
255.10154643598102
257.6589336104386
262.1259818548254
266.114114413609
269.37275439167206
273.0752274124287
272.5686122094314
271.80818581394055
272.5138132773838
270.0971719326804
268.30634110662584
267.2250361740113
265.339808755823
265.22743214541816
265.5259778062037
264.41967692239245
263.89818244982484
263.13496264091043
263.32338190906006
263.658094078969
260.6495850697777
259.9175682402707
255.46580415304084
251.7306160421935
246.92000469109982
241.57251086324794
238.00166036073722
231.17923704104126
228.71606308667654
227.81618214125226
227.24101130799912
227.22359915537916
227.6062175565196
226.56880564786837
226.087180319957
225.5390508972056
226.0439016917871
225.00627791766266
224.37307579575292
221.92791793074505
222.21521248243945
220.4094159577536
219.31276974717989
220.11959473686582
218.15276325806306
217.45028323613712
216.94886012270462
216.1071004619423
215.01996499386127
213.53316379514976
212.32199713838065
211.16660658752681
209.5690989716189
208.725222259041
208.07530574341078
207.6620582354178
209.00403127962804
208.03307573180308
208.63613018172953
209.25061385880778
209.86005172858637
209.77352124644517
210.9834863959292
211.32957351960445
212.12744524541245
213.3580973406078
213.2506390320632
213.21276946149706
210.91676047883382
206.64706338652024
201.7982238581908
198.8303992951533
193.99859672005238
189.66260250659974
186.44862731970522
181.70349404361772
178.81071679274976
175.75987953426196
174.6606451970604
175.39968999701668
175.2722464898672
174.90443633976523
175.17425614788746
174.5678957167147
