9
8
a
40.76802208379176
42.373591659295016
41.57687141992231
41.24413957281223
41.05076775891643
41.92828692569528
41.09137806152928
42.1508485547858
39.23257591747538
35.98797518509125
31.8316771217805
29.355802170037087
24.70925081426026
21.389688927105652
17.470528161944102
13.81099892743957
8.91063907332501
6.78497362489007
4.980127166157995
5.661011712932426
6.2394435270354
7.783861026416719
8.281404518949667
10.197093264163819
10.295579194352616
10.957368435782014
10.829394412774672
10.613498726524675
10.47569611516603
9.632103768184061
10.070761371403634
10.127642629846736
10.198241950433077
11.456137440750988
12.9928205266164
13.046143374536216
14.944776594193423
15.704745943338631
16.786492417339353
18.80888863549928
18.813806070069706
20.25083878157914
19.718609059457684
19.966173744355448
20.54690152097333
18.850334599568697
18.917465814806892
18.29232389091724
16.283919153981497
17.393303681612778
15.334742957262746
14.326033666930423
13.175457765792837
12.058266641973727
10.337291917749376
11.232828843248202
13.727151254857901
18.115873546667142
26.087729000396394
28.674077380977618
34.501077278864614
41.49036305506858
47.490229260765716
55.124674684064445
56.46603630608022
55.48528238989168
56.096780091206384
56.73477638491079
56.81802806599254
56.81621341388368
56.80986880171149
56.41428086446873
56.79304746219919
57.83465349532935
58.668789961518335
58.891982346588975
59.07122872193121
60.62368905106966
61.44994023395943
62.63859429975111
62.75741248904986
63.93703647838963
66.28805000416956
67.83748759098785
70.15680711025166
73.27231992331407
74.25673368692159
77.69589634296571
80.10954890033358
82.84613853132399
82.9907786044317
83.35300633804862
82.13654939363192
81.73544895445046
81.17166678202122
80.20316325242922
80.44963070614223
78.88844454891138
78.85582318841259
78.96095744381674
78.74075820305828
78.82493821524557
77.53654156254143
79.03413902478539
80.12016026406138
80.75780427142799
82.61939683998462
83.34257135246531
84.24351339745103
85.76692754220707
88.16248976708113
89.88325648832512
92.58751683773309
93.07105102164452
93.73404240132318
92.9636547509093
91.7541266565093
91.05381079749226
88.55808916536381
86.97420782511843
84.88463793252309
83.60816956935707
82.66747661684305
79.73265227261176
77.60728729365994
76.05190633720187
75.33063135083107
75.86984614481908
77.46966685195153
80.34967421867258
82.87972820110346
84.47215389345556
87.99521147618394
91.11895797463336
93.19367897107104
95.70996447731635
97.29878485851617
97.27475349589662
96.8006300281064
96.64009728788066
97.57184445823673
96.62056321473493
96.12350495621692
96.49291041818498
96.5090194765927
96.18020601318032
97.67553816811049
97.97205707904521
97.1195140657798
96.65398717670963
98.32617477551321
97.88116518671588
98.11600350977642
99.47625847058704
102.02999927126012
104.90832674515094
107.99955408797267
109.90631908507177
112.41223283207043
115.4269266307928
117.93768918257865
118.07467169220959
118.86476540819255
118.36995181185539
119.21130581308267
118.76787611579289
118.14563835734943
120.3574009288827
120.9300810725734
122.0159935588692
122.31674370255546
122.68947744276065
123.22883400152735
123.31847906002321
123.88780768265862
124.88389710093136
126.03055514743124
127.92719439365221
129.05920626355984
130.87844908314335
131.9893602343563
134.5417810245457
135.61708231974393
139.6448106092507
141.50116585729123
143.75436820801374
143.47369827901701
143.55705060452016
142.79895609666514
141.99232676727556
140.89025121242992
140.37217930721965
138.7468774100065
139.11707163993944
139.47640787626554
138.06096410077384
138.12447925241912
137.77310472431833
137.45801832639071
137.29444055014727
137.76221425106098
137.33753506010123
136.8785267811273
137.44263409878516
137.99171459513474
137.64967993214418
137.5991098790485
138.4593765456344
138.35857801941765
139.56928445839043
139.29149745301783
138.63516632758189
138.00622882288354
136.7565937026243
135.04226380131846
134.84753335254206
131.4381468160814
131.97576086489136
131.59652396773546
130.837837583508
129.27567409166448
129.24954273777254
128.24279906484634
128.3296988943052
124.71350336505756
122.28366197818733
117.8367658909683
112.64997005932365
108.32564116476773
101.26870180960545
96.614992676475
89.89594902770091
88.68700134066768
87.37845353167683
86.86472501634258
86.43833869588889
85.33534775346116
85.48864960530464
85.79433903097126
85.09864801590165
84.68986372149236
83.50546706069301
82.1126865342538
79.70673443717324
77.84847494528024
77.66776064197163
77.30302374582989
77.04164428946862
77.93625935625772
79.71329991327482
80.1082799000797
81.39863324455418
82.78331617790667
82.33451445307232
83.6377708152512
84.70900231157513
86.19710017496016
86.0838394253454
86.14316986744892
87.39168867156503
84.93088947288898
85.23288618912831
82.19782632076488
81.18403338435684
79.01725556729382
78.98806863077348
76.52694341913059
75.51655033213463
73.8160677180919
72.97209374532771
73.7237743433506
73.01302291365671
72.811204309328
71.9055392637147
71.92764147731714
72.58699206390278
72.22497665504939
70.72844836844305
69.83066954470935
69.75292314353844
68.3017737886535
68.42863204836455
67.76672839980887
68.9168940881554
68.76272588186337
68.37738867146285
69.46234034561778
67.99737769401388
