7
5
b
88.01978647283322
88.25522977766555
88.28966239743285
87.57736876362668
87.40591498367776
88.87251130490438
88.09345901422378
87.41383518653065
84.98359042201331
81.01237163334774
75.48279939844248
71.13138965883401
65.32996177287296
59.88168452188222
54.805901256228054
47.70461539657949
42.31188116566557
37.39862832607505
35.836474101587235
37.426573675305406
38.56147177160563
40.54054061681486
41.47636670982474
43.54592329860356
45.27686672875932
46.927326401293925
46.630825726958456
46.35929944893372
46.02636019195538
47.27702345856987
47.8883082264584
47.43946062160768
47.469064800748775
47.74964355773692
49.05851169619735
49.00693839143118
50.50377692855346
50.146260086652845
51.52817110553153
51.94750983570253
53.70808258911428
54.02029512404197
54.31652390884497
55.98460551609137
54.66188062204212
52.7270935357617
52.740333860422645
52.26168541345101
50.899753435510824
52.32156399562598
51.289332540486505
50.87501390824238
51.331174405331105
50.13180086712864
49.447660085625394
50.277507751865166
49.57912743120195
48.50368626249438
49.517875243424626
49.47713012530524
48.82198610507803
47.78890937566973
46.56215213164456
46.069607207457985
45.520522361325156
44.27108669737044
44.400379815031656
43.29973199186099
46.20377457046825
48.443040858381565
54.70021699518838
57.79143384066947
61.5758276180033
64.42083594455147
68.42960220035422
71.01488559797556
73.14241672673418
76.41045338162456
76.25254375182776
79.27109199911858
82.35193445553733
86.33344373685968
89.11842046012012
92.9744729662926
97.83960040663422
102.70940200001519
108.03548903620377
114.95122520311223
120.76099831594126
125.42695257142874
125.64441292936661
125.47166066088687
124.20448555613524
123.3396226497722
119.89896865059524
119.4624730956562
115.76228885283288
116.12129406846256
116.13377969217997
116.70344892053328
116.73298553501034
116.52682609791727
114.948683602561
115.17159790637824
115.16292723454485
114.09447088566509
109.75431267069789
104.84803452584738
98.81367401731661
94.9381361471423
90.3959838634118
85.5287603832562
80.09701444827589
77.04256661284585
77.00387470273924
76.59710302833498
77.61467027140796
79.61902507370444
82.46181551384846
83.59503268181889
85.20772637664909
86.62058303528367
86.44931387489156
88.88466893785277
88.48479771337244
89.27230264863347
88.69514592752046
89.41846605260056
89.33576818626602
89.7812371317849
89.23252551026408
90.68260854597563
90.5619375972894
90.80402801239303
90.28461088325065
90.59107659156425
90.9850274502204
91.78856816226772
90.67337439128127
91.74533423899702
92.5160730366549
92.37517728220942
95.27438481177569
98.59218106168109
100.5513717564393
103.01166810858534
103.86066086827746
108.60432246658048
109.37796489787428
112.95849683425614
112.58197982987791
112.41907985479527
111.94056375348059
110.90045562823903
111.07383659498102
109.62789582215399
109.14476033602458
108.79864733553791
108.14706690222927
107.60149660476608
108.07139118655161
106.89318112179431
106.92375224003705
107.12256239077357
108.91591005523814
111.36424277544859
116.0672523459502
118.28241055996806
122.56176196356563
126.23859399415882
129.06334836824524
133.75378821249174
136.58196837281307
140.07809740141212
140.75604286933088
141.0359087164333
139.42066272557526
138.77835864535996
136.73123548157986
135.298094039283
133.44224956003552
133.32135746943527
133.6553948269876
132.38041232760506
131.43907896682796
132.76450578144883
133.26282373857947
132.07928549005464
133.0677303567627
132.3015127248046
131.48787212486036
130.30427201421554
130.13437570459013
129.41051376501986
128.6799594260008
128.33883404325607
128.0069976533577
127.47834144792834
126.62626510424883
126.12056741980655
125.43694278779061
124.32242861790844
122.80093575388035
119.99058884242152
118.48542999328261
116.85714716171672
115.23102834485572
112.33703766611292
108.98075198456078
107.11841813964338
106.93608412484562
106.43400065809813
108.82032573747426
112.24121211417895
117.02625208437198
120.68307738960202
124.86354191700553
128.59584897886774
132.37954560519836
136.7334471785962
141.74750985369081
144.96160013663294
145.03146421380126
144.7142661079036
142.73529607327117
140.59612961011493
135.80681800537073
132.75593749116905
129.35551497080024
128.31982122080566
125.3069288152527
124.01882986909922
121.70959224441575
120.30579366661408
119.48239784653687
119.1241093235755
117.97635746750548
117.24006915424239
116.1934068921021
115.33837229769757
113.38996429033959
111.40555022972191
110.35450657731772
106.9924664161485
106.33988501895024
104.7602045015774
105.03615002724489
104.50880055984648
103.35889144720727
104.14981361606391
102.56647087046501
101.86186612497892
102.56519254631681
100.70665247192089
99.9773078878702
98.02729877997565
95.85672890674375
93.67611661766519
94.14942053604443
94.28623658552497
94.72570983461945
97.71860410587789
100.45214020436774
102.99851059816537
106.29117249122329
108.61704725915389
110.95499992048481
114.11612288507006
116.95285636768473
120.45243537716486
120.67020709927685
120.0994276370238
119.07683025774699
114.71396667804913
111.52235379562387
108.01799376767586
103.37334472536864
100.67905667018535
98.28998221184894
92.98785848606315
91.1918425692664
88.44419769400704
87.6217942939182
86.91653512634831
88.58756769987495
88.69845336523562
89.32287042186475
87.80701746696677
