4
0
b
57.64535674416538
57.16418038770794
57.18553309819993
57.38022660005619
57.555753268784784
56.761157655072935
58.05126866618133
56.82306336322619
54.46428247251564
49.6186083025845
43.26798370316105
39.756193018036456
35.12334609781485
29.762644528969908
24.523606084864927
17.122036584824116
12.79116835325443
8.59012087275734
6.701705618083114
7.525391998387481
7.984062824737698
10.805073300999421
10.858511899726013
13.748620726875755
14.153202098325062
14.025551783703678
14.20099323908185
14.217256564427128
13.45787589954546
13.248265051476865
13.086245296275003
13.378373346571173
14.608786823358402
15.105574687386719
17.465478238739898
18.766923600391323
19.912788110449632
22.174555881165283
22.808840761231853
23.92634288069325
26.037931080529642
28.906081587644717
28.85978130018669
27.57935843914474
27.98156381801258
26.36367319821464
25.96931381553882
25.869694436587906
23.65960468275657
22.67146597198711
21.590829761767022
20.28750407414088
17.96574602419758
17.462376855903102
16.555322022609545
16.031502196759405
19.34688491217326
26.108414444286193
34.57485285975459
39.97388332428929
46.88770084847242
57.82212911204648
65.1608885613479
74.28112892191353
75.95155606100477
76.50383074992104
77.63709798965894
77.10624928836057
78.43609859619929
78.34527277777912
77.90932080409969
77.76904850245555
78.56859934038219
79.55413760397896
79.42079832274328
81.18060145290954
82.10327570275153
82.44581416395964
83.74494596106541
84.30729643338556
86.24914997881193
87.94323200460674
91.67715629771448
93.06322166992406
96.97038362517208
100.5637153700907
103.02583549692095
107.51953523490256
111.26479465178518
113.27174853513803
113.76543871438484
114.25706989811182
113.51927306629891
112.98057753075017
110.82725308177697
109.93130466969289
109.0569815036218
109.34898445761212
108.8592841633177
109.14058265356411
108.6171847121148
108.26619331872949
106.9569433038703
108.22500229285683
108.89079448985072
110.6553698218418
113.94147693234878
114.23804918567544
116.64430328809323
119.31543538794068
120.59152896503922
123.47613614509292
125.1843384419132
127.8747638577338
128.63077666839146
128.46098940132643
126.6048794359757
125.18027920408585
121.19893816750331
119.23160952909272
117.08664593093856
115.33504572215973
112.60962352931355
110.45645612791795
106.85782310043689
105.81672056064353
104.45390290011999
105.12526604062806
107.4882859660997
109.4126248108386
113.78602715564804
116.57483547301841
119.88179204261888
124.18169673820476
128.6835193191735
132.69412056441448
133.0121920948562
131.81711217879035
133.6764943248092
133.36498498733033
133.35748893967815
133.04302995100667
133.80431819382355
133.7171890022252
133.87590967807196
134.17707646941807
133.5818519995596
133.62964611461416
132.70604600518814
133.97888490213933
134.4557805908491
134.24105865629843
135.46496071292407
137.6736119455895
140.34135753719792
142.9480736772336
148.45190910657513
151.68876726939718
154.22717974783419
158.631605415612
161.8005651595833
162.6778866663613
162.96956490837428
163.26161805685402
163.98714117476123
164.7960089562048
165.02892747330688
164.80702339897596
165.77898088489468
167.33542720140113
167.4792175204355
168.3610707410225
169.9955676679497
170.04397078958058
171.90637950819257
172.2842645112965
173.72642250460564
175.9695710992465
177.27453922196716
180.19435051457802
182.95227180563114
185.03163013107647
188.58052539749835
192.27246037641382
195.928574590735
196.9430492762035
197.94011545311284
197.7064557956205
197.2548629252121
195.53001658165473
194.65456748076403
192.48761211540983
191.95431064684303
191.24588886108828
190.79491391374899
190.383035072742
189.56361115673772
189.6887843092973
189.75490940292568
190.0454932834732
189.36032748194336
189.7763218417911
188.79709327332984
188.81358914826345
189.81466478572045
189.9816156333613
190.32395520222906
190.33563139358165
191.32691726366522
190.91357640941317
191.47834984952382
191.28327213142882
190.49345996226162
188.45935925720542
185.01161436626418
184.15085766988716
183.09072416051694
182.2315000717445
180.68214561456531
179.50614265809926
178.77216803619314
177.93885690575223
176.6666200045599
175.35607562703
172.95720745333517
168.79686374100118
161.29229339969098
155.7284075662008
149.18867597046892
140.1171653251281
132.9121774585457
122.39644757516234
121.56161243511427
119.96876724182003
118.67152861713042
119.17870226303523
117.25716069802071
117.93897345818272
118.15288937872295
117.7038311875164
116.24555101456406
114.807989313494
112.46136505745676
110.05402975908768
107.21691705732559
106.90720858101453
106.40268060421937
105.88857762172682
107.72125029096584
107.84433833507222
111.00338738684503
112.14451488833622
113.36301494858057
113.36934080579458
114.9741157473839
117.02809093466745
117.54609049600171
119.49833610829756
119.6039692348939
119.35221179167281
118.24022482083753
115.11116357225652
114.05745862207377
111.2598198604159
110.25491283707977
107.76196116926037
105.75582491656945
103.22099118448818
101.61927038330047
100.76155223432397
100.10234291463196
101.00868327215655
100.3332758349278
99.34650808205063
99.23775161154649
98.17054192417368
98.11123569783346
97.0011327755507
96.72966217984184
96.03157444539038
94.51935929587887
93.5202675704823
94.09133594063927
94.11875447684308
93.63428059236603
95.44398727875851
93.87405926367005
94.0374309648061
