0
8
a
244.407702031025
244.8312399728271
245.22062355663002
244.31213644875652
244.95396952150207
245.0677364757464
246.1799563287017
245.42129132134608
239.71549276556186
234.57533733444188
225.42375655089612
220.45680867621388
213.39883811831726
204.54967155209934
197.2653013684311
188.49043325788233
183.12895016724514
179.89255358424987
178.80259969078807
177.60992636271868
176.55917742630837
176.10548898126086
173.26352161005062
172.81667686398006
171.651564936158
169.41501426934246
165.0902839319103
162.6374451851611
160.0992844432567
158.71651205418243
156.3644592999938
156.00463157712937
154.38385317310235
152.93423390545544
149.07544052655254
147.62949902166784
145.96426868028254
143.192293171655
139.82683775088688
135.80539944758468
131.74381729864479
129.0977274058111
128.66962159454826
128.6793030326572
129.38046709158948
130.38653351177646
133.73137700825615
134.83893171546725
136.79030624976716
137.11347108852536
137.7477569285218
138.68625924730898
139.10150746972536
139.31664243283737
139.11114722176268
140.75267926717643
140.65501719307127
142.68780986135468
143.09916649152967
144.50633071977003
146.494622039568
148.13892118559662
147.715582704217
148.9705487778243
151.51492147779808
151.83997903255698
151.50960286948978
152.3623523855233
153.41515275909165
157.89919585720773
160.54891609210915
161.78505336206644
165.04463880709406
167.1885758638909
169.28695085855006
171.69410550147987
173.8590726679664
175.6666733796327
177.23093191863725
178.96623712588675
182.9822676147326
186.68155154720353
191.43463393769156
195.26026659912696
199.16063898086514
205.2333130922224
207.996702259098
214.89312612145633
217.8920940083546
222.28618184754504
224.67153745005643
227.44854794585177
230.6518361653324
234.02699462206175
238.93499572677817
242.31274800360455
247.35098517761043
254.5007162079652
260.27309236486474
266.1995204790133
271.3388345461634
275.9992594008111
277.5404414646101
278.97305161792167
280.777281673654
283.66096743455114
286.45363523782527
288.9887317397103
292.9034018881014
299.53286224042694
304.0997050640469
311.50504395358746
313.3676384880545
313.75852591519373
315.3641808973676
316.00642849314943
315.14494453807555
316.46557009041425
316.13722802173953
317.79466314818075
317.1873883880395
318.07429093268075
320.0595831535434
322.98401163209223
325.03600563080533
325.9164225427365
326.55978688857266
326.829858598833
326.63163686217024
325.2805745747737
323.00242291817506
322.13118660274
320.95246540310944
319.29353676708945
318.98174779020883
316.3640606602245
314.9094801647689
314.8844194413862
315.0796571810602
313.23658919602786
316.0844549275624
318.6146196609613
321.5761572839062
324.48193525543013
325.8617712270455
329.88427807181836
330.9891804226407
335.71628844868223
337.4407849788562
339.74392825274145
340.27516547835523
339.71499102478407
339.5114086035563
339.56437266504963
337.420533745952
336.9265630619256
337.05161909017096
337.2245552238278
337.3640403803704
336.8028043024967
337.3429277397765
337.5093471098961
336.98433230317653
337.0795147567414
336.2768760919214
335.33158530951476
335.49008039698606
335.27102008394917
332.64281664356855
332.6812985127461
331.8871827274097
331.0838890833728
331.41360708556414
330.9650339009762
330.21539912802376
330.07132890585325
329.24328722311736
328.3229210481532
326.994862232375
325.62562526028375
324.21043617410794
321.96019559729064
320.8932961371536
318.8485950210724
316.48384945951267
316.5673200913778
316.0865363726122
316.1974224854335
314.68498469281064
315.42151882046807
315.07057384617906
314.48489672767647
313.12989399584023
314.32331753842516
313.5212627204811
312.42096765527657
310.5516813128616
311.11261344904926
311.187989173721
309.6130794116678
308.8644833700035
310.403153455903
308.54326349840284
309.2188884807563
307.4962603565202
307.9128415672675
306.4363682060783
305.43602562579576
304.2972432607023
303.24976549872105
302.5914133862383
302.8210933482776
303.613825589599
305.19230955364634
304.7654478588215
305.64357863713747
308.514658648001
308.89544341159876
310.1502360354699
310.3314799485287
311.8778816237022
312.6420892028527
312.3412031821822
312.63124409887087
311.72375365284887
311.9829498203905
311.30947891404276
311.9411368249602
310.5951096044749
311.0636502454153
310.2359794408811
310.7252754566055
310.295082864969
309.31168203155374
308.58220642657557
308.01871109028446
310.6087543478045
313.6718117621108
316.5673519216859
321.00686147709433
323.0377811287259
329.313787535701
332.0452954587729
337.16336421787486
338.67232138322765
339.3695147540186
338.14286759651156
338.79015527623983
339.358125992724
339.66264111497594
339.65182307385237
339.394734350791
340.78959664342096
340.1133385231174
341.68732955090775
343.1466922910936
343.86076093964954
344.8950238305225
345.42907479555527
344.25254727705214
343.5202687162827
342.10707997004664
340.48498647279314
337.7293246083958
335.48007301337077
335.71660955931185
335.6121028938833
334.17753403298667
333.36458020843884
331.55426956474014
331.04165021914804
329.55697973414004
327.1603544489108
324.97334392689953
320.2767593698488
315.7709006744096
311.1468126304601
306.49995605838325
301.9136907448949
296.50463414311554
292.04230817285844
288.37736497125024
287.41436535178656
287.64788573651714
286.7341589697218
286.5257505294443
286.56465585944386
286.8679927805629
