9
4
c
10.099584184638605
11.188600455671704
10.892195371850462
10.41685629006412
10.600568607054612
10.992845299009595
10.93565752307238
10.676839826316439
10.141170975492695
9.176998696300526
7.991351623012779
7.890266053818728
5.480940931064132
5.138353617179501
1.6514114868685128
0.5917398088470254
1.1860715662490653
0.6763454947036416
0.0
0.9269609176621841
0.0
3.2653131778174154
8.069665222218955
11.311336030903204
16.412692282296337
20.519355342183882
24.441511848488307
30.687598068058488
34.9991580548324
37.813782469003414
39.19464496738659
39.21479310795255
35.74715583880581
31.67907983191374
25.846323301040226
21.89093451034263
15.093647748321704
10.837031681606131
7.9203690134054785
2.4187276677512544
0.0
0.0
0.0
0.0
0.2143843419560311
0.6092394822455938
0.0
0.0
2.03984011259157
3.3759192627680514
3.4197748823483622
2.7961177678784592
3.6179645541834144
3.9521002651842068
3.5251489459757144
3.43639569143155
5.170530371577816
8.531642370303882
12.33706718303803
15.951460837061637
21.008094798813413
23.311571998556047
25.57865691141983
26.609421078996263
28.455623625101573
31.429024939595326
33.66738807214055
37.18339037969941
42.90094910425392
49.370914933476335
62.67908692099234
71.50444979712485
81.71490770393136
95.93588338520172
107.71188876109971
127.50176598606656
143.1666670334112
152.8954536025941
156.4629463869927
156.0423962026335
146.92878977063685
133.20854588432704
112.08073160292524
97.97408326928861
81.41738670662065
67.44624717660938
56.23555289301816
37.45311440598029
23.932148384214806
13.1412414224397
11.187541492768894
12.469327057088046
14.669371150989942
21.500412490764198
29.686453591957783
36.2835195083612
44.63979517417798
47.58571430442509
51.242189586567235
55.586035605595605
59.04995422028087
61.559601077676504
60.694948923410614
61.71720259343524
60.93947546403507
58.96625567313989
59.31327536199728
58.019562679136335
57.34078146490931
56.34241577181788
52.767833566755385
50.19751190224695
46.57367756425536
44.33682945158293
42.04111719135096
42.99218864262918
52.95692126301948
70.52279373931822
95.96430940716498
114.03474318398031
135.510815444194
160.8752529995372
181.51977369364536
207.86678152758606
219.97080169973674
225.82955884204972
227.97260260010384
230.32939301712656
231.91586139718083
234.5054223002946
235.82096506672744
238.9672385160639
243.10846581100301
249.59780863965938
257.862811327018
270.3541291204326
279.57030958798566
287.67677654103875
289.1251852934399
289.3875397654461
281.67372791436253
269.0214953463309
251.866506619141
238.08528962499102
223.02740379690974
209.62510066110417
199.51220672596492
184.63692871576157
173.9109102751455
169.15712883385817
167.89019604506407
166.81609376770706
162.33535756297087
160.6384015371177
159.17753099550333
155.51994035597946
153.85334159250087
146.82818958556268
141.94647282852935
135.40593211485557
130.34724863093385
127.45299367716126
124.99171188155925
124.84580447166378
122.5776747490002
121.55803292388492
118.73347667016625
116.95652643444048
115.2018375382485
110.10169808333707
105.0383219216562
97.98858842741352
91.04188141514516
86.62488672115181
84.40055307769182
86.09106093525736
92.57324293295798
101.24007151486096
115.77264443826634
125.20524764146924
137.6196088392648
148.15966417802565
159.4363182888198
177.25847536551655
189.3176073089212
199.3183544336093
202.9391848063789
203.1273677739936
190.82521381618275
175.47949094407718
152.00177233220236
135.14089489165312
114.72921188598082
98.42836004523726
82.40930310572257
59.45090564776007
41.18066383144029
27.725433763650337
24.770243477643557
24.588453921394397
30.930927390402
41.82135908039611
56.99253017227501
67.51352535604367
80.72396320444412
87.77153691154807
95.32399028250553
106.16286528038668
115.89569615491291
122.05337286782901
124.40837149624706
124.53905118731056
119.41302139526562
111.71112110246162
102.32655346071316
94.5733843478961
85.5170984892825
79.29867939704411
71.33834839336478
59.72714572699448
48.73162403698275
41.50245498549878
38.619544435408514
38.51803350862549
50.63856144109292
70.0233623504517
97.48365428710338
116.8879892886842
140.43883990286966
160.04769852388364
179.78852052140323
208.51178556609523
230.12993422176913
247.57169042530148
251.1662405010701
250.7224595206742
243.6898180500875
232.8914195654231
217.10093661138998
205.81783513059395
192.3552859998849
188.04901739801574
184.03057088142458
181.32671618420594
178.19442861666207
174.17506388721333
169.1771333284382
166.02325925198113
157.0456462571054
144.08531678391162
126.55410217278659
113.53361203629782
96.63901628687144
79.08763458963925
62.25133321466715
36.45462224463185
17.985262031536422
3.563227685704888
1.0869485969112955
0.5831155434637464
4.358902116194543
8.670160636945582
14.517676376010655
19.754051505881986
25.784310239257113
26.68402418931258
27.1966080749426
25.440067371928613
25.745431822726083
25.392170535384817
26.00016427617361
25.004489820952237
26.03312086326819
26.781283752689244
27.44003521332896
27.24926472308572
28.96480954433809
29.21047516307443
30.486623556104636
31.75137410069037
31.229995545309837
30.81741039229741
30.94743596355813
31.486014971683968
31.26000206418103
31.804780771702756
31.658043542546665
31.611102936166144
