5
11
d
37.97098111328849
38.88841154784793
38.890686769713575
38.25658073797846
38.781484720307944
38.818589664089174
38.24352869716753
39.07241285696793
39.83197081306069
37.78049601963696
37.95492830880409
36.999071670358155
35.992706195906116
36.02618210989976
35.419794369865144
33.938549710281954
33.58689970415147
32.08266773067261
32.5664783823452
32.312953185972354
32.72037590638592
34.1207233352405
34.74839722282027
35.72450264892956
35.948594867829996
37.158631841093275
37.31678156915198
38.642884896181144
39.390680785574084
41.10741514317891
41.1368324362551
41.252585092777785
40.099487124001065
36.895269142295476
34.524765971495086
30.238914480272335
27.951467662223074
25.320602182066917
21.167981352350385
18.35209276325817
15.99214497835104
13.4995275740002
11.250532757188966
11.8948417948556
14.455947558406582
14.922983124674595
16.648357570831763
19.688792341215702
20.893195857216945
21.401963984582054
22.83146085619535
21.464069986455108
21.75398646569542
22.93456739975707
24.24453228327089
24.02038177096154
27.375146961042123
28.89848119589381
36.89132993641117
43.957362863195584
51.61334835264448
57.330447481020165
62.57005459116847
71.61960209393978
79.69051044522703
84.28036305472207
85.47857194525929
86.10794527476733
84.35881242717366
82.9723818826918
79.91455101556384
78.6256552830086
76.71259985300937
76.0406498315881
75.93959802845683
75.33850398255278
74.15696536947982
73.51028813806832
73.41114179195745
72.51742009654085
74.65686518836166
79.22214674465006
86.1739672761034
89.97803584343009
92.8306853643173
96.841878798704
101.13353000269181
105.51024817517278
108.70731921876153
112.43799613455927
113.58275371890191
113.94930526434133
117.01202668153446
118.90021956745701
120.49128697394147
122.73320523873814
125.71720584708194
130.73190766985252
132.70848523284872
139.9831306601758
146.01413504265616
148.18324346908463
149.57557443418528
149.19520791505795
145.8316037152288
140.39613743552388
131.23292466659248
125.41434317551227
118.45454207594712
113.24603174567305
107.60087620084936
99.76640571751034
93.05691836341713
88.3622604627617
86.6214870298352
87.4855666900603
90.6425135269707
95.2880697435843
104.06891235403754
109.08609159114505
117.75408324434478
122.02070028201602
126.89237517658803
132.94007703763842
137.67986506056624
142.48859340396066
141.71346214311237
142.15592326312387
142.700140129813
140.17206138874184
138.87599529117534
137.35716210105187
136.00868794243294
136.47472683060178
136.23572375349124
136.00517660455918
136.07161470707447
137.05250812981578
136.36680469755584
137.27181357572613
136.64490252980593
135.06675870783533
133.8737894570861
132.67101917381223
132.11305735279953
130.66579453275781
129.08608271391248
125.58866068878721
124.54299272100411
121.18380131232729
120.17450705285337
120.71103322445532
125.26846396175797
130.21629956050933
140.29271375728973
146.01288977601772
153.45138136802348
160.33045139107918
166.56238125967928
178.05565180385
185.56731700242585
191.2125765878039
192.95448281858683
191.75879792775748
188.68427152670728
181.0078441483349
169.62543294224693
160.61286052663715
151.4170079064854
143.78595202501916
136.39296887358475
126.91372466812007
119.0285252129592
113.06703107977319
112.05641790691661
112.7061871619583
114.02940291560135
118.18410353578369
122.14290258931602
126.24087201397955
129.94712461575347
131.4539031560165
133.0995315840276
135.81270707137998
137.45656483060247
138.90741718726377
139.4472773559471
138.7709014439631
139.0461908773629
135.8959032102181
132.75476532955688
131.37112811743293
130.06443652752117
127.04087876790084
124.71342716975795
119.29847406260721
116.15823199281161
113.24029807200829
111.37604236707966
111.29754503089843
119.38950021865607
129.1512075958006
145.74599874226763
157.06370140065002
169.75183514684443
182.040530815896
195.41573489103357
213.9201482095509
229.548802116821
239.4630238808877
243.59217264995743
241.8695088827322
234.41557239724526
219.51638162933662
200.3591639852455
184.67700506843718
168.36374197054906
155.04730024926482
142.23960232706213
122.6772394148843
107.61918954000669
96.83843248539773
94.61275133408671
92.84154492933601
101.71326639523038
114.43842371447874
134.79915037047803
147.1258650196222
163.64128020114836
174.9410246496681
186.38435562073207
203.77779295233552
218.72728898338343
229.21539707996757
230.43494797148819
231.61432022996036
224.04477551808878
212.46377125550546
197.0457324089597
184.96601161273028
171.9737114635377
162.6484314436035
155.5945817223501
145.07815250517118
137.58436361080558
131.4769317825381
129.3856377838217
127.23824864071157
124.7540774465018
121.67691182580654
116.36106072213065
115.03311166847509
110.6042297861916
103.81392943199968
96.90596658767508
88.04626432618629
81.69563668149488
73.85272441351883
73.02831869397029
74.23870509516243
77.52753658471651
81.79724388970872
88.23039649194375
94.42729477049568
100.27153052505696
103.78622282942978
107.663061551769
113.58665595534079
117.85379828229702
121.98855731825401
122.76267368278839
121.96955984290393
120.15290099020702
116.52248290487411
110.75461505354036
106.96474126276632
101.645903852282
98.98474740386357
95.14256796372607
91.6743478037449
88.8235483726244
86.81126707979513
86.32205358802705
86.23575870626593
87.09011567963017
85.81168136202736
85.117096431171
85.61546492344623
