2
5
d
85.48857691493232
84.93205415825953
85.6712106561636
85.33036136368963
85.24778998045078
85.32133000444986
85.28128874184517
86.06549527971463
82.33173836952145
77.75992100790693
71.78974410765002
67.76830229257413
63.290125994381405
57.54949523191665
53.46245527477195
45.489091110901924
40.257104090450746
36.27482113955362
35.072980529874215
36.726918687601646
36.67987624202388
37.30547664361679
40.04835005366751
42.70139405412977
43.97565332054125
44.173747764869105
44.89866536080093
44.63846865221177
44.09741112670513
44.75336087455471
45.33239468213653
45.35550017148323
45.545180268018555
46.726598736301
46.57121302307182
47.953002283664446
48.5341487326498
48.43903389202171
50.15491158820981
50.69702883125123
51.7142082232138
52.70424877712649
52.71219740788393
52.344669433756366
52.55563665682599
51.97007595856889
50.71321288848901
49.9771342489384
49.89556891652886
49.60237996260842
48.62653475397777
49.17486793941738
48.94472886493536
48.64089458568021
47.075123184118745
47.62178437226278
48.02240792772548
47.922231955758576
47.714778286095104
46.429436654824045
47.13939929956979
45.459970762714015
45.35518226311985
44.698270456371965
43.31783520826646
43.085976569537934
42.72549325778146
42.39160945957343
44.73480500110485
47.781678547390605
52.27798997724925
55.754194811760456
59.3129117129469
64.58550494940717
65.70304146744952
68.18129884857275
70.95892299974672
72.78600647850502
75.18242256269757
75.32197501412917
79.71551104178103
83.8665916142195
87.05977632309205
90.51509906592757
94.05736523544115
99.55674690417737
104.36138879687392
110.00348247638456
115.60613638167528
120.41539867951141
121.37999658535438
121.26501899951607
120.90656265247746
118.51365002799142
116.26826554917919
114.64731341894762
112.54027497159869
111.85262249958933
112.84427301060633
113.08368315138556
112.56677895267742
112.01194605157434
112.35252666735582
111.76464464349377
111.03182568491208
109.84371963590858
106.06442803268875
100.89216693854229
95.74143775162618
92.18946743214323
88.48344610631607
81.71942988181699
76.79137773865625
74.91713815261157
72.78660814084026
73.94636223784762
75.12136185745058
76.01873637197968
78.57268259776968
79.58412367847994
82.57307624934225
83.29322138784597
84.3848479345307
84.07622567507359
85.3685626408924
86.35586350565346
85.58120352252254
85.70799299750654
86.28604563039333
86.23983643029356
86.59628919592883
87.15043526243143
86.26090777059655
86.76107786096772
87.99493189268246
86.73872801284577
87.25252388469191
88.05120034696228
87.19628130782043
87.84340610271894
87.87230910982483
89.38225289526116
92.13178499686208
95.09524922086557
95.47807444677993
98.87080357614535
101.25269675260925
104.01354384194647
105.85811785265794
108.29555224882803
108.98599305936234
108.97740056912677
108.10747884647613
107.58204845557346
107.40142841397135
106.28379523000821
105.5123808438537
105.37466355188155
105.31232057528801
104.31654959655128
104.0664398991667
104.03863593626009
102.40935035670644
103.93544693987678
104.45371234928146
108.01647035920688
111.13913414722786
115.6209538470724
117.65964669261875
122.0480891078569
125.4823306546565
129.28247705999655
132.51910056967526
134.75239964207648
135.93521291268212
135.5542934852352
135.19694328452738
133.93215853673297
132.46941201597596
130.98546041635103
129.8300636231197
129.05617571297535
128.30647811938718
129.04830186295996
127.47109706707641
128.88404267201128
128.20676283780477
127.75579370497317
128.04085587798713
127.57013173469059
127.60361519084879
125.46467722835543
125.39216184585932
124.90113250617395
123.94169707446746
123.39744688920311
123.5982586565209
123.49138048918785
123.31430977378375
122.52341455374804
120.55114152599089
120.29157892589842
119.13551752699145
117.6720081973469
115.63766996695499
113.13137986881885
111.30491638316111
107.6661782210063
106.03092287781688
104.20491389458603
102.41763968620207
103.82524647517155
106.02188919901015
108.35951233845853
112.68248021985075
117.12859733217994
121.15004451991184
124.46658871399383
127.08415293428529
133.3831841708595
135.84509868701824
139.71424758976502
140.05855542024835
140.39909010103415
138.15337852419302
134.7659090001748
132.2164667349577
129.170467920736
125.6188854931118
123.11166309633687
121.90437256050352
119.50318252430495
116.92247704881683
115.9965458775527
115.68585350005762
115.11067895487336
114.7621724293012
112.67956904757087
113.29564132156416
110.60327935379226
110.42189634675242
106.33201306401708
105.71282832832394
104.379638931599
102.31862320389754
101.5851766097914
101.04058858038046
101.02554036026406
99.89022503489403
100.98158557251227
99.72004316664061
100.0826889987177
97.82527491095532
97.30324634927815
95.55945622627193
94.59620026601215
91.71006100612732
91.97720038076183
91.85211394283321
91.00879686685168
91.9825825157965
94.85493551730488
96.87208388715392
99.62038833516073
102.198668603161
104.35648316277107
107.29808611118087
110.75230104743534
113.7889233841467
115.98404755070307
116.46928513749681
116.83393520085949
114.716597345394
110.43466741108692
106.93888652340686
103.28871290626758
99.24028295985208
96.81105100585127
94.31592952427762
91.31135707949277
88.22854411848108
86.4389248921492
86.2519882224514
85.28690638451559
85.56777101013039
85.22760062474379
85.54764514676677
85.33300603784397
