4
1
c
83.56406497931678
83.68850258526517
83.2786601218951
83.7661818697141
84.18386016766338
83.83569178290651
84.38943262179211
83.12278134184649
80.33641374858063
76.61246239950914
71.37927825758075
67.33005767759542
61.825510923306624
56.11712801081811
51.883777136586716
45.47701588620209
39.856484379483156
35.771095012347594
35.38140599229419
35.21807169479543
36.014721746856644
37.045842467828855
39.86130373191385
41.85096903596402
43.33434384201578
44.12737171338952
44.21660827853347
43.97523708192578
44.45367782628572
44.445444172762045
44.544381544248694
44.553962836638135
43.80207241058215
45.73012853911894
46.22177929405539
47.64488424156752
47.48901467424131
47.857843007794294
48.76944613991324
50.0713947830388
51.070180538942374
51.66732671641183
52.57503638018164
51.40842023148365
51.80033240969639
50.36080471734879
48.603084899597995
50.366515683902776
49.05297822609191
48.956648149410405
48.2116042496163
47.858417136581984
48.04441343161239
47.00636435668941
48.76500353638072
48.119546520211635
47.65609409738513
47.31419504615519
45.50183556336854
46.47520413129906
46.29154324274987
45.32364962310736
45.19694479275226
43.68391324488718
42.54701907627768
41.657703575521914
41.26101889310119
41.83385339684496
43.358833344480175
48.15640020859417
53.19985874108046
54.508561349578706
59.29033120770707
62.13203562788216
64.31687614807306
66.69950486631647
69.00186211611828
72.88052077301724
73.92467419066459
76.12722449984751
78.31014862393432
81.05748506671445
85.52771368400626
88.69041144019815
91.96909295803768
97.49128625045445
102.30514126570137
109.1282904816235
114.88962803445617
117.40915701297175
117.75570236979964
118.941679355766
118.78240093103864
116.19383948325978
114.64412567846443
113.43587394700904
111.06716750579692
110.81486422840705
110.22391883785794
110.64046001940451
110.81950849658048
110.2281964742453
110.12733336378574
109.84780850906681
110.13399393317965
107.58233535517009
103.45805924265647
99.86253891289753
94.12026050801117
89.84926864064441
86.34980414406955
81.28222791982304
75.61788444031082
73.16251849680431
72.40046876149933
72.3903466033095
74.19141707858577
75.44511872232653
76.89543494977387
79.07064926958141
80.73576202544322
82.26820275392409
82.95055012740657
83.83837348387189
84.78098695035537
85.35396977334567
84.73811666926088
85.33151817413828
85.02258453097366
84.48829994099913
84.8283977550018
85.63363068140814
85.68186350527134
85.27142703794614
85.88624384007572
84.79262880301577
86.14539058869002
86.57328381094769
85.65683424990999
87.18155311490007
87.67442824582038
87.09987988916757
90.41185118132317
92.48578357453327
95.21389521649371
97.36094913201651
98.61180651020007
102.41874704148788
104.75632937421732
105.57365625736466
107.56337721506264
105.75717981525523
105.68159447832802
105.26761478669755
105.63135600493666
104.81396180225171
104.1103506406343
103.12463948828618
102.37630913876097
103.23529341829179
102.17663026486689
100.98694222282475
100.76053140762377
101.18015708768048
102.09018238051934
105.63763271970441
110.03272867299762
112.82121612950365
115.51587912322422
118.88059785712063
122.39669214885058
126.33279310659061
129.95972148691808
133.88336542862115
133.84509299015056
133.33335023499373
132.99717586122776
131.0799190257583
129.5813858687304
129.4429893709029
127.68375501878666
127.60561227618057
126.89555819516357
125.92375818669059
126.6846610389708
125.5449391301981
126.0982048417928
126.16698972446778
125.64053136227024
125.73188832967415
124.16136224960287
123.51987740938647
123.14065310364896
122.71741343859014
122.17800763029686
122.14259170388922
121.53843940149545
120.85368723555936
120.30131437201901
119.31993146564372
119.34110480098242
118.25850102859728
116.85830903521874
114.91553159513776
113.72811632481205
110.83729697344546
109.33779935249389
106.406435083437
104.2139425299327
102.45400356902387
101.73867186522244
101.51641584834204
103.32998997375158
106.38002700714723
111.76872684911105
115.09345564740136
118.66952914743435
121.89347602284269
124.96672139272802
130.33055368744544
134.84759710612602
136.2882578704468
138.19165605397362
137.2653557542033
135.900577070295
133.15346931842964
129.5536873794302
126.40531789423358
122.43152354527257
121.47790459214595
120.36066990930229
118.03969572873389
115.0797971933414
114.68418651953317
113.75361649178039
112.73838898306872
112.28370287230665
111.03370479912604
109.63959472173353
108.4283549867938
107.33926582089681
105.91391583484757
104.42852782278672
102.70037917647576
100.03663988993951
100.25795063249997
99.0518349152853
99.20197566682684
99.6552877391589
97.3537420704647
97.40977655515432
97.80297806782464
96.45450441166727
95.28399305100524
93.94292584901449
92.10505845634881
91.14891336853765
89.86461702174914
88.9937441326669
88.54039118378904
90.38525747045857
92.60016558952466
96.07908117502086
97.86948151966517
100.35756995260205
102.06930005659284
105.60810555459136
109.18954769899925
111.02874141244659
113.4440409201677
114.65688014801164
115.17008859170986
113.05045177125655
109.70823865821285
105.15593292769975
101.28004151261523
98.67879108616563
95.08790700428732
92.69162834718882
89.2679514818172
87.03484772705907
84.16827885429815
83.65074575365477
83.77744142255143
84.22559681639906
84.49453551049375
83.46897726751538
83.89073696910762
