1
8
e
13.513571543279344
13.726889471708429
13.741350256697235
14.16910070024518
13.746783860533446
13.996920296034206
14.44996966590475
13.462933523883988
12.132305868948697
12.440649188712166
10.068755552061187
10.033691928762583
7.324378784801554
5.143408405374684
2.893022587728908
0.041893331173753046
0.02860192494347907
0.5837467200790872
0.42912415127098846
0.0
0.0
4.521745999737278
9.948415694140664
15.361224923820563
20.23456654375092
26.252942029723357
32.17118344312835
39.62514699462624
46.1785143443739
50.12549343686559
50.02893216618323
51.147321648389465
47.280445065932454
42.52944743972596
34.35894209434219
27.95050151944748
19.296795162598855
13.944411520104763
9.893075994190921
2.194001348011198
0.0
0.0
0.21854825733514774
0.0
0.0
0.09201990687674919
0.08636179899020233
0.0
2.4790542836093117
3.6622742571947082
4.400213186068475
4.643206608922545
4.221568381272348
4.375884090947371
5.177515702282357
5.55730896772149
7.83569935532801
10.435771068774617
16.0824245406521
21.20872831845723
27.033122167611733
30.07217879969583
32.6748797978586
35.52260013240234
37.20275488201782
41.30426962590402
43.62601599912313
45.87722400774329
55.477784320232296
64.38777220778742
81.33675825446271
92.2176811243577
107.48568702602577
123.66138109951939
140.83074951123896
164.8285579765786
183.9084500264701
197.8837490939167
203.21604648164427
201.87729113793014
190.96305548016477
171.7533776360533
145.92699129531331
127.17647299850684
105.1337689996304
88.56331248475146
72.6191220917185
48.543106262556336
31.178991434407767
17.469286657699964
15.359783616852424
14.874565283310506
19.199295024589595
27.819147230849072
39.2344736037039
48.5148152801394
57.821906788196316
62.553315225207754
65.74651828666344
71.50998252084003
76.57654493819814
79.88657968712712
80.20059499445489
80.07569695363613
79.6990895681927
77.7752627642846
77.54791173037103
75.40202442988772
73.60784131856819
73.35487965187926
69.88397598193143
65.67128704579001
60.34713253167799
56.142767094845475
53.82434251905705
54.32493156302274
69.95000832444751
91.9747238447692
125.1175868826202
148.1149770216324
174.98605404531176
208.63507204637048
234.68549475679308
270.56952171826856
285.27249143460034
293.9697689922857
296.13868716463094
299.3228281060358
302.81557182493265
305.27299263881855
307.4642544547952
309.42427035890853
314.0799200921741
324.53929921599604
334.58288624959874
349.8386454396754
364.22267817933977
373.6907289793764
376.30507960184985
376.24246935933627
365.4134042566705
349.7023517649752
325.5737843586488
310.4830522328131
290.0605178862954
271.64104805013176
257.6649504542738
239.00761833093256
226.44875473817544
220.53344457658983
216.7856231514671
215.22890503217363
212.27380943807583
209.07190283975632
206.19712247800544
202.62848100665823
198.99294449549208
190.24813281083016
184.34185625588262
176.3169774477368
168.4398506455748
165.82637851395836
162.97923957167924
161.8338264843504
158.84645074453724
156.99884578051783
154.00713492415235
151.58682353495388
148.74538603342242
142.7451766519404
136.44153045845212
127.11934865261325
118.479723803236
113.58476890953018
111.31834461261045
110.59510946922224
119.97028464199882
131.68591118941603
151.7741334471541
164.06698337594452
179.5959383006011
192.55394538545283
207.07841392869832
228.6373168085148
246.87016439731084
258.9056239199278
263.51719920857397
263.6863791321037
248.72800682537434
228.8313450347607
196.62813261574186
174.48479602563984
147.00941139640747
127.19022003003835
107.79237594890442
76.57389879615904
52.79858942572544
35.41447316073749
31.210826861937228
31.686612251543476
40.91120147646063
55.106553632156846
73.04656396513482
87.66788529412965
103.79847128058934
114.93218715959601
124.12875028036153
139.56107981477163
150.35868976938758
159.0927590491986
159.93894552901307
161.42037120975965
154.49909291820387
145.3778967752947
131.49917748077087
122.57965139071021
110.83515510785674
102.35989903285927
92.51895156052093
77.53757181742075
63.66071935644914
54.845723010760764
50.00882929980407
50.172826408921736
67.03981348498807
91.08145173045092
127.15364379774341
152.66689970641235
182.6350319822514
208.15647259963717
232.91570580720185
271.3584367112968
298.9167697356685
321.234621165015
324.8939375331568
326.0472243472449
315.8251050214797
302.2604221129869
282.78662651140723
267.95916610736924
249.75045253239722
244.1065383775614
238.85333377705024
236.3805864397352
231.2492118170679
224.57113213066577
220.60528395415213
215.26838520795044
203.44338928484123
188.54197120485586
164.9026551416036
146.71989254036944
124.66820605862878
102.2026462386252
79.72333841057257
47.34701460258564
23.320529983561354
4.7686056212624415
2.0129437529435776
1.099311054757274
4.372372989191817
10.606757412824921
19.46001551833442
26.54184681802538
34.066673861076694
33.97919027277783
33.600165352006584
33.699673276409136
33.37899894411421
33.11591952371357
32.689012308979635
33.771968456311406
34.14372394125171
34.806239634000626
35.84266722659256
36.53423922739098
37.08887869011206
37.35739643800878
38.859983264429985
40.04542917972561
39.954111490806156
40.38948201010923
41.14693937817766
41.385657874190834
41.68613632888
41.7933036101924
41.68474500885606
40.505995294326446
