2
6
b
34.46275102109621
33.150053830756804
33.5031950954889
33.888515324806995
33.39795156827605
33.86228502607943
33.76056313179326
33.99158519023631
33.50016934017484
33.7557847751537
32.38982645512134
32.34056049881164
31.968256000951605
32.2371078642658
29.469780483440346
30.479886517199
28.818492408189325
29.113160567734234
28.20360176023235
29.291359696589325
29.829083653753152
29.780144555307473
31.18635807962366
30.735256189308128
31.99375570844806
30.847910593741602
33.46618620958629
33.604601898182686
35.48077909735766
36.275628071140986
36.36772864056092
35.44280607125163
33.907958297824614
33.14141835861438
29.185724896087727
26.420234097925363
24.466472838380515
21.80380161350416
20.749826996886306
16.66565967331222
12.617686618844846
11.442526446206609
10.979771819637714
10.86675645725872
11.991724755207239
13.166551954876486
15.753743205095565
17.144074091917002
18.870706419948135
19.499139294565197
18.277384204634455
19.060630345795236
19.641539073824173
21.114717956455955
20.269413272027485
21.406881280477748
23.79135772735504
25.647782637636016
32.86266377290255
38.95968469607831
45.27403399950501
50.34874339610852
55.325580396280436
64.43346361850651
69.85174357782978
73.76811303229157
74.70611499705716
73.98039969076378
73.39525909173807
73.04891331816526
71.24608087519725
68.50842182623197
67.07418814661219
66.76130067827268
66.33721441845998
66.19930985730554
66.11590370273868
65.46604421344493
63.83363550566412
64.62426178189659
66.06850399099132
70.20668658403889
75.14102281768712
78.14235419709688
82.64894141827497
86.21951983475107
88.6640489588181
92.44742242085776
96.26102146921329
98.77457576803815
99.86127206778974
101.29928359342121
101.92529890774082
104.98623467683124
106.04405600198261
108.07056146074521
111.18961651556589
113.95897634610098
117.13268225645584
122.82243908515682
127.35975308614988
130.36769699525627
132.6454696264154
131.91234435763693
129.40858638223148
124.12629000089696
116.72810612807743
111.0959526829716
104.85079344792857
99.40733960580087
95.20204757793778
87.70969439996847
82.30942019383727
77.42206215926623
76.56337752636088
76.59249468150794
79.67973125043595
84.72289878365538
92.38161414067494
96.95178486533038
103.15615259643587
107.2126765427637
112.73565728201054
117.40989138694854
121.42407003501273
125.04592384299411
126.00259305500109
125.97495175158407
125.03814909817895
123.49670536556202
123.19033775333217
120.84228195601175
120.32491824485388
119.44155991103442
121.22252282307814
120.295686166661
119.7717496050921
120.39091095725735
120.77891896613754
120.9687298456054
119.61878867825772
118.30825051656522
117.81628056402917
116.9188501523146
116.3887457811991
115.64969626144112
113.14625343692417
111.02085258872442
108.97254202811676
107.0704783976633
106.58157516866322
106.44126003787376
110.0403443440112
115.36188405198098
123.44502207802908
127.62100758060248
134.7080291991466
140.14879778780775
147.689251706097
156.59652187675175
163.80195411687626
168.3329990874616
170.06190841758735
169.8153908000085
166.29968619393344
158.41759404474016
149.57857352326582
141.85701666011903
133.79167467088067
127.17278841346183
121.61231064970586
112.23310717043445
105.32875589351715
99.97775486320562
98.64195291242628
98.50945406534186
100.86951430076935
104.46985510930124
107.71363799347998
110.48792998972985
114.41679842760901
115.82561372527336
116.79119690991284
118.927611579016
120.82269791528047
122.3593423492425
123.10354750549946
122.44844189277933
122.01860211995943
119.74806721523444
118.44272838672386
116.09353314159488
113.70385403834713
112.74812295624696
110.31056739638379
106.09494838019103
101.95775006958878
99.62046708391058
98.97960636420211
98.00193245660354
104.98690656973174
115.30806898675425
127.96875381760684
138.36382493209487
149.52360255130583
160.5002820466823
171.75289322773097
188.6822915569072
202.48879377317823
212.1222100288229
213.20193731825825
214.72244094610318
205.70651761967943
194.19151340790296
176.079211665593
162.8460867368755
148.08520868499187
136.9613656782625
126.07221207089204
107.0137502280184
94.91118380811419
85.549498229217
81.50407909894469
82.04082314908212
90.55269929837434
101.90262968465537
118.51863655727233
129.78050408921675
143.78992196402078
154.55358968601442
164.40583114826896
181.14362032829166
192.78166138555332
201.44628010012596
204.26733112308617
203.6544549003198
196.87179661791873
186.59702330145586
174.11629683722245
164.57957705607407
152.20667930375092
142.40030157355426
137.36635455153038
127.689546433111
120.81271928070313
115.83802184189788
114.01614021525828
112.46791195463905
109.19976512979474
106.87292412721716
103.67847149929167
101.25281906763489
97.67393931113725
91.418883067735
86.64544789795139
77.95608853739321
71.53887617587047
65.96337914145482
64.73910529665571
64.68781758365088
67.7867282414188
71.40129314852196
78.61408337545889
83.12404810009923
88.75493413471821
91.87135324722902
95.09458142341016
100.56281584668078
104.7397234736267
106.9798968970841
108.22752839726003
108.26270765294294
105.5484673814159
101.41124861252459
97.21208163623005
93.87723820297988
89.38532179556798
86.62307842811136
84.83465100320682
81.35449185076943
78.4037572119157
76.99924482371246
75.94594822167207
75.53756295752511
75.87978610218374
75.96625995733574
76.11863686560727
76.63285130049526
