4
7
b
166.64896031378828
167.49301889651952
167.539908063932
167.5941021702198
167.05039673772296
167.98334165267335
167.36173741829967
167.1866344153176
160.4192079887339
151.4860416867277
139.27471126934284
129.79660854649393
118.77566088545179
97.33170312232181
84.00632739989355
67.56535431149301
66.87231518490293
67.26152438222898
67.38804345142933
66.7009445555305
65.66651483763394
65.85242326297175
66.63043219955948
66.46329348968432
66.04735324900476
64.17606667048445
62.58615286871908
59.89778852032539
58.349284987194
56.95413211740677
56.26394839081399
55.688440567400924
56.5167212284984
56.63318892587862
58.355303399192245
57.43665622386761
58.908430105278065
59.21892494848453
59.660388519971185
60.65515033133247
61.533059540793886
62.74305096558846
61.45309926246063
62.43984042323725
59.22478377845772
55.26142250295154
49.04851483531444
45.65223759418462
40.11463839936961
35.7526011751009
30.672680354736407
23.436185230689045
17.088655469185316
12.395783148929386
11.441628974966198
10.805110252536865
14.904911576305159
21.504545805912667
30.42350894398941
37.14305129385514
44.25241182387584
49.76478824641817
54.90827368699719
63.971630867824175
69.05946909743977
73.20179855292915
75.15849185249935
74.13799729046615
72.95108392017812
70.6721885085179
67.13889052678843
65.20434469853814
61.577487115622525
61.6873817632713
60.51471378000589
59.52068969895459
56.338592573667256
56.30859056596613
55.07359073883152
55.50684888300641
57.703692283565346
58.910430613461564
62.0196330786411
64.19903869830455
65.19960155838007
67.46770705064075
68.79125897987593
70.21498540627962
69.6793342606918
71.57102555272895
73.27848462688773
73.20706413567551
77.13738258873886
79.98640043638517
83.658320607997
87.22212621529346
92.82462703206498
95.68617877811735
101.956135002599
107.5404360785687
113.9595253829751
117.10579365583189
118.24983235311366
117.9506240527567
115.8082744839142
113.07253164553485
108.61776043867478
105.97407981050763
102.48800805579718
100.67193902168894
100.28007076835657
96.17246050405542
94.62002868917881
92.2916024712463
92.54990792177048
91.9170001205482
93.57074017866054
94.34543538002627
97.26079825543836
97.54108614673957
98.84632842880578
99.81554830254706
98.92153646794058
99.02443813676211
99.99066176282832
100.15236489057546
101.53631441164762
101.34427060153048
103.51835348718646
106.4076268324408
115.52222118961687
123.21369177926694
132.78899459062768
141.2298006929709
148.30399476862735
157.3422467966615
162.64910262284346
165.85114442773087
167.7280139012171
168.99863508314417
170.0036440473161
170.9309443860287
172.99754355827153
173.94668735387395
176.36354613485864
177.87751313093173
179.09508420719703
180.2424769347339
182.40982375796654
183.9775606486609
186.4407641584792
189.07438947909168
196.83883051430735
204.8633996172943
224.30231793532766
241.37536088746765
260.728518977392
279.17783073798404
297.13570156946867
324.48709400081265
344.41435533927967
360.88885499458405
363.56429134648295
364.59899460529857
354.3749436003075
339.039825552275
319.78995103633696
303.60469253797874
286.7183570013187
263.7623838820577
246.33318259690714
231.54600113024028
233.54298286737705
237.01223970362923
237.93875245040246
238.2413288164353
238.32145104715178
238.8209510540833
238.6457562527938
239.46440064710566
238.39286327377584
238.31883433843757
236.22352052012377
233.00782639744784
230.39526969157995
227.22729804182043
226.901869511434
226.44513620307512
232.85228841395062
240.26012267176947
253.30909502982908
261.6930411936713
272.3331407290745
281.3445812754073
288.4410923136167
296.7400520256957
304.1904559912978
311.890086235579
315.40125065162937
317.63338177697807
321.67774452466756
326.5344105946378
331.68561252327663
336.6569151155556
342.0779752385467
350.777023735656
360.7540910387932
375.4096498796937
387.68000292101783
395.7160729682345
399.0241897003897
399.128488196158
387.8232778962318
371.961496052257
348.40121242897004
332.0681508413429
312.1043827032428
294.8756294478299
281.7536692313006
263.922585804085
250.9251204813847
241.50552816422305
238.9208045886438
236.40610167379663
230.07592488753684
225.25884449653952
220.17834527069385
215.2699246229989
209.82996410737303
199.58953796203426
189.8202845786142
175.5013452545992
164.34415140283383
155.13764206078497
154.60909594052993
154.43901672848065
157.23018770406114
160.14540801396822
164.33764029842214
168.4280836014563
173.8222908489489
173.4869511665032
175.3132853597778
176.87089950402503
179.54079844693817
181.15711095028396
181.06797576840574
180.9407971536852
178.47981398830026
173.28836072148744
167.26475611070472
163.67706086129638
157.79207692264694
152.65333459622707
148.97353984978614
143.2605142118229
139.61130642999717
136.6899452017099
135.79140193362716
134.96882528430885
133.87729662920387
133.04788775365543
131.78907299658277
130.0098869290283
128.21591214907772
125.89025292352343
122.99565280209174
117.16555504214854
113.73679585249714
111.2746636978647
109.79185814815676
109.75348082448431
113.45240408753116
117.74509210839969
124.90201020819758
130.41542165565048
135.6348310760319
141.42705180755885
144.2554444517755
150.3559660630597
155.1275279588506
158.61407238475357
157.97731342897717
159.3660520226173
159.11720528905627
157.95493877367514
158.89161133535495
159.18854106494777
