8
3
d
13.514163966408663
14.077804890403392
12.81271703765313
14.266391685719812
13.607902356467187
13.860993400219137
14.411859002750806
13.60066740887234
12.04608481697776
11.222653372751825
10.192851173575818
9.271553126184575
5.939736913068502
4.88107422453104
4.016506690227953
0.17378552313418172
0.0
0.0
0.0
0.7428434541844159
0.3478670434452319
2.9840511012445443
9.642464001129133
14.13448993899383
18.91532813310344
24.342386342827186
30.252538572727648
37.34497975008786
44.34631816116625
47.58575838639987
48.24698989023853
48.7217564490312
45.37919790550546
39.681110137942355
33.1993198437646
26.464792909452797
17.80965989459238
13.176465512976701
8.311946812005457
2.719849063866079
0.578895368634163
0.139616859928424
0.0
0.5334278629118198
0.023162323920282852
0.2408051953205092
0.2780763746411968
0.0
1.9027339068269193
2.878927392782818
3.1319366934514825
4.26035728658394
3.356267166918241
3.9218762780141394
3.9827222160350684
4.938919943779795
7.281108925833672
9.751455030252627
15.352460517052352
20.62434721648608
26.289622436954225
28.23819917603211
32.36773816413244
33.85723288781849
35.700196668861494
40.13046572063388
41.32963369641015
44.708331644732
53.39936117298315
61.61771477376337
77.47808650030376
88.81830173762255
103.20294116039351
118.39727069877215
133.94708501634773
158.63549487061292
177.40978167400928
190.20944202149894
193.64039848277594
193.4977830834877
182.20879685295984
164.18921976564494
140.27856164342356
121.00793466338364
98.34319055679762
84.76230033916138
69.92738386448913
46.862018654213806
29.75685942721835
16.51842029542896
14.754103642861068
14.530013438861525
18.042941189405646
26.30803631799129
37.246673010892756
46.76292107509479
55.11131823238504
58.93544515053962
62.04793008493036
68.7512755902468
72.09196078895839
75.70427924844124
77.19574095621006
75.6910577251725
76.262638343714
75.99900776705661
73.10156531862756
72.60281983137557
71.38379848199051
70.06797335305887
66.09167193630392
62.497216693823
57.95818624065197
54.13403897757576
52.36833029793312
51.961390438387276
65.87127615217923
86.8090253208367
120.093055087827
141.4559670519907
168.5554513917871
199.81851467604827
225.0204439663798
257.60940459525756
272.6914139459239
279.9128999021233
282.9926838926856
284.11298748177927
289.70693892779695
291.9057317664845
294.64218554010876
296.6106328318843
299.7400196775709
309.69296727055035
319.8254431380394
335.12842335292726
347.87339756093843
356.932247904479
359.3262523557934
359.61159283090296
349.6171923815092
333.49141301791167
311.28740479418235
296.7801017026873
277.60900582136486
259.95195899536543
246.32777505763283
228.97461609219476
216.57883893904298
210.35192258790346
208.0712437802022
205.88521140913483
202.63897725060775
199.25810364373478
197.19272702262867
193.5006281730869
190.4303163537263
181.81930079223335
176.308019064142
168.1718837306791
162.39815358947516
157.47126019471983
156.6402988721365
154.49691689556764
152.20006462242029
148.14259727246085
146.77828091816394
144.3791878144339
141.88623127587746
136.9851039469974
130.54341552223838
121.51260693332694
113.79042053390366
107.35607778099013
106.68041281874062
105.62794961541745
113.52669222546001
126.91817996210837
143.30637488622742
155.74522693928336
170.77702045304727
184.17511046431167
197.5511556914854
219.36362858677023
235.0407629093393
247.85888160012314
251.55570443436326
252.30179657816618
237.8973939406162
216.66755355415296
187.45243761280184
166.37625800036713
141.41273991892737
121.70405906553873
102.78064630260839
73.18842658808622
50.458425701891315
33.91827314431626
29.952833690575115
30.179280033179072
38.68479612986084
52.46597605151365
69.74981823164171
84.61157681510745
99.87366897250601
109.86303422770997
118.16430477913336
132.9012739878922
143.3386645985067
151.43174537235174
153.38848718405995
154.0343263460085
148.07992196422254
138.92353346822813
126.94365793640114
117.79738140103248
106.6529632477487
98.40136574548252
87.61078569603647
73.03126514579942
60.899398129038865
51.23984252917267
48.399706322604096
48.013269240479055
63.03056991440763
87.29537063282511
121.71730106394241
145.74068305013964
174.2153566647697
198.94929612012444
222.88094787656553
258.61061794291476
286.062108294304
306.99075381278317
310.7703007136645
310.3754889705837
302.4836743605243
288.57581915894343
270.1442528845172
255.10062491652218
237.80073490536154
233.4632677034475
228.6148873163555
224.58608081212031
221.22669583593458
214.69197377448188
210.30611864917685
205.81894703897956
193.74102940920375
179.0739064988805
157.62620009373637
140.2938247186587
119.07221099332764
96.53743450534101
76.77234141775628
46.174544233152496
23.212027644388968
5.0256308184963645
1.0281595747669887
1.937544047548215
5.585121567903757
11.05760756701426
17.98926921572309
25.86807746347091
32.64768787796052
31.755013111549687
32.533788041300106
31.282800987903293
31.360285574078105
31.853817221562124
30.129051653898753
32.19493382023769
32.44901689962867
33.02722659190933
33.359877037112604
34.596586086571314
35.39337642790271
36.16449595063355
36.20450814155848
38.21733865116686
39.097386084689326
39.492940158984695
39.58054579335077
40.144650618638664
40.30956305372747
40.18957853616491
39.60021801379922
39.80920169278725
