4
0
b
102.08804314917471
103.0584248343292
102.90927434795428
102.45469152670701
103.5324039021898
102.12167041429272
103.69708866298397
102.82805572118437
97.86687214682495
91.77777707827939
82.06722956627365
77.36886217417076
69.63821192557485
58.026179397248534
48.25615453056693
37.03218918126695
36.29481911228899
34.96017972905688
34.418296974565465
33.879328563688816
33.240226615575686
33.589297281745864
33.16553753042175
32.904609094491406
33.56956559112204
31.645255292473884
29.749501875613262
26.232203083559366
25.91690804912584
24.21792832919342
23.169377362248348
23.77324429982269
24.418813669853034
25.65486043346857
26.220954569229864
28.86665367703854
29.035714966036455
30.58325797453027
31.335191524930263
31.43041879884704
31.028791933819843
32.12884790632036
32.373044701667816
32.85555032363514
33.91828232782784
35.34500892431344
38.10365117106417
40.46157063859463
42.73908687735771
44.4331483960621
45.93939984062843
47.226425596958485
49.32391280445108
50.44042866091597
51.40395685058687
53.58363173036758
56.55225049975135
60.97877769965484
68.03872697871479
72.93839292156159
78.72468870362482
87.50200373894971
94.56371396971335
104.49707731412701
108.281928618145
109.00686776928556
111.2229220862596
111.53703552812132
113.35214242315337
112.54599574417102
113.72727437633542
114.69183380286856
115.79342209349493
117.29862236505268
118.58270706575783
119.56327924567583
121.10050572057503
122.43627191872103
123.83819991437714
125.44535848107871
128.120647907463
133.2386609596191
140.21591668826863
145.7779863071501
151.44886977958228
164.3053291789044
172.32035085462317
182.35695321898086
182.78362562128447
181.35629524830756
182.23493874250568
181.99082319513388
181.08350117811156
181.61407988931026
181.49057906775116
180.5222947761977
182.1762276673614
181.90469806641937
182.4312954280529
181.85053663012175
182.54620946457607
183.69255482686407
183.9983441922716
184.3264128308209
185.66595488189358
187.7764187708861
191.60173263157574
193.8983059873072
197.58187061583607
200.34497944232837
204.38511052983247
209.59060317221991
213.73208136542834
215.13152881746595
216.5330162105375
216.55412494277593
215.6280665479901
213.40989479366945
212.1170367042173
210.65108443754698
208.15723218353946
206.96805491703057
206.7479092239075
206.91239334012548
206.01696748699698
205.18337858752267
204.76443021742804
204.0514876640602
202.84583401498804
201.32970773920155
200.757644119028
198.80490691778908
198.18797130881046
196.7797809980287
193.78417104413396
191.26574285554986
187.96278964054412
186.32022706213465
185.99497447470574
185.14787611580667
188.792645182031
192.76659026610847
199.23217110071292
202.53540970928685
207.62050381824403
211.30337213460288
214.44975006162846
215.993071142934
219.68380114226446
222.19453610872645
224.18762473382122
226.45196371681465
231.26507007316414
236.61933074863327
242.8261343862959
247.63410395623455
254.86253583654153
261.5745828494712
268.8165607298814
279.6641925064203
288.51688119114715
293.96580961651256
294.5414814139744
294.490910341718
293.2379486751374
290.2312747796534
286.19331419418836
283.7152946249291
281.15335653787383
279.0970663798431
279.2311959106167
277.4587316545674
276.6114190078558
275.62934133010435
274.7472810764803
275.52027977725777
275.7878050842903
276.8525453964661
278.30361209848735
279.7873300329585
280.8539457040284
282.0104882590979
282.04648376459414
284.2601751916508
285.20257560730033
285.10384409444134
285.1291042539588
285.84137376680496
284.70325688556085
283.6440392927031
283.22225722053776
281.5827146001157
279.921711765454
279.3666649655873
278.02752039132565
275.4686630698093
272.55482155508565
271.7815228293922
270.6714001301281
270.9278955692389
275.2800173401555
281.69367842651496
289.65362873770005
295.3908846164215
303.9182648926767
310.74788170323967
318.72889990400563
331.06974713555763
341.2496553230027
348.4878083651354
350.229947353681
351.5179510535221
340.51142612677734
325.9499230805344
304.8573190358953
288.7433570073784
270.7734286767385
239.38367913396573
216.01417161883927
196.09024201716406
200.8490966329067
203.84100863194698
204.71878303527097
206.32442933004756
206.60011062171867
206.1965680225864
205.85820441736317
206.42321055592487
205.85770774515365
206.95384707836922
206.79854895212793
206.7743037196392
205.97810847376502
206.3020567993736
205.29629478978444
204.95646373652986
204.0732570267119
202.57856072322357
197.78518370041644
194.9242694836436
190.45065093555533
186.3158831097847
182.71600032914196
177.0258189763098
176.0474455000305
176.3243987613361
176.1059647986958
175.7270618425114
174.7584772005252
175.52354025584984
174.47815464789713
174.78239039441968
174.87622869322826
175.31891396508726
174.3950066120551
174.38311580709015
173.56199531022733
172.62896224973625
172.52251169742527
172.40800311120182
171.4214098129765
168.94771484270174
164.84668007933172
162.752809391079
158.05620314930155
155.3017070899932
152.32647837102803
149.29462520198723
145.83804564626675
144.6778593632785
143.44652238888114
142.3291595238718
140.77477173607662
139.37877239394268
136.5561864769143
133.12383687950054
132.483437188818
128.61996678137857
125.53947576248166
122.3974742649276
118.63008222541633
116.58934630788627
115.2359457156201
115.81411283134213
115.47140779839859
116.94622517558713
115.7897344023216
115.57908879410697
