3
2
e
80.66950911879046
81.69443139838326
80.63559429014657
81.67500266663033
81.11593594144568
81.64145942761839
80.18934648194032
80.43729638211944
76.21005699254755
71.22028308317685
62.5135962812887
55.79951014998739
50.170635070191835
41.27160579256708
35.1890985568366
24.65394293774479
16.42669497223871
12.195211279741413
10.802269868490539
10.186053016608584
11.981492882319113
14.193799178657123
16.42839817558539
19.447812263235818
21.54620555300811
21.330592210419557
21.096662873051272
20.354758541552656
19.868913789245884
19.62842346451628
18.731704103772735
18.90424762567078
20.21680930262895
20.96601421163944
23.66397014179062
25.722165662923086
28.392099417065285
31.52465270326941
31.351092152588546
35.57000973160038
36.43503608079746
38.937024916226896
40.55490040930315
39.59860575480918
38.43870113314081
36.74084999058486
35.33417846938691
35.307370597039245
32.74330034828858
32.359380001073504
31.04273760223083
27.910345108515045
25.83021879282494
23.48387836094512
22.192883695731837
23.025271795594968
29.04243914242966
36.759641534539234
47.49586796469209
55.56094199456592
65.71579970298664
81.00652232482668
92.00486594579384
106.82280440222883
107.92131624338458
108.53388298329449
108.71102254324647
108.97556763359479
109.66328496088391
110.29554032547645
111.36783932122745
109.88082266860503
111.08833032236214
112.8752727198754
112.74417985915669
115.24536129680106
115.68631198423192
116.98941716127216
117.48155734410518
118.51495069132284
121.32304762140024
124.71676452565988
129.3812846315134
132.24453101302595
137.19882310378355
141.38158319301297
144.04916953025835
151.42657148962522
156.9475900406388
159.40722089038172
161.36801852994353
160.3652785806256
160.37619664524186
158.39474353341137
157.68509899472255
155.41181003525614
154.29616970026711
154.40693905349613
154.17521660385694
153.75955206857216
153.42491197409595
152.5953423513106
152.0838883178375
151.91447801152563
154.11985547288293
155.84665775831635
159.17999110594474
162.67148758539884
164.82680722295004
167.92041977898765
170.58193894423218
174.0008668707513
177.2667650033553
179.47414009725608
180.0849514538477
180.5430173396848
177.67670086317776
176.80762118774217
171.6607522430111
168.72311906955056
164.37577665705862
161.64118264134814
159.88295968836655
154.62928625089557
150.9485955981066
148.70990981877367
147.73831604041888
147.35709581131496
149.87051894079755
154.19757270308938
160.37874057635617
163.97460484586617
169.60130947258415
176.83600631922272
182.43259166070152
187.52146270511668
188.5217139669192
188.37172476568392
188.2662058814776
187.62568589599778
188.7548071889417
187.8048535060139
187.74757738440857
187.84055693266828
187.8467121973048
188.12832672334073
188.4108991597634
187.9246435575447
189.18086000636185
189.5078802679739
188.61460768825583
190.32070003081827
191.958140414954
193.26563676678364
198.32002680125012
201.78740826036287
208.81308034832566
214.86843136786177
217.63126630049757
224.3736015695822
227.74204937018038
230.11451150655014
230.73323521110262
230.83185273283618
230.94113787953034
232.25439464233344
232.41196455992937
234.16493006759598
235.00715087424535
236.14686062335775
236.39753307830728
238.6585678503011
239.53332418681418
241.80223470310747
241.1739770960888
242.3656172551826
245.55056299741833
247.28990580584278
251.1137762293
253.76010699717614
256.94812649207654
262.0368033390422
264.22737341902683
271.2282938267245
274.8616331463171
278.12433025544084
278.93102668905533
278.3108384434959
277.70264183034124
275.9727434834745
274.7583656018823
272.2719850742084
270.47576894247175
269.4128407985626
268.94947562029057
268.6590731242691
267.75843951992044
266.61353155847854
266.595722772137
266.57201131144
267.1798050030769
267.01676053811906
267.1853683740496
266.81334032713676
266.73456160424416
268.74493438398775
268.7978867205959
268.90654468799715
269.0348727990117
268.8912726711075
269.7099030456645
268.4403991558725
268.1860035073228
266.76634454428563
263.09901905051737
260.5415192963757
258.05151248364245
255.77388069555164
254.64948967820345
254.8903240420074
253.87551560188373
251.43733224760976
248.76015277385116
247.41413889532984
244.27555839736146
238.46255011676368
229.26863521788678
220.52606874067746
211.85403959166405
198.65631183773291
188.6905628243439
175.56457419466142
171.69611278153434
169.1391011587138
168.4119678261178
167.6487635252538
167.14956695210566
166.49602699932294
166.14256793611685
165.41074410306595
164.1949732098621
162.52487185858092
160.56961705606827
155.63398108285517
152.4238218137335
149.98765609515428
150.14821137464028
149.57990903814715
151.32995912745213
152.32584291722023
155.74021107543885
157.4920194461908
159.29325173484906
160.0196964198946
162.57598072306905
164.83958535479863
167.70917312005253
168.41386372148364
168.44255879752097
168.23975327554274
167.43306116611302
164.7784012337351
160.56032625741005
157.8138547838761
154.89810839167606
150.9716062952979
149.7865501437073
145.74099121330232
143.76073725328465
142.18926047697192
142.248259918767
141.86016065245798
141.35408529936632
141.67950599815305
140.21246116630476
139.69729530097155
139.08441354478518
137.77810280058873
136.78907264954603
134.31455540831232
133.04911881456596
132.552397731158
132.8195950109188
133.47500897450433
133.08240858937728
132.56424899875006
132.57532970232558
132.55288826048957
