2
6
c
200.66798485938114
200.4038431178635
200.14645331626488
200.3113947813754
201.10346250359075
199.40251070281505
200.33945834245426
200.64848258367294
197.62150234202434
192.10237059440158
185.1918579936129
180.01991742540469
175.13453897037186
167.35780002116175
160.93153736191562
153.5848687742618
149.07063723369896
147.06995548302112
146.34363802871826
145.72618003853017
144.45020723115562
143.87516940941242
142.73209382699855
141.91636998167087
140.6100899126922
138.26921878265318
135.94022804517766
133.47466675897718
131.03570730979916
128.58475206112306
127.62982604771602
127.84228227333239
125.93586540444323
124.47137064003131
121.80200151728187
122.35250436436907
119.19390073880459
116.42455596108293
114.28540552530578
111.15535004198588
106.61679429722602
105.34338576340437
105.55330828830404
106.45317674000559
106.05409203932018
107.34342109132616
109.21806407020989
110.00483735875036
111.24754912046497
112.69130334548231
112.05962658795828
113.85311739172414
113.97827808027765
114.01104578334734
114.63576209403838
115.81874829506812
114.69063579208493
115.90087700031943
117.15736947761233
118.68950613058699
119.70829553130811
121.91747659525596
121.32280758080503
121.82304519451245
123.5291088431159
124.73178222779597
124.88451162960955
125.51838355890331
126.39979983157097
128.40041409168438
131.3619125620794
132.94152268969958
135.91612798900198
136.73178457967478
138.6570627609036
140.58712507115095
142.4308286012835
144.0543809212983
145.0499978335086
146.7661845558354
148.94937232838106
153.0323212607956
156.66492001098428
159.25831265359523
164.10886351556962
167.71759864032555
171.204253574572
175.17168747052116
178.64694587931962
182.68862387920467
182.79251483637728
185.4122382379721
188.8663563088948
191.8794039409032
195.28929711754225
198.99763700543627
202.78351648094366
208.29072626516805
212.21593298185124
218.2258438755578
222.79056544757222
226.35762583341645
227.38806074359263
228.32023131125663
230.71035710598636
232.8824178485087
235.45279437144688
236.62858869696313
238.61641665984203
244.40885370427802
248.75270572301986
253.74379076749935
256.7290566451184
257.3866497453873
258.70984381024596
258.4817978633143
257.54963004298
258.6102809851252
259.3694610208148
260.2466145469211
259.81951606706184
262.3990797163355
262.81426618874195
264.3916483172326
265.65750826737667
267.00757000907566
267.8564951722738
266.9022125357721
266.93046007052
265.61070759628376
265.2437804282366
263.8897174524773
262.7862841064305
261.96610333977117
261.45245323356403
259.9760845882145
259.09734356528435
256.94083946721963
256.70710221187966
258.20780981195963
258.7313124598847
260.9335704482995
262.90489327404185
265.98411641982506
267.5678611696663
269.9833709496457
271.5475395793752
275.11415110336486
277.27277079106096
277.56145909647637
277.329213668216
277.84678453869805
277.826808557943
277.0335137166179
276.3433155148604
276.4517162634228
275.7168294818585
275.70945743206977
275.84925898454367
275.46297820415896
275.99744120889613
276.10994129970925
276.6240578620459
276.0680733813787
275.6556414904691
275.9090974036781
274.43989342998
273.68319362878236
272.3553186734269
272.41910854089264
272.00897528689325
271.70479848603713
270.94315406681716
270.7632243273688
270.93337625696336
270.42632717020035
270.1407066335253
267.9349565025058
267.54479332709167
265.9486580423252
264.44152403045854
262.9669432297707
262.76820772655657
260.73808941370913
258.5576340513989
259.69825998621116
258.4935715763585
259.3811604871047
259.2914141972774
257.8453740358975
256.5593110901727
257.5470015363533
256.7795814158129
256.369485908805
256.4116200595897
255.82188722910132
255.33002605378803
255.0786653510446
254.0698305494365
254.01871774910904
254.18642122851958
254.00168190628168
252.86946240641626
253.1963421932441
252.63987929128223
251.41711226156139
250.52940213045792
249.90435036129313
249.07863017657928
248.1636735563722
248.32886002002104
247.83947113624993
248.91535579481504
249.1458499699
249.94744923864826
250.8853160528684
252.12591973375325
253.59291839781324
253.28646470726392
254.65172015255462
255.11373775581154
256.24325180526864
256.71528999356894
255.7411393773758
255.47013072973073
255.0280148282171
254.9869825755868
254.19084842859402
254.11814541974107
254.88910710281448
254.06570290720023
253.84135779570587
253.30327520746178
252.7315670889005
253.18865479690223
254.2940464640919
254.356257376525
256.05295555285477
260.3525911381935
261.82952028588306
266.2609101851488
268.6058841952147
271.7598237429007
276.2248419432743
276.34150858745716
277.65052107588065
277.48094858649574
278.0738239170815
277.33405239635766
278.28406678959755
277.8113023109528
278.2462328143736
278.98678622791533
279.02660124726185
279.5899435527419
280.9071527263686
282.6734489773763
283.0206803443707
282.2580567577273
282.7432927359278
281.3413845928156
280.3628162108584
278.0031613198518
278.09759059677424
275.2690106423329
275.4931942180344
273.952878934385
274.3259993579663
273.1853689163866
272.4590443014382
271.60438331076773
271.04415011096194
268.78502027868916
265.7700306820163
261.61703550212206
258.4959792841801
254.5614851583322
249.68405841766176
247.62253213527316
241.67133944607022
238.77807391060875
235.41645398936174
236.17097665970087
235.53922623500097
235.34616505818727
234.86566037866913
235.0549036292269
235.15993464975747
