2
7
a
21.84474442555847
22.90626045717848
22.936257789671686
21.693794097438435
23.662518019334833
22.682398256003513
22.827238682103157
21.41858630640103
22.186144746437442
21.82460109886506
21.049443299164594
22.063082072905853
22.75744407956332
20.272359232179696
20.888376583189046
20.38250115591865
20.819904856518907
19.48404757380779
19.791203673407672
19.79659148007569
20.018002592968266
19.585431479520995
20.451592541034227
21.450334911594116
20.502433056969434
21.897568464552606
22.17695481742744
24.53561897043115
22.978111271719005
24.44620304369949
24.00569765656207
25.210709869406372
23.366042806237573
21.945120745713844
19.138841556992617
18.09556717677396
15.595552570356459
15.953505535690935
12.72433490817166
11.182534165003675
8.792980131604773
7.506538351695886
7.053287233222288
6.947175617353477
7.039808202475561
9.843487446475757
10.009236605133411
12.243759615513346
12.013710893761607
12.997863775909625
12.76611691024492
12.960822330119422
12.69133933390188
13.274118594939067
13.927354502764898
14.085863051045884
16.721667545253762
17.316862136144767
22.054986565017852
25.411631189174724
30.52340353772014
34.02171119233465
38.11131977600989
42.8033608063234
47.01402376377499
49.212488775036505
51.32216650799435
49.57110304181195
48.87074787645766
48.85072323977906
47.51485880234557
46.188514907875366
46.012580944930534
45.057821075501664
44.779497693114685
43.17524310175956
44.439178399937155
42.82420793264725
42.93589317143258
43.046602594917175
44.89333067366881
47.26540149108681
49.39969975668435
52.79545598873194
55.02704354318929
56.97531001450398
59.65486028574615
61.76281718729149
64.15447309589503
65.20447867094536
65.38182198543093
66.98478880747298
68.24510697073592
70.15021655934625
70.21428284266378
71.82385332406395
73.22112459524313
76.7494849671754
78.84056672240088
82.47838936544754
84.51549871935707
87.60111513602668
89.02020165963937
88.0339554033955
86.40254479681317
82.9965647419694
77.67001771561549
73.80442878671472
69.46102154963727
66.98848029616097
63.86418793888645
57.847750103738484
55.10591162040699
51.01749122937955
50.622303559429184
51.161359673211834
53.437953769351836
55.82076685419784
61.185388094342684
65.49303256446791
67.26908085912916
72.64163469555699
74.72598828018168
78.79732943035756
80.9326140204901
83.47428470735191
84.56746848804367
84.24541779471846
82.92690056088364
83.28266021709308
82.05038392076192
81.06024958457725
79.9707999973662
80.37153723020808
80.32985572582454
80.57712393863643
81.18398424106628
80.4427921047628
80.36506016345152
81.60463052255702
79.31728849717003
79.35489739913105
77.8860756474946
77.13562222131368
77.01464320686456
77.21090701311854
75.73593411725194
74.15934365288466
72.9557058196462
70.87899814574126
70.49282806927879
71.0208071897355
74.09121591329566
77.01399969330687
81.6686479934068
85.00847914323184
89.29429442276434
93.62470548045454
98.00874118462289
103.67531806890041
109.44333978800815
112.64461249268017
113.82020173297717
114.10095776707449
109.51090559251656
105.82542150161238
99.38965141243243
95.30392539358346
88.68449553822529
84.18606218629958
80.36317869232242
74.73419079440801
69.79127510083896
67.62708490544648
65.10870677678362
65.94081921219971
66.46887142621284
69.83466285546545
71.04609009508512
73.98971755055899
76.46975611194827
77.84722721219289
77.6450815237138
80.14750338531825
81.33317956435698
81.98201299645157
82.60837576225914
81.42805380227942
81.35718643520508
80.23809085227553
78.50139938687133
77.47301145876742
75.43149419528072
74.81599646503409
73.90927151063401
70.39048695805543
67.62022870343284
66.19815608234809
65.63725138261839
65.58091168562905
69.65983982952088
76.5232487100312
85.88898758642323
92.7651504535143
99.58850376974621
106.62168118889201
114.37664120238087
126.17268707509825
134.36322135708298
141.07149959146813
143.64662358950898
142.83125439075872
136.9822999923878
128.79471046410254
117.81832666877345
108.33982772135249
98.33101024867754
91.17905802491146
83.71805895911709
72.20434318666435
63.54849348422819
56.132962235940965
53.93277777553214
53.89236482970379
59.34914840722272
67.34161335229624
78.1992732805732
85.68317684837044
95.93187869417515
102.89476762991819
109.13516258272979
120.17487136861463
128.19835369104248
133.65281403718618
135.99906411970267
136.06132234076085
131.69924039617834
124.66909869233722
115.64862442819268
109.18836241963288
100.93312544130417
95.14918891675005
91.37493777694586
84.0452323262146
81.59440289064001
77.07371523853152
76.04395536195558
75.28803829573778
72.85693134625632
71.35330085311065
69.30929197229827
66.93976803183803
64.67181946319339
61.03547349219761
57.262438216738865
51.28895399403637
47.42664232960272
43.57475319933853
43.45379993172594
43.3036392526194
44.757005657906646
47.615390382400314
51.53327457081097
54.47726874841339
59.06869350058275
61.79036603754203
64.63598317818334
67.50825624581073
69.74007553525362
70.77905064969403
72.8821319553784
72.16779122681416
70.19047816503216
68.1154335430727
64.74071562572833
61.858886721998864
60.67066426254361
57.38615548002552
55.478182184686204
53.8566389751022
51.36526456579043
51.08767484869795
50.95866405068826
51.037329827095455
50.212826423567954
50.065317926854576
50.8746884477104
50.05190379145285
