0
10
e
65.92484833337483
66.15596613271842
66.29863320381193
66.32113294328609
66.65569418957458
66.12251853536047
66.63891618882577
66.49159731694235
66.05542984571655
64.79779095057008
62.96946324216527
63.45334854199958
62.74629193526964
60.951473741652244
61.62143542801001
58.8461668227731
57.61817494474571
57.347993037112126
56.35248766404984
56.89096370628537
56.0626812614934
57.028363013935
60.02261568095745
60.54569075469778
63.32126687975642
62.9872232686567
65.52558589255158
67.76474221381216
68.56571349438418
70.55700003999995
70.63116013337236
71.04361614751251
67.86010617477014
62.57241151930596
56.89164218880071
51.871515938672175
47.427572654573126
42.48002903641747
37.21115329613763
31.765545756720158
25.032398236094213
21.519307610266896
20.19376178371348
21.756010359839216
23.290233186569512
25.83903556299828
30.244279364827428
33.342403677419064
35.649824937358886
36.50651894180956
37.38759863738291
38.10016892941865
38.77506175536157
39.586112200229785
40.653767180778274
41.898267256989946
46.79192815888985
50.6965886602615
63.90696642269902
74.75532056224841
87.09680791988993
99.17680615789098
108.97465523989726
124.87449597789848
136.76281811835085
145.3298103631093
147.33702811829966
146.93975710982738
145.1642650357814
141.87979706140683
138.29594735693624
134.15707345188312
131.71063751949035
130.96256181539627
130.2220718843258
128.90267583286067
126.75202797232595
126.8388490688082
125.86515774999793
125.24508755879802
129.50503546162318
136.63058711960414
146.34453723215285
152.68051120577172
159.67924307212434
168.2060287222543
174.65049186723064
179.8221136558898
186.8077519106627
192.99240287199638
194.6169114922864
196.78895829929328
199.9911388843598
203.05641497033068
207.7170838037126
210.78990230333144
214.91843812155258
222.41443080785623
228.9945148418838
239.52792940479821
247.99185731365526
254.28579472232164
257.74552106169483
256.96173374743324
250.96614279903926
240.57687469102947
226.37297267896582
216.62479371278224
203.9004497193513
195.61697753918162
185.37109465868448
170.84985958304242
158.94083823241485
150.9267555847869
149.03440793118142
148.66503712494287
155.11517577483056
163.94380520527898
178.89032317353002
189.49644841055223
199.7390656107724
208.90434275729717
216.65075461719502
229.02119620759942
237.58307079072765
243.55821798937097
244.7390318204033
245.46949610176793
243.8004229771468
241.45108152292357
238.40712269917043
235.9096076863462
233.8145420831899
234.26447110286884
234.1893385181549
233.3063954760585
235.02767658634343
236.25368755328773
235.35651580849637
234.79520493908007
233.88102955750415
232.79021875226505
229.98779482330534
227.62706249502114
226.57298658244696
224.65107640117313
220.7522278182195
216.00437339614152
212.63368045083848
208.90673787715508
208.2448045015114
208.37240866480164
213.95636506807026
225.49319243327128
240.01992490587693
249.38849952052212
262.511791104004
274.55458747854055
285.7162923902795
304.7640975791559
318.1100626428968
328.389599825643
330.8558420333882
331.3776131727726
322.10992043327076
309.0309651252879
290.1365593123045
275.3805633235671
259.76236341703384
247.29905575917343
235.70656930287646
218.64113979321579
205.09238765107781
194.32396647090215
192.65380241801043
193.1298374708734
197.2609817749507
202.5142875758509
209.7382159115551
215.7659866718733
222.64177678898668
225.83976468989238
228.92567365703775
233.350669037837
236.2514268201617
239.86916393751466
238.9938051341433
238.81784576230027
237.32748137231408
234.38437778570744
230.7492590185837
226.723542717387
221.92465435516803
218.32847675768124
213.57025335437064
206.63983271885212
199.3890388590759
192.95945004913864
192.04281747018933
191.1390550972172
204.78265131162732
222.36437599874458
249.61742209057635
268.38520865717015
292.0904950891936
312.83940679307545
334.5160055305
367.23938922770924
391.99972742949313
412.1826255502752
417.34257382405804
416.6337577140481
401.5466848917352
377.8190731948705
342.4423445180409
317.53184785029225
288.1987324151527
266.01521851749015
244.18070812575104
209.95162730064294
183.8960267976296
163.8074920936115
159.0304542907654
160.38564583802855
173.6565776470911
197.41863640892078
229.58998567102665
254.26182974925854
281.31240729947643
301.49882269092353
321.029693119407
351.0319901967982
375.60920613463696
392.9641107473369
397.2115919306637
397.5365298848284
383.4383908521055
364.88448309765573
338.10314328413403
318.3950469285564
294.78791976445365
279.44707320984156
265.47042059156405
249.29558085059577
236.99296529826452
225.7010555656029
221.11792739957346
217.66369843351856
213.0550280711715
207.51540058974
201.92124683412598
195.7458905740079
189.8590481668108
178.24761488543214
167.13339713300655
150.68679056840486
137.84935775641296
127.80444267263775
124.39905777608412
125.31290379019183
131.27184401027264
140.0444166360412
152.06481909140572
161.17640449477457
170.54182693407057
177.98915321734648
185.7597053986852
195.35893985084405
202.8178918692795
209.0175158240963
210.3710050840157
209.21485621824002
206.47618769798498
200.3115312231939
191.0192168235694
182.50263006366765
174.92523585626984
170.24815238566177
164.31601125658213
157.4002866983122
152.74098245330734
149.96713595454594
148.73232059092223
147.43404585290403
148.11495477955395
148.2227881075045
147.0557369370939
147.6821619956257
