5
4
c
15.101929420255738
15.819143481797441
14.867691987091966
15.54864225023591
14.847672946961607
14.342514700311659
15.570514139856678
14.561181042316681
14.756697236714132
13.678928024541422
10.717265230375316
9.71384971144491
7.96609407985056
6.128063427154411
4.577565666969556
0.20236679869475138
0.0
0.0984229001121362
0.0
0.6877499530181056
0.3145326105634324
4.500715214951504
11.306509311337551
16.071466087107282
22.626613629559287
29.221434039515593
33.434348851953125
41.67130290321668
48.16307180311143
53.132503384212
54.25812653777718
54.56023657622559
50.658532229986456
45.15395476124801
36.48720623453655
30.261174314078193
19.950190153792008
16.08298667682954
10.377431197491461
3.417147367023861
0.9729653012813447
0.0
0.5327396845076836
0.25916053711376036
1.1955679624959663
0.0
0.0
0.7641667890741188
2.10546056664034
4.953768486375224
4.006716766119074
4.529933002958058
3.8287688980622168
5.495097943149797
5.722281134002532
6.105879625767434
7.995897491438466
10.541850738908835
17.7970314990228
22.385899284814478
28.771123075460782
32.094729678911264
35.129747817313834
37.108160937902
40.43144457284117
45.10308063905112
47.30031077248004
50.36499431911024
58.68393831093188
68.9481934238371
86.62901519489543
99.52257907870343
115.49992221825079
131.93503756642698
151.13823576795104
177.4924099664321
198.76531259864646
213.75561596566806
217.6963983877079
216.87075728262369
204.5642807854889
185.5468175830307
156.6365927546709
136.59200202421795
112.4423841325365
94.98531762636539
77.96693438753088
51.90715417081691
33.12967894370246
18.682452605537915
15.976058848928401
15.787474428300731
21.017606128885873
30.40796312343646
42.51926196590418
51.36717486412871
62.4822792347158
66.09752040604478
70.58468978331092
77.17664602141181
81.66335145221599
84.90694117508407
85.9703349334741
86.57416872861745
84.8022839821317
84.1955930785822
82.3345737248043
80.67892767552316
79.55128331054463
77.42884853950457
74.57420735483066
69.31469343882303
66.26065634210006
60.224537260083224
57.68421501678403
57.592396508215266
75.09667087648704
98.80151080099964
134.34025305172116
158.3796689296342
189.07325152416905
223.24238079271038
252.33222809936595
288.8531476484046
306.7008941992939
315.35267799944654
317.44198847542737
320.9852432374761
324.3966195632133
327.082209397642
331.0614915128772
333.1725731409682
336.4807902721478
347.8833832483671
360.2775702032446
377.7451348831909
389.48110420847865
400.2570212246354
404.2876624803292
403.95978027206996
392.9063586874842
375.61839678450315
350.63743688814554
333.005769930836
310.99374642001857
291.5921938151489
277.1453489345343
256.83050336422684
242.82780590723516
236.60485881275696
234.86223584812024
232.07775274638107
228.10666113224892
223.77964948624867
220.56305039819196
217.70871326076215
213.58638548814827
204.98158168538515
197.6543327198075
189.38284465906838
181.4843915998182
176.9744801347499
175.7453870934887
173.69173096802123
170.06004267996076
167.58338083123203
165.0261427104524
163.0721221976088
159.61763812591346
153.29008537477048
147.34115941585685
135.73543523700093
127.67690284150684
121.14998211066413
118.96915413413828
118.90024291336795
128.32557055967493
141.10072968045898
161.0605492856788
175.75965041155098
192.23335424562612
206.21772218922288
222.2575046904184
246.39043326630895
264.6686297364313
278.8446467351398
283.1445711133871
282.8990823951793
268.0728255136349
245.33599200213087
211.30811076891678
188.0135936968127
159.21656055572913
136.84788045865298
115.16575568141987
81.4096817611864
57.607107764401285
39.32208929314234
34.63126736059401
34.26060002593244
43.85643749551908
57.40212524770436
78.80481074796994
95.8935933297367
112.27789572281348
122.53244438388933
132.86572147977682
148.10355609460856
160.85902068803696
170.73119444431802
173.39429294301343
172.0325110327134
166.8266857797371
156.59190992153557
141.7223947480366
131.94318590133983
119.75094488048795
110.4153093233082
98.84589859772707
81.81660777151035
68.4380102096411
57.112813025218664
53.6591375571058
53.62980335704839
70.75686497769115
97.71159644705374
136.21354214544115
163.58954527873084
195.76123900833406
223.17710159719437
249.96427357725705
291.27184167134976
321.6574623797402
345.8699020652961
350.3961254941282
351.1622326373643
340.01358261691024
324.21600984328927
304.3770171052734
286.1701216402533
268.11953174415277
260.9420300851457
257.20004714066516
253.70498295430045
248.67363547044852
240.25857591237474
236.1483838651356
231.32775277495446
218.2126143724659
201.40409923528924
176.3864094835574
157.52755435769856
134.28200803083334
109.48048881118085
85.91909715443788
50.9716577935087
25.451994431689336
5.3264667616533625
2.2297540068571724
2.156937088674248
5.830016311679323
13.12048829871499
20.506299860961814
29.261609669996435
36.09895483924214
35.715765248708
36.76987765334395
35.87431313605227
36.08229499994769
35.54479954836699
35.305401707251406
35.246126079316824
35.58338516049572
36.10292150335962
37.02848817020801
38.93291958807069
39.33928468861863
41.211793532890766
41.48307581513493
42.43983756488779
43.15852289856803
44.751068754643
44.465362785266464
44.91097228525898
44.01749715482669
44.10960130953578
44.54747197552166
45.14078706722525
