11
7
a
15.968829188161317
15.834113607867955
15.491216523776064
14.769949191610012
16.412904323558525
15.428115799378128
15.281887968591853
15.293716606685422
14.443419377612312
13.864973907475662
12.042261525469188
10.820667368035652
8.765652091919383
6.224150745990994
3.7874449269904877
0.9555732626911638
0.0
0.0
0.5743210681016854
0.38478052336325186
0.10425266083593182
3.269168743601891
11.765821915033355
15.246723191020026
22.652180552416773
28.79511185999335
36.079847352075554
43.31301727262567
50.97755569187136
55.20157767112941
55.165042635503674
55.96557891503084
53.11020614736687
46.548073240588174
37.60339056743851
31.973170034637484
21.08759165813278
16.372624253599
10.777808871756916
3.1257935145642692
0.0
0.5116963552921404
0.7257474046984138
0.0
0.0
0.7641873895841892
0.0
0.05312485348675747
3.2229374228917043
4.670044190193476
3.2483065021536532
4.407250590710765
4.090875553255887
5.291977268776254
5.505143132558109
6.20282334245305
8.312854229775054
11.388307157230873
17.91684568033426
22.770645088139926
28.68037938625991
33.270866049548935
35.71663053997388
39.15160967973126
40.93273487492309
44.15063788410591
47.36314668265
51.66891206730607
60.35931452421201
71.22821630613251
88.30080885380428
101.76914726319184
119.26688422037108
136.64407836470252
155.66909710260651
181.85852591494907
203.8585582621756
219.426397432303
224.65051803257919
224.21208524292427
210.96881195440213
190.4625148371658
162.3184120820304
140.81133379773962
116.10127136681307
96.76424104615035
80.24625323611653
54.365097563960255
34.309603102337675
19.44629547201844
16.226724133523966
15.964149396621576
21.514190406031926
30.683169730389633
43.33537141274956
52.40840809875226
63.701395960484845
67.59950726285315
73.58458649563295
79.02833348431332
84.17584503304661
88.19448707924128
88.87168489356033
87.44835123982216
87.52473594083943
86.24907027183741
85.3684635875893
83.39412077507299
81.7145625273598
80.53457163715879
77.68245884760968
72.77511411004983
66.18230716719215
62.15879341836176
60.18725957775498
59.13667037703434
76.72001904672796
101.90481708903884
138.2766243811997
163.50967174042853
193.05236788104747
230.8168406224462
258.5252526720079
298.01903029135457
314.3518189572771
322.871315655699
327.20130273668997
330.1105990599138
333.6801357707359
337.9567630025941
339.94411167056086
342.33225212955466
346.91663592944957
357.64887527200233
369.7382885229412
386.3469895713942
401.6586895231739
412.33471268393674
414.99757664962
415.60710545995846
404.154186988889
385.82307880181224
360.45351710823195
341.95146964931763
320.9615403399888
300.69477221339
284.0463189115916
263.68331479328936
250.15540042996116
242.46123323282723
240.83951448981415
237.67451397546503
233.25996534485674
230.94230385614492
227.74558295695604
223.62597957111723
219.0468135573425
211.558560436111
203.490711128796
193.57165656666155
187.8726991132233
182.5277452974177
179.27211290780954
178.29925534533876
176.14999929704976
172.454436914685
169.7262866534166
167.44062128685903
163.83707432584083
157.6525264521673
150.33607699621237
140.26436703483728
130.59503642908356
124.95963348639023
122.5619917606835
122.34304686419141
130.94972363998994
146.0288933957673
166.29982464683874
180.30925567387771
196.8709631971402
212.87226386551092
228.1430484531001
251.99574496961174
271.108427811439
286.1123289730087
291.2412965090979
290.7125427288755
275.3498417450705
250.51228544390983
217.01161772719678
192.8639637491142
164.33140033606588
140.77332230352627
118.26410018628425
84.03615444694415
59.069169392545206
40.05331736336921
34.4222384445871
35.60019516437303
44.61027948117696
59.19426541099489
81.4974108714731
97.45231092481082
115.04050256612071
126.43364142485486
137.15792120228133
153.2080002659231
166.01721198924574
176.05340656182076
177.31202667368026
177.24710228966617
170.83508418705318
160.3712021237176
145.72900916641902
135.7412750922461
123.02363361217037
113.04609563757056
102.86011444373581
84.58708114096773
69.8762697642053
59.1522751086305
55.32898128034095
55.94659560204751
73.69074911185174
100.57210437397204
139.634369325041
168.30592410806037
200.56890070886746
229.8687460065547
257.0247480624221
299.26002217518425
330.1219837686485
354.485564545671
359.1542452578434
358.70664901297175
350.10211360375087
334.31783528317055
312.0287115172596
294.77253429743917
274.797920732392
268.797761456948
264.13614349906095
259.82686214073345
255.18489592684062
247.76405254054123
242.95315421904368
237.7420590678116
223.57595008164998
207.0088142012792
181.03978836419415
162.9584964558913
137.74100323606075
113.23167979234893
87.98762162923903
52.383098474692815
24.83480790097208
5.674230568164289
2.586786556800499
1.7619742241679301
6.56834261252353
13.306142052276991
21.752871591263435
29.612879322057058
36.696973397221974
37.842131580940354
37.36038601876244
37.051085470735934
37.059655109405405
35.584984117291945
35.836890968579866
36.01629891025305
36.40900049336903
38.20274111763465
39.319884391552165
40.092253021066774
40.56403543426017
42.15530855576467
42.44874490291074
44.365474258005776
44.45395468724021
45.69230340649417
45.457531244667244
45.07841351936845
46.17007487217343
45.96385404297152
46.28595950121462
44.75593058180429
