5
6
e
101.59005663235922
102.72994931828663
101.64254718755673
103.07885115999761
102.3122920478974
101.62092103739175
103.59013235445661
103.31657003434867
96.79225291668514
89.75298021852036
77.96032435985914
71.76404217444323
63.293485391616564
52.613557333815514
43.97985330448253
31.25498822908081
21.44792884817885
15.28625001164063
13.449513696454478
12.54924952625081
15.238966633726944
18.209567913416553
20.2744324250507
23.6402928016551
26.273520050754808
25.733133052841403
24.65947873998933
24.752283445921016
25.618004016676764
23.88549689195964
23.895977747777266
23.584299693939066
25.879980433180403
28.571662253224392
30.478382210969436
32.87120271140736
35.64230859998797
38.43566255609054
40.46298312383637
44.32335306893174
46.79510481287305
50.541743738252315
48.713915498298505
51.045015572203226
49.73836236429485
46.963917325985165
45.64000414481187
44.43681477194604
42.44996486905565
42.124523011516295
39.131934302934354
35.54663989704693
31.956712967086077
29.321371233510735
28.816121517793864
29.904901913122426
36.31095105298547
46.4453339981456
62.0467059915464
72.70917315922571
86.13092054915467
103.01700961975769
117.27046915080204
135.2151272938614
136.09050757298309
138.87374417970528
138.7055188663894
138.60571709125895
140.16322738708368
140.65347117789392
139.9522043769782
139.48311745752414
141.0842661107494
141.51137364139214
143.2310516311904
145.0046413193652
146.43558843268096
149.51605031872487
149.34949081456745
151.08841512507627
154.55692123735162
157.96187479743745
163.88756142176206
168.0812925594281
173.7618342510078
180.22540174498977
183.8717347430123
193.43450660396655
198.7152733729665
203.3908338429774
204.62032090097443
204.8477598426401
203.4194114014082
201.74982162240627
199.97816299451253
198.72493154914665
197.63208854870783
196.30542022865805
195.93957744393535
195.36177081410375
195.57928507099837
194.1197779379677
193.04278509316293
193.4038313740932
195.43414147984535
199.8160798445023
203.49543356883567
206.83328014489973
209.49793583422283
213.00903707947495
216.70108977180408
222.3135709817521
225.5786552521507
228.37904976817418
230.68610900773518
229.41134568790437
227.78529013975827
222.5335499190311
218.41382947249875
215.23251392525074
210.20213775691022
206.03596017647217
202.7134169566429
196.84073941343172
192.29890146330055
190.22751122461497
187.87103784514014
187.79297653501462
191.4807286626947
197.67674930157543
203.96846774661168
210.28957486289082
216.6073007732152
224.56944302493648
231.34474405083517
238.23341933232433
238.34719304432974
239.39033741469083
238.83860034388144
238.01909948959238
239.0709665169162
239.77402813906815
239.2718426658649
238.74230074844868
238.93491074861836
239.24280791193917
239.5377786869992
239.26702140351645
240.05703310349833
240.46566451888074
240.80870252228075
241.48758061575782
243.73246319161842
245.59261803049648
251.5994706457921
257.2899182278624
265.32152647448663
271.9597503023556
277.65669904784505
285.202053947077
289.0338293944622
291.096507384892
293.1007703667567
292.71710070078336
294.9712982830692
295.28150711124914
295.37194241255537
297.4198980636218
297.3533045385557
300.2462312879182
301.02751971221505
303.66799009652664
305.2520049862779
306.1693324979983
307.2537073693887
308.3262767317582
312.4696262548452
316.0386214822391
319.6212889096081
323.7983212375329
327.1076071158029
331.6093810940617
337.83279321703964
344.05869309849345
350.4680904573621
354.3387381552591
354.6493993150691
354.6946963335827
352.9734238367708
352.0183893535879
348.75566904552437
346.919807809511
343.59959112243416
342.7666429792817
341.96122726010526
340.8419125099967
340.09865746866564
339.0827023809957
339.6723748012044
339.31185016633077
339.48603199095794
340.770834154343
341.0121598266055
340.37732309851725
340.29891337598315
340.92016423721407
341.75832245089896
341.58645889862623
342.6607845343705
343.3560482458672
341.95073441423233
342.5579351090998
341.29009310835056
338.22332400407726
333.3400694192093
331.5997228128462
328.4424186496781
324.41217975511614
325.0187545802876
323.2824683440673
321.1992154521843
318.8148332066657
317.12595746158587
315.31896203821776
309.45712710421583
303.09010818807036
290.1823743689329
281.6279358310969
268.3614956221457
252.62932879914547
240.5278567916447
222.0396700583768
217.4241502257792
214.8859260749855
214.29680149994394
213.0795424509276
211.0091819307283
211.78054387540277
210.5775897903553
210.6895920604163
209.7066006185382
206.0799262090229
202.08952916454209
198.09250105247463
194.56781174033645
191.09081629632195
190.88184594621876
189.7158264610243
191.9652487183138
193.7351703569664
197.82340220812262
200.25177554473098
202.90459837765184
205.16148269195935
206.3228066048423
209.95651160279243
211.8412516640674
212.81750806477262
213.95149013991002
213.92756335586515
211.73461551713316
208.65845600301512
203.1555996290769
200.5804202139705
195.37072149787005
192.39697163808412
189.36824137181029
184.875493882877
183.54509790621427
181.6822607799904
179.7646517045701
180.6774339703916
180.15502119692786
179.3067506027183
177.86770178943854
177.37833717733284
176.7916290433058
174.95912645207355
174.71024707841053
171.69227927374936
170.37345257348028
168.6523213824633
169.04863737365247
168.71100511272493
169.05699205148426
168.91343018727582
168.0528942978717
168.24193724695735
