5
10
c
173.2212620180945
174.09219867638018
173.7394532490637
173.64759074372424
173.8485424385776
174.2778931295192
173.25472993763165
173.13300893503998
170.92292497367563
166.61037397402887
159.5272235999682
156.06898297662173
150.9190444367348
143.51945987262465
139.9277735207872
133.08240864565437
128.66842250730014
127.2067986394887
126.56800120226006
126.10663304987116
124.56830857898899
123.63307686737869
122.88508031034695
121.70344724311032
120.42652750108067
118.88793000877024
117.99994546045585
114.99780607578822
114.63753696051437
111.95423857856031
111.40945652871649
111.30877104491387
109.887702806361
107.58891272494039
107.18514943508512
105.32177809366601
103.34359069681514
100.68939132433283
100.39224103350111
95.41356119403133
92.32915804453408
90.39170936669395
91.22478267707321
90.94300842906972
90.66926031386397
92.67766595285886
94.86372800549155
95.49255829264666
96.28936561533403
97.31418643696577
96.80105737928317
97.940045572648
97.70546944409475
98.92339555185433
99.26494770776262
99.52936136774169
100.72604429713037
100.53897940837835
101.5161881704204
101.90929438851526
103.13577716613389
104.53898228869022
105.68861175703736
105.68905616094203
106.32680533437893
107.10839039396323
107.57800155732455
108.44876045356659
109.81197438859299
111.74397139271592
113.72061401960197
114.85908851357884
116.57975255027004
119.34651707263782
120.04252057475675
120.92235251441582
124.02435460059938
125.28398874988518
126.19616520048592
127.1351373771955
130.00414264451672
131.95013046611808
135.7725963311836
138.54724472347002
141.33615015853255
146.0298165566717
148.55438477186462
152.11467294526457
154.66832781518374
157.35928490898982
159.3685412010708
160.86545642130295
163.79538622894933
165.69108974670038
169.0868606307987
172.28595456224335
175.50696676423183
180.39842261553633
184.11701910773482
188.93652762062123
192.65783866678504
195.87203496336693
197.22617811264212
197.65437370805245
199.79087523203884
201.48735656512378
203.25236761676092
205.67689172643296
207.5096396803551
211.52198252212887
216.01119512142344
219.89969861598613
221.25759622118736
222.8425511937298
223.24143814279924
222.3947884340853
223.5002126774642
224.25237763854193
224.4916112207904
225.4037953199077
225.1633184499137
225.53261347310902
227.33793697640834
228.98848469702781
230.74659090850741
231.2828964239714
232.2496881497411
231.14009182320848
231.8050362095453
229.6020296744219
229.17227223998358
227.50540179584408
227.62903721910112
227.7669379983998
225.15093600287307
224.75522298440413
224.1189318734406
223.02837663041467
222.9393568915579
222.65040066113295
224.54686556219784
225.35814940428043
227.71001395564488
229.5623362656639
232.15088528007564
234.3312391403408
235.19515155259643
237.61889561239036
239.36190910998542
240.3166918938347
240.77271651744735
241.0677261623405
239.27126379135726
240.04780312682152
239.64845749141946
239.12189073524627
238.34822503368596
238.27110654278954
238.26667468289529
238.15485938703875
238.684186401942
239.2759180241091
238.90838304809353
238.4386903188223
237.83458150575245
237.709511831428
236.85207202067411
236.41663497258577
235.7378403771624
236.3611583487276
235.6718675648654
235.81898111683913
234.93350529148256
235.2922562230141
235.12554865822452
233.43443417208812
233.26289735892055
232.2089505321765
231.19652333829845
230.141484776677
229.66521953828413
228.37658410444797
227.64643907563223
224.31331412551424
224.24902343548268
224.30903617252002
223.98114308097834
224.7249129537477
223.0688328098731
223.2870459232975
223.86188321425772
223.34467234271446
221.80813190020257
221.93893174153112
222.16244225085532
220.94343563054608
221.03525764771538
221.41821589320486
219.66054608214301
220.31323131338556
219.55690000744625
219.84039483160782
219.56709467440461
219.0411017725394
219.10974292239567
216.21565074876997
217.4475106281274
216.30615656669525
215.90748857488643
214.9690938586508
214.57898153177547
215.15878492275561
214.99880054670635
215.53806245160789
217.53492619294454
217.32781254524295
218.6727937069979
217.93549736620602
218.75563722285605
220.1372530614037
221.4732101187285
221.4345187201162
221.5697949887878
220.4888826533331
220.9460748718292
220.81709062784134
220.64989506527715
220.49538108794022
220.61206671951393
220.29174557497007
220.6321685196528
219.66385196495142
219.17024258743015
218.81747265057967
218.33449877911175
218.88241788836913
220.28553244947867
221.94292500626466
225.53718120875794
226.72146644501063
229.47705769576308
233.1206931627973
234.44303634766996
239.0603396957286
239.39178023912982
239.88301020991253
240.22643168145123
240.27433322739387
240.92513305261895
240.194357696921
240.82051746858585
240.4466375224362
240.52972193091017
241.94493271117244
242.0656664908022
243.38674587990815
242.80976102625695
245.6365115782132
244.77140632477858
245.20637361190077
244.22796592504142
242.1707928238772
240.79176298359735
239.594485607909
237.52355718794172
237.1608297228267
236.92248891635677
236.9563619072724
236.35656660923664
234.9309039226661
234.7086568800858
233.92455312865943
232.08261498970043
230.2909887946456
226.30921171409207
224.09315009257534
220.66785092369526
216.43977114957187
213.9018071463287
209.80718151967787
206.27350732632257
205.33040524807046
203.79322027730657
204.22261009602124
203.85606720310147
203.7899933111561
203.81318041766042
204.02248898352795
