10
6
c
57.1059929621235
57.93324481303727
57.542316753890525
56.80497693647841
57.41468910448036
57.361857748891985
57.76714792941589
57.77809085794872
56.14923658690951
56.882523464604425
55.32304157409858
54.684405323200004
54.194036303776464
53.925624730785756
52.77226712130021
50.806086329758756
50.6499965516762
49.21648382107208
49.34213956555753
49.26586062993211
48.809678700797484
50.445909882600745
51.85640929646543
53.35759313143793
54.72892268362552
55.85022237099566
56.507678685489225
58.05884650704985
59.696040978692245
61.1269553140181
61.14776254992788
61.577342919563975
59.64822196766563
55.28449500518066
49.390550439496195
45.88743055372307
40.63042226293346
36.97583479434213
33.671883726956764
27.987170306013905
23.50994736531039
19.72503935215566
18.768597960476228
18.334699427996572
20.078917900605347
22.540624350502267
26.348001739797024
28.694252414279127
32.03462055999544
32.09911773547939
32.617818303572676
33.10388493611261
33.00327668065758
34.41649620730421
35.23171979183624
36.77668630561844
40.357644575318744
43.84529400614746
55.124237984093476
64.69723648900373
75.46805034673801
85.82017256968713
94.53443614199847
109.4216756215861
117.87334405117583
126.72897201468943
127.98331099117766
127.41062390014167
126.48851774514272
123.12645629302433
120.20500573734243
116.96694078974372
114.27883904701211
113.18696173240744
112.8732741463198
111.21494179588642
111.53764684470077
109.99920565335606
108.97576544584246
109.76787921509235
112.35083036076067
118.25057650433679
127.34122050612193
132.60711674777582
139.14941674348592
145.48663980010699
150.48989875616527
157.76797446977218
161.86611853016456
167.42114211586144
167.9893498282794
171.03681573212305
174.4730166328317
178.0217803639423
180.65965393149543
182.7653917054734
186.71130825642803
193.28075569363875
199.96208763251315
209.88239481110293
216.21113723734746
222.57294678784672
223.5073917841657
224.63126661052897
217.33497587341037
209.14036333144995
197.01589006647666
186.96590403596434
177.75415193021766
170.11826388476632
160.8767728303055
148.80712090552413
139.2386111651306
131.6422199380128
130.2006602738513
128.09849807460495
134.56916670467402
142.5067808544429
155.0186162469661
163.83059113764733
174.0151295927067
181.55169870523332
188.11055354939504
198.63668539398313
206.93958524217243
212.4988257588601
212.80883305701886
212.88553583927919
212.25677020270436
210.80832491784457
207.84095151548541
205.33577696952347
203.34380323762568
204.01999270616645
203.67858640947475
203.24286573280617
204.02888661671662
203.6624119512533
204.1776494331986
204.58999728454984
202.61511646104142
202.56487920694775
200.43822569767786
197.78071293250844
196.64277956220752
194.55821205079812
192.14820706743578
189.0379423571419
184.87397721812965
182.28794237495444
181.19484322262534
180.19021369983233
186.90202838921888
196.76350930685598
209.07228640820122
217.6843371140162
227.96581769190578
238.04386300110912
249.037018027328
265.0268189362604
276.76678006571143
286.3158262104502
287.3935647597022
287.8023813019276
280.20714913691046
269.0079205588657
251.42590181641506
240.20199859603883
225.76819796600424
214.53056742685843
205.5396373893792
189.61134804823575
178.41115819797156
169.6632729746956
167.79482111169256
167.7162517225279
170.73780928421155
175.8008070753519
182.30325817513742
187.24983482612672
193.41103273027971
195.86631469362436
198.54948681195418
202.4096959602477
206.43670079708303
208.2242996853636
209.33026484069526
209.4312298156096
207.06499482179245
205.07899952054908
199.3365956677239
197.79927040755481
192.66887089081956
191.48615477910744
184.56237431669211
179.4947380500865
172.89935840691666
169.15950172795323
166.61554370522907
166.5955129430155
177.8727813165326
193.40335781364087
216.82092574165003
234.28980623580082
254.09316789341645
272.8094457400138
291.0230249568534
319.4568239514143
341.1805029539922
357.8232334115076
362.8402634931375
362.26716772172256
349.2117428211543
328.3369597259233
298.8470812330748
275.8999951990668
252.0127976763785
231.09326427546094
212.19415865487835
182.21346582755774
159.66417644486026
143.66760386789682
138.388291126161
138.69999359444748
151.40289409029327
171.2253119576637
198.9995106307976
221.16475511433256
244.08380885164996
261.4194248627818
279.78480101301415
306.1811006278424
326.2569977046995
341.55689427030023
346.03700843606356
345.86884194876416
334.4709060150079
317.115566695269
294.79121176583294
277.8784346961289
256.7513867488234
241.55208888400696
230.74614066970412
217.14549416202988
205.48589496962447
196.1377858607625
193.37002246982058
190.1573578229562
184.44289995629256
181.2366383516514
176.23593747165208
171.03138312644077
164.44502355568628
154.75200039561597
145.5687532041431
130.7975010142863
119.68348067985177
111.14776132244765
109.78870599570178
110.47186384346344
113.68015129559237
121.13318458060834
131.5407309115864
141.01681748083507
149.1524715264182
155.816928543726
160.45568626823302
168.88629810642783
175.07718918391123
181.25159439701895
182.71511943685238
182.83001690998958
179.17722982305528
175.02017552126011
165.40406126216635
159.17663362338695
151.58546759755396
146.78585184519414
142.62681478260393
137.03239273254826
132.39312733209013
129.47045910815567
128.8196918648043
128.79607395967807
128.55987677446302
128.09803370579874
128.7159458730252
129.14766151094295
