2
6
a
113.59519941921411
113.96689333493416
113.54909259568551
114.56107043880434
113.56203756872891
113.5884863644367
114.3694985610298
113.28578737788803
109.7352763172975
103.49649516113983
95.62340857265805
90.97252494497751
83.68304977248461
77.23246715503556
70.49572394068106
60.818642221870434
53.36124988090059
48.27586509078581
47.71898411747401
46.74884714515464
48.61745144925257
50.90954978529482
53.48519691592698
56.22462996403951
58.6062537452924
59.18223757334112
58.894373777654465
59.312534420581464
60.33714513463967
60.56533511415449
60.6158078643558
60.89711536291609
61.79207309547022
62.82565426349799
62.7851595431362
63.54794586863447
63.80728958192868
65.26372837458324
66.56735538058655
68.29597720044283
68.82834070598454
69.86431197403309
69.83792398425895
69.47394791923814
69.29399180824265
69.57075499048058
68.13271322029993
67.52388661797788
66.5809408546968
65.70870292147245
66.10038670425155
65.4884930029607
64.31882884338268
64.25041493506818
64.44535328068126
64.75193550805955
63.488841282962476
63.64988898247062
62.76609357678398
62.68121162666664
62.72069585168698
62.58857983050046
61.05154322561644
59.76241435953271
57.11324634399327
57.99100918969381
56.20884671923259
56.116757044723215
58.82593082184817
63.46400315516837
70.2185140747844
74.19248973124712
80.8261734520277
83.95259087086569
87.02899204156851
90.14789014534618
94.18114575943643
97.65781688441548
100.17489467992723
102.11614278713185
106.4882001351165
110.48377781323602
116.11609630786712
120.41942861208294
125.55585954825624
132.72849732817127
138.3873817162525
148.690344715494
154.85573534221908
160.9490335551506
161.9004628646021
161.06330562016475
160.27085369328972
158.20724221377446
154.98471983341028
152.3905901785367
149.39219953784087
150.10974580243425
149.98054396531282
149.49044412846345
150.67863086825577
149.7735305411594
148.8449221391946
148.90142676575363
148.16290426035482
147.34984837373267
140.9561573171828
134.5970427444068
128.0086413028355
122.96710152614764
117.04633075198146
108.98326378679987
103.49561676544468
99.4615582663674
98.52852847262089
98.57773380773997
99.77481299469899
102.09589541295047
104.52665177275425
108.07335562422678
109.79067770284175
111.44647504185839
112.41129711240538
113.32617764061821
114.2044726594622
114.19522896533105
115.18140622726115
115.06594450973971
115.43140391669198
115.04758186666166
115.35832449363404
116.37272406705236
116.56489571822962
115.63116022536705
115.86288523514087
117.02890253669376
116.41454789829824
116.05199624174114
117.00738832889239
116.81946748998973
117.2819054670646
118.86068847986796
122.54752522827995
126.0967409762818
129.3835182332827
132.16669225489878
135.0221384803973
138.24509541217847
141.88034273033387
143.9333827255883
144.40991180728744
144.39052938674354
144.6328333772267
142.94469413055816
141.89514989781264
141.85564175750804
141.04934809223593
140.81052361974736
139.5854345316715
139.49042053906064
138.33900130238956
137.6288454728835
136.60393330771487
137.8553017581797
140.02026514380043
144.1245136546673
148.36591925972752
152.36841846912293
158.10946773593312
161.58346954101978
165.92623212946216
172.34882434186557
177.3501488743467
180.33258168688394
181.05194344611792
182.05055092583078
179.99195820021
177.93454182549902
176.31884685347327
173.92941037197164
172.9232097817022
172.45725174486174
172.63862859784942
171.67623258812614
172.37315970814333
171.45251405057567
171.1007743388528
171.25048487518572
170.26174864034851
169.34373231487785
168.5157499816548
168.39863222385696
167.66132823469297
167.32317014266246
165.60695516411295
164.99115295513266
165.3276549022796
163.2456638318808
164.20849940249798
163.1800032794706
161.86338385759444
160.50721237633542
157.41166798596177
155.47442929022492
153.6604525667078
151.68461996428556
148.69289043194422
144.8055020260451
141.39215047408015
137.7290018367655
137.73364837593058
137.297045021284
140.8192804236805
145.77424076875224
150.96599995340603
156.10068617123676
161.50480604656258
165.91525449830377
170.8207238914448
177.6477643834997
181.246644131753
185.5146115989245
186.95050716852177
188.39134905108966
184.9897643028031
181.26792379404336
175.13128880900402
171.46686781263506
166.68570420142083
163.821457679442
162.1494364631967
159.27856706688382
157.47442791222576
154.18891589802593
154.2891205921126
153.25478885716814
152.57629807361087
150.83494836621972
148.85560803868566
147.12001713169124
147.0936845631738
143.13648542183952
141.40597712263383
138.45277650685443
137.09282392244734
135.91921502795324
135.34446926969414
134.41822527185388
132.8453473649326
133.07021841794784
131.83376796724198
131.97417003170546
130.74670961290064
129.7464602223047
126.95118801074553
124.88389377963905
123.30766035142429
121.72780210551878
120.70130998528437
120.6472613312382
123.76613023893603
125.88904110693987
129.71777226953338
133.52192413994297
137.39831603328795
140.27518957922064
143.46890326175688
148.19849576315275
151.7296231439616
154.75873485495305
155.42974294417505
155.78758906903667
152.42244804901438
148.60214078549066
141.9917648449114
138.54570745778832
133.50703850797444
128.32137339205295
125.4436360029716
122.09159304292338
116.69271810147256
114.86381410580495
114.08674533629954
114.59073222756152
113.97394917403334
114.21551970433377
113.22444649890643
112.86936308411468
