9
2
a
124.0912674871451
123.233720612199
124.06053084474541
124.30707408031263
124.36522241585367
123.62305299145699
123.83062625296591
123.77772605001223
118.92901135889954
113.64828325401773
104.92407425866678
99.27328248956178
91.45349301453865
83.53397361334908
77.70201867653769
65.84397653592103
58.994586394647484
52.041494809482565
51.27195809133577
51.43146521021067
52.25688164724413
55.09134961747392
58.202420636256754
61.23742919490537
64.52049914120936
64.2803419970886
64.81345245458168
64.90922644723432
65.33696792574432
66.02478971373357
65.73917369217156
66.8180729247019
67.75640784892929
67.51916338073778
68.19331543043702
69.3266775159737
70.1689921473864
71.31313423707775
71.62791576497676
74.8963124123861
75.71469230650798
76.18994431237199
75.67584208048208
76.78818290393778
76.2841246958733
75.06836331310097
73.20913036536254
73.47702418750016
72.282845023027
71.6949939026637
71.40808964705104
72.3426649598148
71.5975876451544
71.45320832055036
70.440942888837
69.57796763610503
70.127016315382
69.29173551524929
69.28051639859835
68.83292827037653
69.38261941675766
66.98393757943187
66.51522570659901
64.71396500030235
63.95012489032832
62.27861379636163
61.29051851461204
61.13929263662889
64.65979983332163
68.95765746033197
77.14987275097042
81.22318260618418
87.56315136827213
91.17242469519094
95.29253301768817
99.66336451521624
103.02888855061194
107.4937859835566
108.55133291224591
111.62356394389971
116.19647223812792
121.96869380176885
127.6513245273373
130.74603881940232
136.54926996302277
144.3792751367711
150.49407399156382
161.10216386263485
169.22110865193386
176.25839592579416
176.4147468059657
176.0762118969772
175.44794506803728
171.88438892454263
169.08618434129298
166.7968947839785
163.71316053539567
163.41824764465258
163.50548151330094
163.30748232812078
163.9087742064477
164.1781063517069
161.6418019396883
162.64251162011576
160.74046501676665
160.219465641291
152.83673586250308
147.01751765443478
139.03104774097412
133.73985160921325
128.11963967000833
119.53564508778256
113.15865987656991
108.76670765237695
106.86673306554535
106.35889246342855
108.23411300936137
111.90704984370288
113.9820704452638
117.31927536250063
120.32978933878657
122.1068244587103
123.8380014030331
122.55203806757099
124.66127580124383
126.07564593018283
125.93909827612495
124.97155896126017
125.26610147627964
125.76328257671074
126.40194653459208
126.36369335911816
126.94205106634439
126.31274909133377
126.95357958290914
126.62369059365825
127.46757547634283
127.4448622406172
127.54527559555721
127.23834988242292
128.73061406469142
130.24697059013104
135.05452723002483
137.35836666532037
141.14152619705754
144.78105807624684
146.4971142522307
152.20700743375133
155.15670668021778
157.50666354107025
157.8746806949073
158.60231904989988
156.8245034978372
156.95073393780177
154.87804755688882
154.7884157627765
153.95614664036347
152.7591310212794
152.11656817992338
152.0134729773865
151.5106242366369
149.9317885424682
149.52693929852757
149.75892508148257
151.9403636448321
155.82816290160756
163.19109043148202
166.7414130595173
172.63414882337003
176.86892838089634
181.73310676862698
188.88725169639002
193.90777398477712
196.60937053228034
197.05782137064196
198.0116402798157
195.94511595075164
195.78407836109682
192.88679050434288
190.47968383026404
189.00357940379212
188.95316986886132
187.64639593271434
188.09134028692398
188.75199726082252
186.6693401827084
187.26085403359895
186.7591439925113
185.40135745066567
185.68363956086492
185.04032069949983
182.73899137605378
181.90699197020513
181.2321527972769
181.73679487293205
180.7498781903419
180.66980922740956
179.4678288317973
178.60324568836083
178.41597311815107
176.44636286885606
174.8590063020871
171.99659182010862
170.32062233112097
167.65614576280106
165.26569168602782
161.49405015408206
156.9912864033587
154.61004765509824
151.01203898866
149.66186685222596
150.8866097364183
153.89816253364793
158.16149505898676
165.00605849103033
169.86172583458458
176.11861244135085
181.87843194456195
185.54985419931893
192.82122874596521
198.9842684180602
202.4830832637724
203.81325166542302
204.6126034561156
201.31304302644347
197.1096804179325
191.63853490959318
186.98191255656292
181.56244493177246
178.4804249852863
176.31989151672346
174.72279846294853
170.7927677362308
168.01945442711772
167.63678904772445
167.11867041735314
165.14682241558523
164.40062340944965
162.34728095431043
161.22821978582078
159.90675170157738
156.48155057740433
154.2216878114351
151.33369679109092
149.6665302582681
147.45037775597572
146.9267316342858
146.57642564441025
145.6067327574997
145.77612733492154
144.45448401419958
143.51184258726857
143.4442203861577
141.86149464563982
140.1250169183466
137.5739713860848
133.723102594894
134.0174536277939
131.64017897661128
132.5428207268757
133.41347466018075
137.75462155200998
142.07874312488212
146.06626911053223
149.5298103374819
152.64255454694228
155.71176488593397
160.35960349750968
165.1664881629919
167.99833848487864
170.12118636454383
169.29591438181754
167.2036187961645
162.41254027336936
155.5491268011009
150.68117561297467
144.92557003248857
139.80500529169674
137.0390175543706
131.16314243466837
127.63320186363293
125.09242243086179
124.22849686058791
124.21126923887445
124.79516898183985
124.17094950996956
124.51959950802014
124.91733473697853
