7
8
c
126.09113052458524
124.9333674732571
124.65228606208213
124.78331039358261
125.37492177174076
124.38320164851721
125.09882354053039
125.02000611432007
119.82613060271582
112.68948896885347
103.20301457378449
96.4314523898818
88.52678024300319
73.07724833892152
62.0989720185668
50.902942007723325
49.8796188187637
50.60373917976115
49.812584945253654
48.610143388959834
50.04415676472
50.01854406875352
50.499600289888356
49.02498072031061
49.23260436961313
47.381390600863135
46.803874388397354
44.623940181611815
43.16494753094957
42.46104890445401
41.51344728865925
42.27958412170563
42.33995653021467
40.889886565940245
43.67554197782163
43.83234532419571
44.0998292616232
43.85261198157769
44.17867559934856
44.594756319872765
45.34069604325423
45.81086099128281
47.01521133138943
46.428610340186516
44.76204320903794
41.356969602264456
37.584196807092134
33.754762237873855
30.205745732531042
26.81365838707781
23.454909057064416
16.92038263751625
12.638008229951502
8.745880711801018
8.657014751073715
7.34646392994358
11.470952065266221
14.992942326370208
21.55136853961079
27.37375597391385
32.970606168741384
36.7730553027897
40.88523882066475
46.42861235305148
51.81543761844441
54.62918425324464
56.3872918641144
56.18007126716273
54.381288352276755
54.15421738808255
51.34053182620483
48.53447102733431
45.68336251175461
46.87555939565799
45.06018324734948
43.537576595697224
42.46214056015432
41.509747082979075
41.6370598273893
41.16716451792272
42.63951049498663
44.44780041411266
46.543599357477355
47.133746691839576
50.01249374832717
49.83097070543869
51.00700628996504
52.576728591115284
52.94113557226994
54.317206142231356
54.45841069196369
54.957624456602936
57.31815198199297
59.41554917307761
62.94342362127972
64.88751228639332
68.88071936031834
72.33987666103593
76.21724469606289
80.57992867414701
84.49599246743774
87.87108693129457
88.73699331816451
88.239319097891
86.71493816920798
84.81773204789523
82.06338046984166
79.94292767900674
76.80634704342832
75.91731133302677
74.18652121601838
72.19017012709307
70.7002988380319
68.85687285495982
69.33501958814765
68.69951363502838
70.6372041766994
70.58349713628215
71.74035317718199
73.22863218299989
75.28663799478869
73.87615916370396
74.79290592907438
74.798070096144
75.86475044476175
74.55825444764231
74.9072585361968
76.03459031437146
77.11606046670373
79.981840437892
85.72146739139528
91.61048584521895
98.8578117603544
105.72512535655957
111.29907209158128
117.13544451885072
122.2217928171912
125.7442192781574
124.6512202049799
125.33277826284984
128.02062559100708
127.71513579016847
130.03261641497065
130.81416502022498
132.27716041562178
133.28115992232023
134.60386513712382
134.34687698052812
136.0316366757889
138.33551729099915
139.9084286098975
142.39509484151756
146.0053430722326
151.6334719619954
168.1751231560916
180.30862834746046
195.4838556197325
208.33569950318935
222.49794225695976
242.5709489142286
258.1260150877646
268.75506124765536
272.0159509908903
272.8237227601419
265.014696880072
254.43351369896627
239.06248412903736
227.4095737455182
215.0029936709321
198.33464134105816
184.20916860403784
173.36797068567788
176.33002901599144
176.87787415931606
177.86713549994468
177.64957888014357
178.53072963226123
178.81231567924297
178.23590483994852
178.8572844084552
179.29233612622497
178.28141507522574
176.86723237137858
173.73903457447972
171.57159754217818
169.61446604299653
169.4743777798865
169.0713714725922
173.49068638586525
179.48570392893726
188.8719468644947
196.4497000894897
204.03046468166463
209.5733992252617
216.40086650928077
222.7350969061494
227.73017513551784
233.56637803728415
234.99315118145256
237.03080853201814
241.232934487828
243.86938846465222
247.51311588194818
251.85099834331828
255.97634242925113
261.76270716118086
269.2866067060787
280.60778694574077
289.4469421087724
296.3691283864848
298.31207118065413
298.54026126605896
290.3388177029343
278.8320557828167
261.40713036999466
248.13050400453494
233.97733702091665
221.47364574323927
210.95859403973046
196.956661462711
187.80221968071385
181.12458189027413
178.38057961621226
176.99173514259593
171.94005046373908
169.62337089444947
164.7530053249936
161.79726190531093
156.37617452363543
149.35592883809306
141.67350729504466
129.60985629307908
123.56060852957519
116.96806295978827
114.96664881541552
116.09723521140955
116.89908825841164
118.98962118994339
123.33140902530043
126.56398023092366
129.1598797166445
130.77648988184
130.87188318040802
132.94763278556897
133.9495098462844
133.85604066505138
136.75127700450358
136.09032612424738
133.39715691211862
130.3126680999146
125.47662893511581
121.91208310852124
117.95609891874503
114.70363343313836
111.6052596599585
106.49640985402172
104.2538295073001
102.41525086590549
102.11528866473529
102.3349885657555
99.9892177281357
98.65480504100996
98.5197371106473
97.6115989162509
96.17910773324783
94.00893643886414
91.93697916477282
88.4624601717625
84.99757183852827
81.76772722561111
82.41526836586647
83.26271671481818
84.41269651731257
88.9285610118156
92.95286968311542
97.99721863006204
103.18485671216449
105.52330701805376
108.1406315473778
111.8151510362484
116.51008576832436
117.81659319284165
118.9700758979757
119.46778577486475
118.68490157301765
118.09024021719533
119.40360286470882
119.34740068296573
