11
10
e
14.081248215305452
14.188737829228366
13.365470420271176
13.278075303326785
13.76154694745749
14.95227181290943
13.696757441069929
13.44380844380513
12.752927701960553
11.965627986624193
9.801352387053852
8.987882977132632
6.983629011547931
6.027879548647864
3.678084915225497
0.9340729736962922
0.31199161012146237
0.0
0.0
0.0
0.0
3.4589929384757068
9.948381163270355
13.725147324554872
20.190372398876004
25.73784102283447
31.230435356285515
37.24717065253423
43.93077258567455
48.696855496913415
49.437265676484024
49.13700718031674
45.10452583440851
40.236185853013225
32.60267597593943
25.846309418131153
17.765231262955275
13.457994518879207
9.338384277138532
3.1236429524803544
0.11667326365820589
0.6960786070211431
0.0
0.13711850965899
0.0
0.0
0.0
0.0
1.0814228785287257
3.8517509677316175
5.250067410721817
3.331862938793294
4.297728689158446
4.0249056804657535
5.629359104985359
4.865300556963836
8.561981719723422
9.10280138914557
15.391330194024375
20.58040582240771
25.039937428685093
28.990120061755025
31.14352867154331
33.53013576259396
36.60971911770732
40.01282526613111
41.94936312975489
45.004610394673556
52.268013232514505
62.92226193893169
78.36644239732352
89.37642729683775
103.86492780356815
120.31608956375575
135.34796716769378
158.64421615812358
177.82715808660714
191.32111493262934
194.7392235661321
194.7978037972428
183.78549564721936
166.1060428361357
139.96101662946876
121.90729186660221
100.99671645866123
86.02679056060565
70.2541275503266
47.47605389868636
29.698502748140445
17.523924638635844
13.84189455472853
13.880096878021735
19.30594162341447
26.906815681412716
37.36241302123533
45.999064589828706
55.35909786015373
58.855703608765474
62.85232464060938
69.88851577447181
73.48614979531563
76.55523634017314
77.09773516001223
77.51889906073984
76.86863378045432
74.28161144432522
73.78363421845903
72.91186588147342
70.5755137265623
69.3933402184425
67.27253415969102
62.60955064045656
58.08376272007121
54.14107553669518
52.237610333071544
52.28799962915692
66.6595809607528
89.30030152117035
120.23323604491837
142.51544932942446
168.65512513618748
200.92445531104516
226.25057220808748
259.8889300801748
274.950512186544
281.671846486109
285.3604000085621
287.89701927126424
290.8280409552643
294.61739901306214
295.91094244290656
298.7776485550101
302.0754506126959
312.7512718075601
321.10634539510886
338.1358076735254
349.6530302630195
359.98533901293405
362.0302789624236
361.2262997038803
351.6159975515889
336.1004694967518
314.56433448252625
298.82077634392147
279.37194017959075
262.0145597773183
249.76039472592154
230.27136922191042
219.22742196630165
211.67259684323656
209.77556531131225
208.16571626187576
203.32527189097627
200.87340142738032
197.75451395059653
196.45848801562545
192.1808574504805
183.79330053770713
177.21223598902318
169.3579372429148
163.1672297431995
158.55757663839327
156.75447778671906
155.00223707959927
152.56707178701726
150.33216085290874
147.8810140076908
145.61790288176002
142.6753284508261
137.7970124683554
131.49432822735807
122.3597184765982
115.05333169082871
108.91855882983367
107.32943385384061
107.67772029438478
114.62362683020024
127.82591184330767
144.81786414694676
157.38063115242184
172.67534172967865
184.0675186510956
199.16404490728294
220.2705810125445
236.87222299009466
250.1613438751872
252.51884513575868
254.05039384612107
239.2765290402937
219.21573351701835
189.41884638590585
168.71869035165852
142.5938176559663
122.38047081356886
102.90667985815362
73.09648092609447
51.164230307219455
34.408685931680544
32.00216695549443
30.798566052017968
39.17961348712305
52.74180901628979
70.79223595887662
84.5523290946541
99.7787304400164
110.03678893120446
119.36467486593635
133.57802024311053
144.56188418745216
152.93765344155432
154.76300389146107
155.7088428305376
148.6555626631879
139.55875665700188
127.5662790433909
118.62394398989541
107.42691180186556
98.41062626885594
88.83554292333706
73.76698345886797
61.503425862270554
52.302014889386264
48.19982688749495
48.04086320455453
63.5519002311644
88.10456180161486
122.02199408852451
145.94774914360175
175.07388924975342
200.39553620053877
224.99983989063819
260.197070313498
288.08067476199074
308.6010105221556
312.99201797762146
312.9213662333598
304.86341575881005
290.1888693808827
271.3017147985361
256.7823377801268
240.01942163012123
235.0958241561826
230.64019507388807
227.45067483674444
222.10949520190778
215.83320411734857
212.34595565669255
207.79541678301746
196.40984384026487
181.2063793857185
158.83038518805944
141.71241330347505
119.58739996918149
97.95510280098216
78.20642617904225
46.201977467798365
22.823886235718934
3.9417569460349497
2.4355184242211063
1.3495865927926514
5.302356436441558
10.732396321265586
18.569499730233307
26.061044347095297
32.22098405121129
32.44583455231523
32.56623325590863
31.960388075696923
32.466970802119384
32.55088210145325
31.49125129298565
33.443838742872316
32.486117168058584
32.5827009708426
33.80068378900761
35.4803909643393
35.914436675608705
37.268157265320504
36.72460032086328
38.313918874842564
38.87995579586515
39.866242220832774
39.379690414857166
39.73921317165995
39.94259495819649
39.42814507248938
40.26988296134901
40.156247622226104
