10
0
a
166.72511105631756
167.32536534025908
167.3922399294829
166.11120529075737
167.13047700810992
167.70007213467395
167.75278914824446
167.4223474648278
160.9951913230549
152.21768442058575
138.3282923981117
129.39388800442688
118.1867283473955
98.35692467916411
84.3793669365951
67.83134031649143
66.84586372051915
67.23469330702247
66.88450338424053
65.7205338915765
66.77803333950827
66.53551433013445
66.25428249403379
66.17601757541703
66.1802534234842
63.52368112607259
62.80573517432111
59.288751060062374
57.65723166610551
56.666832078583724
56.845261526720776
56.11236710611717
57.24473256072522
56.81828628877669
57.38898265302626
58.43245265235486
58.64873673760921
58.55704131391886
59.19843377614262
59.934874842441396
61.98389096285513
63.43705856718311
62.401803832271504
62.20787231357543
60.2523534340336
55.16611268264271
50.04392085752656
45.75589671218999
38.75536808720861
35.056678108439314
30.558952122573515
22.809558784732992
17.498853450247246
12.622031964707888
11.350123592473887
12.124666986287105
15.389999926352164
20.938956211607312
30.55712296748367
36.393423227414615
43.42278436816963
49.11630825876724
54.886873683284705
62.735093765236165
69.78416149548197
73.97096970884846
74.91992113659403
74.30210021865143
73.23328978641582
70.84822676499202
67.73006459058092
64.64845419862667
61.94534123974949
61.20405393699013
59.67882610546084
58.832786747189616
58.5477755639799
55.772901688669656
56.22408081962727
57.254300303789556
57.40625105204414
60.04139091990921
61.4022899011159
63.49499589313434
65.89326506090131
67.54718652393696
68.4088073595691
69.47509307610474
71.52939889719337
72.90825547845384
72.97785760280783
74.14607755881491
76.47329807603045
79.57019128819354
85.17721607205357
87.45523116590024
91.60017352222374
96.07635573106309
100.66311580071304
107.53433574804596
113.5536367142741
117.07390831433607
118.03317934096884
118.08327076059552
116.07608896884906
113.12426529896499
109.5912862078609
105.6231933575092
102.83230787764535
101.42496843660916
98.63675554098124
96.48394483989198
94.40492987378569
92.69726442833588
92.39308979121255
92.94001481093562
94.06299687149156
94.60743666628456
96.52710818192146
97.1697628586741
99.16755360875068
99.15445555460622
99.61046854296114
99.95221759089641
99.35450272767974
100.02417503201
101.76274434911375
102.10338469799052
104.93125569717337
105.44113904049927
114.0943034760591
122.4159702579044
132.265832777213
141.7311824762564
147.81272563190112
156.9593297948534
163.24092312252665
166.39337252841585
166.6687291797628
168.581270803988
170.30174100873285
171.83636603251892
173.0336238846221
173.99258976194497
175.71222111966196
179.1597187512729
179.9668762945508
179.40912948366608
182.23981072508798
183.71815168274804
186.76466571646804
188.8444332516634
196.37684565588654
203.98144369179528
224.5083296533075
239.3965994823241
261.1151735091885
278.2332925437013
297.26855749246477
324.415412862137
343.53557416772156
360.41704061290136
364.610390189326
364.0365918780665
353.9398756263686
340.2772077515305
319.4342930469058
303.4866900533338
286.02235401309866
264.37204706414485
246.52745736038807
232.9534903822004
234.2038413975648
236.51813534579364
237.40998388259842
238.04998610229214
238.65007118337087
238.26311676930115
238.6984557647699
237.70343444480915
238.78256850980142
237.44495961658086
235.4511994581364
232.4330583811593
229.66223302707678
227.55523606436432
226.9390272182564
227.90895216627942
232.05690449010453
241.14913162359792
252.98429902257462
261.5690704083552
272.2482414450394
280.6190503806753
288.98573553353475
297.27771057617656
304.75479423561717
311.9242115291528
314.3488817983076
317.99652869159473
320.89979582701426
325.93207961899645
332.16331757871495
336.06950824697935
341.6530799196037
349.85330059701664
360.10814022820017
376.0769164825547
386.76231810247566
395.78338373244395
399.00358114032844
398.7611934297191
388.76410962335456
371.68601079761015
348.79176739569556
332.3099160554012
312.3039225718932
294.46546801690283
282.1648517998705
265.4425072553132
250.84882717775082
241.7878919545053
238.62611302240094
235.105610720503
228.55720415748448
225.1817096865993
219.81682691720795
215.24081175477784
209.33715216649935
199.21289999657833
189.41910299678727
174.85388347550435
162.9973618225969
155.58231679934093
154.4248524880805
154.37366298507823
156.5167728481134
159.7446929824318
164.72130472996918
168.49210589581637
172.96949003224483
173.52872544249612
175.7755029981424
177.80037824097218
179.01523309586884
181.6178995266831
181.13998251904522
181.72886304693196
179.58846226829667
174.46209098088963
166.51222137750278
162.84517572569243
157.89547464010383
152.96104987845007
148.7399054980754
143.5426301407957
139.88551122596243
138.23352991734228
135.42783617686155
135.32042738585795
134.3215264629127
131.79220382844147
130.54491802228637
130.61363444042559
127.35312089600987
125.54906107158976
122.60416279663119
117.63171293482434
113.23612916856798
110.5711660431299
109.38976111704993
110.14105858989943
113.61833236177908
118.21337276518237
124.42885191665569
130.52826373714814
135.4511629544057
139.9224925679066
145.36722257366287
150.40125676862252
154.3397242191523
157.42976472910277
158.4104592491174
159.60030187535028
158.52109397604713
159.71977127059532
159.5564091049884
157.95952524185572
