8
6
b
200.36629549561468
200.5107065916386
200.06927168483747
199.51829537677776
199.5299639898201
200.53607420632807
200.36935328054435
199.6738797343665
193.17743632720462
184.00783959165784
168.58089109855152
160.31898504207382
148.9204272532848
135.62930161581096
124.01934384959966
107.61437016621794
94.52223924566457
85.05805193514313
82.34815497564311
83.60469183518421
85.3940185655656
90.44771504331119
94.65881037326892
99.13552531312547
104.10102336727995
103.87359938890984
105.22008393886715
105.48266376000245
106.90442667128104
107.1299891812516
107.78584388160458
106.82668948171313
107.36342213329631
110.31862942933665
111.41056157576632
111.80013653361597
113.39599687878942
115.97176157086339
117.31288858953063
119.52101683466785
122.13050133583671
122.2987122148691
123.19245610128483
123.41116594940603
122.70828715917284
121.56032750289322
119.24079593583791
118.61574369645464
117.13628864129754
116.3698107852464
115.17052022339982
115.5819938767216
115.23086677898299
113.21431939775003
113.81762737523708
113.44185526061167
112.26176360835348
112.76955983582579
111.70339887353016
110.7715893708898
110.36784239704562
109.74425778474748
107.70145086051487
104.4714343751149
101.85438413444808
99.56332905177838
99.32025517643648
98.63659024048158
104.42927446933702
111.72071407063342
123.63316598331754
131.49730228147374
140.58513703818272
148.09593630979958
154.2406717425042
160.6086932957111
165.53769843996628
172.2329418399974
177.0470569717724
179.7980374880875
187.4205953929282
194.59446390644302
204.83020364966035
211.91558226653729
221.2477974625916
231.88468562214425
244.20389216379542
261.0604536560068
273.41989226739435
282.599988306593
285.4943476163787
285.0572996052585
283.2786988220632
277.713473088368
273.04683654194986
270.27733250073385
264.76535280649586
264.63665096434835
264.37062984261877
264.5931988041001
264.1479554267991
263.71852342220643
263.1531614730894
262.15841963313494
260.3039120791197
258.52285866998625
248.26953208167038
237.33190322959086
224.74862481584952
215.63618298552487
206.39133520495608
193.79117748581788
183.04637463954242
174.30262836656752
173.26577644644104
173.8517128585798
175.62566353053356
179.38879596659115
184.6137422359505
189.78668880769558
194.38825161215163
196.06223813710955
198.19156129409762
199.83020210748992
201.3051356185048
201.94557314822097
201.73259441394302
202.11462961316315
202.50337656690235
203.75803213752454
203.8102548272365
203.1874731417515
205.35492690046343
205.02655125571656
205.26376248135702
204.7011027139684
205.6345047346668
205.7413670341196
206.26671548573756
206.5641778748211
208.98336053873922
210.26978016021812
216.7880776015568
221.94299454286985
228.26264487323607
232.86544866523545
237.43292463395167
244.1703076155312
250.53020498044233
254.04440334611908
254.7258621262123
254.80420950596186
253.91516773296104
252.79082105709836
250.73656964951562
249.48753171901848
247.65376776632039
247.42082779799313
247.49705403586248
245.3784747527191
244.07349946968029
242.98192961690194
242.57344713736862
241.9127334954171
246.38286543032157
253.52183879880306
262.98595885194015
270.27098469932764
277.77698729190774
286.1777562175218
293.2410264487204
303.39003698427257
311.77705853633955
318.18240197487955
319.7038952923075
319.69543344311455
318.0926874722357
314.37893880432944
311.1336763013562
308.3547455382437
304.9710465453061
303.7185502555587
303.7895555587689
303.2920414760758
302.42810121938976
302.5254841469617
301.6085142991379
301.2844641465576
299.79436312862555
298.83971026321933
295.90404657152305
296.28576716882037
294.5533388247024
294.5449006025457
292.8215157365532
292.0813194648125
290.9141313581962
289.28042782951167
288.63629261032673
288.20392665040356
284.73850128650577
282.2263105846953
278.4527211753059
275.2743083789618
271.6107313159306
266.70255376336416
261.6085877360242
253.46977530514852
248.5041340496144
244.8580351163788
242.20283548651162
242.78437636599253
247.73839325566004
255.8188311957112
266.7559835212426
275.4238695043891
284.6191905138905
293.7862831187837
300.7438732973168
311.64130118421696
321.03698529840096
328.27014816444944
329.4231626032245
330.3232472794417
325.6664404152292
318.4183713115434
309.4427284620759
302.7124664100817
295.1389634861541
289.48909526542366
285.81510326786565
280.7557585464489
276.2753240078651
273.1917429153014
271.14776317587354
269.77426842511915
266.8856693630675
265.07618341371034
263.3159414808933
260.66670694434515
257.92866945673427
253.3008348754402
249.1994235049984
244.16290232515007
240.9182925468288
239.12537722877386
238.3966615414927
237.09512750704008
235.69422496670433
233.92695183288333
234.60760825365563
232.0769625399482
231.10306726891255
229.0463532418066
225.25799462071993
221.57992905390486
217.92994283960687
214.42921631080154
212.9545929127578
213.30506541108335
216.93705405780847
220.97970475877753
229.0000284309692
235.3316672423492
240.6934525350161
246.47695598182506
252.54104342386938
260.2278889665048
267.63000110504476
272.90129463130864
274.30274220218155
274.09374916757804
268.3430010948555
262.42460373255307
250.52713896359495
243.78277191633558
234.57170875026793
227.4321627855015
222.6496817377669
212.68792263916836
206.2144485104703
203.02916691465933
201.88347592932755
201.7027904425915
200.77622013203992
201.29366261172905
201.29133832451558
201.86508623919553
