6
10
c
41.315749886029984
41.53221702450378
41.19804171615956
41.14399401752343
41.534371682261444
41.39878215924201
41.77547938015857
41.824512027035034
41.97542230447037
40.07585521855489
39.56826517204386
39.048161881786385
38.1841810891045
37.63811023413493
37.76892827738791
37.27875921679101
35.46724082316156
35.13041506168201
34.574508843435126
34.97331930218064
35.73911700406109
36.09947170360981
36.45944993216076
38.100406323691594
38.392406437594545
38.26800878039837
39.994739022260006
41.81851054253831
42.96234146966998
44.15265882348495
43.80550971934746
43.34134284842766
42.53876933028092
39.1335595960669
35.90646750147938
32.466231131143736
30.204816017180136
26.743839767990018
23.7766511392865
19.903334368496335
16.325166354689824
13.921177490024201
12.854077859507587
13.523975970561976
13.903589092735812
16.206810161398124
18.845864344678816
20.83280038120116
23.06103785398296
23.280720433395892
22.273194063481103
22.833100144339554
23.847965596423304
25.317223422853296
25.9017961159609
26.40731599387717
29.6062207607907
31.193441934917576
40.239169859976315
46.84933101143708
54.322210349858246
61.697007297405115
67.74503689250159
77.24436319499483
84.318153087413
89.83617202512845
91.71149295503471
91.07725970340115
89.88492877538809
89.01096074837669
85.52613837836563
84.28354460479217
82.14309678236367
81.56955476925353
81.41426535623539
79.91465910134252
79.93155720179797
78.61507126046124
79.65084522052554
78.28099744900976
80.7854648440079
84.8423236786217
90.65750715797033
94.89424804799114
99.84296984316393
104.5407357007138
108.40577745748355
113.68601321438058
116.26576546266159
119.92639870527283
121.28959004698257
122.19318698174627
124.80613158489781
127.58458378368461
129.0692880903632
131.1397392504501
134.01607372537742
137.98313775873442
142.6217029744069
149.65793354053045
155.01974569697254
158.78004164079374
160.9816302427569
159.67478133206905
156.59185307495108
150.17811171676982
141.7332962720881
134.76793850423124
127.64150471274031
122.11716739629358
115.16914893468231
107.08660001103686
98.65458915954123
93.67366749206852
93.15158386010786
92.22645293200239
96.27576834568724
102.7655725249658
111.23626758845371
118.30303259736436
125.87058702671531
129.4756736297223
134.98353824736728
142.41419678754173
147.62645751533086
152.09368620603504
152.097604264125
152.40629036068205
152.26762592898982
149.8202557942335
148.1376604518334
146.32835785992737
145.19913346052888
145.43278843288022
145.5526385110071
145.9568522268095
145.79873951265762
146.40720947209235
145.48806247461312
146.16164817976826
145.59049234942657
144.46850525503075
144.00326522461674
142.28038133984654
141.37217293143513
139.5705148956001
138.12996030565273
135.10050731952387
131.5969670428105
130.35879372620795
130.29660484351882
129.2150309746813
134.10625578639375
139.6009984024617
148.9838918402091
155.8815787406672
164.1002752358091
171.6214984897149
178.12799269495886
189.10702217838303
198.4444603656829
205.4432405304563
206.29614135456265
206.8056539489149
201.3249798671554
192.30752490714096
179.61234068611296
171.31352943103104
162.15076339099144
154.92625593106658
147.49147371167174
135.43673943549632
128.36968389032708
122.0366331158752
120.21863290172867
119.96250869250892
122.42744133824594
125.57262356228341
130.82794935487306
133.9592103758621
139.04039128551497
141.56780776196786
142.61300800624707
145.0501623382089
146.75133371064973
148.8402878632032
148.32389950218774
149.1410734564143
147.4825704923602
145.74032279235598
144.10098612654028
140.78285256087096
139.2363213003918
136.7326409767697
134.05169256284336
128.75009500899858
124.60320908399616
121.61864664761924
120.67244526046461
119.85319445548731
127.55707284366721
138.29300491641814
156.34710729046353
167.82706839375348
181.45705850229487
195.24990736697313
207.95749364028399
228.54830113398106
244.21927601143528
256.7276129147273
259.64303684824125
260.1648466001472
249.68794863221947
235.68975994891036
213.22249545880825
197.90283221817052
180.00336255737855
165.20465820362512
151.908952415289
131.20869810885478
115.06666872917438
102.297951960505
99.33400050551678
99.37545456039598
109.05059775156005
122.40386430143198
142.7247845040012
158.33387504628465
174.96056364667015
187.4603330725876
200.54549231752716
219.42436336837855
234.62473949641824
243.84247971713486
248.05515701464094
247.3062993674952
240.09428555640204
227.37070221144225
211.7298651070579
197.215991125608
184.66597777961942
174.81402905259924
165.51059118455936
156.33477343012868
147.20603079912726
140.91364703897568
138.69332544860603
137.58928311882124
132.7070059318256
129.5987572482189
126.082956852961
122.0777323535674
118.03810148061001
111.11625782458965
104.21322410325742
94.16630451023637
86.28802169712442
79.65046251560884
79.12878629035104
78.08644305404161
81.908190415855
87.0781644020731
94.88771968293638
100.23021224697503
106.22008266463315
111.25018369052668
114.74598750348488
121.01906641047941
125.6846401848081
130.6991343893258
131.51983302855825
131.80444139649296
127.0051403238618
123.51456583573624
118.3426584037313
114.9262741477066
110.07590976155593
105.76566535949692
103.10619452379278
98.36378494096806
94.32743450494948
92.19060476429532
91.91802758299055
92.06773154474824
92.07361700922598
91.46492808330856
90.90451894389889
92.0277634483058
