3
10
d
76.47506431731112
76.01829508058725
75.86615308924573
76.24437263141137
76.1055725752949
75.51349496979718
77.16666026754447
76.24527014452364
73.27701797828156
70.36072697109785
64.81983184035883
61.30204355087529
57.63659619484997
50.829608877629916
46.61662607581271
41.522880129438185
36.18212782222083
32.271214808582805
31.92798219672211
32.292005641310894
32.3266809625015
33.12557721476004
36.21731840339321
38.448865809975196
39.436264509553205
39.98917653079702
40.96421334607345
40.21713446230235
41.12583044288343
40.58441092204823
40.83210890392045
41.850430321719784
41.75898316319631
42.83017975203199
43.009447288197194
42.62496679130207
43.709617530154986
44.63429962432278
43.945475799847536
45.82310233334229
46.118441401738345
47.15209832710027
46.57571753823627
46.84336246292462
46.87940585775947
45.938853202229204
45.980548035735836
44.99818840018194
44.572628439826005
44.37546866110772
44.25012603629998
43.16838847989233
43.767515974810415
42.61585612078631
42.756631706948944
42.22544720408303
42.963668009968835
42.51522765579376
41.92536872397761
42.65976657373467
42.18364063156962
41.2968322727937
42.30440427490034
40.438071391316306
39.19018822257742
39.13484798310557
38.21244323704376
37.39861521715928
39.47289192871155
42.22617824344054
47.14736796227164
49.329872518083114
53.1528912391545
56.582396299724984
58.71468007874297
60.57357396239932
63.56981431759542
66.44834178096944
67.48471723959605
69.07886514490234
71.37362531170083
74.18851450359257
78.22636727322308
79.51723975060709
83.42588347146902
88.03255271100194
92.68359431479259
100.07617053748808
103.75036456994641
107.45044107509126
108.65149089056452
107.7215342619474
107.5960158195202
106.43177532820806
104.27905978520486
102.26832750362006
101.29614147725238
101.1041670826299
100.9783686550917
101.2702007786897
101.19243014054884
100.822569957286
100.56062135691201
100.09785314954517
99.35738544887444
98.68681516214573
94.64892744994057
91.22892448245439
84.1418504796473
81.14335924247384
78.50498953438557
73.7118116370627
69.36231491970199
66.83734570571521
65.76614977539991
65.69511061543437
67.30375725646905
68.09918349083566
70.73418965336906
72.08899803040688
74.38160270459744
75.87356439571678
74.9080029232431
76.08216203485
77.0520287037328
76.88813462159226
77.03171177686606
76.1328396697178
77.05165018422709
77.0820592598376
77.12896109976717
77.4999109611923
76.84105267433378
78.08896817039401
78.87600603081597
77.917233600405
78.31539933288907
77.81010850730351
78.73336859088771
78.61331986989214
79.70376374177923
80.76581168364557
81.60181339061164
84.86829305035342
86.55087939768178
89.14919374083138
89.80408094599585
92.80199792205232
95.55145442445647
97.59774771287482
96.40516628851243
96.56277789708248
97.67661798315164
96.36484933183263
95.54143584030606
94.92150327184811
94.01224465079713
94.38680028431328
94.04155802219896
93.00338973841622
93.10561033602737
92.08503729625897
92.0926987508464
92.53735586589048
92.49802623171772
96.2170102400194
99.88590354582503
102.27396075416634
105.81421625434493
109.6416541601823
111.75060599301932
115.85226734998386
119.35392760077282
121.67046237585895
121.83706562437592
120.25714809229348
120.54295259992722
119.87627280096959
118.35181954168272
117.54927637629474
115.03686776013461
115.4791021502414
115.38786900788983
115.11905001908507
115.29412552422542
114.41134070535438
114.79846572514928
114.77313117642696
114.51119132510924
113.98683401323184
113.74332288297356
112.91389283426997
112.45769149983828
111.53928812469019
112.19192162780205
111.27779264847578
110.48689128008473
109.59337342104574
109.86320340609377
109.70054194806224
107.47430075974239
108.2517066711343
105.30087202472875
104.92256712236738
103.27101951018479
102.58327997065652
100.94655950777232
96.48835574274084
94.23964514325108
93.14278469988233
93.03311695548383
90.77169120057111
93.95091239841612
96.82466640723827
101.48292690563328
104.78877430628526
108.58978036316928
111.15618981574063
114.36278274786903
118.75250790880895
120.7900877951042
124.72925978454535
124.42133988022921
124.89707981652975
123.44553960144172
120.28545629775688
118.02763970746453
115.63722292068354
111.86537739483366
110.28382585737995
109.18819875248215
106.49135730525016
105.71463620209119
103.49755728719998
103.14784762042534
101.76109098746514
101.81870399292285
101.21105255979393
100.7070665748326
99.34938961929491
97.79833499102851
95.94992608241871
93.97693042365464
92.29066498137252
91.31804804484425
91.36026272649822
90.88932520585482
89.60225818772301
89.97503202761266
89.60828115536569
88.6163956466571
87.75554015541161
87.59890309037124
86.77129554555225
84.4828661557417
84.0856200693727
82.91594924115417
81.73187305264084
81.58131689562055
81.65641997295488
82.06110849108103
83.56379349776853
87.68498422573936
88.91841000606843
91.98002702884826
94.26359774302516
96.12111181321994
99.16949561291214
101.76069324785233
103.74912888840063
104.0022473733085
104.50020176545215
102.21455783748722
99.37701263688032
95.01307914894352
92.03492810311454
89.04724411286007
87.22913243110456
83.81931097241672
80.8774954345699
78.20516077698078
77.7845570321227
76.83835115160582
76.2733103791059
76.50681274141176
75.79651886480022
76.54142176566309
76.42529337409631
