5
8
c
9.593503214067454
9.762045776057661
9.62124040469258
10.539808719927793
9.22355794785523
10.026816700034397
9.436074266600068
9.886973881176258
9.139324769066617
7.9379142595281875
8.553750358009104
6.835286460770689
4.80743570568988
3.56980773093119
2.601592451823645
0.0
0.01652480278863813
5.227166131979055E-4
0.0
0.0
0.6078757787717721
2.6664147375178864
6.5307678423507385
9.954600396831697
15.112796133580833
19.241849064304706
22.177447713419376
27.158964997977012
31.719293463356866
35.961120246007766
35.94138077674934
35.553904920690826
33.56618897829394
29.193794117507764
23.71139899626767
19.74676130264372
13.548473629883755
9.687152974088901
6.592572463068106
1.9521836103795953
0.0
0.0
0.0
0.0
0.0
0.0
0.0
0.0
1.0658016577644251
2.939814146778419
2.7188955863612905
3.0884488767492515
3.1306601587344134
3.0472082241252236
3.232021816903967
3.9482253720610743
5.581757103257964
7.084512006311711
11.502295871444238
13.407434818228737
18.79391907154379
20.538319989082165
23.22962424042032
24.139250646132734
26.475968862385674
29.507085351944614
30.330153592953597
32.87142563762983
38.66106575393667
45.43641393428718
57.07490877965804
65.2111597304451
76.23321486264274
87.61326817856441
98.92701855454253
116.31936847630358
129.94012820755202
140.40167949437406
142.5892346738613
141.92846308805844
134.27637073686995
121.35641398287058
103.22157982430274
90.4246564740316
73.4546283848007
62.05816987068732
51.53639425639651
34.738692292425426
22.023187041666738
12.631782231309456
9.664726460763704
10.091399726574405
13.413622804382623
19.99634595904164
27.75463010551161
33.533155880123026
39.92010852727604
44.11308380871765
46.61387675793029
50.45817905530053
53.49080623913435
55.916245221476295
55.51028911024537
56.57424721400428
56.69388640386632
54.756543957734536
53.892382291173945
54.439988846270495
52.378286893281256
51.497640225760826
48.475153364142
45.69267248385792
42.39918925571821
40.3633688297157
38.27884148368177
38.758434968027196
48.33716095508472
65.31619995106959
88.23812182655105
104.80535887778721
123.63594135065938
146.64406271492712
165.61539336431213
188.97945994661666
200.60385566397514
206.72090411118492
207.49213595074565
210.5189429171407
213.36365707029896
214.6536047333444
214.77969357822812
218.55175329413942
221.1128651385836
228.34121897073882
235.56580998378334
246.0551604346301
255.42440791832513
262.0251091354318
264.65071937376234
264.5166092781447
256.43492763653603
245.46756543539652
229.73869258602778
218.06962642868646
203.2444224728768
191.54128463083248
180.61430871625436
169.2557454067186
159.26189244674262
154.2765687275496
154.51209706919343
151.37076338865242
148.56436025133513
146.7964047341219
144.31259041171307
143.39012439431238
139.1292454288073
133.98659811538002
129.96098689908234
123.70232126553655
119.59113168400847
115.75014583229294
115.37211020497845
114.12827420059851
112.12478525896124
110.62812772911671
108.18080495251377
106.61739717928405
103.68057464457928
100.26606763059898
95.86323267100389
88.09920102434597
83.66328464133068
79.51386341380618
78.09842541066341
78.10417264193717
84.0999472296321
93.0142448605081
105.29720580188115
114.88492802069128
125.57656805141451
135.48785989344756
145.0027590928967
161.01184322141577
173.3637953792032
182.35098358742545
185.53581612929392
185.59851008292847
174.9643825799323
160.07017026766547
138.8985321538431
123.00424836680624
104.32000587552102
90.23471639136464
75.3711815072293
54.720752730168705
37.90575870283044
26.06079329282383
22.25344063424273
23.06784817347129
29.09405227224077
38.53026836817664
51.86906263615072
62.020458046925164
73.40990703846076
79.8579892114095
87.59062518495148
98.2395405766172
105.26013853878399
111.42891125298445
113.3195531242026
113.26382705724578
108.66206426080106
101.71066926492652
93.10273631062397
85.81560750073395
78.25215285210352
72.41979694601679
64.50696304429103
53.834249874465904
44.29909074147309
38.328210178865966
35.21292735304421
36.343869916298075
47.16449530523678
64.5400698649248
88.92143558808301
106.23043173745639
128.67371281561836
146.74516727584063
163.55707099593366
191.32167366594848
210.46782779465454
225.81559638930943
229.62390718197014
228.1994915063935
223.57863684068587
213.18982243023527
198.736768106476
187.68137421256904
175.78903491603165
171.99718355028577
168.53645534354317
164.66606781359738
162.83138013149556
159.14916006633825
155.18158503478634
151.60052071330782
143.48544990208634
132.09442077726564
115.76092684123476
103.15941566778295
88.32717931008321
71.80025359964583
56.56570352938835
34.03866697468231
16.324840921703338
3.5567184361983943
1.416407771156032
0.6985627645558166
4.150288631842174
8.643730714293161
13.871730653956906
19.02742864810815
24.580627799417016
23.78364338932092
23.277734456962815
23.531712756377246
22.9260553346045
22.490008363442552
22.756785453234155
22.91931043832249
23.71757327141776
24.17584302192703
24.35458460420751
25.574281296515384
25.791089859001342
26.8340266441076
27.19527017721495
27.43326426687582
28.415154592408214
29.519809008412423
28.790604475271113
28.99549084062661
30.00840040801419
28.67276176594552
28.812580426675385
29.00990671071784
