3
5
a
34.53259009915975
35.88435643989433
34.651085680724364
36.253402781340796
35.7162236908781
35.223780554809395
35.759940023130795
35.09209654555482
33.7276246624229
34.60707629892902
35.06781906410171
34.06467865080701
32.37833198081725
33.70785449248179
32.268246993043654
31.29727813255066
30.722944183142104
30.278159167710626
29.940974070921918
30.162138508681196
30.217914760906986
29.77486141241644
30.990432397459927
33.14536857963431
32.82895601453972
33.9134604803051
33.6861642654189
34.79286535859847
36.66100876613399
37.524261655615156
38.1183439453113
37.7116251985822
35.878660140566765
33.43144159401794
31.15431650186541
28.06242216608468
24.143645960984053
22.691804011582256
19.878500825052853
17.23797249163062
14.246820418295265
11.710653410147472
11.57992900473625
11.555504508659693
12.282170668197347
13.991176430242518
16.62704368394114
17.475973928938526
18.309691312144825
19.629872969130435
20.565329594069716
20.88639665466217
20.953989205076883
20.83952285956575
22.587744892106343
22.19281130285238
24.031138814680936
26.572273944500648
33.88194331774572
40.236525144068764
46.68674754157829
52.136963675645625
58.62398680115677
66.99570099095045
72.9364010930974
77.4113461460732
78.11126314467062
79.00860402412916
77.53833348245402
75.58627325347493
73.11833340362121
71.55743088144682
70.69852921243431
70.39224569263051
69.86673802038571
68.00230745152592
67.77327832381616
68.07477204637867
67.15112391858814
67.53997997964923
68.99065465060545
72.8052908337439
78.19219118231102
81.3502299880618
85.41080692264556
90.20091210592122
92.89283513499493
96.74203802031006
99.42552627998963
102.4689865027362
103.52226313838597
105.02319856085018
106.0630214770719
108.80043552920499
110.80355057828451
112.77108516657054
114.85996343581365
118.55749669732208
122.5996853720118
128.8868177750126
133.22629770946094
137.13735770827083
136.74424749210306
136.99040988076393
134.11785289272422
128.64109197981432
120.07235698041585
115.36459810704322
109.1838559424577
103.79756911548353
98.9058298317694
90.61379066692402
84.16558279983697
80.45192566793311
80.00025739217693
79.74758618920055
83.72343536313684
88.01158603376837
94.2574580172217
101.64456584057142
107.03419430457005
111.93667881721115
115.72934660066858
122.02300492020665
126.71510771809592
129.8425830224749
130.53001529555095
131.24382364247313
130.95597371953724
129.54182038631168
127.7656111937272
125.78034502195858
125.01497176479202
125.84132678559895
124.58340483924906
125.02958099929833
125.75335436851643
124.51789072351116
124.98925282269559
125.55590768231653
123.9135104809199
124.68877447514244
122.630031559509
122.28997374123345
120.74492716848887
119.21691308860588
118.34195091381585
116.3276659889773
113.27108828525202
111.84359741844676
110.94040298451102
110.15047599924507
114.76541272510119
119.98389134069565
128.5629869400904
134.05529922468045
140.06023132100285
147.16238604076548
152.84833633539583
162.47485109340073
169.6269420238273
174.98486179354336
176.27013270463718
176.4803284121594
172.93012506505693
166.01137441751405
154.15402568174432
147.42152584495724
138.5654019062846
131.27865185274743
125.56082209682666
115.98105394489211
109.68755984966776
103.71916082535466
103.91391454815401
103.7995294792937
104.75249504473994
107.565001214139
112.38521935589436
114.65161927671114
119.35885067401686
120.71269723473387
121.96845510750649
124.13841331593562
126.22108773229897
126.3943191032986
126.79475539950873
128.0495446156683
127.182638512211
125.68553999227944
123.34857439527563
120.30041674821449
118.23803505161538
117.30012502422959
115.05646510902588
110.15863778023412
106.37029945523366
103.73726683245688
102.83461057336022
101.69511768659473
108.77824490018872
119.02715096259753
133.4510199014579
143.72679849910384
155.21650630355606
168.04382813100017
178.88330696561715
196.74699093200672
209.51046843031452
219.9930184906748
222.5895402761304
222.466266417981
214.7188810469124
200.5814737658695
182.92827488250668
169.65693797411848
153.12520788343164
142.63510970439876
130.7224643065534
112.54753329670672
99.19749013179133
87.1708787951809
85.51217825110933
84.89925578095796
93.40680790783955
105.14567257509832
123.07781594825077
135.45804405407037
150.25311945682762
161.13933979139858
171.37755181682869
188.4157070064737
200.07902647860686
209.87644356736092
211.64367293488453
211.84596070120597
204.65490399748566
195.63265035227053
181.15276816483947
170.31808038570853
158.19730276557144
149.384149021718
142.2643343498082
132.43653608428878
125.605085758002
121.0305645140096
119.31437149326334
117.38109724029988
114.03746127881432
110.98441853996968
108.01891097542696
104.79225608621829
100.79648474761363
94.9661658126156
88.54327289429281
79.81468546787696
73.46250237303346
68.3962125663772
66.4917467270146
67.16811624066875
70.0948851651665
73.99435973523019
81.60514974619497
86.38965573346793
92.2493403524814
95.42837545275782
98.7395412923224
104.56733583836498
108.24770035375636
111.94365752101592
111.97265112601634
112.47905913583651
110.31096327937753
106.44554100973953
101.7419610954969
97.57062804588746
93.65212333637791
91.41844363505332
87.57762024563804
83.29387737605681
81.4560665262643
79.88420083996462
79.48630625772397
79.77118276913436
78.77394109722235
78.65955389641726
78.09236203678506
79.60444513558966
