2
10
d
241.4802912751203
241.210305437853
241.10827808502273
241.0258730208672
241.23491351194585
241.05495466980284
241.13498944658681
240.8955106179119
236.50423939869518
230.59711257312165
222.9427192793615
217.0408489782243
209.81591820120315
200.24404360533984
192.82980316661997
184.98328611273723
179.81669761523966
177.06671938118077
175.81019726698432
174.77765454489102
173.23155813004288
172.36728497501878
170.1210248908672
169.9644116925608
168.38839371653478
165.2615781363892
163.38251475850458
160.61830602870683
157.7588881113083
155.32327629912788
154.1814459947158
153.4059926628827
152.45790291693115
149.76356167087144
146.90145793063888
146.41660548125557
142.6993019811026
140.35556854739872
136.61340914204456
132.34876638517952
129.7436876284532
126.94268863491114
126.72641880448307
126.52355523380864
127.52149582384942
128.8760316471816
131.53177672711172
132.36952229982026
134.35109878466324
134.93260735895024
135.76912011754487
136.45450603195343
136.32880936119815
137.61035113881115
137.78970759395503
137.8789315594167
139.65113070211828
140.32144337815527
140.65307456835342
142.00425545785345
143.3746499155686
144.65552775976093
146.11676916288076
147.27014039794378
147.98012229306374
149.3441807518274
149.4326881993586
150.6667728217273
152.84869355882947
154.52100494626342
157.11446712577217
160.43117299555823
162.81474546340434
165.20563722394598
167.46570174983438
169.53009685993726
171.2296620909162
173.80230469611715
175.56109537576876
176.3594349552316
179.52666163083254
183.31865239440003
188.02098594947128
191.77512037992173
197.6498773306191
201.66938941755825
205.91914667447054
210.8231572707573
215.03252660152003
219.36129940188604
221.40838520777683
223.29244015203253
227.39430676826595
231.2455883707946
235.29943192985672
238.56247720934527
244.4060790713355
250.412580269108
256.04610456922194
261.66376330955455
267.88207253483165
270.72292082889123
273.15365805820016
274.75155154977125
276.7044672337973
278.7506908228875
283.30318477165804
285.2441683895949
286.7880287799335
293.6454171659917
299.650172262237
305.96036317026136
307.8196980823113
308.5333784410231
309.75560670667835
310.752295914662
311.4582925203666
311.23874867666507
311.52744428606536
311.8452716671677
313.0362088939905
314.41206965538964
315.3165707825931
318.2013130626329
319.86364771704507
320.63994584676203
321.80520670578176
322.45029909303963
320.8075155428888
319.30385089114924
317.98512500294225
316.69872577646083
315.14481855850096
314.34806359508923
313.39189596320415
311.6704843044633
311.15082703178325
310.2024746148545
310.45253986920886
310.0395761743547
310.55558761140793
313.53776626168064
317.2672205901434
319.08754240302613
321.5336708613108
324.2256839309313
326.52596786616704
328.96096933385115
332.3676222771796
333.8839475497661
334.4957529580696
334.17959642099197
334.23484652457915
333.31662651442974
332.8868270728465
332.1291392517078
330.67178267221107
332.02335855762124
331.8632521307512
331.2019718593525
330.97726277462954
331.5525058055185
331.0599145674686
331.97459681689026
331.02735055734564
330.83569459254574
329.8783177650564
329.8669008527495
328.2083526867802
328.60916763666967
326.56226282523244
327.3453840611276
325.4678278159275
324.72028780357533
325.56511096016635
324.78578121467467
323.1110290828341
323.8209507069721
320.083698384984
320.19511142124173
319.6280393575339
317.49755788424073
316.4868186697341
313.2966389447655
311.9919708952185
311.09866423540404
311.4104468241044
311.13752940823446
309.5376267172537
309.5590002890736
309.68687840471165
309.3264138732297
309.6454716436273
307.6512524038092
308.0648524756041
306.4979796489349
306.939802927161
306.5501117505037
306.1720534792871
305.32236478856146
305.53593179193325
305.0551945306374
303.6473261962007
304.1886640957767
303.39984087809387
302.1135435241276
301.10386367622135
300.1755432041966
298.442718512442
297.94329516935335
298.26491240034585
299.114582474101
298.486712371997
299.4259253717177
301.8756938193367
302.30913609734205
303.25470192498983
303.07795181033504
305.03464898625157
305.332524805439
306.71231566999006
306.62474701356723
307.4426285555996
307.6575216281113
307.09695809944026
307.0402384955369
307.32083067982745
305.9556862938615
305.926515155091
306.61904977848826
305.1895069265245
305.9255735451475
304.72379275002766
304.08991600775596
302.7373849258086
303.55297252571455
305.8821594949727
308.76466572781544
312.8166053877499
316.0945555816506
318.717754085878
324.0406786514289
326.77741721278704
332.3924904876329
332.7602767486723
334.2027963208239
333.1910342453114
333.4776159996789
334.6024302207664
333.274606230444
333.42706855069076
334.0582966245538
333.6267071451377
335.4284718116056
335.72426779882267
337.81643516978784
339.6420441154236
339.8645446015468
340.9958712658184
338.708314331882
338.93065160779383
337.8861792602948
335.4533786486086
333.1574752204581
330.81537401605476
330.3344031687768
329.9951387595106
328.553366539248
328.57461312160723
327.694494704156
326.40799032023256
324.9599985725116
321.7868123341823
319.1783924120921
314.4286504546209
310.4560596063286
306.0260265734175
300.41094614222965
296.8294384543554
291.2028920896542
287.85992619569004
284.9623910971023
282.58164619353806
282.97223517972725
283.4319720328418
282.5215679428163
283.79814623962056
283.27636708192597
