11
6
d
209.53092044120072
210.09244574122806
208.79028855605137
208.83660370981715
209.89083012447838
209.09528588351998
209.70120963081382
209.5456783179585
202.54728702384025
193.11646748958935
179.81502109613658
172.34666854414138
161.31855870194377
148.39885210358565
138.27653328691892
122.1378194736952
109.33525247251875
100.0437797060604
99.08251078080838
98.76035832566343
101.61929290160255
106.42269615898836
111.9845837000112
117.35177118406902
122.40881440207158
123.45991762495815
126.10043982712614
128.23486394744072
129.77786758182836
129.83873841351803
130.52802295852868
130.41292372800638
130.47245103601105
131.49021925655538
132.77181166368425
132.9565056418488
133.09144830439388
133.37620588981278
133.927432167108
135.8491378165135
136.80064776131397
137.70087347482053
137.58594623767328
137.83192049089294
138.04485454954042
137.09806880929963
137.25097341493446
136.36355103620468
135.76296702279447
136.97343424123096
136.383852220525
136.21153886788153
136.74203003846344
136.0635832879945
135.83565123511377
136.53621653198604
135.3013190422897
136.15973006217783
136.21579995728177
136.22206886503233
136.10030211307117
135.26803477787885
134.95446721563187
133.63374933064222
133.88687223624402
133.1314946938253
132.54070311658734
132.27634405382204
134.7317569539983
138.84397619629436
144.01098351653468
148.04404788623998
152.87152421843186
158.9329685184719
165.46057199851904
171.73328654124936
171.95850996091312
172.49426468100054
172.74930426408136
173.47064244067843
172.62252191371186
173.69513054729347
172.91782209728063
172.97509088084584
174.1318114056886
172.94418961064264
173.65556146064873
171.92558378543362
173.14680678599373
174.07693202306262
173.84955319387083
174.04811003684677
176.755761304483
179.5879516222458
191.08294910633265
202.3917705402967
217.7893424313817
228.19181107736668
237.86612454569863
252.598815718054
262.66781141140154
270.453668510422
272.36368963397337
272.1289242804839
270.7358198012159
268.4351593663706
264.8859813998647
260.6920855436671
258.84034702740274
259.5745208232976
259.34440538119645
259.8153450719831
260.9545427312251
260.3707747157447
261.30236229934707
261.00966257852684
259.836289366517
255.80257721783258
251.8881472276308
249.02619313397318
244.40041608734361
240.59688283177078
238.38661876596746
233.36718244861495
229.5722966845992
226.6230211595875
226.29578953984566
225.52248269247727
227.43985391521403
227.49356877131854
228.87173227448497
229.99141972603908
230.26692530079066
230.96598041458364
230.3205065550756
229.53890888102734
228.50316781801834
228.05514210854085
227.53867750576455
227.0010207224213
230.20592693788151
234.60953801011766
241.67516711767206
246.4555366270722
252.10822694673382
258.0071974700991
262.21328866718824
270.4557867452358
276.54090172420166
281.13594319053686
282.75423533782754
281.65962698217675
279.078434162813
273.3940787144419
266.37319755823347
261.5267808648805
255.00701636798073
250.09841740064837
245.2134782856926
238.82753763315648
232.75174050366965
229.01895680304284
227.04834546307742
229.0531969164466
231.03685793791982
237.16080531436236
245.43589421926447
251.54556283935767
257.5829150852449
263.60425698048033
266.71603608863927
271.239488321063
275.193380172213
279.3667352440778
281.15163488509785
283.11144562095575
286.16085265894014
290.4832095916115
294.0104537224495
298.02602110521025
302.5243296930986
308.6656666013452
314.3898736206361
323.16629721392917
329.45890277881927
335.4997098657154
336.04315494229934
335.3700862354093
334.1608874351201
330.8941891875879
325.75125960648415
323.6764127419634
320.4186529160721
318.9332157122266
316.05541815114924
312.29396444404534
309.4902035164584
307.00306918671595
307.4942215259043
307.327879664318
310.71427787394776
314.2672677388659
320.0738158755969
324.8176969703232
330.50496070210903
333.6984443672511
338.357099439709
344.5324708102981
349.0717214054054
352.7462587295414
353.27001579985466
353.45450966867065
352.3840203024398
351.23487259356
347.59318987321575
346.4152177082455
343.2718419800656
342.70708295065475
343.482296841958
342.0306615455735
342.93866441628074
342.3688399925957
341.1509114532603
340.8288871058603
340.0162331604859
336.81829583258735
330.6527227330871
325.14254607741725
321.12710055045187
312.2958848790256
307.9502849327771
299.5863234107138
297.38664641686347
295.9340960205591
295.6456362403363
295.9965952631998
294.16337944816024
294.1259840169831
293.5535612518362
294.112591821854
291.5319264744612
290.92256041036813
289.67724427978175
287.5447959487033
286.0257621605798
284.98114310235906
285.31992348233786
284.1928597112484
282.92978008082235
282.5745157185227
281.10295231195124
279.43867256835955
279.367620381652
277.149928736651
276.36396962491295
272.96635575108735
271.65611923132315
269.2196947028194
269.1667828561908
269.73937015049916
270.0992713110304
269.4910215331224
270.4979133560195
270.43526476859813
272.59133349099415
271.42853539855076
273.6966306639572
274.20243417135185
274.7478657417075
275.36756863116113
276.98151017407696
276.37014434260794
272.3531877974774
268.0119727093185
261.8138287210913
256.3056622178875
251.7777856881998
246.3671559824195
241.07642965357144
234.9148273819582
231.5619487936736
227.57537549904745
225.57136000323126
225.79410045474492
225.86042163215234
225.87854990971977
226.2635909408808
226.39844129464467
