6
2
b
88.35435140450859
88.811233924727
89.67236073983779
88.47570463977276
88.99062507273919
88.96198279230683
88.42290478576679
88.82095059191984
84.95865702192035
80.03730110187409
72.09683825553735
66.57512678807852
60.76423128125238
49.46683158870454
42.50067026246374
32.397677770390075
30.91014414995221
29.79642743698029
30.16739467969766
29.743241440857563
28.55801316098988
28.482873853118488
30.123619464656194
29.01634477682499
28.130217278787747
26.528012288620914
26.192384078972044
23.591327644878586
21.453982149260245
20.032142897903345
20.142492743805505
19.412053773206875
20.88620106701431
21.82655869152533
23.006314640947945
24.79654830250054
25.234141165159592
26.235675018870566
26.197406947770588
26.415922746007542
27.153745820534418
27.105128283100388
28.716617703274462
27.69835962970319
29.080777445803264
30.19825792005842
33.77170223649024
35.11271781517292
35.88723201395799
37.76788073326436
39.904311463221056
40.63690258943856
41.46125710959357
43.3437802338796
44.6930001579482
44.945322211566335
49.0376309234221
52.221276299696825
58.31043517762362
62.72310232410717
68.9193893372914
76.28858177430311
81.58723701341148
89.46909735735281
92.61697445341069
94.4765421094829
95.44089148020632
96.4542406458497
96.39472000516878
98.42052593901519
98.2042776650592
99.32590122641659
99.38812388741191
101.69812300563053
102.8586077268755
103.95954748478745
104.82085265957835
106.47870403886677
107.55070617654499
108.37684786956603
112.36988662353667
114.42819813891262
121.44632275854612
125.40773628490942
131.5136483824143
142.02906310588392
149.70625884862278
158.07485668630682
157.57458957346333
157.88361671967107
157.54057510586273
157.3222084479285
157.26306670793656
157.0433155853676
157.03802327401894
158.2213654589828
157.1369452599415
158.27769671596695
157.4049692934599
157.75796939183584
157.77268962680154
158.49319050825963
158.5399097996256
159.38516978422598
161.0326255068015
162.11014599069188
164.90496281302444
168.08810090422983
171.53115910921258
173.66357914976928
175.9911610948215
180.68092171763848
184.0275942907115
185.7663523403617
187.86929562192583
187.0894608946418
185.7898555277857
185.55167610323446
182.5957336675286
180.6709858390397
179.6964904190974
178.7791676541211
179.1699364028246
178.5571782509075
177.95572167527214
177.20577268932936
177.02428834795475
176.39300836216646
175.57012945192886
174.9356849884302
172.40945331916174
172.2368639633086
170.9077900442936
169.42607232651395
167.53946916938102
164.38659294232892
163.03318347976867
159.92470885331454
159.6406853307059
160.1879669430655
162.81611574682012
167.36269232772966
172.2307649997505
174.82876077166614
179.15760513150488
182.37677771227803
184.5423971710275
186.7182182573696
189.6189901504725
192.7319403035024
194.56344787736282
195.34135638173996
199.39387361300103
203.72569714727416
209.56785023231834
214.13376338291775
219.88176138918453
226.52401978838435
232.06191144463747
240.74943593374098
247.5876180236914
253.6732015242527
254.50056032268088
254.39672401295098
254.28422812191118
250.58333908331468
248.08087625586995
244.8870689897358
242.13799755094513
242.1356391055184
240.84947091164838
239.80275985059095
238.79210970417225
238.16107018714922
237.08844052163505
238.0024226235946
238.21643446568848
238.40537887223562
240.2356116599002
240.9968870441681
242.206096204597
243.13236866306391
243.8471052112154
245.32949584262747
246.29150019851343
246.362845776942
246.45879945153374
247.04843545718305
246.38907471087862
245.36056161561555
243.6786190590209
243.82816131839903
242.77836721158513
240.59653904305054
239.29743737110945
237.9234822848595
236.8444145566979
234.72416526022744
233.59976170959328
233.8276849278248
237.8739397630529
243.60213187588428
250.8758959004878
254.9973009354574
262.3493603005338
268.85219466714267
276.1993763361809
286.1429562855154
295.4463417228786
300.2299424306936
302.9660121102355
303.01141546127604
294.14153859900114
280.9726074384288
263.0027424587733
250.39786379654225
233.55124472448506
206.0317118269619
186.80986042163406
169.88067398596732
173.01905011503277
176.39943756326971
177.09993527998301
177.30387850582386
178.22306870846435
177.96488337500355
179.22114571318355
178.92925505250597
178.70700233200841
179.2926320097495
179.47675988096356
178.81556123822173
178.21171988987308
177.9747086848099
176.62317734673104
176.05075830061463
175.9209580654973
174.8416860006431
171.2519497750144
168.54697088647464
164.46084106127586
161.50080027409265
158.18931292213315
153.37849500713727
152.8349350728501
151.65808936228012
151.47410302020234
150.6183145349827
151.99137288225924
151.1210890074262
151.06558823575608
151.09408466824235
150.91265562025933
151.20300572864878
150.49338023764815
150.95381388681045
150.3455507453829
149.63050819734627
148.3037815418207
149.25361421951425
147.00386851586873
145.96136014602118
142.37547574981588
139.5210845330866
137.70779126707788
133.6456761303922
132.0529710595375
129.461929172961
127.14093867660752
125.35912206372397
122.69080772282123
123.08796897248912
120.78664168234612
119.05934316556852
117.47341556937369
116.35676460783809
112.98352176484731
111.42022029784404
108.55831480766804
104.8590748943392
102.68595698357181
100.311246192395
100.07890645509134
99.50483158276941
100.08129541873912
99.94428489450672
100.84493733937101
100.27595844579879
