11
0
b
95.84441712775826
96.39436201855702
95.65422771505467
95.10045911460485
96.01612015347389
95.9465287714968
96.47826942650035
96.24345754297835
91.79803541645127
87.30744477218103
80.86622014026835
76.83581104680543
70.77265249416126
65.35341422014712
59.3588738326488
50.579497240669625
45.36622258015631
40.39928217575051
39.27203488597899
39.11374068624737
40.59977328166316
42.99600801407603
45.2851709511555
48.110851856323634
49.22675088166585
49.40720046767204
49.97305492293412
50.14111982732766
50.68411323168686
50.930214931771076
50.6322326260989
51.53318350474576
52.19038963218898
53.493285161630375
53.50427030787933
53.494568572021926
54.29006005514994
54.541891941578925
56.67687198040934
58.07734762020871
58.238462521572615
58.895167334759485
58.64684772056815
59.51836521472634
58.99447764505742
58.250898653439606
56.57872868732085
56.60628844205598
56.63406310757358
55.26146156594588
55.088202383912595
55.64551194713665
55.87609251931084
53.927786182436556
54.63143216349824
54.27111498063045
55.287627286159484
53.8411801685557
53.23166376262123
53.0532404618489
52.58379845597604
51.77326819349516
51.65746895036823
49.742590823513815
48.51596387744159
48.3607794676872
48.17280314310666
47.175763965116786
50.062636112704915
54.62322897254668
59.64792320526202
62.34699076566545
67.7021328384684
70.49814645399736
73.51134970607887
76.43202453064153
79.24809409745916
82.32200980996377
84.71277294404216
85.89416241098873
89.73847879120154
92.60286322231046
97.74622295749971
101.88562731961096
104.31798948528925
111.03907686718742
115.4350435726864
124.38030454794232
130.48744564224017
134.4076301534572
136.20721390566712
136.12866676056575
135.98234686573414
133.38336944576258
130.61968083370513
129.2235323972746
126.43134282340539
126.81323890340991
126.5028196062378
126.20708661148971
125.88044814177464
126.51288961390304
125.07994816291638
125.36102541415171
124.6967320787488
123.7122310278597
118.91044640025855
114.75290960115548
107.42160011354729
102.94364137469543
99.30473918715808
92.24105659801457
87.64194219441143
84.14462749667335
82.20507628192891
82.62590498029617
84.13141502684961
86.12851811378229
88.26247388515061
90.64870525870748
92.57375564785454
93.98880479689728
94.0878473783222
95.21806864192834
96.66086874217564
96.05043221896588
97.38582784483016
96.16955202147487
97.31053816068263
97.36612007895232
98.12338264631147
96.96602447823031
97.86523137583754
98.32531663975661
98.32459768893415
98.0093316624692
97.99600318912206
96.99598068616876
97.51657129128829
99.11591226536271
99.59123281324757
100.07994062231144
103.58055770043742
105.78985849579885
109.50829192282448
111.71237828019648
113.2830655102919
117.29382448328245
118.6607207102968
121.69241764292741
121.33874875885515
120.72651874689087
121.33778251491401
119.32466591993114
119.86130155858775
118.6800833898857
118.70721784832604
118.13495403077808
117.78292488675991
116.72768798584522
116.53040009470311
115.6306926843487
115.22330072507525
116.44685611164128
117.93668490584238
120.68874851958236
124.8936244182829
129.09526203973277
132.81025191290976
135.22753932848255
139.80420507888533
144.94050600974705
148.53385563109094
152.3021194356514
151.31738556500773
152.27003194259726
151.8804767885084
150.42210909637166
148.39542287745556
147.27377080321406
145.95966343245314
144.82685110057713
144.3194446515981
144.68583926148077
145.22646389940272
143.8662469881529
144.958687784578
144.53222799332175
143.45102225941375
143.43950928831936
142.5788690484456
141.97078576401347
141.10804724429954
139.9394516219895
139.03760956245372
139.06469324341973
139.4952411279535
137.73786094705608
138.1742104261648
136.4829837808562
136.15008596921396
135.773318050878
133.6088977044406
131.6279790754544
129.35638790731338
127.21426167428592
125.65678504257761
121.40511749448314
118.82128577454884
116.45167579798921
115.29865811533672
114.85794940915437
118.44159498087875
120.88671541894423
127.031954048216
131.74211553479802
135.81085295546674
139.76473235681016
143.5546562456244
149.33589943981931
152.94393391730534
156.15850172670883
156.64703210551895
156.7284867661477
155.4295790057113
152.81512897907018
148.0152558115498
144.23015986559244
140.3169055654814
138.57670213872169
136.4318571142007
134.21876957040922
132.06607332862896
129.42926031683763
130.50515036580768
128.7911520926439
127.9662497471911
125.93947284084378
125.58992654143955
124.60380677370865
123.520671153908
121.13694077530502
118.71890798545313
117.58344540345932
115.3829682003513
114.06676292012473
113.35340621686657
113.30580146305611
112.54632162757471
111.83403444815082
111.98492013311697
110.92356641112896
110.47844507635978
109.72917299791307
106.90413787336227
106.00843301186502
104.34605307972154
102.78457250424312
101.70779752619435
102.26094146953547
104.26126714501149
106.59633505936179
109.71149495517453
111.24924074782227
115.39346864288412
118.21412185121109
120.75638936256904
123.86838853415227
127.55876707230256
130.8648391489097
130.87520134895396
131.18040502340398
128.10109641709684
124.51483756254488
119.57586488348899
116.36613179217787
111.9540132538909
109.2358458100375
105.46217317800983
101.33529166150649
98.77938390963082
96.44821942856998
95.99852364502395
95.596218734495
96.08604912572288
96.04273900164102
96.56822715462982
95.97016338104815
