7
9
b
54.705506544742505
54.10851293499352
54.82662513857133
54.93757410505242
54.71435627538126
54.697834409327605
54.59302479911278
54.78619811402195
54.10101451737625
52.58247954934318
52.52618679845156
51.45521675389499
50.43108792658409
50.18376707825397
49.37753806834568
47.84064984195773
47.06010624863065
46.66803030684182
47.75544512153828
46.3443764550284
47.292297285395556
46.937046972544195
48.76554985058875
50.7951958243251
50.72075616129647
51.41311989986013
53.23716291374359
55.04896884656169
56.107549133626165
57.708739533240966
57.93770933785686
57.458279348837834
55.63055126991674
52.78164883933885
47.04124947135209
43.00824384788635
39.2758961430617
35.978421063141205
31.499553141012704
25.472951191989516
21.439522655892247
18.69713768584108
17.87719067685481
18.537288817680558
19.906239915913563
21.18881515015781
25.60582413727236
27.10694175364564
30.2049080210131
30.622427354630705
30.32988120006226
31.42055740492015
31.284891592715184
32.40291140283317
34.023717019367574
35.69266503870933
37.27928153903371
41.259216483549345
52.56215126066446
61.5332723514758
71.08400102348624
81.17761511850881
91.10690287854037
102.84856070285669
112.4258402495234
120.02459145855656
120.76224306572776
120.86164573722343
119.59408763436417
116.4364736462341
114.26695983842679
110.78407132807821
108.28986517025434
108.77911023981433
107.75972467721624
105.94426036207705
104.73829155691563
103.94199226893731
103.22152354667148
103.2353634031123
106.46320192191322
111.0828523070211
120.0134177484968
124.87992611244863
132.6511015567337
137.4229392154325
143.0012145563677
149.15134879978146
153.0384490760006
158.61573046876876
160.14430331900817
161.56000967011775
164.40421494947154
166.13683606905775
170.30544753747884
173.87600528044518
177.4014124302178
181.90798719006312
188.91163416298912
197.87554842045023
205.200066652049
209.71142213678885
210.73557447591597
211.5511619594285
206.55963738636106
197.14252703097816
186.86986504464716
178.36735139314615
167.85014570022005
160.8894389356923
152.21617257368976
139.25639193177184
130.5331987146913
123.69626977309953
121.53661802466533
122.01931441636948
127.1958881222973
136.2890609448808
147.23037268217854
155.78134596528122
164.50214921110017
171.84365271429607
177.91483476901124
188.406835177617
195.12728852458977
200.66263491154677
200.77069568563974
202.17707432922364
201.33362726659126
198.28682172833612
196.66899935157323
193.87615579406528
190.99692430353045
192.8511723453472
193.25961836876033
192.34362350061912
192.29340752092835
192.51944008906653
192.70840204674082
192.3887728438703
192.29763744410712
190.7051392018968
189.2462775077074
187.70836071936054
186.07292038995342
183.80444711649236
180.7254374686161
178.09782977165037
174.19193886774983
171.69240073373055
171.2841650573201
170.27846512799871
175.5352182286441
185.10603192797646
197.38999272971282
205.546721849192
216.0818273338465
224.68386736123728
234.4799111298112
250.0613238595932
260.82917701572455
270.2735928173382
272.41139656478185
271.9063137768389
264.9513909207552
253.45128716586046
237.87043873026158
226.3025937634805
213.02741959093433
202.2381557897345
193.01134234603944
178.9169478359474
169.31543264182318
159.81734682477142
158.52765810785814
158.77026235970823
161.1748185287448
166.037654352556
172.60918716906662
177.3648082440834
183.82940184715096
185.0856766139092
188.16612292288076
191.41449927925726
193.7682098916334
196.01194501810232
196.6286145280346
197.05026884871458
194.82484141335505
192.70814097153576
188.76868995027775
186.56639993191203
183.06244310210107
179.92489073225502
175.56280079158668
168.78241728431436
163.97944296345548
159.03278617359896
158.39337742031393
157.27076827106367
168.26954865537715
183.7849255322943
205.71959975294305
220.99417111019665
239.32835203025746
256.63487753918105
274.6139701226185
301.7430889260571
322.26415749768495
339.0961947646349
343.8879090702523
343.4361278656003
330.556056689454
310.0955576795737
281.6599889447746
261.6144897574738
237.86587669289963
219.05067562109969
199.82630395332285
173.2309786431509
151.41496928651563
135.19546385378692
130.69536488352816
131.96315390508636
144.05334718411888
162.13797258700603
188.83978508297133
208.84179291028474
231.7255713772543
246.70094557186516
264.25982099371276
288.73694926110187
308.46835816284744
322.2539620208632
325.9750749024391
325.51065306575805
315.63172670726703
299.75810407747247
278.3018293290801
261.9026588818528
243.37556799863378
229.60993812391536
217.74227414601125
204.7993460907221
193.75201007862404
185.51460986444064
181.73631670179205
179.4407101456598
175.1488495335633
170.27423055151945
165.73823117474916
161.5762884528369
155.75769434285604
146.85324332499437
137.88950212514385
124.79170275398846
112.87181451521991
105.42396069654632
103.64269725971795
103.79768153192147
108.90294232381545
115.30956520003375
124.54807310458105
133.16158582836505
140.9311429740975
146.52542668967303
151.74492889579233
160.04406060632886
167.1935047059812
171.77230810371506
172.73863303867256
173.04443266628638
168.53290202615958
164.3463284755608
155.66478890712406
150.5639474972868
143.17194523855207
138.68389746877304
136.04944960982695
128.89951998374565
125.9956062570735
122.52052643257392
121.60312141953729
121.34914179561196
120.58504244093038
121.77702752329364
121.71635496925737
121.23566376824488
