7
8
a
218.61369041673615
219.372730830666
219.02971461386454
219.56571423079444
219.63931936421343
219.78429667452468
220.6710770910405
219.92571237412344
216.20438420588897
211.0636491699453
203.3311986592077
197.89254975250273
190.64236533152942
182.41898695569122
175.505699963019
167.57001836650713
163.34948798657206
161.41152709152482
159.86942091233504
159.5417006649172
158.40454532199647
157.3840610467354
157.4147273231843
154.93785824008387
154.32642901482387
150.44050831197703
149.41402304729263
146.72682348209682
144.27600146418595
141.33226450390538
141.41852763552478
139.9491515015797
138.5402503245599
136.25971720540463
135.02849131738907
132.73709173367632
132.10925370118431
128.19286415600894
126.03558815025634
121.14975732470828
118.74443622229754
116.9746482613229
115.55828999198543
115.90586332741194
117.39877698029696
117.38436210226361
118.37369158421458
121.08690312577498
123.29489533164448
123.4778635064482
123.21152407967347
123.75404663521986
123.74035501900174
124.95372871463884
126.63258169548034
125.5616721585202
126.11651264680002
127.10792987762139
129.04561131489655
129.94575947789707
130.19541223361665
131.62601713648326
133.40911069663383
132.87677585461955
133.91551683641512
135.9998078298293
136.3010923786575
137.66866599898495
139.59234977412257
141.06594038247377
142.37333858949864
146.25321210802028
148.27859712394525
151.19858434345505
152.32119325814
154.8770151935358
157.01182197670832
157.70049084266944
160.14632657293805
160.16274836996504
164.09243234221142
167.2716585897377
171.7200863340153
174.85276198864614
179.35529156629045
183.9100944407488
187.42662129351095
192.34937337654426
196.40366355202687
200.30073511144184
202.0779189100753
204.389382807686
207.19806030223654
210.18627495800752
215.06451886184385
217.67878931290602
222.22702211709415
228.01178388487168
232.8010930799196
240.22844952376678
243.3313514988249
247.46282695742838
249.16323560347791
250.60095217842616
253.29426703715657
255.68623054412413
257.9090942154566
259.7126080623519
262.4734225072953
267.2260265061038
272.8504741308972
278.9004554424636
280.37852695590544
282.1546199775925
282.94803045407764
283.53742847587165
283.09384614235296
283.70560342089334
283.3942688349546
284.70426245737247
285.2332105515893
286.41182286624047
288.01671740050386
289.3369084300358
291.4898749669607
292.6456605861749
293.29886210761936
293.54275043135505
292.34584049575966
290.9406019380865
289.61620240075143
289.4176968041232
288.385748286211
286.7506848010815
286.42262529561117
284.9084934029532
283.4797461058087
282.8790032456884
282.55896473108714
282.3789766061358
283.96203527831364
285.52102878788315
288.1557881702517
291.6155563644264
293.59394506946745
294.52709681625345
297.6291894428466
301.11164506000864
302.1594079515643
304.8582681509761
304.85763684382323
305.7140925251545
304.3195297948315
303.72151254811723
303.9242026656829
302.9484313204014
302.7183630072607
302.54545137669356
302.4730615527289
302.17405459220765
302.5427596917839
303.15571132118407
302.75903446733435
302.365373265755
302.47295519188117
301.7465609035719
299.2853544657525
300.76359623319854
298.95286586076446
298.45320124811667
297.66257676084143
298.1325637280336
297.1517224914118
296.77790578537486
297.26749067181817
296.14538954924916
295.17569729461457
293.87675289927296
292.418338348214
292.51752046487513
290.92867842570587
288.76915674197437
287.8587787719759
286.80203519216735
284.19697616078577
283.8671581844359
285.1428366540877
284.40600722732466
283.7969645264627
282.54413266800543
282.6464490207399
282.79149197019626
281.4756840561018
281.2643974674376
281.2490447969105
279.60945224815214
279.56987951996314
278.9070726517078
278.3413450772119
278.1940682034919
279.18515568429876
277.0122538423223
277.8459237146747
276.6381529479436
276.57028779319353
274.96744154614913
274.9643366081301
273.06929973385843
274.04581482243884
272.672318834009
272.1129481686964
271.5376485881291
273.39733791261773
273.2581327766374
274.3604265809368
274.9124731531971
277.0496457494055
276.7665523283723
278.331644820272
278.91799221959246
280.0659861196395
280.3302226802724
280.4667904995612
280.37282953776116
280.1418563457575
279.8428275600557
279.52171960580444
279.9847070103939
280.02616320818544
278.8553654736925
279.1644746097314
278.5034385940006
278.3244149505916
277.7576777445256
277.00003074656286
276.9274359069865
278.95509308400625
281.2169337937821
284.64755229949395
286.74062989208875
290.5153668731386
294.86409151675247
298.06286540996416
301.89257805722525
303.19633151953656
304.20758965838155
304.26053000795036
304.8361730414875
304.3395927176611
304.2618714252253
303.8279697564708
304.9451385407661
304.5762313172236
306.064188522647
306.2152006184824
307.91572463309564
310.20889262584086
309.7629762528608
310.3874835579248
310.41897667589717
308.9848179463773
307.4928561063878
304.9141529627649
304.0512954021021
301.5098002250622
301.4689498786214
301.5925271856301
300.00425868373054
299.14753920205436
298.0683120573557
297.850425199587
296.1014202270064
294.45632209900253
290.9045542868967
286.9665322365579
284.1676891852863
279.3859641517391
274.370318142567
270.8802791055556
265.8284341663497
261.92728819654866
259.11191594068265
258.2316318738143
257.880697580902
257.91685660939964
257.4821041450334
258.09890867114547
258.4858615301112
