9
10
a
98.16221960301276
99.1347087923755
96.74004045753766
98.56452293790265
98.28436168098423
98.4414388909352
97.94877637710889
97.0666075919076
94.47497647178265
88.21195791700207
78.79870564578904
72.99210031730604
65.98286445667839
55.221831741383085
47.04920226648734
36.3858409140678
33.4208763729738
33.79329919658231
32.48587568897121
32.88263721914807
32.28814898243968
31.413034285418657
32.406612935841714
31.802738887270937
30.78663005417914
30.200001645541864
27.752765947105217
25.261644693206456
24.507170701276333
22.336302030299734
22.577592863112514
21.991964731662407
22.205433986958067
24.24172911653437
24.684239319498094
25.989680245954
28.5871247061472
29.484545701119757
29.26451460051772
29.843514776213407
29.592012359732394
30.449845584322695
30.641368335963666
31.33991815548638
32.670040681536605
33.56663397460155
36.73922021962351
38.47635196570421
40.73259357193662
42.701712370665454
44.25862123409927
45.34004775343568
46.02196110703186
47.058025213882004
49.08800753393664
50.45236604503968
53.971301073772345
58.10133063137036
64.31085412693146
69.35273807384057
75.5824089112571
84.97663610568328
90.86416714525647
99.42734050410905
102.63266603701312
104.84453697088271
105.96105909339565
106.52327917872995
106.44711614492863
107.58617064340244
108.88946238474331
108.93087120817692
109.98424294101295
112.19896992377727
113.16780359831434
114.84826486966011
115.69606724490161
117.05887623826804
119.07510060613315
119.12800492384947
124.09106815399255
127.95869985438331
134.37249389749792
138.59933953024296
145.29116944646765
156.88102689659058
165.50441707186414
173.90613625662485
174.27340077453255
173.82314708811725
173.6160142433711
174.26082684485016
173.00504737069
173.06256900563577
172.56364123413925
172.9353826681574
172.91650280507494
174.20036520825525
174.0742971337879
173.04798462841364
175.31808209536132
175.36412884756245
176.7802725200395
176.15890400021067
178.2395859900386
179.02931803488835
183.15543763651425
185.5009397930866
189.45732078904663
192.0638282805648
196.0787604237281
199.20062555602215
203.0563287499387
205.9571859723627
206.59820854232305
206.88979096018087
205.71293516989297
204.39052567401774
201.9579280006909
200.79959367825137
198.34434405251616
197.87251205421956
197.07044042585963
197.64666594891472
196.44391857448753
195.76432659905637
195.0820714309314
195.51261208416042
194.5933279349658
192.4924077358076
191.20841505844467
190.43228262555925
189.25961829760925
186.62693117763192
184.9395581533984
182.874834487583
179.9736124831559
177.8550392757349
176.4492695073823
177.01946809836684
180.28845283131994
183.49187994168548
190.2550362789017
193.84264442201237
198.83148218338619
201.463796163095
204.0357181435946
207.32569908134408
209.297664553001
212.20751727000754
214.62131408193423
215.12288541740654
220.5283186082193
225.07654505762417
232.01257443554968
236.44437652492937
242.7442559218279
249.63726677414465
256.52267930829805
267.22199947338197
274.15835812193046
281.2325450198191
281.69103157209446
281.79134429790616
279.1456135351043
276.27176687929716
274.6182586484825
270.62957867379737
268.3150405797648
266.79836840276795
265.5691228123111
264.1476568537197
263.2416729546485
263.3508703716026
262.64706761306263
261.8405141732614
262.97635714637596
264.0270843208771
266.5383810600321
266.3853946303279
267.0666674003045
269.19234359923144
268.9247817406414
270.5086890696197
272.44095258737593
272.4613743297569
272.1203749442677
272.8003034192229
272.74813478454007
270.95849592733646
268.74166429382535
269.11875546917184
267.96240108178154
265.91520290636214
265.67062458101117
262.7567381613538
260.22737876573154
259.89482410402076
258.74867767157735
257.9961521443802
262.482435800329
267.73505394909654
276.1426573434854
281.73573363013475
289.95535085810894
296.4419091474864
304.6717456874017
316.5031189673364
324.92923342465156
332.9441790109746
334.80961152492733
336.0871473900262
325.7852540700594
311.0568678320757
291.06515062009316
275.5010153187868
258.16304217995935
228.6765098718731
204.87603849375338
187.5618578519133
191.57448986497434
195.09144664228194
195.47696319917895
196.60464700544276
197.15631240509802
196.83749041298995
196.95184533387666
196.8207382472282
197.12486615364705
197.04230147445418
197.73844608397442
197.2261698234245
197.11894919001375
196.2740654188245
195.47864781761638
196.0308312124786
193.8035196262768
193.39566881561788
188.71277969109573
186.70771209011414
182.86564027862642
177.8118563403615
175.29628091714247
168.91206741198587
168.77653230873776
168.10248357887698
167.23896421053882
167.4404553505335
167.40447902681817
166.75522366538047
166.75375167108984
167.004212595839
167.2398109450575
165.66845950329414
166.39684832414548
165.4514824813816
165.80566369563329
165.4616297798159
164.17249199045762
163.629835860678
161.67002701865306
161.03646846719937
156.7034551644915
155.14381734132255
150.6739894130128
148.62522045912922
145.41530890837623
142.80642916082647
140.6962818282229
138.0874716676832
136.50031023399288
136.3416482432717
133.94142858850194
131.93358686138222
129.47086848398675
127.5203441381046
126.59315846473886
122.40071724132716
120.68189867364272
115.90300690462293
114.06838371302808
110.90036562362938
109.65714811486814
109.74318836511489
110.89282303052623
109.3583282321297
109.36464583183039
110.61359397128015
