6
8
e
214.0467281824976
214.1870777170605
213.92235121433055
213.51429135166612
213.5593667460914
213.11300736511132
214.52490218536195
213.30336293328006
206.09603854639911
195.84782449014563
181.50752708118807
171.4607142123885
158.46556783262594
144.70847140200007
133.21767850997756
114.85770771389228
101.17383661041555
90.19349380576782
89.47774992440662
88.63449498276725
91.4994827094777
94.93822170839012
101.17056271515533
105.95306488615539
110.79855369758833
111.04397045869808
112.2005492503341
113.00066775470573
113.73921163067315
113.52486131535956
113.48402740849122
114.3900471139297
115.48170772962304
117.08842717519114
118.53260038593096
119.98216806903474
121.78952112181497
123.60522958975663
125.64276188746001
127.32274778416941
130.62489138311136
131.62646094774192
131.42652784336357
132.5257470008541
130.97805593640396
129.7254796559534
128.76765952619465
126.52695673018694
125.67231126092123
124.33063424569234
124.8371080793699
122.905977568214
122.17863611245157
121.0717096361189
120.78768599942123
120.70494857772876
120.33309617600793
119.02739369742186
118.69078376084727
118.98392439390021
118.43924958831798
117.03419091918555
114.55634431651525
112.00036827238473
109.05059482906472
106.28480479465952
106.31336513729538
106.01645048672532
111.21001565543466
119.93570637006543
131.66042331133366
140.0644309774485
150.02465361395738
158.80063389068607
164.06972719327698
170.90370013683548
176.7457961108542
183.28958762171962
188.34283938338967
192.79795626713386
200.18584435132794
207.84823574904786
217.69010934215774
226.11666990470502
235.8404644831582
248.97781950008903
260.1183907386974
277.2775496445636
291.7481547142064
302.1556857826925
304.313899892926
304.2688994453463
300.8920789927627
297.2791759438761
291.59067256477726
287.8565808281037
282.0350467808893
282.1673616842528
282.94715075155966
282.6256386553419
282.1053455570485
281.8919413818861
280.1168678471041
280.4819041837339
278.0236979762064
276.3002443522535
264.52232679673847
253.61695746505762
240.39712887516296
229.44591056995196
219.62828044386487
205.72097381504835
195.95469790986434
188.03292640364313
185.05216675585677
184.79795528398594
188.2947410059975
192.25733775404413
197.0351812756136
202.40576425894295
207.0258192706545
210.0489101006993
211.33794830411586
212.8395272854008
214.68075851918184
214.9026363131651
215.94965916304824
215.90339694842206
216.80224341364394
216.659426378522
216.98705111994317
216.9277749027455
218.4366405955293
218.40710594180544
218.5417995945228
219.19622983226108
219.5593409978889
219.17828434177704
219.6845480421918
220.91649924342136
222.8438211771909
224.6299361403343
231.42397111970723
236.19894076262892
242.94410182351547
248.6382899950505
253.5649842437594
261.4648775620375
266.9161664731642
271.36790428113744
272.2010270720755
271.88687612506635
270.8353870447513
270.05589283702824
268.5234531533468
266.2035227054214
265.0803271785044
264.48753368606157
263.1034287384049
262.0111138469311
260.4584721340195
258.55793006997715
258.00316926475546
258.95858089025296
263.37383013799064
270.2168403863104
280.28959642647294
288.63774418016203
297.65554572792587
304.9620222697558
312.614183846271
324.61938963183763
333.12082448304096
339.7402870637503
341.3029376621621
340.86266778826905
339.03921000797413
336.70012082836445
332.6283881928648
328.41457877950876
325.8724297279272
324.85400150778526
324.07427436686464
323.4760148543848
322.59654471005564
322.60701420841394
321.94173246027356
321.62721358072
319.95076141152333
318.840594010468
316.5908093952327
316.12014903808523
314.6547717250271
313.34884422813786
312.75473727815637
312.2155021917856
310.7921661697672
309.6279520131663
307.7673082532525
307.30529955827996
304.8031780136486
301.65630828621454
296.71691051756414
293.7527841575186
289.74099459616366
285.1115144953467
279.33906387246975
271.3895689822191
266.20453049420803
259.9877276704126
258.6261355983134
259.8840827104591
263.28707034528395
273.2884850767633
284.75883608548975
292.6874340892611
303.0259421286331
312.6309938302759
321.0002399013083
332.86441558263687
342.9637959335884
349.43806147403484
351.66563164514656
351.9439348183032
347.0251180763324
339.6270224750299
330.94399414539913
321.7425704116391
315.2450576784978
308.725054888317
304.9100469342078
299.6409559336795
296.0109343150158
291.05763055556304
288.3933631342317
288.5487400815713
286.2096157159541
283.0490254805115
280.4417283782924
278.370103322275
275.5652055021267
270.52999737091847
266.88811100901773
261.81362937411546
257.5162814265032
255.44711556456474
254.29697157097937
253.26881881389156
251.61958941472224
250.43552513726945
249.4323270218221
248.55674335919434
247.15249006455048
243.34418555648642
241.10417360433595
235.7097573520161
231.39050466772753
229.5582131731162
228.4236461328824
227.95762615057438
231.33894220628332
237.42828949738373
245.03079573921198
250.11112024741553
257.3031412205971
263.7191146587776
269.2046320483584
279.45539688712773
285.0157833278625
290.5072031778109
292.4150852632213
291.83133137704846
286.92338826551844
278.5742010278414
267.6543130275483
259.9217891765372
250.67124626475106
242.13298492450096
235.92437209458114
226.91481672751289
221.16130262285293
216.34066547002206
214.55170191668043
214.98164325781872
214.97679122064358
214.0243543318675
214.8624729529867
215.66003826471695
