3
9
b
198.517046216844
199.1593547830454
198.84700834130606
198.5186973209535
199.4739683298247
198.84653422314813
197.90904910862412
198.13754861792455
195.75641201350714
190.44250808852058
183.19251167901083
179.09538968297025
174.44802989487664
166.40455151511802
159.73396365480892
152.37653845914508
147.85683119116806
145.0518159722735
145.1835982222203
144.42504494815066
144.49457564403377
141.6183333557504
141.40592073491146
141.07254303534654
139.1519738029831
135.5751669782261
134.59187156622565
132.55425121237374
130.8015227819889
128.7231390704396
126.36437733611356
126.17635649006901
125.22398431268887
123.2221118982284
121.77543546590637
120.83418006166221
118.4284263199122
115.41927871245167
113.64735208495027
109.66962017515661
106.42942276944628
104.84059423578309
104.0229913244475
104.43073459175075
104.90756535477011
106.85908470577485
107.25536621555983
109.26618040440319
111.25274340842182
111.76762455496016
112.0502374247357
112.23826888278111
111.763810083155
112.18205567868567
113.75163724399191
112.69040142073291
113.70032730709967
114.40274509607072
116.19210205367459
117.1155913617748
118.57547559188801
119.04725193716287
121.11022197525443
120.93889265196053
122.11625704562282
122.75691485197316
124.23934344167274
124.88307503148522
126.1614696824976
127.1809213996267
129.55344807778616
131.35696302797825
133.3320542666738
135.85084668566145
137.94304949829748
140.33668391938377
141.08816431136418
142.84601907265247
144.63846901798595
145.58038827841798
149.12433872099177
151.65714081092796
155.35537563815785
158.23113402837183
162.80222182982237
164.9532894561609
169.48752185456357
173.88185040105802
176.31145775966593
180.73410240192442
182.65740035810484
183.6314332257846
186.37199829878125
190.36782829658972
193.37054971504094
196.2355914551206
201.7038938500034
206.86979937317628
209.92484715613466
215.9470470761964
220.3385335167105
223.3178446309744
225.16361512570765
226.52947528042245
228.6159471794081
230.65265072254422
231.54534299939257
234.20743015328017
236.41356293087563
242.96305720048977
245.9827313681877
251.54295520831138
253.61026382812284
254.91565326917376
254.7577356957574
256.10999736959093
256.05712919982307
256.5778727166008
256.8103584792261
256.7133038115834
258.2597274377739
258.6757115153941
259.65214719680057
261.90395640095
263.16918697421454
264.41440788961404
265.1535171410292
265.4413553736512
264.34181767398184
263.18830767742145
262.53835061007135
259.5474335405854
259.71147134409273
259.1841233470078
258.0501920473104
256.52153533267943
256.42176907455433
256.0928295751158
254.86781599321128
255.49796818017302
256.23856004439426
258.1610043596593
261.63804445274707
262.31414837424836
264.5336490438129
267.2312431124084
269.57163066903473
272.26912234574866
273.61541561479544
275.2470558428547
275.641102190557
275.97600718565536
275.27605138310025
275.06069424871214
273.72948971701487
272.9101562283373
272.6385659831425
272.8676115924709
273.37151605036433
273.27136472273173
272.74903750991217
274.1415474782036
273.54913672426903
273.8951556034528
273.00479243465753
271.225565861528
271.63800891526137
270.4662022083911
270.7423239005855
269.5104082706874
269.1872094435177
268.81327882369044
268.68452396831884
268.6773078689851
268.56865804486165
267.6273110090715
267.6787669675653
265.73708605807025
264.25440688246744
263.61761480184794
262.53232816050445
261.6607087502004
259.7244623176171
258.62537122640015
257.11087610664913
256.75659041831375
257.20297927526855
255.58426642316368
256.15773434880975
256.4409417246347
254.8807756031575
255.836907936407
254.42418442198056
254.28797698055035
253.51555804330212
253.1178869815049
253.01804344499024
252.16730960562168
252.15678605277313
252.12658616404687
251.59460283994176
251.64178968431753
251.33742522726752
250.54060179626816
249.5189182809351
249.55938188880071
247.49287960259903
247.58880825588884
245.8024937711694
246.58703810086686
245.4252335756712
245.8385206212789
245.54490248239898
247.06715745014222
248.69018561591042
249.15313513552576
249.71146631812147
249.69165310959156
250.9992589292044
251.92543327044905
252.55299301137444
253.38124690938466
253.48572130026955
253.87202384155538
253.01953070275133
253.8790725727667
252.4219658271807
251.97313857287713
253.07962252284986
251.3643111972883
251.68815203007077
251.38167727194116
251.22091386085057
249.9698808003187
249.5416083013477
250.67901584771948
251.1844312514037
253.97890352314275
257.7666597433676
260.14774021630586
263.1275844070266
266.61068042019053
268.74673475816854
273.1010339514996
274.64934472399125
274.6149753418622
274.7133819815687
274.65685406165437
275.3809932983036
275.3639942907361
275.560489333929
274.77067612242513
276.949321786085
275.5343569406116
276.18504937967845
277.5238948655983
277.9066459859372
279.5720749258599
280.55773576090274
279.806541090356
278.8852601505618
276.78471697469564
275.7424732032102
273.8303092631594
273.5369872097243
271.5428111517182
271.8216960238049
271.2142453291224
270.7517943615251
269.04722945776183
269.0458906136298
267.8901661092735
265.904309388773
263.53069062453113
259.1028750777947
256.7709251421767
252.274199756439
249.0418394897078
244.5753481477202
240.01246183521977
236.47385657973763
233.82368602961853
233.45751316259137
233.52167095265932
233.13963561422185
233.2998280382529
233.66825365654248
233.2176557436133
