3
7
e
27.239794912299644
28.012617055787377
27.689240775789628
27.32013694178372
26.859341008549492
26.477822899420886
27.393149647509567
27.26258151128125
26.923781000684855
25.90753957070585
26.468740808897632
26.857562720658695
25.390001480212632
25.914677669253564
24.2901250782825
24.78786090524421
23.392589335940656
22.66730700281124
23.988362862684053
23.4075671718689
24.150566977498375
23.285930238295137
24.59750289089149
25.563389890748287
26.0816039893505
26.14024938818542
26.833285188253768
28.47948342147685
28.44144966259864
29.171632357063345
28.53133886619038
29.311020942569495
27.561378138035714
26.365829958347522
23.056776678436414
22.057943560205132
19.119121669640233
17.549693608566713
16.056539217055306
11.958418098177598
11.752843456219248
9.729724245565553
8.092341601533846
8.574147918098754
9.552980865911573
10.26340386894188
12.687031257065355
13.317213190581143
14.34432310288589
15.114018740879699
15.919956263576326
15.82324083617364
14.962490837271824
15.95913488812096
16.910052979845325
17.60959177041278
18.85898290569794
19.815928138249898
26.551946863183282
30.07639537563047
36.92418150123751
39.99292872445067
45.02346284969269
51.91689620871262
55.848247547739696
60.06037855303183
59.794938417978656
60.45678078867717
59.24326695672065
58.70634682209491
57.00673910284968
55.26965994686033
53.64938664774693
53.83296148565879
53.367270557074825
52.3130774913377
51.291361594923046
51.333419668825925
51.29978349440426
51.540480625002154
53.810342136623234
55.580072259452066
59.72752386920511
62.90372521750336
65.30252901464893
69.41210456788842
70.99278941510032
73.88326963913379
76.19075114271834
78.44359681024065
79.8644579153636
79.99243490960127
81.61714159347721
84.12898735289811
85.53674100766813
86.25444696935854
88.89304162461264
91.47347973625996
93.73334389871313
99.53155628429403
102.43893638177704
105.25647653067223
105.90512971880973
105.69037382086678
103.03648453957314
99.874140864988
92.13233870551844
88.96473458706669
84.62344081253023
79.96405717300473
76.24869356907209
69.90081167743307
64.65278050261767
61.88713468441834
60.048125918984816
60.44166378950841
64.13014276780885
67.26324300904747
73.7212601532233
77.68882147876565
82.48639158437443
87.0566553868754
88.23773716205635
93.64441823751575
97.80988262897232
99.60668926718934
100.52355255943165
101.11461843949506
100.29366213876496
98.26610824778125
97.3964674684957
97.16729697099488
96.5197047198685
95.28571306733264
96.66699721708665
96.01652191040999
96.72651015649149
95.80084311066302
96.87030237106529
95.84333944940987
95.6098776264228
95.59478102203136
93.97284883440071
94.20367608778284
93.42264472892995
91.60510916406216
90.73462327213593
89.60670905193938
87.5863697618591
85.78080508090227
86.37832907781635
84.39826936705904
89.09205539420547
93.28147992612455
98.35673723861964
101.9646192406476
109.12942261216644
114.01435085475636
118.30716883237532
124.83961540211314
130.75365005317892
134.08856642134327
136.51050813683813
137.2465562808537
133.37586609471546
126.60976811275373
119.03499508461523
113.38343113740561
105.93211554419467
101.7141741225491
95.81053848322422
88.91629823206351
83.92031080479977
80.07469921028805
78.63648359031286
79.18972843639531
80.01616893512279
82.1544283477428
86.69638629800991
88.80095928648791
92.19346479309408
92.18747545991467
93.51879935990422
95.58115639040913
97.18196555420926
98.6091814339401
99.15360674235598
98.1493958610875
97.17739113971714
96.52336484978511
93.34352349953524
92.55120252279266
91.62660500897363
90.09009725127675
87.68965139268809
84.94221252937278
81.96199835899455
79.09677479922718
78.33962228611126
79.16374975045535
85.04055092023519
91.40908620137844
102.64563609845082
110.49599342059412
119.62416521177728
128.3013297993059
136.86914778016913
151.22263048187165
161.23829822130128
168.71382196465478
171.89866221054154
171.62452339108404
164.98679042034132
154.80887443625718
141.126152659188
130.44957719055557
118.4038699643631
108.50542591799012
99.88767821406434
86.24276362324075
76.69626397666887
67.71232923369996
65.85016294692467
65.34360518250605
72.04296632954446
81.16506621203862
94.8592210644049
103.42699939110095
115.17208884297558
124.02766149511338
131.52936357534273
144.55297365425702
154.1043349019434
161.08028597539146
162.62789127990413
163.06884329096883
158.33160031922293
150.3240002676147
139.3850629422374
131.02792151906334
121.75505630142496
114.22773174513054
109.58611271082931
101.85499256041803
96.59337056944327
93.4596434395109
90.60101800943364
90.14700076245055
87.73936650456173
84.98822315851122
82.40821038093223
80.3130967394209
77.78543614985936
73.68898091450026
68.91796223083225
61.37395275505859
56.838509935565426
52.59269381583957
51.034941577284215
52.039298103762675
52.96695316102462
57.12415193199354
62.24513766276222
66.55426110690532
70.88952088853974
72.76586374556358
75.47569694983348
80.40373907079292
83.29987631780996
86.16357578088308
86.37766238904024
86.7870935827068
84.18026329541368
81.06845296148062
78.27630247669022
75.20276418761803
72.27295261244736
69.95339758245431
67.57249540926708
64.87132583136818
61.702506588872545
61.86298174854492
61.01609152896436
60.796432403333625
60.83811811190038
61.12118739696536
61.3984439092934
61.00605654454031
