3
11
a
243.89270165100774
244.1033334926524
244.16995990177398
242.4415947643715
243.10951883719545
242.93300368886133
243.76093188846605
242.6529252713289
238.2901102339401
233.25485980677718
224.57926665028526
218.54875646581579
211.42292745519794
201.7922240829163
194.7027138622037
185.97248154349026
181.17769535893888
177.97309900602806
177.44082076230262
175.85704232542454
175.204734629156
173.16607299548443
172.6526396325777
172.00305730598373
169.6820416033628
167.53543602524695
164.72002916142048
162.053842409058
159.7278323517377
156.60922574759425
155.96809042464372
155.65649843733718
153.1703343828012
151.61447368760437
150.09736254429396
147.27003642481364
145.56904381904386
141.10236101028084
138.76562977103532
133.83941688988594
130.6843674643418
128.06247890220365
127.73572219110186
127.24386220708212
128.41555065901886
129.14723247056912
131.0244692015243
133.75601927736605
135.5023896701503
135.42678490682806
136.1091892313884
136.20734689178073
137.4184789447982
137.82852241616365
138.18374597872713
138.8916342693638
139.54240723413528
140.72614544038132
142.68233749827272
143.21026691924217
144.63645861420238
146.8468504948277
147.28276471109814
147.34474312912434
149.2167109186132
150.8494613410059
150.19653637428698
152.3252164941592
154.0585133679331
155.8624376436768
158.31670151961433
161.27700043004415
163.98214365208307
165.88186703479363
168.07341661328945
171.054503733178
172.58245708551937
174.9445809385261
175.63030940131725
177.7660132115413
181.43799937663672
185.13252341838455
190.88952905165155
194.31323803232894
198.17339137933195
204.51626176844692
208.46568524336905
212.56699349313183
216.90017722679565
220.46197173968363
222.9956828898457
225.43130146384183
229.30845650578885
232.78266602716664
236.13147496028304
240.8805969469131
245.0202504295539
252.7764352067852
257.63820259262036
264.4089868494187
269.9239059297712
274.8287022863435
275.141290026403
277.4166851971525
279.47836610751375
281.34009941937273
285.6318463829188
286.5983764044465
289.7479023021361
296.15314898585547
301.031994822779
308.24861628019715
310.8532108225628
311.5807520421391
312.2793337082282
313.057802308064
313.18157187248613
313.15632069824545
314.23915875091467
313.61734458410365
314.83897423627633
316.7835838052367
317.8332401392998
319.84286500931887
321.99304063846836
324.02101169430273
324.08973335834753
324.767570401616
323.7628308660957
322.8276541926248
320.9949933498004
319.5863776935011
318.5110995176973
317.41060198493346
315.92745339201406
314.94738814804157
312.9536067977386
312.15301170355315
311.2285125454822
311.88204760626024
313.56995004171665
316.5230093126311
319.2533156016763
322.10535035164594
324.35606023226546
326.3370838696352
329.21100729846836
332.75192150235074
334.2063535370391
336.09924680235395
337.47420877246486
337.54933482887674
336.3265928797842
336.17297260498043
334.97772007465704
334.3465429048198
333.21427497778956
334.1797778831641
333.724022842223
333.4711277476769
334.81590891802347
334.03997890757756
333.86975261336863
334.28003574791427
333.67641797953377
334.04327648173336
331.4870512601882
331.5372827080674
329.79356199244097
329.8991627890106
329.5546859359985
329.03528453645885
329.27203977218977
327.03896388253855
328.8320668582642
327.2108788229177
325.8155660854757
325.5737620356483
323.7280739404472
322.42051143050327
321.6050598304428
319.5907623577414
318.3200782840531
315.9074497154933
313.9660995992228
314.36385933751785
313.7136000087226
314.071093867217
313.3183686619971
312.80263333947323
312.24499332890986
311.2095100107678
311.66243474949755
311.1317551235344
310.5343822839596
309.9067550533611
309.48164837887526
308.5325900042888
308.8303013065417
308.7711592961165
307.38075294886704
306.51277446154666
307.36365021859746
305.6529203681109
305.473286473999
305.4076534562907
303.7742564890423
302.3689710178557
300.74101535230915
301.229330303861
301.1142087928876
301.3508691933783
300.94419659802327
302.0921870279096
302.7448480787652
305.40448607483006
305.2349602341441
306.2347301743169
307.75593229410964
307.5924004903062
309.08351210354385
309.703061638592
309.43361300758687
309.86562496676953
308.8017743466915
309.3020235777394
309.4889983749534
309.6574377949545
308.9930193069881
308.66999699598966
308.3992934656984
308.0648395041003
306.7657134530256
305.9124655010643
305.78126829191586
305.83963960424677
307.8946853384834
310.5825508510965
315.7334083377674
317.65812779951784
320.99458668837184
326.5996881798095
329.9857795085025
334.78775236706844
336.2389909497483
336.2015517855787
336.40701066194106
336.48364803586225
336.83994428925723
336.41535022779664
336.783291342281
336.3668734746163
337.6291990458497
337.6772324925063
338.42771489521306
341.0695415159925
341.44070895098946
342.07800559549
342.28816858950165
343.00079101718967
341.9161979454287
339.0655766678418
337.4869440845579
335.5416234699515
332.99280300271926
333.2788317651764
331.8672166108034
331.98342276855067
331.1176193993844
329.2999425295519
328.3168334163948
327.1191474945635
325.48492778567316
322.32334143511537
316.2596212428207
313.6877841046901
308.4477364399846
304.0687444864408
299.7317817179655
293.30605927277617
289.0215663839871
285.8907536922337
284.67396694382944
285.53763422521945
284.95473536856485
285.83861203136775
285.19471170409736
284.88505276652637
