7
2
b
87.23649570641746
86.51930706138765
86.53550816601972
86.43577337196493
87.42310952630632
87.85362958278498
87.41548429571965
87.73975809912763
82.90416670336438
77.56560496878322
70.17603945670686
65.0513248986896
58.57478435610412
48.204273001306305
40.89967609421549
31.759473809158862
30.13565160268839
30.2283916483461
29.94466046456789
28.482871663392906
30.196718095565984
29.117030537125753
28.356199716043644
27.99591859831426
28.709194165957726
26.764389615560013
25.872612946383676
22.98484816887274
21.77236376733023
20.015414698190934
20.298354439567944
20.17297300806601
20.72936032530934
21.759243047524425
23.139523692352064
24.401394502485783
24.74545738274249
25.57494818671002
25.32221508865012
25.853394135834566
26.614174232055333
27.598261249168914
27.4891594960848
27.709360885007424
28.503245790857846
31.208478419466896
32.561345730225305
33.79725937730218
36.296121280329196
37.98508592993254
39.07310485814251
39.345643416863915
40.95354566905025
42.08478694286389
43.144811097499435
44.873849836948864
47.70947556030606
52.65677303659731
58.121047213938596
62.324672733803794
67.80361643092053
74.37932212683575
80.41455951565685
88.07886788547573
91.65904436879971
93.56301816779872
93.895214564772
94.30943461287012
96.11999472822963
96.54154233941074
96.30742310340717
97.12773346859392
97.39562008224337
98.75837782541231
101.26408558225137
101.19610008895945
103.09058733115332
104.98955721167847
105.4300755512344
106.574015543653
109.43800662925723
113.8981589406156
119.34699052352109
123.84795104289869
128.33864652912627
139.2775478280848
147.17369765923806
155.19311919853416
155.0065062473662
154.07525374503297
155.29702793869492
153.58998874821407
154.7572604393951
154.4308160592674
154.0446567435884
154.762508286232
154.2759411311058
153.66852174701876
154.28755174710068
155.25149128399835
154.99679792679814
154.7828396734532
155.8521968409927
156.93112810783649
158.61230480303763
159.5340285616028
161.61926924987944
165.31061517295515
167.59979356109034
170.8985314498714
172.93583576872325
178.38852006817598
180.8713630715929
182.52497583690072
183.34347408856667
183.25162521487928
183.0938043499994
181.47944317671679
179.86970379152925
177.7528753466588
175.85193528179414
175.2803157070371
175.29491990395553
174.50861269912943
174.60056439446055
173.30731236989766
174.38192762917117
173.57483974436667
172.13162110464688
171.17895984692612
170.37812639044114
169.4918910705756
168.61512067724757
166.6433976222851
163.7939203363249
162.07448715154845
159.91884674770435
158.5620446899359
157.6053444795279
156.76765492947305
159.90429214304405
163.322928672352
168.861523063105
172.42125499054512
176.41079315167832
179.77804038477987
181.20527511104677
183.28265993597225
185.84165424235437
189.34007643548838
189.8372519769254
191.64196185570896
196.8048924200609
200.87654693865898
205.59203995334158
209.93000814197455
215.48273053582028
221.52728937133995
228.50530040452267
237.2115877061256
244.07578920970843
249.37338116104172
250.03481043109934
250.49192007939567
248.74727925420643
246.50308312042273
243.18283658907774
240.83574447765008
238.68637495447805
237.16878757988442
236.25922094488993
235.28628817436115
235.11689054745437
233.722079195757
233.71309612378036
233.35628178076652
233.89424082865506
234.78542494522236
236.5620766767081
237.23946423771432
238.1241395361303
238.77704751868012
240.09075362261035
240.16996810980666
241.6129902824652
242.42227004478661
242.15459223662887
241.7673832737944
241.1183698985375
240.81961642776795
240.66986130918357
238.69207403244377
237.58753943786922
236.53476290196997
236.2147843164459
232.8036022523119
231.70514835195752
230.7843364504846
229.7724085627408
229.82145485121723
233.57847106979915
238.25696274921316
246.90798272928959
250.93978990724415
256.76278946693617
262.87646772328935
271.0142243162331
280.12704666285447
289.70555786368584
295.596882628258
298.22905926362364
298.4383135286084
289.38160041913477
276.58852060557814
257.9098654464552
244.97357640298858
229.4680730232206
204.17275727264948
182.4824366427384
166.64139427405402
170.75619014041524
172.64070333712726
174.66662874969848
175.08817764495316
174.94844893776386
175.1182430587077
174.66347852433933
174.89421617081032
175.47091366328868
175.3629520688175
175.93700343520413
175.28981187883667
174.8637820381602
175.48542232591765
174.61229007334757
174.47891435877187
172.93783357452222
171.0956519427565
168.15599596294183
165.89094118780372
162.41538479458032
157.74219827408925
154.85557856121017
150.34103575316968
149.8561018528383
148.93217856670805
149.3236157546028
149.48096162799402
148.83015322902008
149.0691969089071
148.63011227911002
148.07214135631568
149.03514491087228
148.92620251599786
147.7922852713304
147.25956588474938
146.36526120220552
147.27254535310274
146.76968872352026
145.42582465281478
144.2917475518595
143.4561852328524
140.25415595787115
136.84764435575042
133.93476807807315
132.74708927274892
128.12516282478583
126.70536162202285
124.79065393073904
123.41016264525099
120.56842377176442
121.05620599281755
118.721747822091
117.28925621955783
115.33136824101577
114.07371429979204
112.16170336573352
108.53737308276794
106.98901178830185
103.56846356547737
100.9538572318417
98.45517848662627
96.88125066143537
97.93872849453875
97.7807901340232
98.43147649545867
97.79080429451557
98.63924589767849
