2
3
d
11.383880374561333
12.206413854451931
11.400823428981873
11.578756025984733
11.83716148933871
11.172429036578064
12.461214317428146
11.125372548485581
11.10489428323933
10.373617214584144
8.973414753346477
8.759040019827097
5.906722235378998
4.717884807832994
3.5104952323282097
1.027803973027315
0.5469903198212037
0.0
0.642615674923438
0.0
0.0
2.45663332583707
8.909191950058494
11.667352298890318
16.523829441812182
21.70452095330011
26.190112936111746
32.46896399101778
37.3533467349356
41.346357866786065
41.19572311664491
41.881388068021124
38.59609393831136
33.902782932641124
28.362675715980323
23.495628951060496
15.740720737457524
10.829209438658228
8.855564392897305
3.024310790546144
0.0
8.881496985658619E-4
0.40254591144687885
0.0
0.0
0.049191931893843605
0.0
0.0
1.3425188096589364
3.402583410222311
3.9338234779400034
2.7291926351060773
3.5458790851467246
3.026629376124691
4.015944872226677
5.107233901947497
5.622671504153521
8.587059643279089
13.22946145673946
17.23186929628269
22.48060027552676
25.127707123539658
26.949863769727017
29.36311918891008
30.524794687605638
34.19381312449692
36.09782211124888
38.64134568657039
46.08670735002434
52.67523261925825
65.7605827272695
75.39680144559388
88.34218714371896
102.43124988739784
115.59241015005433
136.09093018854884
151.2906494303103
163.13436126269775
167.0842353267836
167.2274486513735
156.75784211181443
142.03218040846264
120.51639393477112
104.22324058079474
86.41615987668729
72.4260111595129
60.01513411066161
40.43326985688871
25.641638625459688
13.786268133403336
11.432321783502315
12.196470949761094
15.916870253024626
23.735480161671635
32.004156279291124
39.17963017712533
47.25299348002194
50.909089146308695
53.164144431861466
58.43802744412306
62.492383805952514
65.74407537117295
65.81317810717502
65.8715180674241
65.74454732966528
64.78252237953104
62.85152429391796
62.61095824881993
61.29930863363121
59.3885911633717
56.63125981588199
53.993648842727985
49.72516190037229
46.09550531771638
44.174210306172014
43.66978749621669
57.72191005155234
75.32874210858863
102.67195572743888
122.08905167013255
144.06085601805754
171.16459629208322
193.60674242182824
222.9653098066661
234.34436614276882
241.06088060813406
243.16020020061754
246.47985820252603
249.78901525392126
250.10969095696456
253.23289267005245
255.7368363380329
258.0139167468875
266.4496564654186
274.5792358076325
288.65866699677656
299.09890916832103
306.8006225394729
309.5080903952058
309.44923778630607
300.96790655517646
286.72172785981707
268.3622791194941
254.75287352985757
238.97425502975304
224.72470018883232
212.33182343541796
197.6124362263133
186.13585903616044
180.80533151137521
179.38369877271793
177.92812017437993
174.33916694371376
171.53317418332333
169.17961110796136
166.98440354548632
164.45078784371952
157.55097390034106
151.7234217146317
144.1605159624101
139.2174558896285
135.72660158843993
134.934335828034
132.51925917933988
131.57847928183932
128.94256257711294
126.42712464706264
125.13096742891106
121.39333475027155
118.6338924608825
112.18296475614565
104.11779967206948
98.14766066766049
91.19440461938915
92.15056385557716
90.62127897531718
98.52881748076933
108.40105633900353
123.28731678532678
134.37400155856338
147.02933383344975
158.80666511241222
170.62332423775177
188.2527093522268
202.30298154449068
213.95188377764256
216.61969085870626
216.7198627495569
205.61544025355727
187.28222299618682
162.5348940501141
144.43703196943494
122.6355752360098
105.3606708971508
88.59708065075236
62.66778975643503
43.15893309605753
29.894169231998163
25.90063050514426
24.495196099265602
33.88008000990066
45.07657937492045
60.078508727727524
72.52402929212043
86.7284605318861
93.232387510871
101.44273575127718
114.74246582409769
123.65563828942982
130.20630224708376
132.46296962290992
132.91823858149007
127.32924728164103
118.85572509052793
109.57583640891133
100.58670556122398
90.84855882471265
83.92756976297112
76.18025851828746
63.41514011092579
52.388562295121176
44.13233665765647
41.31787876331787
41.645243219423605
55.01727541431692
75.6255208890137
103.94669064123896
123.80335709003924
150.69204623259506
171.24170372856284
191.79411695557062
223.23177029774965
246.68538154544825
263.15358074305016
268.4481752799006
266.8052089606726
259.5144072423891
248.42056746294008
233.62617352714446
219.3327772468487
205.92879636038433
200.7870211334383
196.60354126499942
193.74137899929002
190.26227493600285
184.39112100181003
180.7710392780488
177.90783258675273
166.78196026170676
154.89147439343512
136.22999652623724
120.49038938921315
101.88406343016825
84.8831646525679
65.5276488342924
39.32546363500796
19.412886529044147
4.510668931678378
1.4813244438688882
0.38708773877140135
4.3302869655311005
8.717715781550966
15.967359005764218
21.903947783102023
28.136628654604518
27.20734398030386
27.906424222144203
27.206254427851196
27.692330337141673
27.057805540169916
26.52807126665552
27.38026180238558
27.58895433020424
28.882604774062184
28.418514193785832
28.81954319222722
30.81032519178724
31.04793428519814
31.839568682237964
32.883102516795034
32.61141759356312
33.45544314574559
33.730515819325106
33.99247601313224
34.0099653297291
33.27243042887287
33.53811592478754
33.7040904536073
