8
2
d
212.1060941354201
211.59533750940776
212.5152365747782
213.1697434721346
212.97428151828143
212.94552074433656
213.55520245375084
211.73479377255347
205.41390639383764
195.99310727101815
183.5180155295387
174.08424615335036
163.56938022762807
150.237624251459
139.88996466362045
123.08582514438199
110.83723233931093
101.80604085227272
100.48972543806856
100.61592865830272
103.04901631088646
107.56778287701569
114.1024856342069
119.66308916138988
124.42618925627954
126.7413702004071
127.61016932432106
130.48554465290377
132.4513788488643
132.18625144325938
131.48853321825342
132.42663207417507
133.45908155673598
133.67671003380346
133.75387482495083
133.37072618614346
134.5045635727105
135.49290739757419
136.09221143764347
137.49540666308235
138.50452386558084
139.10036191546408
139.3581829866544
139.1257261108234
138.35275448608766
138.95728651180227
138.27545618786004
138.1676837228846
138.23589654061183
138.39737469302796
138.00687298664766
137.41983008965508
137.16627789028092
136.94269667190056
137.45741627796238
137.98912157688383
137.40440668229326
138.2310672987776
137.17794674680988
137.319734275699
137.69621592109107
139.06670211883764
137.40100886815625
136.619751137512
135.47586772643425
134.93052547904412
134.23267840259263
135.1631828472297
137.1511619505653
141.3611623255501
146.60854111757624
150.8257870463746
155.4566471312799
162.34246266460266
167.302603024429
174.5489450887147
174.96742242809847
175.12552013256922
174.81271487587162
175.63459249004393
175.67270759974934
176.33024529326133
175.8181888946569
175.9931663969338
176.43455967044832
175.93610452137233
175.8556487510695
176.38647101180052
176.2928965183579
176.38136655318564
177.27729444011564
177.44569048690195
179.62263799431003
181.32036145039223
194.26679085376887
205.01935518390985
220.816193738855
231.3242658113731
240.4430129200596
255.63692514332783
266.81630395587587
275.2807201893125
276.7785342889607
276.3994535672436
274.44805918510855
271.76458886380595
268.4171680944246
265.28255777064976
262.1131968535373
263.4752844729441
262.3521534138946
263.7222262423885
264.0457679838637
264.72003223645487
265.684756401975
264.8750841659398
262.53425699841443
259.4493785892128
255.1087581841488
252.2088557557689
248.45843543908288
244.5660746816385
241.53074380180396
236.65736126722314
233.37062772068307
230.59552298920516
229.30172244238256
229.57078341083624
230.68816154224973
232.48321798390072
232.38605652822127
234.10883178652276
234.60472340091212
233.89148524854463
233.09443348938456
234.59848121961127
232.50334203951437
231.17227667426258
230.68702722680237
230.63616982748363
234.6114918300315
238.47439297647801
245.45657297419842
249.7594137229072
256.0477220852416
259.9543123099058
266.45512373598893
274.30626330031964
281.08955531823403
284.8291871988238
286.12697756267096
286.2927092328197
283.0105264409564
278.38812331165184
271.44299445799584
264.9779166826455
258.42844807355095
253.82582863815185
249.06321531334183
242.19052991523017
236.88858345277507
232.4634122134145
230.6133130042041
231.40778174192772
235.71841755208877
241.06822728276157
249.42264361934286
255.2649626009287
262.5734423071551
267.36916134548744
270.8378180417211
275.208984053234
279.34843065138256
283.47284173452783
284.7147372903056
286.9169848240303
291.5077033886178
294.5130495562162
298.83912585136005
301.49594657113835
306.9183135241659
313.3555600614405
319.2958390627238
327.98449598841916
334.7613823025495
339.61799569374574
340.3895059150964
341.53596155238495
338.98762487990524
336.2357587354236
331.7235439120838
327.64559913544406
324.39935113884496
322.1384589423348
320.2778052743023
316.442889497521
313.63742283549686
312.43475840227484
312.4766877449585
311.9461129933749
314.85106059703406
318.98630553150616
324.109217862487
330.0596057664408
334.1830821563343
338.8775978802524
342.5812395955006
350.0237466047834
353.37222206683623
358.7732856998079
358.7599215304284
358.22388640160995
357.2733821996575
355.0241151190808
352.26724226767465
350.470886831047
348.13857349736924
348.507641195607
347.1085438013048
348.5394575225452
348.1446131819449
347.477174132562
346.4421411459929
345.2417276112309
344.04904912543844
342.48794045949626
336.7186848503468
331.7820667615397
324.22718048727296
316.9439572025559
311.46466669242335
304.7394192867503
301.61690112961537
300.9158471581708
300.0631307860547
298.90241194988687
298.17995020511773
298.1937177258554
298.1624226841237
296.80479931826875
297.00987452059974
295.0764907187846
294.0910518107197
291.8123093712841
290.1320733726353
289.2986458644336
288.68316570980693
287.8690801756293
287.50900586283086
286.11140731806626
285.10831559254376
284.3502751400336
283.2269409245374
282.30276190201346
279.7989789067667
277.4164774355802
275.3000321762708
273.7113967926961
273.0795526953271
273.726495115198
273.9236426233514
274.9923827850922
275.26969691042086
276.4592194732436
275.3959193981219
275.6256539266467
276.79659444907213
277.6480620655293
279.05988186567265
279.84614569071493
280.6068406547113
280.4070186838109
277.5539490351183
272.1986060308803
265.58149148952236
260.7913087577001
253.78557439329
250.1500890850652
245.12908159252837
238.91988753493544
234.78102971565448
230.22494626320528
230.0124975419787
229.5768827025967
229.55736056784514
229.4367444469884
228.57957796357923
230.6604562162493
