1
7
c
90.4927387706677
91.8447058939689
90.2636389020554
90.78978242377485
91.88951140581908
90.39345527599738
92.01123954307721
90.76349943552933
87.87028484843283
83.79682164332847
77.40208195089767
72.85403546973585
68.11774427626166
61.53120515433674
56.654320084939044
48.52385112059064
42.729926852595455
38.98859413662413
37.87978917344814
38.15744588553343
38.98932266780784
41.20198443007592
43.252467985657006
45.25742444507946
47.36624385049035
47.29500298001479
47.92584953068179
47.65027626234044
48.00587104172275
48.611275003073594
48.030788962591245
49.116542708996164
49.906914619171
49.560177840835536
51.08733491831999
50.823792166777444
51.03234052120336
51.9276757535901
53.43226509445177
53.82143213728804
55.52491434139681
56.949401370698624
56.418344288008335
56.35824893453705
55.86960242165683
55.39743009261896
55.22594906077108
54.14192515338762
54.05320402136444
53.21790997400293
52.73501309832086
52.53151253888604
51.80984146047926
51.7810406137058
51.36972462512596
51.99331448961227
51.17463624092683
50.59684578925666
50.59196754183542
51.24209472354891
50.54142278335346
49.272347207969204
49.176518290995965
47.56931486615594
45.506768304617204
44.85715433866235
45.254666482777345
45.45100355041853
47.720439480450224
50.758226925873366
55.87807261475167
59.765121520680474
64.82576614198388
67.34273014583334
69.48889117881113
72.84604371352881
75.93252467055927
78.50676062260167
80.43192460429886
81.6018186365415
84.93822914707728
88.57956271498708
92.21731540939189
96.49318428588913
100.33009329533724
105.37552184565726
111.52000775087625
118.67040905503121
125.47435187851222
129.3530474528483
130.56585499045497
129.47925210908494
129.8917974962477
126.40983280052401
123.81268714256572
122.98644027083462
120.0163824608691
120.62984604912862
120.23560653618117
120.62608514554003
121.33174284586609
120.52815610356161
120.0071549879275
120.11678422303973
118.6876469303105
118.41687257980797
112.91392602056769
107.38056404557572
101.46580859476
98.561056655602
93.98630056559853
86.76455162973001
83.1785773967487
78.66266217998438
78.59627285014662
78.85165913688246
80.24754127896318
81.78813257036204
83.41826662187749
85.85032897160232
88.26495029098551
89.49973141458946
90.4324732229667
91.67493736192222
91.69068251123642
92.08096930770655
92.356308477833
92.08052051580418
92.2228727564897
92.44585974333462
92.1521436601549
93.53785988147136
92.93316199600619
93.08835993693305
93.30559879706433
94.09376410634947
92.79164908908389
93.66635064345897
93.72872352937199
93.94134989538206
94.46417595381294
95.36864395378072
98.90703861171144
101.43651726267169
103.14222420022192
106.27078838404721
108.01400376076876
112.17635573148644
114.75596890245383
115.75336256815595
115.33522674008134
115.52605865040249
115.59377237147628
115.26999504098761
114.12013226580369
113.04904678060655
112.94312550267104
113.26798176987793
112.36875496119048
111.61597415252685
111.18163485127526
110.29894675946143
110.39508265531367
111.20635298287077
111.26173446240888
115.99782866428035
120.5040941154042
122.67309695075015
125.76355022639913
130.33629726528713
133.24392083170594
139.30235593452412
142.38801616353402
144.69094801378318
145.5012267667134
145.14247651460667
145.13877664378458
143.11269710125174
141.64321275948487
140.19254947838436
139.0026961730933
138.65716680686165
137.43341005432802
137.65022221549054
137.9438667988386
137.50645847146902
137.72575296087655
137.16500981571838
137.34197085192636
135.62313172876716
134.32275716203722
134.9483308061411
135.33925887883262
133.2350232969075
134.16379026253637
132.69333449270277
132.59924733865492
131.75193433464824
131.44233072322479
130.87994987835214
130.39995393647845
127.96019587417697
125.87939717331228
125.70971066966352
123.71124111625608
121.26972553868794
118.71587220146068
115.58408491955144
114.3400157992333
110.95280158154553
109.80884634936064
110.33145384050178
113.14934834254464
115.9317133759135
120.83972531843996
125.2323792101855
129.5344220135844
133.62866169341933
136.17879671151778
141.58096186672057
146.3985089218345
149.44063828694266
149.1437714406006
150.64500190045104
148.2879823921963
145.28928264000785
141.86394738625944
137.15198649078562
133.84058924768198
131.67873689070478
129.57492375172328
127.04881696587255
126.11503987387343
124.60735865499548
123.54631166958873
122.86187028018658
121.71579554285381
120.31551705379265
120.0733661118679
118.59106387745376
116.70350623616913
114.63594055072437
113.8754617811413
111.49904565866449
109.96727355733478
109.45828191066467
108.76201381318266
108.21695185005201
107.02500434596108
107.58151663721499
106.19915851005621
106.05312504170365
105.10108269859651
103.55026690460838
101.87653366253944
100.20952086845693
98.09461249825469
97.33512863857987
97.61507644293127
98.01994375911775
97.85948564384042
100.44046512673427
104.04494195589366
106.4732780190483
109.32279602417181
111.73231477467066
115.1517891263298
119.11626017279166
123.13175262475171
123.76667422111859
124.74659277771333
124.24552938805772
122.4206739637633
119.40228686617232
115.21172203678026
110.29428984730676
107.68471072641982
104.00753686255538
101.55384404951205
96.577589843406
94.25846410826566
92.53756070814808
91.3314935769692
91.95607294002653
92.36288148495423
92.13436734337559
91.8047625175759
91.75285242337888
