1
3
e
13.456899841451653
13.797757532244528
14.47412605791111
13.857214004338534
13.927847361797633
13.661618860455675
14.552261874659182
14.049671768110901
12.892821021196843
12.082139845178125
10.495247573940722
9.522903860682177
6.437844274457662
6.100729538620632
3.656719975725207
0.4671778906629367
0.0
0.0
0.0
0.0
0.5505977067210555
3.494902684344021
9.153307389293827
14.531787377579937
19.716506881172876
26.201116726042084
31.149996082397397
37.86882604881424
43.61293513532903
47.799648423056766
49.22891962601598
49.019650688239395
45.940725296375774
40.67258819276349
32.26174425725329
27.58040273081197
17.672708964902647
14.342145446116064
9.503784249837453
2.729344862190879
0.12978178489841394
0.006182438505480189
0.0
0.0
0.640294024038882
0.3139679724590833
0.0
0.20487207623388456
1.9010072630039814
3.718797458773632
3.84052409891894
4.1008463466435225
3.175161239885759
4.389567436443253
5.565367855947288
5.146878079049931
6.676786772503151
9.316385155722045
16.282098676747403
20.32256038935936
25.559703051242057
29.429497160010655
31.526823359943364
33.56101639902636
36.5328715961486
40.3111187854271
42.02632956322301
45.63003980857117
52.678858435071
61.898494261836206
77.81158262664233
88.79505114449469
104.06526062320616
120.19844659500959
134.89744510834365
157.78383656198966
178.44594140558002
191.83150448137587
195.89286753803572
195.46353374669562
182.8385401804627
166.56046097330574
141.36614692205686
122.11183250734858
101.38755237847394
84.61849197952357
70.16463141549575
46.98195498677206
30.57325202982723
17.618811604201706
15.535815225811671
14.423224258188165
19.048272639279418
27.16034550451175
37.699909380139765
46.174312943463796
55.34839145190171
59.35310484481974
63.10244030121071
68.94604422478551
73.78030466227695
76.21149783095335
76.89263508299167
77.59182629974855
76.81990726101826
74.49156088935189
74.87571468562209
72.20408348685679
70.8290666662608
69.98515494926751
66.48877807188826
64.2718274174741
59.59930863092987
53.616285738809424
52.11636166547594
51.912154286463746
65.74262615790519
88.10237074231647
120.4534272000932
141.38553004026292
169.2606354150384
201.14479584580585
225.60484242356924
260.26019114543436
274.38057443328313
283.5919617510866
284.7921256709244
288.1761850369857
290.33510683766303
293.3363055631522
296.49459613109457
298.85934888160824
301.5715836227481
312.5275161067313
321.9025062139499
337.42747678973456
349.5234922161082
358.4000157479545
362.3748324330716
361.5328366094346
352.6896179294946
336.426414827713
314.8999297310894
298.1802007222563
280.8737581550909
262.32226145627413
249.027083779601
230.8543038051598
216.97498641542273
211.64051081708388
209.97026607082765
207.4109961875563
203.98329699120288
201.55602707280715
198.1596927814641
195.54641281872128
192.03213304680173
183.73412203973234
176.71369574370098
169.53700139162055
162.73578105962397
158.32397502712803
157.8759797579557
155.95802713915327
153.01746564296488
150.87943461804676
148.78401234249054
145.5942345343213
143.68980571710017
137.3058475296565
132.78881642818314
122.90278418217991
115.14359669289706
108.74760364024642
106.95699869716456
106.93281308419881
115.75400556538803
127.18854449484218
143.7048016833082
156.47871852852967
172.49007046159338
185.2273975945223
200.20569122075474
220.71913090002337
237.38975209864716
250.09881204409103
252.91386421540682
253.6464259948823
240.02520018043782
219.6033542840321
189.50260489968
169.1206598451268
142.5255559482791
122.79756999478413
104.5914420768237
74.46207880019207
51.258431946505404
34.00797631664917
30.410811498113016
30.42548292340317
39.157373911457185
52.80417930359517
70.65935172522153
85.38390176437026
100.25397269370787
110.13770564025918
119.92953759102187
132.86744580317034
144.59850933920177
152.19086739041035
154.91381301781036
154.5701204541281
149.98839982533366
141.14974306170512
127.11525700251798
118.44810455289728
106.98861160263004
99.84849346428557
89.26389462460449
74.148498592966
62.143291921108656
52.10890992012875
47.523937907361464
48.26881971252822
63.57456358381912
87.62168311170109
122.95345911303855
146.4943543569539
173.84782733240104
199.99280063780708
223.93900083153147
260.3303765367341
288.0562422164496
308.5799159637327
314.7285743702802
313.55568317112017
305.04929409589715
290.75705092813325
271.889650802216
257.2626321648227
241.27497953645698
234.55586786745417
231.40254533116027
227.20378727981486
223.5031740563158
217.07318025009843
211.89860037553765
207.86413899732986
195.50858350253174
181.33167454891296
158.31106044481123
141.46019803313996
119.9162999306293
97.98076852525188
78.17023014529087
45.57382757790682
22.94046029194717
4.615943100815208
1.333157273306965
1.640237682983089
5.930995969752107
11.149887131990457
18.090836373665244
25.28355809867369
33.094781426936315
32.52327356245498
32.5100306552828
32.0349814189494
32.23366341394726
32.327366862659716
32.069919550427564
31.699911486392736
32.28519255439239
33.133653303886724
34.110415609967994
35.31784227808884
35.27295207729229
36.034593487585695
36.27408993419247
37.982571548828275
39.046656196209256
40.91564901953465
39.610215921918886
39.12971180034858
40.277695230424634
40.05026488820244
40.63683593375563
38.85194285038685
