11
10
c
54.77311460640806
54.789611901011796
55.27320526885126
55.02328682983963
55.25120353116067
54.75315116816073
55.39458706558874
54.564805412572234
55.68239173095111
54.74054306202433
53.68662668647527
52.25836043474169
52.29450980843817
51.2612001786733
49.346410063980976
48.14936310005742
48.984477925929696
46.33309810494746
47.86430897506579
47.680179700390276
48.31166430024129
47.85467962837591
50.31886128078091
50.619847165074404
52.16142172652287
53.07205627165939
53.838404794205516
56.00530808677156
57.27739934271707
58.22025670302109
58.825512123235136
59.449471214270154
56.02056672622
53.33670519183022
47.87278572790717
43.62310995585862
40.43844573047209
35.36590319563209
32.25724052721333
26.09006503691368
21.82319058702367
17.680243817963984
17.653442479479818
17.897964600169534
20.30918602423708
22.099048253406497
25.47831622287967
27.821539232353476
30.86014443221748
30.846202126708558
30.564317380332895
31.761217245652027
31.134657651117024
33.06233437203231
34.96509880837821
34.83350013585265
38.495609303627795
42.91335592210291
52.808236751103905
61.71394460662431
72.16388210839183
83.23294712799392
91.74084190861598
104.56190972359035
113.66830064928268
121.40136216928535
122.40523656687887
122.52291722455935
120.28574471673564
118.99741092883856
115.03224506877181
111.9462301165094
109.62446797794946
108.63898127272567
109.19566870173756
107.84397107869863
106.72761022232399
104.6275645199717
105.0531688855028
105.17181903690687
108.26613779786155
114.03861524665611
121.43191407269032
127.12226482900113
134.44653573182745
140.1463001876651
145.01043145316896
150.98361443506334
155.60326241794877
161.16026146249058
162.48683055695727
164.3257360851321
167.0416593375008
170.3094475282463
172.99248472241248
176.10533056986418
180.3174028583052
186.2991175214792
192.215547704994
201.19356277121756
208.8836342326414
212.66919605669423
214.9677268951198
214.86929392126672
209.26365278548326
201.48960050501205
189.04371559393846
180.68793954710375
170.98914879944383
162.8067451133045
155.08461361019673
142.22461434324038
133.29601830103235
125.73048238403459
125.30658097003717
123.61152453380468
129.59210441689063
137.9475108793372
149.07456808906264
158.32441502946563
167.03667840083602
173.8494875271062
181.55292774913244
191.00897445609215
197.35649363264992
203.74643214054436
204.73200834379034
205.4731532973297
204.7699165573597
202.41477269849148
199.78505855656286
196.94315658350465
194.74730036812932
196.0287228719503
195.96860230522313
195.35833245131383
196.3365779058008
196.04022741629706
197.070756698821
196.70202291385357
195.43647767409627
194.39046989198843
192.33931949789294
189.46691806971396
188.5888058429111
185.99465497167327
184.6671950528503
180.1286665812871
176.76210135285652
174.92639293403755
173.83252106508516
173.61571778211453
178.04844223883097
188.87089060455696
199.89742658547956
209.43005951296283
219.79621798148875
229.5736161993095
239.65584425273175
254.6595327675415
266.65238495262946
274.5451182784423
276.4822599493126
276.92627439952463
269.4357001702208
258.6575200674375
242.44702634046718
229.73879839232632
216.9355861340287
206.8561324605693
197.42584435196838
181.96812249675918
171.47913316035155
162.77130478666913
160.17469605206546
161.55200912182713
164.26513063639317
168.7989635573119
175.322810668544
180.99468050218323
186.16587452583713
188.27877772395735
192.02079620903953
194.5682213553342
196.81192337440874
199.41273639651254
199.86672278683676
199.76398894851278
198.5811349981494
195.38323279420655
192.4452758692878
188.3830019753143
185.92786817739534
182.12184173115952
178.98280565974576
172.59877023848733
167.09594061911778
163.20420385337778
160.04381654445237
159.7317570446404
170.98099030730802
186.67632289492144
209.66331491081084
224.74711375187402
243.92620708541344
261.31831444484783
278.795366582029
307.6103000975761
328.8146081764261
343.5966729986365
348.6925396895064
348.8439882899082
334.9260535419051
315.3718718821269
286.4297767617154
265.2978801159186
241.17271089312922
222.86342500391945
203.6852034252056
174.78059361188488
154.78046146728707
136.90917730976034
133.38331193902525
133.47942979790062
145.21858524696898
164.82690442007728
191.88702484273145
212.1114853993247
234.94722755093437
251.84359168090083
268.8634308985779
293.93863195727215
313.7770862171204
327.71436993538504
331.8289863283368
331.3201130115823
321.2870012145858
305.3392491833053
282.9333117974377
266.0682409862735
247.54581235687283
233.23231070155356
222.21290532393255
208.34857420384506
196.62842129511537
188.44695042772676
185.88789303694583
182.4766620045958
179.18452655804472
173.96046388662958
168.38986761129968
165.69227040984836
158.72265001407416
148.95233344109343
140.12640984126142
126.68911715451412
115.12686220768211
106.5476289703167
104.9027143656657
104.47283021637975
110.13864477166015
115.98886796867983
126.69690672209826
134.82357176727845
142.92655474410967
149.4686215523975
155.1304665878969
163.47698921165954
169.42975345805198
174.1345059278375
176.11481966298726
175.58650216218956
171.9459083028355
166.86915886994942
159.71836256967828
152.6987153493676
146.27108582383693
141.79917183128097
137.5899462604866
132.14178958814924
127.84969411528235
124.96128872232389
123.09440210901599
122.88660575917629
122.94057875291561
123.70699959646676
123.35117822073406
123.62523452360948
