0
4
d
159.68143852671884
159.2434257489383
159.9935293858017
159.50305275413777
158.9421307577146
159.36119843131863
159.22613825707143
158.92215020427216
151.79077989234028
145.19247487937702
131.4383933494804
123.6316663083384
112.93355227637628
93.33583259166971
80.00114573290398
64.78621769070963
63.530672664294116
64.12287966156535
63.45240522139123
63.88055750374787
62.2580610255748
62.50745669270087
63.628957660342465
62.654261774079956
63.447469456970246
61.084907148130505
59.12384749225183
57.31361604526715
56.24777361833882
54.295651639136864
53.884787218894
53.779270417676976
52.98496951741622
54.167568339337144
54.656718516872424
56.08787411873792
55.75054102426252
56.95082000726323
56.81216121557643
57.45131247154149
57.873931778691706
59.61755536652594
58.36149216937414
59.422613769418625
57.367592180047765
53.19072779348976
47.997163596743505
43.18569611302648
38.622709573557216
34.445823030991164
28.23101692995535
21.562397953120367
17.55120740400694
12.581910853061284
10.47910618998297
11.473915776852746
15.040754088837309
20.489509429188516
28.842235749687518
36.05091227824685
41.65728806304323
46.72563111247701
52.31948793981975
60.71236725766697
65.81905711124493
70.06876640784202
70.60428474096676
71.98814136001134
69.82191529666824
67.29426442919214
63.79893797279887
62.25746214614663
59.189024463064165
58.115389331056356
57.33707442241623
56.08883363268965
54.48441167527531
53.56203080008109
52.634146529967595
53.721176335307064
54.01006232898399
56.32521412960703
58.50855356747807
60.489674756483275
62.82348688252815
64.36491674756385
64.98396135436627
65.74419100707645
67.7821246326171
69.11321577703099
69.93459744459763
69.97709249100495
73.53042110377795
75.56346354873897
80.36462913162747
83.22274901529246
87.81534723460113
91.54001947984787
95.49562691125375
103.49280574319766
108.19149573347288
111.62375938713816
113.11304681047997
112.08415575903197
110.58000949455476
107.19360715851441
104.30301074311545
101.84132016705956
98.13261490869954
97.03036416961076
94.50526231531357
92.58647986506453
89.48654074816761
88.53527450792372
88.11877315757312
87.46797249373908
88.56236755889951
90.11343837782695
92.18348853302876
92.72270294094048
94.92633967922283
93.959237075004
94.83708854432456
93.85524715977061
94.87562517055818
95.87077762286096
95.67011142741032
97.03497903251916
98.21033306168844
101.52271885336704
109.20624245691997
115.98607904826144
125.3770372512121
134.01509093898648
140.95104649567216
149.87984124892108
155.22182014525154
158.29057771001868
159.03444367937163
160.79202877214934
162.55171607880223
163.95242166368718
164.51223377849217
166.25728557054637
168.40352603061356
169.80220959957785
171.28097698653156
171.41721040246333
172.89744927883132
174.85751237248965
177.37099768761627
179.77677175176188
185.92766796256177
195.10392218551422
214.455723356899
229.69459360058343
248.6550026887495
265.4177142210517
282.5313594574167
307.92905254620075
328.55304447391654
342.64973285807764
346.82940988970466
346.87191864675754
338.1546998368316
324.2792090413325
304.5494396872624
290.05932997416375
273.0428392667812
251.40449172606003
234.709279781651
221.62322863505398
223.55630192466342
224.73667981401195
226.35277713412037
226.14550065164994
227.30920957690756
226.7609491244118
227.88789121322517
226.6288187497939
228.13937759543288
226.03902433206585
224.20751211232889
222.04794599370743
218.70879489419292
216.620844771929
215.76749818231096
216.68308709573614
222.04704371541368
229.70148793935113
240.78149064201128
249.68355364258406
259.2208890036846
267.0612212337686
275.879271843335
283.2180505266723
290.156240540827
296.86816355057215
300.33115220791814
302.4329429300352
306.71421429602077
309.7851224323779
316.1028132986587
320.16522236466244
325.32062245398663
334.36324359255224
344.6079749961822
356.9252145812634
368.01762693684657
377.37422039807404
380.6979019686085
378.9622629666559
369.2914759996191
354.7574081853063
332.24717765468813
317.24256156398684
298.06346411474544
280.7368545822577
268.87051830273214
251.40258126771454
238.66223735626411
229.49472917143456
227.0139640325507
224.31825541713235
220.1320520325588
214.9189581177238
209.32348224991225
205.00945646193222
200.08176725454283
190.32457521061104
180.16581329535822
167.42605672103232
156.75719103763635
149.13497659821104
145.94431565590403
146.4448945018066
149.26528875762426
152.88356541499272
156.77457293806646
161.00130929562002
164.4523281925963
165.3434191362461
167.11223087545903
168.18252039192433
170.7364423722734
172.34703291128346
173.0443825991794
172.53686200939111
169.52851413502918
165.6301514935626
161.04699941092773
155.79031298644097
150.49981446613032
145.94164961996958
141.30012072114178
136.1750733727593
132.47928218349065
130.7773682969386
129.9969515342278
128.61521723773924
128.34647117283978
126.21890019214699
124.74754188330056
123.85517275683864
122.3448295921176
118.6864207725591
115.98627583427408
111.56132301379598
108.6797770249361
105.97899311548127
104.8821485600242
104.21958691789644
108.33595834840546
112.46993657550715
118.91272950227011
124.10355115785084
129.62812323903688
133.26370881624365
138.12019732328625
143.39535103253095
147.35194558600128
150.0356540460371
150.95255426020026
150.97651913212698
150.63063385082611
151.17102377475706
152.5622397540589
151.4295606513102
