3
5
d
168.91425443481594
168.73106292376167
168.47273791144056
168.9676144588236
168.4712909025336
168.1731740829086
168.96627438003762
168.62319095068523
162.3949462711979
154.54809356518717
143.1098166541042
135.1531898512111
125.47136313962308
114.58136146180239
105.60924480902939
91.09117422798134
79.3278812952603
71.60427724427039
70.27039894695233
71.17728118888951
71.67050862154636
75.5366603057299
79.8424264820669
83.5072086528318
87.8788159677747
88.80886658185314
88.48870123872823
88.90823503526104
89.32005173586589
89.93986048186335
90.25619598701273
89.82563765112116
92.45690319658287
93.23120596962413
93.95178243446163
94.59969478774724
95.52739309386648
97.53878449332909
99.60096387828655
100.9023311455808
103.43606620054516
103.22868744767622
103.87021491709801
104.1585788183122
103.35205663883767
103.22193706783555
100.76978352134398
100.32664995322341
99.30615972399644
97.15470979048104
98.36762158825653
96.91234356863207
97.00844734678691
96.29669784552709
95.20143674942584
95.55716713377299
95.84378761100524
94.7010455230796
93.44172695928782
93.86587790893404
92.2584615563839
92.15642344374007
90.17713085912736
88.797364536835
86.29453865396607
84.73810754742183
83.76002977793797
83.07553863178529
88.35615112880838
94.42641627333367
104.87474337482763
110.35748603059393
119.15999115829456
124.42832013501518
129.9259126898016
135.29950839229647
139.56824721533314
146.01699334805286
149.25032660590972
152.5518404428419
158.05762433648277
164.03840534025008
171.9668341097304
178.56168527983957
186.62958064172494
196.3890053237051
206.54724644203444
220.7298820108043
230.73653860811308
237.66463320572933
240.63706912604087
240.08059859568667
237.65347533574993
234.01966520483742
230.61308481985472
227.5376478568682
222.94287685567136
222.80699875949017
223.42543774415583
222.7689162955646
223.62578113645569
222.32602944882746
222.47392426119123
221.8770173613078
220.82597748823096
217.70029392308768
209.18897736278507
200.52337193029436
189.30342020231393
181.26940792335057
173.9840813146686
162.00588133128252
153.92654108646573
147.9625529965936
146.13281424270403
145.6956421689102
148.42915166633688
151.29947433463894
157.1192000419577
159.87318266254604
164.03598160571693
165.4307393490146
167.39471481941345
168.40480986693305
169.61623083295288
170.1800865602877
169.80510847446848
170.2539668239447
171.22994911203094
171.55963200736056
171.75330165181532
171.57232631952522
172.2172630853872
171.5117768003986
172.67286720869555
172.91091699688914
173.00658849450505
172.89064958526635
172.95843225449232
174.4309844871432
176.96475316622417
177.35500071054454
181.80158346172038
187.13765027390178
190.77260551270777
196.42873087263052
200.15661414801303
206.94882166430537
210.64523497985414
213.76100290548246
214.92524037321405
214.94503509849247
213.8092415764041
212.9228998885561
212.3982096722877
211.0244038056526
208.4329191990054
209.00333432476765
207.08102426652627
206.43295950683523
205.7367752906574
204.34907521624362
204.10013622644414
203.4468770516144
208.05811313988767
213.36397824157953
222.79956447889242
227.00042724552586
233.67676198135158
241.3916394608915
246.82924375488994
255.94779795271137
263.31611519080315
267.588448900672
269.1361762075768
269.43496041979466
268.1390935784849
265.8905215892023
262.6929003418569
259.62374496840425
256.8480624889111
256.2315092753586
255.84611398721557
256.2992494338426
255.34495068295175
254.3905060843457
254.55348826143978
254.0618337851611
253.25226063124066
252.7594951020759
251.168645841473
250.20454058440995
248.4694183670398
247.4324261156963
246.7814874010402
246.0509790618638
243.93379839648267
243.71593265863922
243.8048127632273
242.14130596295865
241.0475455026976
238.03155775395325
235.25596241249227
232.34471119139536
228.80864515979755
224.37423601373052
221.0205909281567
214.10385778700828
210.68438150614716
206.84225454499358
204.39424519729428
205.27988162516124
209.02433034494388
215.32724195784763
225.37734677656036
231.55920808043925
240.54617602176916
246.9529441298394
253.25541447050188
262.85799378631924
269.35161371774126
276.25167217826623
277.4408487863154
277.77144632862934
274.921578865042
268.5940111045231
260.6153187855334
254.91492479903152
248.99970187660904
243.49322563198817
241.56276850663468
236.89747370479597
233.3760427650405
230.32931651657458
228.18350320422562
227.1875220257621
226.11745059694425
223.591822675559
220.71842956443314
219.75051577517036
217.92377535079305
213.472954807005
210.27297280481224
206.60138063522203
202.50660854884052
201.1895783002439
200.87176088261046
200.65179070165064
198.46924977031716
198.37857523273104
197.16363869884063
196.79941025583665
194.46808561468484
192.97202298729667
189.780103964103
186.76200425348853
182.7642581561853
180.63305264577656
180.40547331369186
180.80752225906198
183.22209911283312
186.70442682807325
193.81926337142764
197.80481580829252
202.90713356539538
208.34109326847565
211.76144553089094
219.80772725782919
225.80131215240564
229.50537196665212
230.8970289546651
230.0169591656867
226.8885798115015
221.2078976986092
211.99962977669063
204.69747265147984
197.9144878112629
191.8718059069208
186.0007584053469
179.79707092876163
174.0469276684174
171.29454752842227
169.2620730397859
170.40604350952572
168.74610449798394
169.72751526473095
169.48707535049985
169.86365938160307
