2
4
a
30.788230473146964
31.921932515773104
31.58182577414128
31.52916280899469
31.526928139389792
31.62463043454694
31.712734869295726
31.04063402849516
31.656218479991445
30.777992222044855
29.665420651827695
29.229178845525496
29.65113465565968
28.85313904764925
27.830646907000073
27.737920006798596
26.91565228203749
26.911685496026795
26.36222496362019
25.853191149267555
27.311920128815515
27.319950424359735
29.607074343327266
29.18292739047847
29.3118429257182
30.089459402113157
30.405850298123216
31.259212786085165
31.845126334330935
33.829658739536605
32.79468288134376
33.99259754308073
31.688110722790555
29.680439556577063
27.506631839862568
24.711041472662252
22.24293694464645
20.159831356238758
19.086964376557507
15.027653104871373
12.76705919154289
10.645112106750409
9.741406455308159
9.453106659997612
10.645557758149202
12.405260719332242
13.639374473805987
15.853181415707226
18.297603141359254
17.50731864847818
17.116888697072476
18.18733339872933
18.134827401653837
18.165744932223575
19.27511011364213
20.22427894455076
21.312024371622602
23.21551609084309
29.949533209035614
35.24728386572957
41.1344076410488
46.39349063369223
51.10565722689596
59.78465872571241
64.64644770067913
68.94527259840525
68.87476880499777
69.90107724549246
69.12776060745
66.56744716332527
65.51259434462787
64.40100159211143
62.14875869381404
61.401644024242565
61.139308670317874
60.623219915961045
60.99597577202779
59.535950092253834
59.54893519756873
59.40303038847666
60.73736115952704
64.79701111507954
68.95105061094475
72.00861225461409
75.78762553120325
79.2507869694527
82.38633914296874
85.65887879186336
88.05318543930268
90.52153260141318
92.48282203003791
93.23612659932667
95.0311456722815
95.12195326826595
96.55294633395394
100.18531761318468
102.0895256666232
105.14942734915037
108.3068549793331
113.81155431919352
116.89027354441986
120.87407034752866
122.06010816223272
121.71836477095555
119.04295572550488
114.04802436176651
107.35353038051569
102.7575685381094
96.64631190332867
92.5116443702141
86.93921200137179
80.84877143819354
74.92746223116269
70.87723145703639
69.48901653856218
69.82440533003648
73.35296962949201
77.71827471796584
84.75902569852212
89.1006688370899
94.15790483918394
99.0745153467675
102.67973932724765
107.72352937334983
112.63709454972239
115.77340985552237
115.85479716215734
115.20616040183062
115.54971372858887
114.79386296081138
113.3123781860599
111.0409510200572
110.03495887993147
111.28564976101515
110.848288074275
109.58074352378664
110.71453780853435
111.33811803113123
110.94684238737763
111.24507344368857
111.97152902697792
110.03578972321343
108.65094483425891
108.51738171091328
107.11486868837656
106.06474441614554
104.40099549240826
101.52890941601024
101.15865163805526
99.10395916183985
99.20225623198189
98.58966990580292
101.4413003339094
105.78000305436115
113.61318242561731
118.60129808933655
124.07648689345046
130.25699467322355
134.76245125656476
143.40416851034382
150.18181353636282
155.85772217509736
157.40469550509732
156.13013579168756
152.18279216983578
146.42302279308575
137.08706792806177
129.47836145576707
122.86473126277677
116.22571344104801
110.63517115586856
102.91819214014447
96.81609282330285
91.83490832248658
91.40757050546948
90.8050175404283
92.72175813290197
95.14598048246906
99.57051746352327
101.5528494879543
104.58211652744706
106.50615269377217
107.48969349606382
110.32141832731949
111.42546914309732
112.80745463620045
112.97062736123674
113.07897301827772
112.00643864972004
110.14173009365793
107.9083540345149
106.79659171217754
105.37153033646194
103.64777156659137
101.22881218112124
97.55163504916295
93.68841274382346
92.07430312878765
89.85228543328027
90.57711899711785
96.72515352419545
106.40745443521402
118.41722456417384
127.23353568088889
136.83403411329826
148.26248826341322
157.97479257757396
174.01335315135893
185.97707535304173
195.20365452366366
197.12094518484017
196.8778009513605
189.9557547943666
177.87639992305802
161.8369899731147
150.4749320848965
136.4947722552525
126.2306387106608
115.58576268196899
98.60146143781694
87.66154477991824
77.35266612169218
75.21678687027976
75.82098140466023
82.88627986945009
94.09766208305173
109.32877985069004
119.66274696093902
132.8354046853601
142.45249582202226
151.47668375424436
166.58844764929412
177.18772441585224
185.2418262828634
187.4820680702255
187.68201024782678
181.65814199820642
172.4391970404614
160.20356990508074
150.3469491384806
139.4656977780096
132.7065380544724
125.87928012724728
118.74630848265211
112.44333844207591
106.69818816793415
104.88734906176875
104.11244464958452
101.03682899642546
97.96976788960269
95.30951293098941
92.48117210645296
90.8212172741591
84.07833808295504
79.32958729631336
71.09716793067506
65.21338903637222
60.28229740191873
59.02916311785252
58.428896084525576
62.15531697609251
67.01326453895886
71.83776583458406
76.72019709338892
81.5184052051593
84.15567135591495
87.35137691087806
92.70958111445863
96.76724080657041
97.98726085501438
99.88188711992663
98.81976444147408
97.6942150081459
94.56914506540375
89.98540902559112
85.96411305780846
82.60169804592184
79.89030227753553
76.94887689139496
74.43590452247696
72.09339819971864
70.79881169000151
69.7762978236774
70.39659139373214
70.1303048593524
70.36830539864778
70.51993536241011
70.7468445686091
