5
8
c
228.23484506810462
230.17489272544285
228.58796424084366
229.22120461573277
229.2930697226608
229.33271197651237
229.9785311116601
228.93445260346155
225.37443293925006
219.80919684934108
211.3328256605235
206.30350124369176
200.01924232997874
190.6898453555319
185.26246913525537
175.14994120851338
170.76243026831924
167.7163954259026
166.866226359001
167.2152442837265
165.97678728440786
164.1381500038255
163.0892857721684
162.06313813018454
159.98427010089873
157.69680480100456
155.57539345959145
152.65341950174758
150.99517325148892
148.3023181353422
145.77040193569195
146.64757431876717
144.50261877169908
143.4060844772559
140.68183369423483
138.87294343381424
137.35482722046947
133.63099387672546
130.75485157972932
126.13416959258824
122.94488790421083
120.55067188194859
120.33262854543713
120.61038728573143
121.38933271630829
122.48540519296667
124.59439727484175
126.19134431922865
127.36620956183332
128.5006642649905
128.70524872936696
129.2314434373905
129.78449218656263
130.77205140491574
130.56190715673117
131.30702445837798
131.8118608026673
132.31086164104948
134.63433518112708
135.2180069298596
136.70611320047777
137.73408834587087
138.67492737885607
138.5769629522904
141.82563099306958
142.81645273809423
142.81095998259784
144.0789307466071
145.30914504770783
147.33767331054418
149.8531760867644
151.93877190153873
153.95101721782757
156.52617332817692
159.33831250039754
161.41826466947774
163.6195163500443
165.18987380774587
167.32417929859193
167.44860821369446
171.1280465833001
176.26020347294119
178.8713194368325
182.9498126737341
187.6600521084213
192.42208438286633
196.29943402619875
201.15180765951234
203.6028533453619
209.25342516867042
210.5148744530244
212.76701168758714
216.4628729394098
220.19020897020442
224.12310045614774
228.47766588135568
231.86518086896731
238.48416111499864
243.54861547763247
250.2079934444534
254.65763362472387
259.29567006661364
259.97023178710305
261.07545141479005
262.8185357714713
266.08010393460034
268.3738925231017
271.51391419165236
272.8443483774454
279.02391348084024
283.9370392876341
289.8195178472489
293.6967871782361
294.15654856501084
295.96694089909187
294.73257730386143
295.6057455453297
296.3751749823646
296.1896062267949
297.16049043719784
297.0226606806176
299.187746335328
300.9897790312664
303.35478313675515
304.197791727018
305.8606979489566
306.6448582197528
306.35201258634294
304.6947138544899
304.69166564599766
303.07061620380773
301.6323914334014
300.9551972372271
300.4198468258113
297.39255732676
297.31227406086316
296.05972716937896
294.78216638220465
294.635264545909
294.09451240108723
296.71051393773996
298.6583244741565
301.6915171857087
303.8466461183704
306.29931717114994
308.3141732048912
309.50367463990716
313.9707178706819
316.7940082124641
317.80983563376725
319.4956532444712
318.4975431343512
317.96860911308323
317.78357590607106
316.2594157209791
315.93412735721625
315.81959822745995
316.1308558345454
316.3425755791059
315.0564774601317
315.34033447164705
316.76724843055354
315.5519569831642
316.314397556465
315.6763852064193
315.5816607021042
314.7985105106742
312.4866791321123
312.1636954716757
311.87305668908544
311.5975422668222
311.3781319720419
310.5073545295754
309.907841575717
309.198798792472
309.85476891119635
307.42948454571416
307.30049635280244
305.1648494144711
304.6194754254152
303.0826071400894
301.53724285856515
301.1184900314454
299.0516822939147
296.4944699489433
296.7258496576111
296.2308221350855
296.1728981882266
295.49180847315324
295.5484045973882
294.67262720778206
295.3212426617417
293.8836935158639
294.32378902772865
294.30818909708523
292.7136158491713
291.86173515357035
290.6542195929586
291.3866526479375
290.5550993669023
290.3772991705127
290.43684415688284
288.3626450503584
288.5289124670063
288.81370351284437
287.28745255882956
286.62840039874413
286.3914791838102
284.945613851012
284.5578594813
284.3148477466482
284.58662824842133
284.8465883259171
284.9339491221566
287.110310576303
287.4531850833986
288.993366220622
290.29034468527107
289.17306927033894
291.60017871634705
291.64406264724914
292.51228084353824
293.2096357210933
292.4813923431178
292.27110382413184
293.8355624402617
291.45343420047163
291.9906246709551
292.0266588495743
291.32549524078127
292.26035198788315
291.28781129153117
289.3617721421692
289.3005015300887
288.68501644416943
288.9864976032764
291.56728795617096
293.2615899884453
297.17099657677534
299.62174222131813
303.18086579517546
307.73104220451273
310.84019941779087
315.27261311125227
316.5560606307756
317.85016949144597
317.5423957724692
317.9953768696582
318.81822855176904
317.9246882100618
318.46178555989087
318.9694062303251
318.8606250203424
318.996349068799
320.69886148003815
322.09092822643754
322.5077267684053
323.0337552383454
324.01559296935227
323.98006697251145
322.3666099899339
320.4404804637499
318.8399566574984
317.19331112037673
315.31892311316193
315.1118058330161
312.8200828135873
312.66099615520903
312.20785526721875
311.71613994021664
309.5915880905111
308.9886172713146
306.33976451665177
303.7631498949122
299.0460519546501
295.8927294168112
292.0142280596539
287.39915593117615
283.19726325172286
278.13488460601553
273.7131363630676
270.65574900215364
269.865894605614
269.3457984061201
268.9840851608866
268.9844282784137
269.97289171720615
268.2461477754494
