2
9
c
150.07017116721627
150.8127696187181
150.77592338147792
151.46383860974237
150.49189294123565
150.6626731070906
150.58533836115683
149.99768098166925
148.00617684755952
144.12698088915266
138.59398404424184
135.35844651794926
131.10193881601268
124.47749954653312
122.03539638355043
115.30470625591553
112.23262721994227
110.08677687154581
110.22947813250993
109.77327235254748
107.72004193089076
107.02141169812367
105.9099196212961
105.13686009971678
105.60543837265332
103.7488068372678
102.56697192235198
100.21373174320776
98.615439677681
96.7377834756213
96.18837819219618
96.27931546854361
95.11962554852911
92.44049733322422
92.00743468865437
91.4342814695676
89.80126208502307
88.2416865607875
85.44122758019088
83.14448122307648
80.58924180420769
79.48829046738348
78.99143662398902
78.66878893880968
80.17841365024898
80.32164080601622
82.25833684611412
81.69984976105958
83.575769894219
84.41335512889705
84.84451100792295
86.04386854593628
85.15204242168817
85.01240586426839
85.09630712269762
86.46361760625172
86.9172968508724
86.94345214365957
88.29790357569175
88.7592316065602
88.8052647340343
90.47792025709008
91.15355152186363
92.5127246825652
91.74155615744631
91.7100465879022
94.84537201368207
93.93877746769705
95.53343261892874
96.49054988800839
99.19443299915308
100.41350228313362
100.37440915861212
102.84451586857446
103.17894232038329
105.97923008946096
107.22541275970153
108.39173907920706
108.97209319834893
110.61158955483185
112.46831732177729
114.7464258882384
116.9738685926396
118.7910411724761
122.78957055225038
126.34865074355183
128.15562163576834
131.66139958429443
134.79666278696052
136.8743324482708
137.3255790087675
139.84961414586584
141.4039405639741
142.83524606906388
147.9604554613694
148.8260068361583
153.01378243283077
156.36240509946188
159.23340947866527
163.98319229940714
167.06821500181928
168.8727528755039
170.57980016128437
171.30706342028748
173.05894209196663
174.48423534444612
176.19380073622472
177.45421584892551
178.92457303110498
183.07003218161054
186.6790820347176
190.82006855023312
192.46347245151784
193.03798983869578
193.06683434760998
193.34059246303934
194.06544621430558
194.37897610960843
194.6981649846179
194.22579447426676
195.288966577964
197.10538800127733
196.34502516276953
198.8441101370764
199.3793660603044
199.99718991265533
200.79643324437905
200.48368549556778
199.2394324432739
199.9384873298995
198.07975784064587
197.6671284104113
197.25506887336851
196.46853263466704
195.32898344008422
195.15189004724868
193.9756298348093
193.19308661614687
192.87658960594078
193.9591554352871
193.88527203283465
196.0012643402843
196.4912384705682
198.9618341164632
201.24147502563835
201.7855763276975
204.08375535993426
205.5193897550304
206.59573404639625
208.5488551457366
209.73287484008011
209.18321420516168
208.73228113191337
208.77825035152256
208.253013744753
207.4522722477795
206.6441960958458
206.67065371190384
206.5843304461705
206.9990918715238
206.66631457921986
206.54516874398902
206.75691705770546
207.0377728141995
207.3107600100237
206.84050222422186
206.18090862465442
205.2274061922854
204.20561618637515
204.36560958363188
204.43526277864697
203.29390147957184
204.0055178620294
203.31571240476563
202.84381680581777
203.82823238216312
201.40997084358398
200.54807527213055
200.38541838324912
199.75331031382572
198.07810749066653
198.42131556827124
197.4670231730717
195.3484767500478
194.47933872386352
194.23080980306256
194.213051303112
193.6589775907458
193.65826191616125
194.5753268878388
193.41541927795413
192.75442950811737
192.25271207367956
192.4785005846907
191.55171563374103
192.4083273897422
191.4597087296005
190.99217545732603
190.20246259510398
190.15662939018466
190.71482835419445
189.71924163087212
188.9586491007352
189.73788650905095
189.32311939220708
188.39933705216157
187.70739497936077
186.98483559046767
186.65330667670452
185.7266675960353
185.80255003398943
185.84631934409376
187.50433007711482
186.745946773581
187.91841811889805
188.2127158547175
188.8277027499336
189.08651445487155
189.9477531173636
190.9071725376453
190.50249971525042
191.71108637219896
191.84918607236986
192.0278871654846
190.81921428284804
191.05170077710673
191.434218903851
190.750974432111
190.52094813057153
191.9550101243223
191.1896016375128
190.45644385243543
189.3949441684894
190.1489638145459
189.8485959331786
189.66942332956793
190.53320862983674
192.2914883985671
195.63132772253297
196.3274248843773
198.929090202663
201.29573416224736
204.28130808291237
207.80381327154936
208.28230471760585
208.01498027422983
207.87268452870433
208.99844973388224
209.2520521036276
208.02053965706972
208.66923794040213
207.9751186659681
207.72257777043092
209.99192486086574
209.18207657433575
209.5785355083461
210.86360091384395
211.8520171967552
212.490635028308
211.41437272082163
211.7696039985136
210.03152589230024
208.76719626988617
207.25942597707083
205.6333431129991
206.26045208576278
205.78900707342396
206.39315571035448
204.52369576722091
203.47989454027862
203.6610932478982
201.85300845435
200.18010388387123
199.97873354119082
196.3016313781971
193.3288010732137
192.11843099491523
186.6112064842664
185.68884463440025
182.153157635236
179.38796547628823
178.19404986472892
176.34671307217664
177.2085933403083
176.37389702641434
175.71201495577426
176.82471419258187
176.06346817635622
