7
0
a
123.0386105651537
122.1242294405706
122.64532429026595
123.4321053637982
122.52917644267423
123.4213057253505
122.8755315365383
123.21631261390115
118.50666904370645
111.81419992126631
100.95673781286195
95.36829175242922
87.12854323754502
72.50866676742932
61.651228801614224
49.36193068135065
49.295744359204356
48.44509257805824
49.19265665387985
48.616312424464304
48.681279633026215
47.85373693028628
49.390495576941355
48.28901214975674
48.70893755482065
46.94615727749346
45.93736304479162
42.87229847936577
43.033631797798805
42.11949760106173
41.8322181201191
41.68902393526402
41.592844445433684
41.63680050162764
42.32413613116048
41.89881872454417
43.169925647873505
43.33496265652687
43.78148492860919
43.5081809456526
46.216117249516124
46.42468266806533
45.84428657437659
45.73849326168956
43.64927394399135
40.614194663948
37.12581494538039
33.27769856753626
30.048944009720245
25.400832435469585
22.197595895730025
17.159569379916885
12.452083069986948
9.318560915454185
8.618543238119633
8.134569650338904
12.08753500957104
16.54731123737682
22.548167789913116
27.49885447198673
32.70819347233778
36.739674601004715
40.29381151961049
46.30633411362141
51.08818830061375
54.49177300306427
53.975566006735285
55.319899195502785
53.69858368416125
51.913817301500295
50.211471173127315
47.945444225943625
45.244536672940136
45.10129942410556
43.72125399284067
42.759166041648456
41.69836586513087
41.691027728042904
41.44759116588998
41.427602946262745
42.04171701811622
42.47411285072423
44.782655960109935
46.69008767736463
47.73747074329064
50.27713896095679
50.722597357764094
50.138032780657504
51.958351811527976
52.171490829279215
53.18635441430601
53.99051391262703
56.18288631577933
57.089014845733075
61.927143224885945
63.48797448800601
67.2651533816833
71.53610937236866
73.40774005732068
78.9096465350941
82.2884074093208
85.95960354604796
87.92722370668777
87.37382949504578
85.61278036332583
83.235295256238
80.68498782856712
77.88053131875473
76.05208507600015
74.12492998859678
72.38355234347726
70.5418509436422
69.97344499055151
68.3545472634334
68.81074526239419
67.71621360040471
68.54672924735256
70.09709914102089
70.7208635085721
71.38374275730106
72.93240990334863
72.30336057734208
73.31380847437198
73.66582048271833
73.67266368784254
72.5168693124938
74.5363783333384
73.8745439988745
76.1985196422054
77.9303473600479
84.74444106231734
89.67396692102353
97.26603526466717
104.53396954715713
108.16100900084686
115.77944163682565
119.8185990410429
122.44268529546487
123.71169244792247
123.91459585764765
124.57964793367461
125.449396420198
127.74135440615424
127.60159803805904
130.3788419177802
131.49510062018325
131.26459676017384
132.48494229694884
132.30025384667994
135.61810415252262
136.5878815168656
138.73231907711386
143.84025523135261
149.83332394706892
165.93771351692178
177.17604867787807
192.359509944263
204.67841704047353
218.25288953707874
238.70810975150638
253.00096956694293
263.9518669259083
267.6890739530644
267.28762636735024
261.11991321074487
250.36383570451395
234.50127930844508
223.21985526894224
211.00631292945116
193.72366502341666
181.59084892568282
170.33530467631027
172.7521786239794
173.74456649428097
174.13535608176784
174.636530226923
175.1801560663264
176.68679311131666
175.56996249823626
174.13633144528046
174.8431504748349
174.5252327556748
172.9657719487738
170.73709106615217
168.58434302383438
166.4262764328763
165.7717617663971
166.66306156779004
170.41939642114704
176.58173043801887
184.46740668467706
191.96365160515336
200.08242362063848
205.93277702649235
212.00239824787542
218.11860114115757
223.13619855713335
228.1959378175959
231.7644060279323
233.13368488827712
236.42124557024366
239.52603744295672
241.96048071527102
247.21366044833945
251.88400713574111
257.57327962765584
264.5268006399903
275.55586194935313
284.2371908324029
291.097704495822
292.0176298416282
293.3871290137505
285.1036201494698
273.9460837226288
256.22346107046843
243.50167337294
228.93309313726434
217.02839182320855
207.48157772578642
193.93771158653053
184.8108596144304
176.85199308089517
175.04690380402624
172.5467646837798
167.85002488908415
165.82544415023546
161.34112609522043
158.6802881693026
154.49922699782925
146.33015883066022
139.30260196142797
127.38229189657608
119.44286241825486
114.40786085900095
113.17987777381613
112.45730239331529
115.02008515192942
117.93365791651905
120.94120776445037
124.37771508096434
127.41375722271319
128.7759259242907
128.76572116697125
130.23545722606218
132.5165873702575
133.55056463258086
132.82304121352192
133.64322011025087
131.24363979483098
127.87319117479743
122.23426115779732
120.04734525460212
116.43133931912713
112.89900691951262
109.39618266927178
106.01655755569638
102.59974974385102
99.879419301114
100.14438991365827
99.68166134812014
98.47182822197092
97.84804326076762
96.99520881918468
95.23711572376563
94.03540318685803
91.71788454504163
89.28737871433654
86.18398580320645
83.07399942781649
80.88005487599727
80.26995693061595
80.27310344594528
83.15359693630893
86.50746864827886
91.97207782910878
95.85697986021825
99.99434485042539
104.03023897528222
106.1937906037586
111.3152217164139
113.8878760011355
116.12146104968474
116.70418020591677
116.30377523371297
116.91103836601087
116.87775924726817
115.5997230239227
115.6823234967612
