2
7
d
231.45164651971032
231.55192270598926
231.89527099031608
231.095086159453
231.17719526970382
231.63843254493614
231.17254879133642
230.80941629638076
228.01050412451485
222.09377900624077
213.05697058603573
208.85556004434247
202.66451258281165
191.52083609587655
186.24984400981282
176.97859399800106
171.73577333375476
169.5700458553447
168.66831665963844
168.0199582163428
166.15243432578131
166.27422290122846
164.2577938711101
163.01065832507092
161.3918661049563
159.46866279405472
157.08508172621444
154.07604079062017
151.66948302088537
149.22366546128
148.41704687721545
147.05233868466524
145.17054893890153
143.9848994403
142.14009310489854
139.82695563414686
137.9789704098221
135.23894897685267
132.06112775844153
128.59003023772522
124.96878514727119
122.44375146327097
120.71470355303377
120.94958165229804
122.79636224498644
124.5308352267782
125.42509425396679
127.30498326532367
128.20035224043522
129.48119327853485
129.19559400164738
130.55301422095604
131.36523773007818
131.63420107651734
131.0689818498487
133.52962805351982
133.52809476654767
133.9234994136413
136.57966890141688
136.474207866135
137.57812334721413
139.42752711194106
140.12024952244124
141.3242163806059
142.13704725642506
143.81214832218544
143.63979212410845
144.18425133749935
146.25755342184632
148.09222186887183
150.96812324085136
152.89123031292561
155.35437831062126
157.8355756363587
160.7002109507356
162.2324771563209
164.73510168023822
167.34038520223834
168.37412937765305
169.2134381561519
172.76178332084842
176.5278120128246
180.30945296248984
184.34090316216052
189.18001852274656
192.61539343288982
197.35252495576472
202.60206867762147
206.3849298298132
210.729653694775
213.48102411746467
214.21854471656815
217.81266966470048
221.51766398754813
226.59422504989473
228.91477863035536
233.69379858127812
239.94949589792827
245.6139665587733
251.81220045268634
256.13665985589165
260.4305647491912
262.07347552191555
264.5996119426514
266.26425966760974
267.91507074886914
271.0579684106349
273.76314978033236
275.9263255243939
282.9944235726625
286.59542475034857
294.40583048159294
295.82748506731156
297.1845775899579
297.0916115641842
298.27279536023747
297.71463516667944
298.7594228098797
299.227818370176
300.1493856314856
300.0645255417997
301.3274170429822
301.6166589478664
306.2803862085983
307.2669301729858
307.61676794584605
308.32336465695477
308.34443536706505
307.4315822352232
307.0840076215753
305.83230690269517
303.97793361230083
303.9221596053705
302.43419462645244
300.30587508921275
298.9315411070399
298.8369339192054
296.62408160650915
297.1330971817338
296.2004107850256
299.6815193646735
301.4004021769923
304.49870396286565
306.6114904641616
308.7979573190689
311.3062607702637
312.14067940239687
317.39002869613086
320.1093001443296
321.146514374892
321.8489031309422
320.7320000991675
321.16306976877325
319.7142992192869
319.9235910885299
317.73564356972963
317.7346057095564
317.86095107916464
318.30235478455774
317.06520529872995
318.97088671041513
318.2067573087658
318.93955129641694
319.52585038640444
318.0088727265087
318.07431588615736
314.9953582524995
315.4178059246065
314.1783462716999
314.20357090048464
314.13213787779324
313.4294001478642
313.11781854178975
312.2337794045067
312.6369212279112
311.6894905654597
311.34629964732903
309.7650831928726
308.32584858951486
307.79142656748377
306.26079624150816
304.2380177420154
302.6675155106278
300.85464023026776
299.04903101068396
299.1300807516327
298.2856359929701
298.70627437877965
297.64432551802656
298.13052540795616
297.75926779971223
297.8021748704294
296.74184001966097
295.83325879427764
295.17261219497846
294.10565107711557
294.12742723563065
294.31330334083106
293.38557023645114
293.6469057485841
291.6998176789836
292.63356523487266
291.9662859364307
291.35317327972706
291.34175787478705
290.58997285598883
289.5945330167064
288.0699784203559
286.74573877845825
286.04465221805765
286.37394061558126
285.3063440568286
286.7167724995162
287.1035207395666
289.19617222826884
290.8096382385971
291.4752337647956
291.78858267576635
291.58897034613784
293.9968565949053
293.8159000220959
294.8209848487891
295.54631952270614
294.79374350654547
294.92162630519476
294.51495526690655
295.1049768054523
293.6331856952445
294.0820763987646
294.3957986367851
294.14875033712667
293.6048695621707
291.345314575516
290.83661440469086
293.25975397688774
291.79607781677885
293.4081769545276
296.7285156862576
300.11073486941063
302.91780571046684
306.6102385481259
310.833544049904
313.91914523305525
318.2585368385975
319.8889156461766
319.99445635747514
320.27218062494416
320.51425852333284
320.5863577514836
320.7801339438257
321.1816879667588
320.18110944507936
321.19678803719546
322.4658693898751
322.9202254228032
324.06598453645665
324.93910668532243
326.2003980134385
326.3959449708479
326.1037888555141
324.7077449254969
323.962917406826
321.3159784903732
320.7856408230755
318.48989222356795
316.3622607925135
316.0579820127885
315.2836995199386
314.6803533382084
314.42850445313803
312.84388594365674
312.1013018431117
309.59287211744316
305.78171332999125
301.9584153426496
298.4031954462878
293.96130320659574
289.5498160900147
285.0672437493762
279.67765801920046
275.41109734883014
272.80501714032846
271.98127339116587
271.5284679324152
271.2973919905401
271.4912947101975
271.3840827585208
272.40922971631124
