5
8
b
94.8949010311605
95.0455041186467
94.50102609972028
95.24172064031151
94.40002366472721
95.01366983592128
95.33509321137502
93.76975715871458
89.96285550023381
85.93523073129761
76.35709176188485
71.67438392696428
65.52912192935788
53.09833410746001
44.54989703177757
34.60056316343933
33.93584946815383
31.950292409663945
32.2600919525355
31.869018770188383
31.756814550493093
31.076296685120127
31.047491976413582
31.16340265547204
30.24403893377466
28.723921498733905
28.430661511181945
24.854016207517354
23.068025702438586
21.559014064122554
21.092417705263614
21.501011959148173
21.82036053108151
23.451089746199017
25.349986714971777
26.962152402413217
27.5930895539721
27.33202100678491
28.19672832722497
28.84328205403494
29.378313663735923
28.284458871617165
30.672576785524516
30.934314292446484
31.321181573545974
33.34019005123015
36.051311357544485
37.82393721751766
39.23489903178318
40.97578348878913
42.413952214265606
43.02587543534308
45.31344230836555
46.88407505601096
47.75145533991585
48.52306595118751
51.76093553001058
56.48120011618411
62.77615471327426
66.9430508666369
73.14776823773666
81.31799923204134
88.27575754989135
95.3120851142054
99.75624584883042
100.87551856162686
102.55597121191684
103.70290507416924
103.46264010503799
103.37627927097124
103.79680276886467
106.53656190986999
108.28366986925452
108.48920255462176
109.54069208624
110.92546794924104
112.31945182131437
114.06940611052316
114.82140087252586
116.15172646212964
119.61506884964457
123.73815227334471
130.36304131748875
135.0621116997441
140.76732739223027
151.84003269430585
160.03887947643793
170.40559336230854
168.22623366172326
168.25276211887638
168.09995708318002
167.623864598903
168.07712993972171
168.2580929463213
167.7919075852001
168.00007593692595
167.48436655182147
168.71029919786292
168.3669754518818
168.40096939719413
168.8213201966459
168.79907412183343
169.36688591739116
170.27032717682155
172.46535442407728
172.19814308065583
176.5208807755994
178.9687335869395
182.8992413506116
185.75904332358056
189.5742831748622
193.27043658166994
196.95844651756818
198.9039406392526
199.73692988816828
200.1610661393811
199.2452668116137
197.51283924829602
196.6806499431246
194.8264052252568
190.8634773090763
192.08329228273251
191.03331535000189
191.73193196009987
190.14847845011846
190.28592033493547
189.518918019887
189.24608309828065
188.0915335320815
186.75988430604096
184.72742344088877
184.388996768931
182.5294690232413
181.43965883699138
178.63007553320796
175.6357456224384
174.61032479373924
171.86598214126528
171.92576704308598
171.4782113708811
174.450400573311
178.00877495217793
183.69709464749243
186.9120382166597
191.60719751082053
195.23819937017976
197.38146957906545
199.72640183476958
202.4819593508559
206.02089990632868
207.83646753990058
209.06872235625008
213.9148428799324
218.599747491872
224.9353037057565
229.0831332957123
234.89209610444115
241.30624099300456
248.1881880727588
258.5060666007767
265.65981892612297
270.86982918802175
271.7391698913296
271.9904425916468
271.0243410622121
268.2674577537809
265.17670055492897
261.83105964272096
258.91219753016543
258.378170090891
258.7884306038204
255.52538704011897
254.97514858429292
254.7493094064233
254.4155532651356
254.8358229842791
255.7545797994358
256.13758274407604
257.6167027942243
258.9260008484656
258.87109884627216
259.5214147369714
261.6056580318803
262.1855323124739
263.5895915913469
263.77008026987767
263.9916378821008
263.7674995669541
262.7144542967299
262.20310479102636
261.48512753933426
260.92668406444915
259.602525614481
259.1611667804572
257.99676794226826
254.40351218378171
253.70123976185928
251.0266055576868
250.0015022352527
250.2620490564775
254.16263653198962
260.4583328028156
267.8765660493265
272.72574873702297
280.7188762108374
286.6580313458332
294.7465467684375
305.79581474271384
315.09616335062873
322.6830366738145
324.66380553430344
325.1199643578909
314.94860302646026
301.67707611561
281.94309856828454
266.76776733804746
249.612466459799
221.37704115469154
199.42155824140974
181.27889391231693
186.02879522507507
188.20251891463954
189.37577932912288
190.39241139567028
190.99916356332017
191.19851203059378
189.90023529412306
190.32179787397095
191.54921860853355
191.01279719495346
192.07555619981107
191.62776512531394
190.75746350944783
190.18024406112357
190.73328162651586
189.05130899186912
188.45816422172814
187.03311763390013
182.2538375871903
180.6969453929378
176.88784470010003
172.85981884667694
167.8447065892012
163.78431177470844
163.33867738450135
162.77776517482332
161.556510732431
161.5344543370537
161.18206292437716
163.198519730587
161.14726850334677
162.24122526344155
161.10174730089332
161.75407482132547
160.33457282506677
160.82411817246827
160.26359852394833
159.25576106011948
158.85286870232457
158.7082751921932
156.36512320103597
155.5906765124953
151.20923650286997
150.91511577591962
146.08399996244134
142.57582003858332
141.09361750160713
138.3217684062969
135.8217500613136
133.10298778537955
132.02561072268264
131.98332977578704
130.1321717615953
127.76281793152275
125.87031022896102
124.37796886760434
121.50857986303218
118.8871953358394
116.09757009975283
111.46870521185122
109.49632971760443
107.69347356727354
107.36903503920573
106.51941145154832
106.94235343896548
106.9475409364345
106.95917118869106
106.42003215497323
