2
9
a
114.93846212914464
114.03724656402959
115.18145135634983
114.7727913244367
115.08385694080833
115.25778313075745
114.7178996279104
115.02490681899765
110.80406294206257
105.72142014300593
97.76243147321462
92.16973155673406
84.87857068727715
79.39555380810638
71.70929851643713
61.74640120748524
55.20882429802988
49.957938601828225
48.782567470369855
48.012954841784016
48.813220453922895
51.095515964202846
54.32507924709256
56.93777169145696
59.646264827247336
60.3776719893327
60.32247989309503
60.53640998711234
61.26065427653808
60.53572277922252
62.09991792156507
62.20723129197162
61.71444445184978
63.60731357476639
63.868094647349466
64.58155246258733
65.16601919953827
65.26004527887535
67.7379885161984
68.94174422083859
69.83332726642647
71.1278739162285
71.25489810149507
69.85304234686235
70.52631391593219
70.01079277874179
68.87427776039414
68.02832402714513
67.5114103296232
66.8016710430303
66.46374947074422
65.72611355433364
66.014796854468
65.59710423519927
65.36724762146581
65.50088587465561
64.79680978876075
63.88743816955988
64.87069539342758
64.01567486900137
64.50645979926676
63.342390817259606
61.78482167246769
60.770253966487246
57.3260133562449
58.037933979398304
57.303894366243625
56.80593846434502
59.789707064685125
64.28959050771832
70.10787749880032
75.3926409333102
81.0182843176989
84.75620226081976
87.77201631636441
90.9299063023159
95.77278465695494
100.01098204679685
101.89124269491643
103.04985282118604
108.67641908791809
111.20251704558542
117.59916493362198
121.24702410598074
127.66084812567557
134.02780269152433
139.90138094567791
149.87574914356463
156.874226916663
162.5272913842317
163.2800376483971
164.06055248178737
161.46642653120793
160.0930284069507
156.9493213805151
155.09512151594046
152.44575661384522
151.74722880278304
152.26326016632024
151.76374553359477
151.460753857729
151.1036303397467
151.37567267128733
151.48210000891495
150.3184570354092
148.417909498828
142.87430676529968
137.07223011076434
129.2495817728258
123.64433313750274
118.0282125715475
111.02146621378775
104.75478002963798
100.40995089471731
100.03153253007828
99.75576783708622
100.23894800565522
103.2119011412138
107.18061816056016
108.09145458318359
111.96221156630031
113.34019104834405
113.65460466839612
115.65985966705284
115.29029546716214
116.61268318081679
115.84508492903343
116.34128754905527
116.7984696044451
116.55079456661336
117.55376877734992
116.91623919537041
116.73801231023755
117.78024024991885
117.50499466521299
118.22522990231202
117.555915679123
118.55683428181477
119.18669507339449
118.95558473729304
119.87264791441685
121.44867753725224
124.51085418929867
127.46832398424951
130.95294192647742
134.31814390253692
136.20227610378674
140.92913651698268
144.32789487171462
146.45595885211586
146.85771283210704
146.59478725902525
145.69981268860812
144.84375468297492
143.65436671248588
143.90056463845718
142.6344352785749
142.64985000547625
142.15774217326918
140.9977366962544
140.5714349667248
139.6566722826964
139.2031294081593
138.83778355919776
141.77544316152483
145.2570820162357
150.67584565147965
154.64687442025084
159.9322367533458
164.2058944012343
168.23363044717635
175.1600009483442
178.5327476067724
182.21893163451395
183.71965095521946
183.61546255558864
182.90498928783816
180.6707133771414
179.1086342719481
176.40892781652784
175.2841481741575
174.63078817505854
174.7098822645816
173.8949932141749
173.59068445304823
173.23531774033896
172.70083520273474
173.11036716920017
172.41559265441148
171.55685810190647
170.88234444596046
170.06998835193662
169.26982863391223
169.6748864379048
167.9340756491982
168.58189830432383
167.54627731271142
166.52383344707783
165.5587850767369
166.04561805529767
163.62070279738919
161.4487261950599
160.6633098404493
158.56492579431156
155.68215031625675
154.03405138366585
150.20969119284968
146.65540673837242
141.84740923044126
140.5720719690661
139.23331405043686
139.1233197010332
141.8046406344142
147.6329292427037
153.914201708053
158.45437510273396
164.14265729237297
167.93193959089396
172.53647524227898
179.18973908350938
184.49192691504902
187.89372840573216
188.94508056760228
189.03127423951605
186.81298367930572
183.0575068344502
177.81619696018166
174.08373725463784
168.69441458628302
166.3863687286507
163.99671429821274
160.96642792374786
159.09258694498308
155.6805292292099
155.67097298515532
156.2232335017521
154.69425698360553
152.54628183419499
150.46375837924504
150.23789437973508
147.99583475907505
145.6991584303282
143.5410598547952
141.77469502684423
138.03234674528605
136.83809201615634
137.18656955059066
136.227528890664
135.94334608062425
135.99310871882813
134.56949789465688
134.1748165904855
133.53461966025523
131.50879292404178
130.14355590813992
126.4276704615088
125.23617456321492
122.4709596194531
122.17348209958195
123.35403077666632
124.51606072344293
127.44208692804854
132.40770008741563
135.4131079505621
138.0426319203138
140.82708984019635
144.6326592592161
149.53525226742028
153.13246533738285
157.37101951220225
156.9253870407279
157.66074241396106
154.83575142544242
150.2013548726774
143.57976647349025
139.9190995218608
134.87401554134865
130.80839287327836
126.98219563252529
121.80509423281184
119.0883951173515
115.77752184969812
114.40208005249873
115.70120087097644
116.00752766926982
114.36190794204417
115.64370022538098
116.33656857871513
