2
4
b
116.92827429161781
117.63758899979425
116.25596443821158
117.04338958134689
117.35006036392473
116.39238189916193
117.38854668498217
116.84870499011552
112.2262183670043
106.5130577669694
96.79604162442246
90.78930476719233
83.00780066783506
68.4326645550073
58.46125717910104
47.1024038074446
46.185349372888645
47.246633704221615
47.37579379588334
45.90301614332177
46.981746588719375
45.90965914568737
46.49522728321114
46.247390505651076
46.30564483963577
44.72742689454731
44.789319750308195
42.123377141052046
40.46042913857432
39.65814731920787
38.995830344915
39.75839405011844
39.84718545052065
39.62690210356074
40.15926109607574
41.50087262985654
41.639054107410836
41.01832442441607
41.77749431760795
42.55429489572502
42.789188277897274
43.502435824920376
43.99022520903275
43.39245009229636
40.91623687384215
38.13388020984512
35.37601837108985
32.180309567997696
28.57699584746968
25.32685767882276
21.08997426634554
16.12815955780815
11.533651371849086
8.723141590022495
7.591109912137942
7.557072695066959
10.288057540967419
15.473447757693197
21.94957752026349
24.910140903890277
29.633698435851752
34.29596828602921
38.86157935312394
43.89570058156266
48.55271274483287
51.66460564153819
51.81222584325032
52.87774061697829
50.41593253867586
49.63020700108889
46.41325715240731
45.072482020652714
43.83121687245948
43.18151318488679
42.134435278069354
41.71108008924619
40.26045181123394
38.376351095341484
38.80203868832507
39.632865981614856
39.568055087283646
41.1142112529462
42.748009603594824
44.24012596204653
46.65554574612465
47.593171215311756
47.68391252510891
48.77060721193612
49.37853275429482
49.90946439302851
51.373413695883286
51.76686068390725
53.592294825994536
55.511435916011386
59.379835024066686
61.22093600173859
63.37045892085543
67.9519191668687
70.2441015419778
74.90595171267061
79.38280131145379
81.89707770073984
82.99584387982432
83.05568254631564
80.74135719769623
79.01621756918821
76.30025299732601
75.19098740468796
71.81931126957913
71.28640833176927
69.62082469835532
67.44610350575859
66.36272025086303
64.77512104920972
65.02748186901346
65.68639183820945
65.3121627892986
65.36156027169604
67.85243692416334
68.48378782575753
69.94177380615085
68.85974915963611
70.11577509369477
70.08500164192922
70.62767884492145
70.41349150806246
71.09272838214267
70.94882935401859
72.88406639214953
74.39349889011365
78.95481068969445
85.77803444411688
92.80598967401724
99.34000719132737
103.88150312336047
110.66849768004089
115.24631922781583
116.86158511654814
116.8836272355478
117.73065258135553
119.08059865645583
119.8699275642328
121.94187119784284
121.35978112585288
123.84699241945246
124.72501611858759
125.7601917215948
126.19878834792861
127.07862247992865
128.38807013531928
130.92420248306496
132.84486567636333
138.13490420357013
143.04898566340034
157.6908623069277
169.18142504897315
183.07546721519958
195.731691218915
208.96151628737732
227.4514086582751
240.96347749082986
252.18392947430385
254.09473615901177
254.13978330672495
249.88536339532448
237.54714605542804
223.48474123981444
213.12139378816124
201.1853666638172
185.4430902390181
172.31051211888263
162.0454547007701
164.1377761939417
165.89700670583002
166.6795126396658
167.8481315972685
168.22532058393762
168.2602843998497
166.81062539915047
167.22233881455665
167.3184979581818
167.0834229823505
164.72046669924134
163.10779283294536
160.49836434194626
160.23413796656686
159.09398985660366
158.95518976096633
162.23695194432494
169.55267898412015
178.07698543347837
182.680683282917
190.09860730909136
196.73712634878862
201.50290632204965
208.47013975004927
212.84956648817567
218.33241099231537
220.75524408089268
222.42293568237085
224.28796476585146
228.68204182898043
232.959547822585
235.92416018527453
239.71262222865667
245.35850339351566
252.360816468559
264.4518283063194
271.08107575740286
278.53090202897494
278.92271013477335
279.848684813151
271.92761105494975
261.0964506909313
244.57988416887153
233.52831704964225
218.82349967575647
206.6611685357547
196.09387537243046
186.44212982884983
175.11477312763554
169.1281051090539
166.54526219643415
164.87134804421686
161.21144680712268
158.06901073354422
154.6054171056366
151.40475959890983
146.170366820773
139.4424617868109
132.51770636599971
123.03523072578685
114.0071090950536
108.9243034846715
108.5771312284291
108.14721309438733
109.18317439489215
113.30017122193478
115.46731172121547
118.9351012724947
120.84470536208748
121.94693376974423
122.86023868639
124.23581611636601
124.80491613610607
126.0264170693577
126.74039031099127
127.67440350563889
124.96857308515376
122.61862882303194
117.60301287013088
113.86193123093219
110.69682092748569
107.28131931418942
103.20086980093869
99.93750088234381
97.69278267424815
96.13490905928258
95.65947360340365
94.16453721310303
93.84270360090832
93.49895339843971
92.00552504203725
91.06882135939075
91.06460434689436
87.91527756784454
85.3969325577092
82.96452379474248
79.61361115655765
77.3795165465774
77.6111940526279
76.60603393679607
79.17450821405734
82.86749519581849
88.04360846766559
91.35511350387972
95.27791438318592
98.49640758243827
101.41049822147419
105.06769364608395
107.98217113333865
109.70320119123214
110.63638221941598
111.81522310250814
111.32540561904537
110.95513545442186
112.24151177006806
112.0408889446782
