9
7
a
73.04546418358507
72.9426452942827
72.39967182062216
73.52642340024529
72.56469489171846
73.20161248378437
73.68371032173997
72.5993224020822
69.54565971224025
65.81779422895647
60.44087145771453
55.70127745913674
51.60905744504438
42.10215267807747
36.029527554819204
29.131156826321117
28.75700342576382
28.934208840972396
29.297974749745936
28.413126787398717
29.620455930607214
28.908267087582537
28.35578626468588
28.780308840105896
29.155975175348555
28.115355878250412
27.149131242799275
26.98430143890959
24.92042245277997
24.952928227975377
24.162689855114742
24.24179866303821
25.047866101388628
24.642720097708725
25.193048738598772
25.259702784183222
26.662212916828935
26.069232719929886
25.50109308392218
26.57608255018983
26.852747670866748
27.343829046268283
26.175338899259334
27.00306984216577
25.307579414086717
24.34715430139295
21.13335351924285
18.911941897583056
16.873118916204955
16.010175194963427
12.198141324452886
9.996126998296411
7.677681385222968
5.474872862541294
4.356737336635929
5.088428061158966
6.336179508509914
8.996199276210474
12.879998933884153
16.577868919456304
20.36750013791371
21.486298469306785
24.106043276244705
26.778626056688996
30.422569151702426
32.252374921703066
33.272070728513754
32.419312484308115
32.447287226290676
31.573145392416787
30.401297389845816
27.688405226352113
27.162698964656023
26.84973721742163
25.95036378161643
25.73424455906365
24.53296351186648
25.348799304465615
25.273237043559615
23.746486306533203
24.850151446680925
25.68312370021773
26.530427087777397
27.192730987020582
28.169810984597984
29.392767770213037
29.83888453812728
29.565856199093986
31.207329028366974
31.362501125795184
31.861125142913508
31.585728557953487
33.16417747587031
33.857986023935055
35.807296479315575
37.76036821554677
40.24569844528239
41.29106687974882
44.81375905116407
46.66510626633844
49.874669583839115
51.40280002292907
51.22718931724463
51.27995954405812
50.314926842256405
48.77193435510511
48.2657057345856
46.90217334585281
44.700062565161474
44.70295884751672
42.95158667790892
42.172104717151115
41.98417438821484
39.96033050824067
40.37563137936364
39.3523464552952
40.44635689658583
40.754155495651055
42.47388378257118
41.716110350327895
43.37241634024241
43.23726159923248
43.774405672875695
44.085607798618916
43.798185916772
43.93450997078693
44.15776849820477
44.06029079080338
44.53902516396661
47.275868201597966
49.48923676298202
53.1537602297048
57.7120409977847
61.26275213649465
64.83779937335933
68.62089742041793
70.4074558929742
72.72622587847533
73.27060553798832
73.41968523816746
73.96649662407573
73.97622551649039
74.07845685099265
76.55120986267714
76.3469488854971
77.51909204324605
77.8781765745927
78.08455314986261
78.85343247448145
79.54054521569061
81.22496246520843
81.76612386652899
85.95173858740738
88.68704792248772
98.40617867856025
104.8351115037979
114.49815011361677
120.81190377282564
128.31530100561903
140.65511575683226
150.26949627114513
157.5698814218602
158.43420873935625
158.31107208193046
154.79858238228863
148.41936293041968
139.31583379211236
132.21649217385882
125.03738085111459
115.39743432820208
106.96456545248421
101.47501803710095
102.89035857298185
103.31217843683125
104.2793126560168
103.07687429255846
104.08695682200131
103.15941827587663
104.68688255162729
103.92529624169917
103.54940313892915
103.28381686165916
103.4374000583181
101.0438295994777
98.71152144519466
99.10547993217416
98.22047766138381
99.15292852401956
100.87410354538737
105.13453855024507
110.2325832451265
112.96789594008467
118.16123630721987
121.83825375615949
125.83941654205218
129.28159149970892
133.22461417475884
136.3642619977892
136.78959169962903
137.08237274607
139.7168237329943
142.0388980001931
144.0392779925234
145.90667836693606
148.92044108297938
152.81476667296693
157.386325402621
164.2212114726134
169.47015391833892
173.36440695588374
173.7355746748543
172.7732370561186
169.01597028874252
160.42352929838825
151.39763488337493
146.164757045748
136.06984384068082
129.02879139597488
122.4369963656461
114.60296808718583
109.33080373008961
104.96904637860159
103.95112936079288
101.80743728280203
100.38012888737737
97.25892886542746
95.66222465659126
93.93059977448712
91.65113756939036
87.36813520256841
82.27244318799458
75.33423294476927
71.12197450305813
68.3281287781367
66.92300156386288
66.67053941216615
67.54435925751751
69.18482557466034
72.20364441116969
73.44082873533733
76.45495088699536
76.16910961998329
76.09987177911634
77.09150088643128
77.35641952530892
78.95742078068258
78.64234226933469
79.2926014512813
77.6516211824664
75.835596763388
73.04343548387341
71.38653067565124
69.2330287889617
66.212282497429
63.968641828320465
62.05524446226575
60.233236582984134
59.59510476521838
59.90160032397876
59.14817682937257
58.68920502120427
57.416636098608755
57.29362038423205
56.76869025750455
55.02782177671611
53.97520846116205
54.33027812337674
50.98343304789509
50.01108284892687
47.20965713021275
48.04229995969198
48.39072231581422
48.9952691854042
51.67757133455387
54.06432940443676
56.302822983787266
59.24995183803214
61.167428314475146
63.285616100863244
65.19241217540808
67.37481601975142
67.94729762822698
69.14815929669264
68.61052537196922
69.12702866557231
69.49841455182415
70.13769299279949
69.15767102570125
