0
5
e
57.951150285537715
57.89757149797297
57.69440947177538
58.19790769432619
58.16795410381151
58.33438547001497
58.20623143574366
58.096558572355484
57.83120110107525
56.405980860891916
55.997333169365284
55.06248096103956
55.075112486907706
53.6568102849101
52.957285574203375
51.86844782959461
50.97320987915355
50.50314100852474
49.14877774865537
48.590453982113985
50.45664755287984
50.92654861350963
53.0205712893381
52.515343001006755
53.79876904103829
54.82755585008669
56.71316641938194
58.532201113439406
59.95497568192386
61.728700109134294
62.72198569165078
60.829849151685295
58.94319549157046
56.352676884880054
50.542198474705216
46.576605987116004
41.72836703566365
37.94220001142459
33.61544347345319
26.992986550847235
23.1500242007259
19.52474554736986
19.253539495960883
18.310635521952126
19.51421091420019
22.54941860753115
26.716182272425726
28.85056817401538
32.46548623588174
31.93111339814599
33.10623971809451
33.22759906975658
33.49380356966988
35.01632558212582
35.58318508657949
37.44106837099526
39.967389132221214
43.450597278115474
55.362202174596945
63.53958825573964
77.26457319962167
86.1168258203205
95.40460144873906
108.48483421573462
119.2967768074297
126.98952611338453
128.70256956604553
128.93785195880412
127.58489461642064
125.5121884248715
121.53301545954615
118.01540188167468
115.87073774940183
114.87745978056799
114.56097753111538
112.43764907520159
112.3432928078004
110.31298127110924
109.94294037450821
110.70256678172652
114.68948299212623
119.09300577518495
127.3161951657786
134.16346997020779
141.9560033999474
147.19800797783748
152.00689383451004
158.52484848415864
164.31968495614564
168.67331721358104
170.9250638743563
172.46646621995257
174.8144472694886
179.18250756427176
182.1194420194858
185.68474991838957
188.82507769579212
195.30019763518317
201.62701384474846
210.38114277311544
217.961162708729
224.30674248762682
224.82248462420094
225.6196640393229
219.50193553538864
211.3783174038116
198.9537616364318
190.0291173729129
179.66017309772738
170.88241729633188
162.49877131424412
150.56729240141277
139.73088076725972
132.28007294421656
131.07761911634742
129.84469505976108
136.5815208629297
145.19544402241922
156.02924662311062
166.43080390433565
175.86044965350007
183.33652834932212
189.5926975389918
200.89779599366318
207.99173237040807
214.46275666475643
214.23476347309997
215.32829932299435
212.93966033512646
211.66437603484408
208.83334538238577
206.21823266814874
204.77159994601374
205.18290024559607
204.11064047481185
204.473015631918
205.02411436288742
206.2792341339266
206.63720647277916
206.1751017754818
204.9038295826232
204.67931890141878
201.75645232078054
200.96116448881503
198.68842374514094
196.57766415875153
194.1833977736467
188.56157735320213
185.8634081526015
183.23840704050272
182.71186028250276
181.06710078593505
188.08558609950106
196.63735841236092
211.09259428061478
219.07260866749488
230.79695001285228
241.2249851422098
251.08628071221295
266.7458651763181
278.86520375009326
288.2346111997549
291.38845865888015
290.0334325069357
283.22148945704384
270.90504133236425
254.23260756781062
241.52625906614776
226.6752931662606
216.45706534645208
207.21961901264592
190.58233381879313
179.13978990742027
171.1701814881047
168.64974225214004
168.58992585101453
172.2413120597783
177.25237631093026
183.916394913229
190.05319154637306
195.4378123889392
197.96038841411678
199.76688683583882
204.8485702017064
207.82312159575065
210.27187973302952
210.3791175937593
209.62355816412236
208.0520641669542
206.11191345074812
201.57952334963997
198.77198404877768
195.25965788229286
191.21627056315614
187.84834577665788
181.13576533983186
174.4230513511626
170.52644761486127
167.7708673419347
169.36726775620207
178.53412117506716
196.41034054786937
219.25459146542167
235.54402660212565
256.3748391985703
274.71626577812486
294.32514764236527
322.3010957957488
343.8897110435776
361.3238254592795
365.73575220884334
364.76476789434935
351.23311663116914
330.86144383273796
300.5993793511989
278.22292104204735
252.83191442064262
233.4600682624618
213.85041180472612
185.1924234151291
162.07029267345501
143.7170852756577
140.91346915165107
139.8743222262846
152.80893343079128
173.2663541906482
201.33322799527
222.0561627758331
246.28620917276038
263.26405594107405
281.6947124272191
308.48792666778724
328.8725869567687
343.9428514932655
348.02740493402825
347.4040418718749
337.27637045331613
321.1812248344159
296.7001080876597
278.9974299928487
260.29530845561897
244.1690168710146
232.62394200946292
218.5621902398042
206.209325341036
198.2176601762636
194.89472659101907
191.64160581549348
187.26854343324874
181.8368770465237
177.2289472881656
172.2324929531927
165.5785688801305
156.37566780819316
146.18587010036018
132.21299939775884
120.00823017758819
111.92618433645397
110.56080597303283
110.01674539488096
114.85834850189012
121.39815853014464
132.75628491803278
141.13991402731625
150.14572708543838
156.76579218005793
161.89111616962236
170.7226379709025
177.64469373177974
183.8201817820088
184.63059222052385
184.31720805635945
180.37931948975088
175.36617963450036
167.94524388636566
161.0802077007034
154.19083984472667
147.97299845735674
142.89892648550773
139.21637116397082
133.76116060781266
131.04276371886746
129.54568679736073
128.94273242562784
129.64624140499367
129.02161458970298
129.11534698746902
129.5364257854755
