7
8
d
170.1202656005272
169.37940377221926
169.324505067302
169.54198569109911
169.24638507895156
169.89532878444183
169.68701231395957
169.7698493247813
164.11833634805933
156.6201663181086
145.400792555918
139.36047949218343
129.40276361549869
120.6242277159231
111.92582640835283
99.01234168445637
88.90636955761612
80.98153238494326
79.74719208033923
79.36908507221004
82.001923369045
85.82660370995762
91.08516978554785
94.4486258857939
99.05556909346036
101.50586411893242
101.69269771240192
103.69016021751492
105.51315169896395
105.50844066495144
106.01620456692139
105.07063219308836
106.41112154743169
105.80496312574779
107.13332958027071
107.65499291514996
107.10705154349631
107.47518623155398
108.2206946185868
109.69286876051932
110.2894035107169
111.24208355164234
110.78165314456889
111.23665047957878
110.87562648808705
110.82134274547708
111.31744149882311
109.96832751664091
110.03793769455393
109.13663914916135
110.06218117178308
110.6978651978461
109.87502191635126
110.50445590840259
109.48990072127856
109.37096885055456
109.51636020387546
110.11179820051012
109.81991433313668
109.9678956377388
109.89165231892036
109.99528248688672
108.8061510146531
108.61645300587017
107.80069409138855
106.86740220159929
107.35287204749284
107.39404360116879
109.42093794742624
111.68891553224174
116.9878968422256
119.83256031730447
124.41761857748051
129.6534557766385
133.50493806128154
140.0250162874587
138.92856157947065
139.612536375317
139.55107650617015
139.79899784771112
139.9600775211568
139.84368512898547
140.056905385087
140.0993780729373
140.89962799754417
141.36270066614546
139.53458450477737
140.1018524517442
139.517536236501
140.3684094721067
140.79365442649282
141.5136546190389
143.191569917167
144.66937536975578
154.27336745440874
164.33216868210454
174.94540601577114
184.36129698526474
191.76706651497489
203.89464758737012
213.52320746991273
218.43194407930278
220.41670907141378
219.88475156253506
218.30665117263155
217.04321461379226
214.0282739065681
210.7402507890614
208.84174284224318
209.6783496596588
209.32251573185707
209.3499363273371
211.1033063014296
211.47153768629752
210.84557902357471
210.60770130284934
210.26403722803255
207.04064112758113
203.19199262443385
200.65499136856417
197.89200102022411
195.70701257493818
192.0715816968059
187.94687580817936
185.5388392213303
183.45696081600957
183.126082102752
182.78205624816172
183.87743769100715
184.57393649510004
185.6898724341997
186.85993957178607
186.75227935703015
186.7120590216652
185.63571643427443
186.35914151907798
184.53928405697644
184.6833856354355
184.57879914251524
182.6986377740806
186.93119480028665
189.6405155297052
195.0940965701655
198.72741951232186
203.83464071094565
207.80637298310137
212.6453895350896
218.7228972543517
223.66201336750908
228.8399782964504
228.17248573594776
228.62729373588326
225.7310235441272
221.2547555515268
215.52455617708443
211.17343167626
206.34776135772515
203.47624442549107
198.012421057448
193.13277667636595
188.63430178261137
185.4617961905731
183.50935094449687
185.12461497813166
186.91755348202443
192.21299903691326
198.0008596803494
203.76461484235247
208.79980526742068
212.17436884441318
216.28213629204828
219.05491213463063
222.69623425390668
225.81482070177552
227.22272095653872
229.29412108949109
232.07565866920436
234.54547551804018
238.2975552224092
240.6392535468105
244.97031024688025
249.3865443601161
254.49578904225285
261.5812871542359
267.04207028058204
271.2685118060382
271.1403774573406
271.4310224877245
270.3830638189572
267.7409709651769
264.4948097313561
260.9022778882097
258.4604268164561
256.92513485904163
254.52282365036262
253.09470328312506
250.32400662924184
248.74934149584723
248.89644077847885
248.97604158425682
250.3074561083498
252.75240081459958
258.6808154183186
261.7875111447835
266.89663390701935
270.5097569681103
273.27787784880894
278.66615593431396
282.544673093086
285.4613417282358
285.7599681097662
286.6207688150672
284.33001957279777
283.55416323165264
281.7818389893068
280.3560803332946
277.57839975402953
277.7318371673522
277.44408908172545
277.59411276243645
277.69209627954973
276.2290833895063
276.74099377469435
275.821904475988
274.4520362037164
271.88894883483766
267.36803078928256
263.830036661836
258.5302822623672
253.41556109197057
248.832813108287
242.68115895049044
240.6308603807803
238.9258096912986
239.10833700071106
239.15728050073403
237.05486776057
237.25926839768545
236.8252059933726
236.35293173558486
236.8852760920732
235.2366950675555
233.99064495053594
232.64890249121584
231.40223699576472
230.04183142152735
230.1099436312629
229.69029015613214
229.35289136152048
227.81079546668803
227.85274988632312
225.96601830450686
225.44506726399894
225.09739435940392
222.67306954960443
220.86482709503787
219.42980472780337
218.2623714097653
219.26014471621292
217.82755898798453
218.5739967090663
218.5351387945418
219.47444653623396
219.8522560999713
221.03661573661898
219.9570896617035
219.99920419645778
221.59666058641935
221.89228912426492
223.34587195281867
223.28870989398985
223.27678023592165
220.60581967163168
216.24886696294632
212.06389399024363
208.02255090947966
203.54869476950878
198.70250523377666
195.4856047642277
191.05477294566055
187.02217033328662
183.14442035624955
182.93556046276012
182.45324803917947
182.69559667023978
182.76231080712355
184.02740961594557
183.0480106820826
