7
1
b
132.4042267352338
133.65078427635666
132.45759897348063
132.47384117613427
133.57584053991945
131.9245606399824
132.18192457801177
131.85612490564642
127.99040208311993
122.79362917360636
114.04584764875102
108.47136157942748
101.87196270665392
94.54034218325886
86.86000576761666
76.50222756377097
69.04288650784682
63.62339472722288
62.1707678897931
62.011457573782
64.72339713894591
67.06240781501849
71.12776632891666
73.76104137628863
77.3106829347208
78.78341600866912
79.13482589323971
81.8580999453911
80.83053845748715
82.37591902392371
82.76538810714399
82.5649245666888
82.11315376388733
83.10765379717232
82.35983281361193
84.12514550129671
83.91326466924863
84.57695433177011
84.35470436272558
86.35154457899498
86.40394550511718
86.99572407441981
86.78441191026995
86.52494761204777
86.3256092153898
85.55962472932971
85.88530655854888
85.87372318871668
86.06612403208409
85.40988630098381
85.98305148873453
85.89882116124272
86.20890955094481
86.2469255652955
86.08699370548491
86.93422199017564
85.50094124431764
86.78503844451753
86.43130935997303
85.53183277257956
86.49518786222873
85.54032637495813
85.3769988273304
84.2667782413066
84.15896463436387
85.39693519540248
83.43326727332065
83.59359471089805
85.45033740338685
87.70706400642233
91.39070263240056
92.96484753046565
97.12488642360351
101.85221043454719
104.98028894193175
108.57648979714887
108.50952387830657
108.82211679848893
109.4807286330563
108.84082403245314
109.01914960255547
109.70017269128252
110.04067572688925
109.64055129126076
109.33758893959644
110.2265805742359
109.78155887146903
109.87974182172185
109.84028830762821
110.48959841858277
110.38401137790504
110.29461045897519
110.56514967457981
113.85095859941367
120.81995003126679
128.71560471135572
138.37252798076145
144.39300728197685
149.56469853434444
160.08078082725905
166.14235983098803
171.24129081419585
173.06168765089026
172.7357104678007
171.64415458059025
169.84204281700178
167.45346679908894
165.92400450142281
163.29717550809204
162.8919568873301
163.8800557952873
164.04258066749284
164.69560977376744
164.33451885397844
164.77611802559375
164.64041328454698
164.5921310702181
161.66388808051306
158.98313710595983
157.65734648805363
154.88770248803633
151.83860142756444
150.5571852686927
148.5794309549427
144.6688489412039
143.6572769813409
143.48604490103585
142.92749526550477
142.9544547072358
143.61913687499563
145.66387730577898
146.41200783994748
146.5644735705647
146.3330700731563
146.3476970158589
144.56393657992436
144.22001844123048
144.29839137691766
143.2321660502338
142.85349493395597
145.5229899525836
148.2290510793915
152.4995402575863
155.881390014538
159.08767044433023
163.12906987551145
165.94166160913932
170.77770748641007
175.02177776897966
177.39789807334046
178.46690297738274
177.81530701728425
176.9854025948801
173.51148842476894
168.34029809036764
165.25508188781407
160.8176422612729
157.60464389724424
155.6370850247081
151.26526766895697
147.518140668855
144.5958783448322
144.41532535814193
143.9877454633324
146.58852454439747
150.0005070315214
154.77312609188178
159.63386342232113
164.2531225053531
166.39234922061445
168.84445810099788
172.14409631201957
173.75454200780996
176.35614482575056
177.96422873130146
178.87660296085954
181.641656463553
183.17353704432315
186.89377516145345
187.96807390528673
191.37420359859883
195.52489545618437
199.3422103131307
205.0927999096952
208.58376402598128
211.76127292402754
212.45142553853069
212.24304632314676
211.53379762257944
209.25813645025355
206.4392992639828
205.11509058969523
201.20434027534841
200.9114165603323
199.94262783293797
198.09630645956224
195.95670277886958
195.16781156871147
194.53395903982565
194.49618641609646
195.6866963963172
198.66209483197807
203.1091198498855
205.45419187278955
207.7338815225519
210.80282673094626
213.5186746554403
217.19946090557025
221.1615691057787
223.22151754782104
223.49343617702684
222.54877084481598
222.97802896364408
221.70154771876906
220.6472368729023
217.89735714750879
217.89235001278058
216.8270765084501
217.39136508751795
216.59819567576108
217.28262890413498
216.55863960848728
215.79062092038964
214.72703078298264
213.62041426342202
212.56674382553405
209.36835024217302
205.71564235794202
201.70868685334452
198.85672211633317
194.08645542459385
189.7089608564166
188.45391532991627
187.16290805657104
187.2027681415784
185.58093285543578
186.13859056261364
186.13592993002297
185.45864820449862
184.88083348102344
184.28721920838365
184.31108255936638
182.89224181317888
182.12720979305976
180.70911303266428
180.09071703605935
180.04574297564938
179.85349827723732
179.75505496038312
178.9139651089177
176.85103215683188
177.34585770284008
175.16971295904142
174.98748994612114
174.48317332939166
172.1641688065224
172.21823575294582
170.8002308081152
169.6230644458433
170.10543945368826
170.78756589937473
171.09920075303344
171.33414387004495
171.71372961528905
172.42887623868305
172.64644038505818
172.17992021390458
172.62432441083993
173.7394152886926
174.85417519386385
174.6075111841797
174.04548507638538
171.5492038997509
169.70915219629623
165.2862061384423
162.71080406252662
159.58048560787122
156.33709341432112
153.65320282938964
148.49644513158813
145.72018276418927
143.81615979348464
143.40915890325513
143.60704297089455
142.93054978126568
143.0887942587418
143.6795251078907
142.54513735088577
