11
5
a
236.85218149510297
236.805102687429
236.94757346338758
236.77325352273968
237.53137234101158
236.509733845327
236.83633626314105
237.2639590090846
232.85017661196142
227.68209655903433
218.04978243329612
212.70898488443845
206.24768720443117
197.97312920913527
191.31427746070077
181.47539843666306
176.52985757746418
173.87269145104992
173.6442768205923
171.25680788236258
170.5817297554695
169.72105763081797
168.20633943107387
167.05564034768227
167.61742826991838
162.6410877968873
161.441872382122
158.46246593761634
155.17144188913744
153.69685259928082
152.07512995643523
151.05862307061005
149.07563972791382
147.37689007975186
144.98274181660565
143.34118886485854
141.06254333437818
138.70376071900085
134.8004373048967
131.3192770780183
127.37523882597819
124.62828972122443
124.19685006590372
123.95573920210549
125.65350285806127
127.25000655765211
128.637377243442
129.7707352668583
130.90166332991566
132.46195021847876
133.47673482513133
132.83545998957064
134.27802643600631
135.07974169086566
135.3889128624269
135.44978200685338
136.7665488548157
138.09335989949952
139.09797939034323
139.470740967974
141.47727530545154
142.37925779197536
143.4534504384385
144.88573804584965
145.4977442969022
145.29265162765392
147.3447908777672
148.55740304334813
150.2655220271877
151.22181047607282
154.1391012463977
157.1433009549005
159.47783080413325
162.74875045269798
163.62110265790625
165.81014912277777
168.67143204387926
170.54434955462892
171.9518550151364
173.672266330923
177.3605709511579
181.0917742055885
186.0621056717745
189.1643329072763
193.85796990211787
199.57753326829652
202.20963847819615
207.22672828363906
211.20796920212535
215.16405106149446
217.42221210276972
219.6186929598445
223.82985675637806
228.15880495496276
232.03754791555997
235.9615447695061
239.82539400983384
246.21527506409998
252.20933734916687
257.6610489654338
263.0468986718051
267.79495409208033
268.6906100367408
270.24209002277183
272.8026782360994
274.7517878144082
276.7485450072685
280.5662425073695
282.715523179329
289.18419354780644
294.81165505354164
300.56870098411395
302.1357303654482
303.8477191565178
305.3996074814269
305.03569372341104
305.9259469066722
307.06212829902256
306.6935705198536
305.73529400414094
307.0305997428112
309.3468926699456
310.6846261319383
313.37843415039714
315.0709629348105
316.71456930822427
315.84653404745444
315.63831109430527
315.5001615719699
314.2186096463186
312.98962185105205
311.99741209971813
310.0357277351021
309.4162894215245
307.5482413335811
307.9632188772851
306.58919142476446
304.0224797852757
303.8280065601277
304.2973759829577
305.8798815086669
307.74445399631463
312.2628496447375
313.8078913113306
316.09700957482187
319.5630209625607
321.5560917364563
324.74353439009514
326.79178607401406
330.74188711798433
328.18408924936875
329.6934912407505
329.0747250321164
329.1239738790658
327.183675875154
326.88096908204255
326.4405852227992
325.65621622513606
325.36754998421054
325.4956639039717
326.5785420572762
326.6631646326276
326.79914829458903
325.9690505080255
326.3622327663413
326.3257695239461
324.3723677894455
323.3287221942043
322.93534907594733
321.91231501877127
321.69324768650455
321.6381573018402
320.42015042967205
320.56952368660853
319.2476697016321
319.863929242151
317.9475980606313
316.75814597203396
316.5049275953175
314.9435087344079
313.5995842293516
312.5632970272644
311.13665791181967
308.97050364549443
307.5019127392694
306.6772918656987
305.39201832591897
306.0926484410773
305.3992200930941
305.28349214101917
304.37407660470774
304.0331731888462
303.8246599453382
303.6054726433278
303.496654855965
301.91264749477557
301.7674807622357
300.57830108167303
300.6286887051112
300.26661460784214
300.3157855956071
299.5296754547983
299.35976992338254
299.3663992361391
298.6268229155957
298.54708802864894
296.3807223277784
294.72223840969923
294.6855173283607
293.17272356830216
293.6436895701501
294.33874037692084
293.8251255253775
295.3002291010422
296.2568177969406
297.9439848416677
297.91640770616215
298.6881452293399
299.0767771679211
300.9218318011781
301.9143677968591
301.9188652580972
302.58105268645977
302.35967481307694
302.45355174077577
302.0181043351519
302.0315965704437
302.2824693968497
301.25307259422084
301.54873213322685
301.0568017779119
299.9149158087538
299.92851646828206
299.5904314528132
298.88548903878535
299.74502771159496
301.035492146433
303.9771512957169
307.5588163085226
310.4751232523012
313.66290164526157
318.37340426294907
321.67002058024923
326.61120537938456
326.7724775360698
328.10514501666665
327.7103219210637
327.7423829770109
328.9903156231772
329.1524665309772
329.36123488069177
329.5271172397713
328.43288151555055
330.1039115107329
331.27794534969405
332.77547356519403
332.82665908850163
335.56888777096196
333.8143549362162
334.25775883058003
333.5382801690475
331.65709543707715
330.1355342160654
327.76241037575824
326.019488806494
324.27367036145273
323.77309941429286
322.7271191181515
322.8536638138299
322.07538697563365
319.82178487187485
320.24989146680423
317.00670285348116
313.8861228055662
309.6700586166834
306.08877036238994
300.5091017734504
296.54623272993985
292.8582618013566
285.63690872316397
281.98075464795716
279.57706168967763
278.18944201955685
277.7290101828849
277.6697956610302
278.95362080606947
278.4969444234419
278.2147731866594
