1
0
b
65.77159540757637
66.20813896298341
66.73922521666705
66.6207909240899
65.63770266405122
66.01106902710121
65.63066678985344
66.35766884997736
65.20780716411255
65.75971993424636
62.55449846143077
63.681142539698065
61.19273764083663
61.74230298094194
60.6710593445437
58.58597134923644
56.95298027609784
58.013550400397186
57.96049623192091
56.636490604666264
56.42793142784668
58.1336205769027
59.64595343199763
60.375760539134546
62.29708763419547
63.40771936394086
64.57755881603768
66.90814004895411
68.21262531372363
69.03698584214733
70.1802588102089
70.38965076298159
67.81114179736016
63.828975648888026
58.00136728965094
53.04082350352962
47.26027125465926
42.96069704517763
38.51536599084741
30.53522276893914
26.491590698953907
22.131492814226938
21.23196518366586
21.424912303263994
22.57153257944086
25.817392101690974
30.372009285394
33.09705649341738
36.16098649228479
36.88323970566716
36.909217655293254
38.147534781440385
37.813444823535505
38.826978728348614
41.118753470847096
42.18564062784057
46.05857575932739
50.00194871738983
62.860427662328554
74.75830703643923
86.60200827513512
99.11923713009068
108.82936239240547
123.95103765059804
136.75216808822626
144.65960370639257
146.59128997308068
147.08081654197304
143.77276260589397
141.51507618906234
138.40973350157932
134.1521036003786
130.62150171334687
131.13873216975315
130.9926165620528
128.33334440554128
128.2981635635526
126.077985806059
125.8035364837129
126.66595234483042
130.6761048076026
135.29335314452976
145.63843798285
152.12133629146606
160.49906218138338
167.3678420195073
174.3570091624336
180.864665363569
187.2789866794451
192.41172004435293
194.32427374965712
196.3970619582565
199.65176702095374
204.42492199993296
208.45623360091423
210.67582963771656
214.70542689562194
222.0500594867639
229.1354694397983
240.51541279607653
248.0190363272147
255.44691995389988
256.80818412407854
256.1481011185904
251.65764125550595
240.76432489001672
226.6071835287508
216.08105833401282
204.29865064538347
195.4840034180078
185.60578001549834
170.72952920046927
158.2092606964234
150.59220506813543
147.97430516208692
148.86280729334894
155.6729542317327
163.88751655099327
178.33568924621014
188.67572063198494
201.70293561690096
209.1992605139661
217.31201799313007
227.62347150490007
236.42180443382819
243.57802513111574
245.62834594674095
244.9900626866469
244.05654019526864
241.27924556400467
239.51999888510736
236.25472641019928
233.3812864146712
233.91497277751324
233.58217516888078
234.24814789329534
234.88728781424103
234.31812639576364
235.68059285107103
234.8689186976691
233.63407177300138
233.39640123276936
229.795123296852
228.71547968361017
226.62887758100845
225.37269343378225
220.6778795807652
216.30419652293656
212.39358669254833
208.6724359138206
207.97298794615344
208.21696720445453
214.48827462668902
223.93949657855578
240.45206326237087
249.19818888626762
262.6973177843553
274.89205159972187
286.7807161913383
304.13724355171
318.60363810640064
329.4405459139467
331.65409486749695
332.00818840348086
322.0142160078247
308.7867120933455
289.16696894936854
274.80539559842185
259.59686642140616
247.1891170440697
235.9092059047684
218.1941577165398
204.39348281250133
194.99631745667057
193.1149922627769
192.20379781359264
196.54903956149207
201.9276864508918
209.66441351576037
216.76041500397255
222.7608128865985
225.4412665268545
229.1716878003596
233.8784501148935
236.8518644069123
238.76923250223146
240.08386272601075
239.54711957682335
237.29925555480574
234.32503771796974
229.38536036057167
226.64051749179066
223.17766629348924
218.6696957853576
213.57615595226284
205.75679749979966
200.47829921579657
194.71848608418713
192.28377935497312
191.85600708138506
203.97015749220247
222.71128268801812
250.56386623427397
269.4753869056307
291.94579696110446
312.62950544631553
334.2452515999864
367.9829392626943
393.1327124506253
412.8385098794514
416.2000194487218
417.5381506944132
401.3607993610815
377.1900825622664
343.1626618913458
317.1689059752387
288.3616287024138
265.99671525841217
244.51972181787946
210.5014293317782
184.46734596604824
165.37881985789144
159.65693315842518
159.8936642139062
175.06671324345174
196.7030027405655
229.46268208158762
253.64034254782632
280.93084494723274
300.9733217894637
320.4295616518653
351.1516801741428
374.8498756112667
392.23104054121995
397.23952050486787
396.5365079113461
384.87270911412634
365.26906654615664
338.42128192709805
318.23551020298964
294.97046623821745
279.7390263910586
266.0700827191717
249.65382179315276
235.30497734314514
225.2436167426375
222.95671632174478
219.3734617635465
213.1168601956121
208.39376318769783
201.0069113099187
196.82487419854235
190.1202173616316
178.24051211390713
167.00353375510795
150.9504464436525
137.46567150544104
128.4677423032002
125.63743411197106
125.43350377952014
130.6424851196012
140.13710044837873
152.3900942137885
161.0249355038708
171.74751965564397
178.23776132492313
183.9903971290508
193.86597636959854
203.0898816656399
208.8282399501355
210.6784436359483
210.2852769902361
206.36384513870786
199.29143008114335
190.5995465491687
182.95205217037778
175.88323683774183
168.8911587401685
164.75448735291675
158.02154256725672
153.39384392476327
149.29888455368433
147.71937473956288
146.83719958009397
148.18158414218047
148.26209068913562
147.86223818770634
147.97217512393024
