6
10
c
48.122916733438565
48.887052223703165
48.70160561668698
48.57797073721369
48.64809021017837
48.53953262887084
48.56188793434621
49.10453085806024
47.35191114635493
47.68397344263332
46.63201085788656
46.51109551815363
46.063237557360054
44.1090228247449
45.14633956317806
42.90847409280605
42.101438823114286
40.9293984623758
41.34899264565337
42.018793007496264
40.84297935414533
42.92854521446962
44.30103098210831
44.50509688248996
45.43203116329415
46.89389639289875
47.09927975698117
48.923958408252574
49.95887168884861
50.340037015473364
52.004689730084394
51.43907329625298
49.75539691005492
46.80824863396556
42.600011825244486
38.18717086580614
34.42116261497118
31.07940096159456
27.88729059347496
23.38762821987748
17.962912007159268
16.247408231432406
15.351237185656016
16.016138463484108
17.403009073292235
18.62215947231897
20.86364359770288
23.92401816288777
26.80989369255487
26.622543495294934
28.367988481372855
27.587258392715484
28.596638433285356
29.443442278592393
29.93352525209553
31.36565472972336
33.2044226832908
36.90900071396108
46.337429321903294
54.94890872801327
64.36048150226235
71.05371480728851
79.20767858848934
91.10291728075651
100.06924403655798
106.28999138186676
107.73641560995648
107.6548780506509
105.63955036081838
104.74640931996865
100.98917176946577
98.95378905098762
96.15276895959141
96.41108421325539
95.24311404630244
95.04928186302926
93.63771000284196
91.52405169296338
91.75365766365793
92.74447830630507
94.24774815057033
100.3892146765217
108.02346688203153
110.76369977027116
118.06209930651714
122.5318307965249
127.36307107435557
131.65688217964075
136.39296391384312
140.3043847327931
143.31843324403883
144.0964022072211
147.08748862091815
149.1733657955669
152.39282247485937
153.60762849185127
157.73454059873268
163.19386913610757
167.9858056400908
175.82831336684865
182.68643527926406
186.654057056517
188.11552002692508
188.52833480825325
183.86967053850756
177.19760679475408
166.22721233301235
157.76289689061454
149.47464300083337
143.00996982288606
136.3979331515441
124.71829083659284
117.35032812580164
110.75869891665678
108.75333476966291
108.15545394106017
114.91215231488
120.39398832166103
130.52658944908123
138.38623077822675
147.42602171123428
153.81742679296136
159.46362822229906
167.99882605859446
173.77113735253585
178.81638405261205
178.7009425139859
178.70733264401994
178.77037124411152
177.57885494991103
173.95901681163994
173.28059699236516
171.24720509624146
171.20760734710944
171.65531684426753
172.04728109484523
172.0883491463123
171.70600859405096
173.22484263561194
173.12305772424864
171.7127694833074
170.93024354202328
168.76938820462368
167.7406955425606
166.14744233880313
164.61484933711125
161.25937033466565
158.28336924179547
155.25424613309997
152.4368899621013
152.4589836851821
152.05581656484466
157.48682699286414
164.30811709795518
175.90209038834536
183.449609640731
192.93451945310807
201.13664439743243
209.85806933843602
222.3689428019269
234.14437156365656
241.17515276501538
243.12097681806145
243.0191032908008
235.96564935401423
226.07138203753206
212.38657059761738
202.67189711030915
189.66429979385055
182.62905255513968
172.4821653079007
160.02382343032468
149.7468912579654
142.82560835060204
141.85919106279647
141.31124837492138
144.03023149940904
148.42578279639463
153.28065504637001
159.10729469958693
163.19872749168357
166.2171440490823
167.51868780553855
170.79453001605205
173.8703771892268
175.3351975532521
175.22091957688076
175.87310709210655
174.01329212396675
172.0915474728394
168.77237435212203
166.11452245025197
163.19995303351507
160.728714468195
157.35073443156847
150.8528035549376
146.32110695108952
141.6060193624347
141.3670762558076
140.34510083017767
149.96366133715753
162.27282318968892
183.11271337624495
197.50757903736707
214.02945505569343
228.78726289175387
244.43393531590092
269.76326351933386
288.21799988186285
301.76480790299513
305.51439034021047
306.4603329196116
294.8254866862964
275.1164391042918
250.34071286832977
231.95212656459347
210.90580672294777
194.95167082820095
178.66318128190514
153.86055541655486
135.4261396434171
120.40819946329727
117.30913609519816
117.02377666189335
128.15338442836648
144.67547877783062
167.67147977087288
185.67499718620664
205.9015882614189
221.0896771275185
235.76511468034542
256.79841836865563
274.5864838138723
287.82845307543306
291.36621167176435
290.37940146341634
282.30368087256875
267.1126756396193
248.31920944497048
233.36718260364458
217.3218229094567
204.32925032396196
195.61549339666539
182.09418994118897
173.2498651106025
164.12845180170834
163.07035774156978
161.484716423013
155.2867529640645
152.78026012916033
148.59802189829279
144.2411446394668
139.2353459125973
130.49188798931198
122.82895785668015
110.29452378715443
100.30005782911309
93.6657369995549
91.76160879767987
92.13129737200121
95.56052036706596
102.50191465363366
111.39115675168587
117.95709428969366
125.84937695908822
130.84497095654288
135.55985748584632
143.62033189954423
149.00256468296482
152.883024776521
154.50094431198812
155.41085579902162
151.71913947723766
146.8746593479808
139.94233508691067
133.8584788558552
128.31935476608265
124.82596696751108
120.63343141512453
115.29805557775859
111.27295459891685
109.91566305180355
107.2820106039481
108.12199097584659
108.35738506391759
107.69547893897249
109.14770391407994
108.63019926989678
