10
3
e
84.4705098617082
85.81807360233736
84.25682629886784
84.23168369839804
84.83800880297164
85.32144798149795
84.7595616562972
84.10429542469923
81.51361483068015
76.068280815041
68.74664791644904
63.71389117636983
56.98575407967124
47.142951792175054
39.82193996281094
30.612926492531674
29.2520413123346
28.785092094719328
28.215159636748744
28.140335593610963
28.173466804738634
27.869453392186198
27.95178582992969
27.458069589895057
27.49718815444957
26.065988094534823
24.27504281226127
21.85841446531486
20.962771329573314
19.57491334479143
20.43318746057026
19.345776463266667
20.238894888281372
21.004839788757295
22.54074685896028
23.62701836905962
24.732399806015856
24.584691484530886
25.127369678210602
25.132770117281378
26.546505148399728
26.6747657723071
26.717110952221415
27.30693753524031
27.603729482502928
30.23728285260876
32.69590302021193
33.17647732865885
35.83634787307072
36.06314595651995
38.17143476159897
38.91940890899025
40.4478949217164
41.119642194542685
43.260610507098384
44.18882239935634
46.38930575497246
50.6517491211676
55.92018122057153
60.40038745347697
65.2833619849743
72.48992196845366
78.69125709057691
85.63175333857097
89.95302136854659
90.57679363038574
91.32840386348451
92.0008794063733
92.71561510699537
93.99246397277408
93.90281972685578
95.07138583225405
94.7603388570793
96.49598971310085
97.80026120486794
98.77399510872564
100.21953724551555
101.27362435843595
102.59197836616427
103.70779398790413
107.22259998944908
110.25581908855177
116.35920935537173
119.43434421214506
125.68573097558951
135.4269878852281
143.63311900831286
151.61955724147347
151.29252171617463
149.80834155449827
149.5924332511473
150.03210795455615
150.02862436440375
148.79216192734765
149.51619544751543
150.37715192450344
150.1273609958283
150.36840446801529
150.1235007942494
150.62716993296547
151.25482097930472
152.54605101832936
151.7341533905071
152.8730317233981
153.9990324040107
154.69661674711094
157.80284565677422
159.88566504177058
163.02818053537086
166.54595555545336
168.71651664528653
172.10046125106606
175.76207605236
178.09634631056602
177.91984797554366
179.7660929161988
177.7973433367345
176.2404551626353
174.90579028185235
173.16998250713218
170.52947824108622
170.43551654645358
170.25956751201326
170.03787230218956
169.1305882106749
168.3179263027659
169.4757636856708
168.27425071384673
168.1344286405045
166.66264355274683
165.59614524569824
164.5903208983172
163.5764092852285
162.8873109123008
159.8365135372942
157.68960178762666
155.02153983806377
154.23705030549118
154.2160663676407
153.41209564854245
155.04581878403675
158.05128316860717
163.38353307080283
167.18332600809632
171.85881147947705
173.41128159136886
176.4707534596929
179.03954805342252
181.60425484976125
183.30286599462326
185.15533070141367
186.4783606668447
191.17376877904965
195.09976944069274
200.2972270803909
204.37895545885465
209.7092490575079
215.47073445761274
222.03100742318105
230.05227004505144
237.57026695864133
241.81066748594938
244.09564728024097
243.32937470327636
241.95193898647463
239.5657994646077
236.2630119173335
234.84444729712334
230.8610943954381
230.8797579983837
229.66498674073574
229.05938297151746
228.50250735992637
227.80294762149063
227.26982823602157
227.74486303589913
229.13361869214748
228.36985665955316
229.11675597143687
230.3961363096842
232.1252392708542
232.46042878681914
233.64441317583788
234.06507508234756
234.8406286263845
236.01885882420044
236.2970916582424
235.34571879666868
235.89831354573488
233.72390430014383
233.0294231645152
232.43094120237612
231.71332814027875
230.87854845781155
229.41902444133223
227.77011492919817
225.0835845615475
224.05647910465422
223.65652674665415
223.91420106685598
227.10033202281477
232.0916619410493
239.76778424936364
244.64838520381525
250.25565092922017
256.4554223617424
263.58017911663046
272.9071596957985
282.1270351615918
286.84338602484206
289.7735826724713
289.7434986766476
282.24758113142485
269.91828839208216
250.56306619454006
238.04569425389835
223.3595434624897
198.51286642305035
177.8663506185871
162.825906997941
165.14248638274057
167.65496839306334
168.70650673431882
169.9119461973338
170.3528515826857
170.7327583553018
169.22094591550822
169.92487006522927
170.50192441139055
170.9413398796327
171.0778445121086
171.54488236290345
170.37377587431388
169.9174677610474
169.08560587904242
169.8424755798368
167.63617530742397
166.10383328562574
163.7394449097283
160.9449652089515
157.46425664875284
154.21960483685584
150.71516748259816
145.08236360180888
146.38953489275718
145.70153904887735
145.54319510769585
145.65699004070032
144.90837882794776
144.35700355292252
144.95248769011278
144.0546182559861
144.62794952964563
143.19664521588322
144.50480680225908
143.27563217022404
143.7382592351994
142.7289333677029
143.21243604269253
142.24981548860023
140.79380613385783
138.4317418576407
136.65290146208838
134.317981344903
129.80543550778438
127.5381124874258
125.02337324701138
123.23336589813916
122.09433426914252
119.84608401893149
118.42521236421452
117.9544919766894
116.70352432770835
113.7633786788908
112.76808869725065
110.96139848500661
108.22744385756488
106.01405646086727
104.23719036704743
100.77525173145212
97.77203387379103
95.32994937603885
94.89862560897856
94.86814824674401
95.41969320754636
96.1223300762044
94.89656381062476
94.58046986284232
