6
1
e
76.44392556232522
76.26953667341083
76.47008068095657
75.6856885096518
76.64219802448201
76.08591998146086
76.51984362271364
75.55783329140206
73.09253640103282
70.210149163413
64.2788823870075
60.14154661770553
56.42039521587638
52.32254572278223
47.45358325337562
40.9355182172012
35.38423534795668
32.6651878435329
32.209303760291455
32.4056292138632
32.4161867950949
33.28658793059518
36.35134118227833
38.02857614460876
38.62502979308385
39.7305198659635
39.393507007144876
38.95966654132494
40.378802336396454
40.267105936160604
40.662084820558675
40.97999600109597
42.1058884420979
41.11032004343869
42.778624815846946
43.51065096334073
43.33675231775813
43.44977917030349
44.58995037702629
46.75826280751147
46.79628323250656
47.73512176854537
47.693253748237574
46.886294790359436
46.49268234100923
46.18632915142612
45.03245423225274
45.13371761739551
43.96304354992299
44.305131987311654
44.120636641869496
44.135059075444985
43.169352088406114
44.00008748559485
43.07676925867751
42.828007623286624
42.810365589217994
42.99005962586063
42.544307821531504
41.96298529098344
41.69894166555374
41.835651556232406
40.84928966595188
39.938765237077746
38.0098749389445
37.995344165959544
38.20212552467151
36.933921506337995
39.77827006193028
42.73521078155756
47.01658034185308
49.75209677317782
54.50335534339876
57.52357723595152
58.09563979183361
60.95485368681572
62.45471832611288
65.4859036020075
66.86546780710921
68.6131809993049
71.25739602581152
73.34711853059191
77.82816981854363
81.1961217996246
83.82840597595442
88.80510058807148
92.51130178862493
98.84202308339819
105.02686927247514
107.58743014781668
107.93639905354632
108.11668622810511
107.79562054114554
106.78792460567082
105.48776593637167
102.94167329404668
100.9124320098895
101.07928938349437
100.40705869699372
100.86088804526317
101.65761551514362
100.38353588789158
100.93188642458544
99.236350361856
99.18653821896578
97.85190202709018
95.06305187721567
89.92401875507777
85.36460422548603
82.3037073422463
79.0539994225241
73.67311192708917
69.59287759565123
66.11117964597727
65.75361426909143
65.95299308571761
66.75754457845345
68.24155954179346
69.96765472614939
71.47590843744605
73.76969548571645
74.14143133568325
74.99672959457641
76.3675721170374
77.3344787655704
76.69476218254442
76.99879096544252
77.01507986592499
77.36178770122784
77.30880011808685
77.5847325436013
78.20216152983552
77.03260941665192
77.44001044103152
77.28112215909805
77.94675874372575
76.92052584983092
78.64805539972663
78.67563153467482
78.49221852581779
80.10299605778245
80.39431920800133
81.98698651977357
83.01815145597779
86.82728952723895
88.53398487133104
90.23586855708442
94.16929984565611
95.35595234538188
96.77976994533964
96.26615575852897
96.24389203218253
96.81281159857107
96.38464584858872
95.53651502354961
95.48199835262506
95.54031801163292
94.13959346934935
93.74651170549657
93.30110382436517
92.72999891941402
92.2455884146087
91.33868252736825
92.50625688604474
94.1085613528727
95.90247418162778
100.91283849306159
102.76518867511882
105.9396701354566
108.44826284289543
112.10951265878276
115.76136467044535
118.79031638082301
121.34851556402917
121.84839610910245
121.49062739873972
120.46553383095224
119.21874424053591
117.7409916799271
118.18363126392484
116.10903519541046
115.65247676937302
115.93845761185446
115.60857028937916
115.20878582030518
115.37030491447373
114.75308221628484
114.6883560335607
113.59744140110386
112.91279853793449
113.30058727278842
112.7739374895472
112.13137393553771
112.2622148612792
111.59251909824661
110.8470947922994
110.27959803459315
110.64576427505189
109.64559806277823
109.62556343169008
108.8723074629862
108.40749415629725
106.83282471853639
103.96083333423974
103.53116308072201
101.38189856940963
100.21023556243946
96.37319163689449
94.06497062407412
92.70239533746428
92.62386289203071
92.85468177965443
94.97206440000416
97.6459025273608
102.82457406138145
104.60009365011247
108.2486136896651
111.30886257494909
114.24751534143839
119.7898047190774
121.38468741347111
125.17485000564034
125.48832240823194
125.7986219272409
122.97673426150565
121.86887502818712
117.6877510022671
115.29253910643689
111.66613884439985
109.93739389978377
109.52568448395569
106.8560168710208
105.23670711860132
103.89448687628834
103.41975650254764
102.51215222766042
101.6154527561727
101.86666269382762
100.77695086930092
99.22270025990323
98.04788908536574
95.88211114249573
94.63767149140958
92.5299796397486
91.64204692751265
90.33714780853666
91.33475349842578
89.05860599653502
89.67891486095469
89.43849280596572
88.92774255623951
88.35725296256584
87.51150613721518
87.38780990177972
85.79096452222015
84.53820835531174
82.94012166895192
81.46582469823494
81.48122867935102
80.02876999824947
83.16056636931768
84.47142146337531
87.89259820978874
88.81883049634683
91.1701642503739
94.02097304867014
95.73414819265959
100.2743576302979
101.60141566957654
103.20438735819178
103.8720322766161
104.17825482977078
101.83519068571391
100.17413366908855
95.32043793067373
92.62982820354249
88.93158884692524
86.15108485891058
84.36129337900404
80.64900866703593
78.08171427404139
76.79066497949749
76.29640117279023
76.20520373672969
76.07818970543373
76.628881025942
77.0535382333969
76.85974917859573
