1
11
e
209.12548670113048
210.0473053455187
209.05207920984628
210.0961374892221
208.6627493675706
209.52329027151472
209.5087448269965
208.96836338448122
200.88262959168568
191.56016839792224
176.00126068765852
167.18098880474074
155.21550607262336
142.17083841558872
129.72477865087018
112.39054582746043
98.70428573345308
89.1435522699132
86.91689569934137
85.73762708193442
89.49756536123286
94.0608238820346
99.19276341618863
103.69027982336982
107.83414490320153
110.02768634632399
109.14965678794763
110.03758715713043
109.72325694323987
111.73638506772643
111.89493067062394
112.23543035928012
113.2115824722484
114.17757142075504
116.98955987672262
117.84321436124391
119.38104535013406
120.4845856992204
121.89749918211865
124.29700804795505
127.72445860465724
128.83249063910813
129.91768560187538
129.45602660716935
127.8577661021552
126.94718692351746
125.59192303222525
124.117456433123
121.95518048407055
121.01080058480744
122.02757746071846
120.11136205375635
118.79690417207388
118.2512830665788
119.36119514683934
119.07467981896716
117.4549709315916
117.90590259868229
116.53700402267958
116.02054966011367
114.83476207406365
113.74597626469013
113.08600850041869
108.70454304964791
106.52703979333496
104.46967598861592
103.62875370552047
103.57469581360307
109.16513878603936
117.37090476174428
129.28464051445022
136.81132388325045
147.69796891630085
154.8484111876363
160.16777976085885
168.33978437966564
173.9474763258225
180.2970591516329
184.2523958508288
188.48705915115283
196.61453687179468
203.75710091802355
213.75945681591796
220.6173150968618
231.0997808200512
243.54219800652282
254.60063845704747
274.4468021640353
286.0819348729525
295.93724050211415
296.91483537145496
297.95176242520387
295.3426590667683
291.04474902415944
284.7863803047874
281.8879825450534
276.09594905091075
276.2644876255156
275.8321479502773
276.129967248122
277.09311860960185
274.981348123861
274.6329829303039
275.22159557902785
271.22470528692514
270.3189747809922
259.1566849085514
248.676647271407
233.78886662192969
225.38925159307212
215.4823873134555
201.61489577724282
191.32368139427038
182.8729565443892
180.65266790789218
182.01696484544223
183.592419041442
187.11830499555126
192.60488865733703
199.00585527290139
202.73928230030697
205.63829049791025
207.0204246087134
209.57111883346357
210.66326534824586
210.34214351077782
210.9217068364655
212.27268378389076
211.71609877371947
212.6135812853178
213.0501760037186
213.0747603740809
212.8524041604754
214.50474519560595
215.09331907759625
214.22724817836715
214.56020092221402
214.88988584289385
215.55085513380885
215.91597549646622
218.08506330535948
220.78611271314784
226.24084237915892
231.78658000922456
238.61916307864706
243.49627542246995
247.80276872953417
255.7551133150141
260.8508042189833
265.5797749691305
266.0901779998868
267.1830320022395
265.3639857795603
264.34655277891534
262.1656586680372
260.16117373454136
259.49278896169346
258.81902639321623
257.80933040157737
255.6879537075517
254.77431164439344
253.37917134167526
252.86090030764146
252.99577637979718
258.36438319312407
263.95147196596605
275.0173210950966
283.21818388016607
291.2602351224384
298.02942432909805
306.46216805598976
318.12543868420846
325.97078061364
332.6704171850123
333.9543684629092
332.9824561915559
332.15577768910975
328.96982034302323
324.97792884661834
321.4801842390427
318.35198933661803
317.71348030372224
317.52870212041853
316.5449590536209
316.5706754082659
314.61473366577906
315.3451417308689
315.18852493083125
313.0202692324203
312.1356853417967
311.39555694626625
309.0787517818321
307.3649795451159
306.9036111207757
305.2192711566728
305.0640509920537
303.7305357084225
302.8289739802773
302.1981731038181
300.83009807311186
298.22679692620096
295.3454106055183
291.15178899956885
287.12078917012894
283.9455925683755
278.9065937074502
273.9564246046642
265.408945373357
259.91728156411693
254.56923312363838
253.83999610482203
252.90607037896135
258.7738722712414
267.8092735772504
278.16956773907754
287.5124035575436
297.5660992061727
305.637123797211
313.4518897372831
326.9380745942154
335.85704029480587
342.2940167232576
344.06503911980633
344.273661170202
339.7274190973909
333.0851264311089
323.76622537469075
315.8856840522041
308.12324039120523
302.6663433546861
298.52506888311933
292.88110594780454
289.1060954672445
284.5161768527018
283.43412516030577
282.07690445772664
279.16907484652273
277.3144944369628
274.12095783092644
272.8456849806666
269.532454048462
265.3911755721494
261.12909936253
255.21567246816534
251.00694981892113
249.69556369471934
249.0201203481217
247.44214119189715
247.40524846703212
244.50443677837436
243.57021154984236
242.48648520825049
241.8321527879168
238.5850496589175
235.9975421837531
229.88294012357488
226.64030143376266
224.1997816597546
223.68281431299818
223.5432629881571
226.34010136632557
232.57235664225604
239.00544627712856
245.6765591177162
252.10125439072252
258.3235779191974
262.6676341132224
272.6585001981997
279.79478401799787
284.2755268451417
285.9018703598093
285.7111420148616
280.60488854080666
273.1019945982753
263.2724606269266
254.72003336856258
244.5848986799085
237.9097496724362
231.287203722394
222.63798135740635
216.06053242273597
212.01291762620048
210.2938004641487
210.60280257920076
209.71629225475624
210.35920785917122
209.92756735658529
209.90816627455897
