10
11
e
77.15554274472592
77.40097384346626
76.38693129184013
77.41828664999473
76.68132370856775
77.20228280411645
76.00170318453472
76.46818552755927
73.58663333867602
66.91512368416883
58.80694874964662
53.97098435687584
46.521679311242494
39.31342698307003
32.880215340619344
23.532165992876966
16.33833710837754
11.17209636690744
9.743657998159689
10.03803363032284
11.022202086352863
13.950504586086444
15.176753903049839
17.58672491296949
19.050655898915352
19.764753341144054
20.04454101070013
18.959739519346872
19.024793127485175
18.59212875135675
17.512417863888306
19.129394181572057
18.667937440297074
21.138279753027607
23.252936090943454
25.267527401800255
26.303253399339965
28.57752776061593
31.10906651175067
33.22035017819246
34.641740612457156
37.10012331411446
37.1448861289043
36.269059849603615
35.55876020405643
35.12075392068763
34.84180744524592
32.84342054859003
31.229964801549773
31.06765839796054
29.156706710058625
27.14488527129871
25.255818768608297
23.951419014308986
21.747648656870126
21.175746734461068
27.675113582291797
34.80173986293741
45.559366701441164
54.191828984026024
62.61906826924344
76.73212628978418
87.95278036484936
100.70707923609044
102.96586309285412
103.82440183641377
104.04941114699876
104.50475261866012
104.21781061998904
105.52228919884166
105.9505926379994
104.88302408581619
105.97971525132265
105.80566977627996
108.049029039744
109.58334375248353
109.86785012930814
111.52939918958216
112.36854293688803
113.05487564360992
114.73461747631234
118.99462850820368
123.04748418936599
125.82199908028312
129.60062206269475
133.760410426064
137.59885420361775
144.00263196192603
149.76069536916597
152.2992752961502
153.39799852023415
152.5990620759832
152.41172715455932
151.11746698674028
148.8399402771525
148.47340287521726
147.47301207564453
147.08025281579418
146.7166706054682
146.48146228900254
145.20239546123403
145.15657500722452
144.6043058245035
145.16337192501283
146.2652536257668
148.54497529423085
152.03436699966971
153.6256651923264
156.59735063267976
158.98842785412032
161.45440074936624
166.53019241282843
168.41605434382382
172.39966821615994
171.27834682540285
171.985169553916
169.8254278767837
167.4190665738117
162.5571207534585
161.04982323730576
156.61698008745955
153.0351496000715
151.48941227910638
147.55980059744977
143.4569919245208
141.34515364720508
140.2133125727274
140.24136522280787
142.4836584890695
147.49908051736523
151.92823223779143
156.24471034930957
161.1552465937636
167.75504279821342
173.36958336785867
177.64001588061126
178.8231722036354
179.1460132831798
179.11890059517035
179.18167317955232
178.89953689772966
178.8969369085652
179.2214299753324
178.3809173401108
178.31365145006774
178.97685213896708
178.1196133611924
178.86823029551806
179.28022160019253
180.1088656933261
179.07564465465097
180.998606876548
181.66963565418254
183.0829689701035
187.64674438317684
192.17230585062825
198.40557762013128
204.00633687842034
208.60433993341377
212.87684483796772
216.19584430001902
218.19636492550413
218.24449803385286
219.4558782854257
220.64428539014614
220.13952824300108
221.82174693456523
221.453164377748
223.74200912473347
223.8898026864981
225.42349364070506
226.01656681552382
227.2857145314581
229.05501546440564
230.17584332355284
230.4720393115651
233.25873310231665
236.26861390907217
238.18330525496458
241.97699999860228
244.97332424085658
248.6199391821067
252.32241329112267
257.82159856911983
261.7596536180793
265.1809585808272
266.51069441686553
265.66841325728694
264.94025463107903
263.34557452142917
260.9438443722736
259.7256938040424
257.54538660471974
256.89878129871653
255.74413554483095
255.28496123832065
253.77433783919523
253.71326620101837
253.0620967921735
253.885829449415
254.203366537148
254.2257149494731
254.21819557354846
255.23643070041282
255.4177701247917
254.84957390063124
255.60341414795272
256.35578115135064
256.187734744432
256.0641666517882
257.1223686272474
257.52065214145347
255.92931126502808
252.5185538652189
249.79742447176227
248.2822651123649
244.43042770379614
243.94291963848653
242.7226833554525
240.95279155172037
240.50447555321244
237.78630163718196
236.8241095565885
234.77389243287044
231.80937880408095
227.33014314917094
216.90452049421395
209.6833152002748
200.59949510066522
187.87894052234006
177.60330686537836
166.5939830374882
161.8899800278455
160.86386063596387
160.18978186607808
159.2212209099938
158.3246512569321
159.73980819556664
157.39009326461027
157.87042444464865
157.39069755433184
154.17477796494367
151.80150463535372
148.70863437684645
145.3021027250173
142.42324817509214
142.97563110494775
141.95081381551623
143.0156705692466
145.79948381132183
147.71265369365494
149.92338575814063
151.40169951346778
152.8853206098265
155.66209678398562
157.84854463537204
158.5464866514441
159.84803992967764
160.22544630835029
161.25214716081211
159.03173015362734
157.0385403062697
152.48424754987153
149.93486954189353
146.2181243956489
143.67964664810717
142.4352081995691
138.85966881222757
137.43527797699934
135.08509585093904
134.81004432227755
134.16441937112006
134.65375434219365
133.82349628654
132.9846134774525
132.37788490432922
132.29592703301844
130.65610406060335
130.58963898040813
127.14184942407434
126.67054276070053
126.01321865532621
126.3811048808689
125.99484199284363
125.61270018777347
125.72627013035314
126.07832733193521
126.76256500209529
