7
2
a
4.594188510338575
5.1802373345866926
5.8004309209830245
4.6733778185362205
5.476230971980918
5.134509380393581
5.830284164559395
5.104000818428215
5.043728117714927
4.123011123532857
4.209395697388989
3.0601418316521816
3.427574248711155
1.9490775416946777
1.14477598232571
0.39847026445507994
0.0
0.7391287316203063
0.0
0.0
0.6158253886700901
1.7255504089971887
4.4482269131618235
5.288504974479712
8.144684992053353
10.439683590500625
12.272240539496835
15.38603516544279
17.18340876549104
18.59038851391743
19.787388101338717
19.483331662501026
17.9791729603234
16.382488938099012
12.766960283300676
10.553872660782556
7.550363151414291
5.4015322093860325
3.831105112967173
1.0476873035370464
0.0
0.0
0.0
0.0
0.49891218095912826
0.0
0.8398182047007773
0.0
0.8036852888198944
1.7398344417159197
2.02748599086792
1.7084522751550781
0.9528547075483372
0.6489493915056748
1.1237491175558696
2.508732475413416
2.6661021773952354
4.26705169730381
6.8185271245977415
8.391825092727847
10.906177479042535
11.873305388005646
12.279207287671003
13.568441012231428
13.781231163288691
15.496076279381045
16.473409697024888
18.058034372268256
22.441897781533687
25.2468498793065
30.766682903195893
36.40972462778556
41.616431718329636
47.617219658800906
53.80703323140037
63.6516490175899
71.21772271312933
76.24611758800887
78.25775188329683
77.8643911342301
73.6884450243786
66.62410268281957
56.90160242391991
49.32292470082854
40.11115746204534
34.37918676802573
28.7123152742613
18.587838480747997
11.324903397929372
7.4706541034208405
5.6831256046922345
5.68364504775898
7.224696158231694
10.551685415466883
14.898122925048677
17.89325711013675
21.442628522082522
22.98893211852765
25.485810356310882
27.440103353807405
28.749561027366198
30.485390521503803
30.720386098170884
31.24973509844754
30.56166101009433
30.402370499986453
28.748282408322854
29.24343833972748
28.793613331495813
27.567952216172745
27.46261469495156
25.360456169666165
22.99237953636588
22.380459675926815
20.608082009096478
20.369864539210806
26.988342987071604
35.37811719858638
48.98842761377367
56.66843364387052
67.22431612654869
80.47019452344485
90.25551393944966
104.67725778351183
109.47138548689264
112.65111380241996
115.0341031137204
114.88168420553123
117.00831432858756
117.41783448940114
118.61651563257608
119.73194642499428
121.33967374077005
124.13830928220867
128.93105517023665
135.3052497422773
140.48093081402095
144.51627288234832
145.18294401473767
145.15233031572973
140.83094420378845
135.08292615614633
126.31790617820909
119.92489376714214
112.04360590032849
104.8283553396516
99.57131243994458
93.31853440204445
87.06617873011292
85.05538921052879
83.7381906207561
82.42656403662487
80.78269777120093
80.70215746860788
79.02347696178643
78.09431491667272
76.67403847535803
73.84191313927586
70.4586702630843
67.83999745780808
64.76114627431647
64.13264918224657
62.183141345463405
62.014177795992865
60.2549440810703
59.68002105238173
59.347552334713924
58.63504937360728
57.7699834035888
56.48304982179731
53.11455356703488
49.30165661708382
44.80059275959128
44.58750897931347
42.00275817667119
43.31632149499245
45.79207238113282
51.11945239506149
58.21713809835778
62.688290988759235
69.22298170792541
74.12129675785525
80.39540773571417
88.43725460459513
94.01950547155576
100.28097044491345
100.76017509714254
101.45809054120745
95.6255979959543
88.44646763730988
75.62555791578636
67.3224762198318
57.23613264353453
48.60823365057378
41.34613374336973
29.66431400298165
20.705094422522045
13.406186758290653
12.964524363486952
12.485775460594636
15.007836472393025
21.233071213732618
28.60533338324088
33.34717758701497
40.40493798084074
44.23344342906691
48.24197135976565
53.63915869483536
58.2142144018103
60.84309756446215
61.13274812313655
62.62057501217023
59.536450594336785
55.993867207878374
50.762934283912536
47.08353000980889
41.780462342007674
39.68336634205167
35.77337782956313
29.764548444733094
25.254955141884967
21.792927271306674
20.169102343429813
19.304865488743133
24.95140723084323
34.91890782973855
49.389093311750074
58.81585720858892
70.67891092556597
79.79750933901737
88.80429378299704
104.97589675582687
115.85919652150632
124.1004617547355
124.7556119276055
124.66517229561408
122.87720552296449
116.79883187728244
108.93949161015294
102.562485559376
96.38582230343283
94.39033225000927
92.21544717971301
90.82170537387243
89.32450337098243
86.62129466374707
84.16788666715038
83.70635562403623
78.12128318751543
72.16024218445662
62.64776273316655
56.89750813503137
48.54135836288332
39.25940533005709
31.120623691862775
18.97418177176724
8.550532193639626
2.6870608579787643
0.8128861391533794
0.7937869484289497
1.6348003403929323
4.333964981304155
7.234892159869065
10.16542913623481
12.832072541040134
12.842652281010519
12.823445811511162
13.649280805434477
12.165478017734294
12.44740302725643
12.521518759809732
12.96858701989157
13.0478173630341
13.421232310357297
13.1674064177859
14.589961909782
14.639239773059899
14.587310468931165
15.584289958467457
15.746951033590344
15.65571929399578
15.22846523854615
15.471002501429181
15.584871135285308
16.109529203327767
15.861966745948985
16.106475322034044
16.312689965991947
