10
7
b
6.348101313800533
5.650442120321078
5.510081393678484
7.166407482539102
6.433956751557653
6.589176865873564
6.727004040876496
5.257135370910591
6.258826902379893
5.622585477995754
4.839117999815461
4.467564802902145
2.6947345891739385
2.300425305609872
2.512122331948935
0.41441104359128267
0.0
0.0
1.1565613904363499
0.0
0.0
2.0559918627777862
4.770390275633414
7.159601148763187
9.685950160832226
11.118699105539664
14.972922105219784
16.547460954783347
20.26656417481583
21.99878114178856
23.09188269983103
23.10257426969213
20.92148150174711
19.190509969013537
15.142390630105334
12.44513182782564
8.918739414734812
5.528793965550503
3.960511675926643
0.9393850406630364
0.300506662255704
0.4879811661775088
0.0
0.0
0.09991720438773806
0.0
0.0
0.30411675420752404
0.353450684520231
0.8300161924022822
1.720911191821641
2.331207193542218
1.119771198983352
1.8766993465465063
2.216814616353059
2.3518185479834157
2.8494857393209316
5.119460126607549
7.280474345213507
8.873046834264734
12.193570571308964
13.05285229642026
15.059626006528632
15.175615193443438
17.02382541204404
18.40925056935563
20.119133346655232
21.03179678694916
24.794231533449818
28.774274720151023
35.084264693325295
41.06505553765941
48.035502253292265
54.47154036744558
62.37973075827116
73.31574831310925
82.9212982644011
87.79840513945946
89.87457630780774
90.05021884736198
85.32071119422906
76.96442364064548
64.28742438554154
56.632701544919534
47.09755506295863
38.50555975639657
33.13667252478054
21.99731608193474
15.033415439646626
7.026633116386433
7.199210029789011
5.993492302498577
8.544265783031799
12.415846003520292
16.7641081248276
20.945433541196596
24.36605459340495
26.456203166698096
29.193073346508413
31.597936883388492
34.585633808736695
35.081946140104776
35.664990556178545
35.39486108023654
34.88617916788069
34.71062482920574
34.40779789836504
33.78562242775661
33.2540133502804
32.69608943713574
30.626073919924167
29.2638845778483
27.41391985723386
24.3632269844455
24.005552598845536
24.496158998440787
31.788626987846154
39.77630797435291
55.336310097836765
65.86268476633677
77.8466917432289
92.5425357354113
104.084020420542
119.89458014320417
126.67298562372086
130.29411595284657
131.78442334162193
133.36706636824724
134.75817922167667
135.63359223696764
136.6424341050782
137.89619832420868
139.19195288387934
144.842213213221
147.99289082291858
155.42358960674477
162.57364561899152
165.51592621167114
166.66762073195537
166.92002418570033
164.23912769784044
155.9353486210935
144.41617883291732
138.18501216613674
128.5668247136175
121.32017787909903
114.37162005978031
105.42269160541872
100.48470686641888
98.34096269910617
97.59012240953932
95.65018856956885
93.41638364691987
92.75224548804871
92.35506055166704
90.6130669054815
88.76117455385958
84.67410448690883
82.62834053497191
77.31704210107864
74.39059682649173
73.17196494084845
72.26273457905582
71.83999124474545
70.19812705245886
69.80219588658461
69.24284151846683
67.22931328472256
66.64884244706055
63.03899325247078
61.08575071585294
56.0764324164967
52.312004156343214
50.566569452084885
48.748344398251675
51.12695609598494
53.35081019695933
57.36213801091152
67.16665554378585
72.26453762956257
78.71164672822802
85.91511579337788
91.4763961085541
101.40326554555371
109.63766662470641
114.62803673246536
118.27014259757293
116.18715038469941
111.79004259959916
101.42082162812179
87.00092055680672
77.72084197591944
67.43337323859046
56.905280909213346
46.657097667197675
34.121676910490265
23.703750855922753
16.415155336735683
14.22606297344789
13.925228995868594
17.7887174471021
24.764181326142932
32.77675929151828
39.57756660546856
46.0542868706055
50.79108781542594
55.48616075208662
61.60537939782531
66.32469050134202
71.70736211279151
71.77196918387025
71.2642689167006
68.4012226251838
64.81161616828238
58.62714800852297
54.7487987693671
49.38224781944311
45.71224000655711
40.71092172670544
33.93044335372777
28.123411318713753
22.826498495963705
22.43066731950461
22.30902412989004
30.27286927129979
40.47991630307586
56.2417297747074
67.92108084693571
80.53246850524798
93.23362111299598
103.74837738064186
120.8815824752176
132.45065676527847
142.6669779638528
144.68859719784788
145.20752464243623
139.69259489008837
133.9595754858033
125.78960467643074
118.9143918121764
110.50568071693807
108.61234540753584
106.05923379777097
104.69637896379454
102.25598268068252
100.04937739981159
97.38764377860448
95.25399792259687
91.08726002288259
83.60647339160795
72.29064841935072
64.68784957198925
55.817952643100966
45.04898340173712
35.45569942170582
20.289140019181335
10.654269125932245
2.789800401608467
0.8473923967563807
0.6309618122050022
2.9346988376254193
5.359817745794159
8.489823102905985
12.04267190345087
15.004662917642131
15.345420250421375
15.052317394826108
14.50213694976742
15.247466879058578
14.772938148065494
15.335041212308257
14.539141760944645
15.493948290276892
15.330910710921719
15.848082809804389
16.966145431464273
15.897350051775447
17.524104963042294
17.16133998913342
17.6360097369274
17.73834960012671
18.57935451608095
18.190660455921854
18.844062168264088
18.733127169765538
18.448834714482306
19.1491419272427
18.345670850818305
