6
1
e
214.98521649446934
215.57466527667424
216.65841523344426
216.76320725785604
215.07618723079227
216.16393032732734
216.69076600042166
215.81237234690207
211.406229779729
206.70255361915625
199.64220750267646
194.42377991955706
188.96048961406024
179.81250194178202
173.3864364524671
165.3709149528502
160.72093500706202
159.02020394820025
157.09573447518358
157.49857980367213
156.06806521338999
154.65544887844126
152.96644339154435
151.76405424803806
151.61136100501633
149.12144798422227
147.14101589667865
142.82821834852467
141.1420864163286
140.04617001760542
138.56979213169396
137.35385460562037
135.81781754208197
134.31794590008369
131.86423953374918
131.0885964353284
128.845896744372
125.95418444800681
122.76939000930163
118.79226819371327
116.37771185261646
113.458088349548
112.57313267471473
112.46554774427105
113.52350611143265
114.3414493365231
116.99465693701455
119.05879701018436
120.23970971603966
120.38114049483927
120.84405101807064
121.42688051706509
123.13951562566675
122.54737841708867
122.86829343820281
123.6590740987846
124.92914087497668
124.90573108145658
126.80788581308587
127.46263128991127
129.39135015438757
130.05594125493909
131.3086861235399
132.2658104206349
131.79740955882454
133.73502351279043
134.69290142694413
134.50021747041185
137.05166170829625
139.4692041634246
140.68544114671045
143.02883306947518
145.0546333009964
147.90884883055728
149.53070817005133
150.62293623473948
153.90609499289485
155.4813421823865
155.5344700944595
158.56451694551603
160.5761601838108
165.3913662605648
169.6150458658604
172.67402912107735
175.03291279192115
181.04925216406286
183.93927113609698
189.16922367346635
192.92039629091164
196.25736349891014
198.033441986921
199.70205832090133
203.68936314263627
206.87141683237527
210.87920701539264
213.95578448142209
218.1242472385034
224.51079685963882
228.75908223517206
234.3049096142292
239.05250216416158
243.97862093282944
244.4166434111672
246.38985736846868
247.91117189816194
250.5019479198149
253.18769837360037
255.3597295094499
257.96485266605936
263.72092450888016
267.76234312463043
273.73410791737376
275.82617192638367
277.4902357184691
277.4254711885457
278.42410219169994
279.3801269285597
279.02678665013167
279.17447975906344
279.49358962061996
279.9767059754202
281.0715689298144
282.18758042100876
285.37310023429575
286.53603786049126
287.5970068338756
287.99485749081185
287.4710001365674
288.55843844218316
286.4783446804479
284.512736167529
284.77599463186965
282.2410721711566
281.5421927301848
280.20382254752764
279.7447636946721
278.9674847023411
278.07821776495774
276.8255572109129
277.5571595649183
278.88663448174754
281.4265534093888
283.35342286859327
286.50290724047846
288.96356178481955
290.6929957248001
292.84755686220603
294.7974963691518
297.9875279996422
299.1739676875229
299.7996837937737
300.2610937706094
299.7792777226064
299.2798515663588
297.77028619667186
297.9303532197551
296.3020819820206
297.0027874253877
296.02147034220377
296.5904268080587
297.7039574580634
296.9570599725952
297.876724702734
297.4130922038044
296.2319609277573
296.19728558616197
294.96809485685003
294.7089491104722
294.3040447190217
294.87095578725035
292.5499246318018
292.4783201567938
292.9512112471226
291.0444945364951
291.7657302798646
290.0830368230338
289.54207484713044
288.81272123952186
288.2263085800024
286.2447497312221
285.7277417066912
284.26969163263715
282.29272083455794
281.0978912160007
280.1037660768964
279.15049665808607
279.0450056333269
277.8553368453673
278.38259535790615
278.0004331556367
278.3642475298281
277.2797473953232
277.59185579949775
276.30206703660514
276.18061711316824
275.8954185244954
274.95183993819336
274.9939368822774
273.7393793892323
273.99769801043345
273.57009381543645
272.8738070492319
272.124496603028
271.70323178884
272.1373035453246
270.1965766924325
270.6149585196235
268.4284698352145
267.2895099424859
266.7023092668104
267.7432921398426
268.16698939268684
267.879040165458
268.4829251965038
269.25329849215296
270.2302194178995
271.70321093728757
272.0307380204675
272.9715863014897
274.914625452439
274.82546638423986
275.4141945106336
275.40012748079874
275.6710281060949
276.03238581501626
275.9185323123003
275.41052401483216
274.1878003279538
273.9888400105791
275.13036272593723
275.01088993349856
273.55656972452954
272.5129330479878
272.6098259687511
272.1392111062679
272.358649832158
274.027091618885
277.0806172617659
280.70282495520024
282.2310281749148
285.66170286531263
289.0048136990738
293.12139989193315
297.44598624805997
298.5087752345533
298.2088041259578
299.30394973631184
299.05061652451826
298.2391233938259
300.07387592507274
299.7070267891697
300.0253918989984
299.50756879974176
300.66958662155463
300.8515449077404
302.9137315279813
303.93451455870957
303.88464162453215
304.87003640519
304.2423663295738
304.20947677225047
303.0096771908886
299.7421893413558
298.32371717375713
297.33413500676073
296.88105818749256
294.6440069431162
295.1503681898942
294.088298787658
292.7988031657457
292.3633624746253
291.0286787917947
288.95152164114836
287.41931915181533
282.1503263021895
278.6805954078895
275.21821497831655
270.47165346298897
266.803488903461
260.6763037290962
257.267745854918
254.18453027654428
253.499935971234
253.78636580209252
253.55872196890374
253.5123262611944
253.75477633107624
253.70687605673461
