1
10
e
70.29163033905151
70.93360130987642
70.44476781158284
70.9136470963489
71.59338691619692
69.90131983966837
71.12992844837031
70.96222178199154
67.48360674602097
63.46606210457054
57.5800728007561
53.31012402805618
48.22055279748692
39.4718017387297
32.62354679368776
25.080585347546858
25.109748074436496
23.790054761983537
24.91999438673577
23.639884101643457
22.444818931699118
22.213488718408975
22.879400905193197
23.43725870308123
22.686562706765326
21.36157506302701
20.1593144086241
17.91452257488634
17.552123899466192
16.54770951937112
15.430938108989272
15.341659272411947
16.874731995591816
17.4027231467787
18.89114505521632
19.48859044206575
21.141552130404328
21.536574734672143
21.256724015002565
21.672881471269715
21.304484530462226
21.215512031239925
22.187529990445956
22.38323449027907
23.903553026250442
25.09321877717086
27.182400541213216
27.85690633955785
29.53110580568096
30.60211448997245
31.537374843072605
32.18918740691707
33.41986761525608
33.96996198603289
36.06522192964571
36.18655122416945
39.146602020459376
42.39592086400189
47.17359408840852
50.66627649441617
54.68185009914934
60.67789168478786
64.50789164005573
71.00570101670328
73.94791471368507
76.28322744327468
76.64071498593381
76.60967133167564
77.43013633903603
77.53207266270806
79.16356879318579
78.83479362826164
79.79512197575956
80.71638353896836
82.36703247012072
83.37886475154555
83.59185728456855
84.91474402839417
86.1622159350639
86.37105791123854
89.30608324743022
91.62643028882297
97.26611060285705
100.07163675505336
104.41560050097249
112.87389837854631
120.16244512771176
126.34842566039617
125.46884261399187
124.75898368139052
125.16828481972338
125.52449391696346
125.29288685570309
125.24461743829305
125.5921060403615
124.63135572648069
125.52161282341903
125.81452266576767
125.39320739962615
124.63515769672195
125.32311152300561
125.44163135361208
126.78083924833845
127.001505290981
127.44303071423585
129.13406933826082
131.85724477197093
134.58083195107196
137.53072537331306
138.61675409394385
141.2581536699207
144.30055065946664
146.985089132571
148.11914376615283
150.0467805004145
149.09727718435306
149.03866113949067
147.50563660953674
144.94639658743125
144.6227494143534
142.6057791312027
142.3622681381721
142.8503567925681
142.19293959771363
141.75347775205913
140.6359540484882
141.19799243004215
140.98966249695943
140.78232144672722
139.66311547363998
138.0095725859757
137.8205876797041
136.73451587373336
135.01521191636323
133.18583641557902
131.74354964336356
129.50913314632152
128.08920834890796
127.54662652378961
127.86359588052935
130.0493538117363
132.45705876502262
136.86182109135046
139.69991866410095
143.56361524422104
145.10256069890912
147.72921506833933
149.33720720099296
151.34297472161413
152.64969385786335
154.33369513283284
156.03824425061163
159.66439532171054
163.04959327117973
167.63483241668172
170.82585749662042
174.25253857102572
180.20119680523578
184.65613475851072
191.98259404841446
198.0474531444912
202.00115351068536
202.56104038959447
203.8205308799124
201.48948832742903
199.6936406776118
197.7350967920899
195.1375378624047
192.7646187814406
193.25235079539848
192.4127430665739
190.94487496110185
190.20547446039177
189.43620787848653
190.09830324270538
189.63029409617732
189.5731977101679
190.81324566937886
191.38969358961944
193.29351141953308
192.71908131303744
193.255199443534
195.14356346828754
195.09402948057604
195.9274446082205
195.94548383953543
195.9995394571543
196.81377463116587
197.2827479314145
195.46266349259037
195.57052361172856
193.32074354974415
192.1621418506978
192.9343513815267
191.74783749643535
190.46473549184276
188.27067261594658
187.07363858415178
186.85773613519115
186.6211788655307
188.9651605763674
194.94724033326105
200.16979151708418
204.9216997269005
208.83719818218594
214.4494867121504
219.64869890521416
227.99724561378545
235.21552252650415
239.76998658191215
241.83164102453384
242.56497845317884
234.78088596294785
225.22961776880635
208.77772504353658
199.1802230144964
187.30890546690154
164.2582876833078
149.06651879890748
136.32783124684394
138.22035953479318
141.01178154060491
141.53260022841084
141.86655707427275
141.9650214703373
141.4085415610934
142.35413273087914
142.24783582453415
142.4348325130062
142.75839810576926
142.34039402453644
143.03168914610592
141.78194955291232
141.7655295035697
141.71206565452022
140.98538729473904
140.06544771559737
139.66416612283325
136.43813620570123
134.12815906540365
131.7742771927456
129.18932531207662
125.09196398026614
122.15608179457877
122.17403055322605
121.35529716780107
120.05945066767586
120.71647439140791
121.02899864186551
120.2712145297644
121.52152637643124
120.67034911439256
119.96438174268152
120.2669688827285
119.82415722977794
119.4194420152481
119.84887075346052
119.1847808491557
119.15648006801166
118.87851091578955
117.30618024531978
116.38886843700843
113.41113336322461
111.62973826223032
109.25254501155972
107.6109212776489
105.11664867633237
103.07201615723937
101.32788806903244
99.25243914541919
98.78189898622169
97.48143442885997
97.14599927598697
96.34149640575309
94.73325725859436
92.55107986807926
90.49933614403936
88.09795481338838
86.24883931068003
83.42268517702605
82.27330234960866
79.4907936998355
80.62684355417066
79.20781013811573
79.04051844737596
79.79256791458678
79.86061480610901
79.53823049497528
