1
11
c
72.61209083252349
71.6775172151565
72.58023510670992
72.85728679805666
72.45368342413967
73.16350894244256
72.46304893634304
71.93246973738117
67.99267213247944
63.926906779725016
55.77062495587792
50.74832340978611
45.10870733455858
37.21551247482542
31.743642483295737
20.930019251745478
14.857630105915296
10.523885479428339
9.068472689663546
9.693482570663775
10.88945156665519
12.118706698071964
14.7127630097298
16.000966670278185
19.23319526779686
19.16194958932641
18.12400851211807
17.314848314661596
17.292995395286912
16.68812586913523
17.46215982173579
16.16827961432333
18.055744953805867
19.642761037025867
22.81641409821689
23.677363169569432
24.931446048129505
27.10485502410471
29.061638130629706
30.539127085429573
33.7336792097116
34.92835033613139
35.433914117618144
35.31407446702169
34.404169520568125
33.350893720853
32.099035850264976
30.966580829717042
30.087335487860695
29.601689940663313
27.144001908344375
24.535876228889308
23.05454628685879
22.095829285923898
20.59910492885477
20.827774527673505
25.594979576452076
31.129280242438064
42.777743888737916
50.77124105752302
59.69485471001609
72.77053177891561
82.22277839390325
94.87491904640042
96.9186803921401
97.58974528484386
97.41966401790881
98.1279141997972
97.9857314087443
98.54749289434325
98.85275134496779
99.90839996445686
98.03658041989539
100.63223128895841
100.32352837850705
102.43673819431179
103.27747267003383
104.72836784979992
106.10456199123924
105.99449507504676
108.61964830452995
111.44735541321307
115.27224620955927
119.47993445803056
121.4278417496762
125.62292611370978
129.0089966446275
135.77854686089137
140.124527123456
142.65025724402673
143.38326135987444
143.97300189913753
142.6859857087112
141.8048554258581
140.8285217034491
138.75039404618016
137.95179849679957
137.96230781123626
137.32031960661655
137.3294348413695
136.4572914881866
136.44967152621214
136.45473871835034
136.17250055755764
137.96081352845732
139.20948008449352
143.72336724564852
144.18842127567774
147.1522193703081
148.90199235785852
152.1936769614858
155.59512514463023
158.9624582101491
161.14506275653608
161.02827506576708
160.58099922383957
159.76478865865968
156.90027467934638
153.6108618337208
149.63566999091208
146.9978968617959
143.71312164113976
142.21935170381923
138.20442702089974
135.419673213086
132.80127164993473
132.49167266764812
132.66499884973618
135.26459996044795
137.931877683213
143.23621127255757
146.6511207115961
151.70967980972588
157.44215343122315
162.6302119394977
166.77110125067853
167.83529637832876
167.58611897837474
167.55695488873627
167.65008397780747
168.31410067136295
167.90508056737985
168.36971782827112
168.8058005517011
167.63847273509248
167.76335637975635
168.71616331848506
168.3175820284831
168.22446793761816
168.61574097357553
169.480184711567
169.71640924627275
170.15345547092576
172.42085699518557
177.48028077394767
180.77804516790584
186.94076628221015
191.9232044603809
196.50557650279546
201.50775936319704
203.80392146173594
204.8953872326693
204.98624826993577
205.8246039305717
206.5636403238763
206.8291964346628
209.02177483770683
208.4652375170974
209.90317427081033
210.5818250641624
211.71092985424661
213.28358298025674
213.19555664929663
214.70577767076398
216.68924297822147
216.41102170874868
218.1655931521715
220.75549303456734
223.85757969135872
227.44151467102782
230.20621382214244
234.03728593584896
236.73269319853074
241.4451766588307
245.06382819617303
248.16276328790633
249.7364216926911
249.53667750944155
249.1417024558766
246.96383701922645
245.23271607488675
243.65519349059636
242.29211056843332
241.5443524543422
240.25665624882063
240.31080209209065
239.54834355007523
238.26996542171352
237.71081749999433
237.67313080921886
237.9656301776675
238.06666378205387
239.23061283943113
239.53154329263026
239.0850502117822
239.47247953580796
238.69238155658908
239.74799953807403
240.13471273496154
241.41910559386528
240.39008406223041
240.4951338279862
240.38503080710564
237.4219209127694
234.21101016688326
233.2059183658846
229.65168579174062
228.9188431332625
228.163712953138
226.174091502702
226.26853178069828
223.50009669787738
223.02189296455464
220.4666090714386
217.85208129186844
212.85685643238915
203.98446209914655
197.19705601638827
189.082953857034
177.48238784723608
167.88244506502937
154.88406711255496
152.56108843983316
151.15818935818623
151.07333938349709
150.13645262849968
149.01787065684795
149.39570236710426
148.35175784064216
147.7533463841876
146.32085011662693
144.7088827526721
142.07278220594011
138.67207214634502
135.50122919470613
133.94804775605607
132.86870097329893
134.50346897291152
134.5159316756174
136.25404922757744
138.39458245199148
140.27107758603321
142.94317206410906
143.94498314914026
145.2967026169243
147.70252312471962
149.048082278976
150.71564947077977
151.26577763512813
150.25914244198205
149.39458727426782
146.57635787625065
142.44548331177597
141.86836966738045
137.61842888581347
135.46009654334435
132.42012656122378
130.9415911533268
127.1117558349564
127.34046133264378
126.53950459838619
126.07637778059102
126.94036158662321
126.20546379416525
124.89544947750615
123.86093920571643
124.07145030821842
122.60373274863674
122.63699032361644
120.22379735046738
119.31238707097862
119.16014862156943
118.85637845360115
118.6176373742252
118.56476692921203
117.73093318107614
118.79066455287528
118.87419394506885
