1
10
e
110.66013325887559
111.60567040813918
110.64267755786341
111.44455638125415
110.3465464217611
111.26890474754423
111.12811838626675
110.69385055004948
108.00664469656505
101.65101729167128
96.03856275415592
91.215428709228
84.86715412504482
79.29679177159998
72.55689761422315
64.60788702908289
57.57736706679444
53.67994615147413
53.35010832276359
52.887755247978106
53.31767178208023
55.12455573282767
58.64245293309856
62.46909089822099
64.7923172037131
65.86395941975869
66.04002613673146
67.52614904779733
68.58415629290425
69.39399276763027
69.77530342889847
69.25778155233456
69.26649370924399
69.57862663774367
69.73860712181022
69.65875163902889
70.39244392886378
71.11435535340902
71.13979146976305
71.67749265849714
72.95432402324134
73.04186975817524
72.31050230195451
72.90017194856398
72.16639551873877
72.77307859620572
72.40150162651646
72.52815770639623
70.91058278938736
71.91592830653998
71.30722973341783
71.47841617053021
72.34031858750163
71.51889041347452
72.37794323908894
72.32162107216722
72.22447465346626
72.55007407359231
71.37918195955827
72.32001929254349
71.96624209594445
70.98850760885628
70.56943864502401
71.73249239911573
71.61552201337514
70.51717967205737
70.96421367465129
70.50496927999957
71.63513633837545
74.03758903345997
76.45868749306183
77.79429051040763
80.85887313912168
85.09539563519797
88.11354491016606
90.73803495883497
91.03360520130629
91.4552143125896
91.70199933188282
92.24947696361707
91.35380625082776
91.58263233367065
92.24965199829903
92.07472817793429
91.27357684361536
92.49150830289621
91.69092391437651
91.9694306094279
92.59424312068457
91.49786940844432
92.96924406353511
93.11342837882938
94.22438666232031
94.26187992494643
100.90682876739304
107.18302042718868
115.40029942315631
120.03152064144174
125.49805045011088
133.46097737430694
139.81325656142553
143.36917496876256
144.6857809552139
143.24651619715587
144.25961536523673
141.12862624290347
141.11907672214784
139.03301006938585
136.8583474430967
136.9620820577112
137.0032300196595
137.67926926329073
137.26232100282436
138.2395235301616
138.3709555090892
138.27272347729877
137.0420130535907
135.6458756625188
132.76452808713242
131.24702047436594
129.88240834009582
127.50511675489726
126.657989676489
123.02612878668742
121.66282362050832
120.28908318147579
119.90038989773551
119.67972211896648
120.5703857760611
120.87006333544481
121.03142534551989
121.53279509158065
122.52636823557629
121.5372386614568
123.02206060093644
121.54994364251331
121.53546293420797
120.4645221653127
120.1812134149652
120.12947000178228
121.697397391201
124.72575010237169
127.19768988489793
130.58674480854177
132.4449716562869
136.43553705976203
138.76168252634963
142.82505693175227
146.4068786976552
148.71584915350607
148.60857892877155
150.24587457197813
147.59387905722159
145.33043467760803
142.26375093012172
138.22857233580032
135.227329155185
132.3174087748074
130.64273431548463
126.31092930156393
124.08350382582378
121.26229813922698
120.63706151924657
120.88501423765977
122.18188016110095
125.89482292812
130.18209056517034
132.5430710853503
135.80265628945816
139.40439364265222
140.39515546411934
143.80235885633027
145.8383430988445
147.96373460001487
148.83079465403247
149.5811264426181
150.64181407916547
154.09150585688562
155.66348493949485
157.80871563148688
159.1030193996709
163.5536221482232
166.63186527582616
170.80034999319247
174.24672032481803
177.79729768677194
178.75768572237237
177.73781091314282
176.48426169951293
175.52953963186437
172.80827454741754
171.69634923131218
169.32683227629454
167.7307305870951
167.40387121005494
164.9017061262063
164.6555841667213
162.95527529424018
162.6440016630952
162.12706822675213
164.514769301875
165.82245139721502
170.34551220327634
171.5846559546505
174.31163900752327
176.8717468672767
178.32376188052464
182.63555968410006
185.76657287264868
186.48982392765728
187.10265676840208
187.2420326076139
185.66659639955404
184.9150104747342
184.73890597738563
182.77742991615824
180.65480984158975
181.93773400871117
181.37741765237246
181.1938286875801
181.22708556502255
181.07906450275124
181.00494813763262
179.56174425068133
179.3970360498332
177.35172660970176
175.070305906873
173.12655373057555
168.74792990933804
166.27177887094763
162.81162928243754
158.46373261909
157.84746025825342
156.468283641307
156.40557964926995
155.73158947454334
156.5617791817552
154.7218638610424
154.91308432345406
154.99899082613624
154.9438766869086
153.62813627425038
153.25369696216495
152.5373427917366
151.38746287582174
151.13728679662174
150.29284605642405
150.38349428620518
150.5243595881813
150.13386754729396
149.26195180994816
148.33987120190568
147.70496809813392
147.37171962420445
145.50668044961762
144.6304117400081
144.16469891483302
142.8332640399259
143.42285565795552
143.24521403264373
142.36060332477598
143.16458029571547
144.2236547053078
144.8659980252888
144.66237949599738
145.2767624288497
144.4052465108038
145.14776536978326
144.89124024991784
146.1330511275701
146.26904601963776
145.74457673204952
143.77589383728588
142.01865987093848
139.4260063044694
135.9576979182477
133.3880147829797
129.70345466303027
127.55523156540802
123.63819943932357
122.00125843195926
119.896818133823
119.1997595349644
119.75788591043394
120.00367868522085
120.11479265167532
119.03540306324179
119.89544088425953
