11
7
b
47.24588710093159
47.10836302515346
47.120244303117474
46.826265810639065
46.6987751086417
46.78522654620331
47.00936470209767
46.380736086468175
46.46506838967998
46.138623840030625
44.908854433891406
45.29817901098918
44.9728976963497
43.0159809951349
41.64422836758761
41.822220633592366
40.359923074703126
40.57103542258614
39.83878233922133
39.77502476790481
39.52998715428472
41.49070866711123
41.374538639066905
42.74265892112168
44.269444014804144
43.989792049646866
45.53562175162134
46.358879340937015
47.986596567182154
49.58303763818463
50.3310024234154
49.40275679226823
47.34966340413757
44.08225277071892
39.78870861306725
37.50438417215453
34.247467116571784
30.293123028468326
27.281011767172085
21.89598562637719
17.82215899157787
15.673171408859181
14.038561150137642
14.874605164860794
16.435947561676112
18.18877191233581
21.138508374911275
23.486625471053593
25.172353842619128
26.56724844041451
27.294753842775503
26.349452461630815
27.153443947611258
27.387881642929568
28.57733060252833
28.906572768925244
32.62224849069939
36.78364160010036
44.351098736945296
51.95113576352549
61.40004325212614
70.06734605128901
77.39492522665032
87.18589383744862
95.25308236561037
102.99151134163401
103.52705443325038
102.86329383482592
102.29507966930639
100.02810212523225
98.13677037071508
94.35483483264629
92.44899860867179
93.18607849608462
92.41069401855887
91.7255560935027
89.27008636561428
89.13309638270987
88.1670857089513
88.26418067409088
92.63876599074298
95.79916988330822
103.8554297869747
107.67763474356737
113.44837106355745
118.99791618334736
123.02392499462395
126.71910790198774
130.87050262438203
135.4293431083888
137.56942161729393
138.66386403430343
141.49064339502283
144.4444120271734
146.4988204728217
149.55635761158402
151.41894147195273
156.70299186869136
161.18348021368251
169.16148070043238
174.6990040223252
179.81271762363727
181.5070111478027
180.85011912865244
176.6554927168225
169.629182126506
160.35361729106594
153.06466169983278
144.37595659053514
136.2631832508677
130.53197213711334
120.25023714660178
112.90214730295371
105.7672123939593
104.76600181530482
104.70950256930912
109.3090231672738
116.13474846545958
125.2900342653071
133.06249241353314
141.88836470570558
147.96129252892445
153.70838757716695
161.76614927869278
167.59213109794717
172.01569911833028
172.10087140106398
172.88094760111795
171.66261554856894
170.91763900967547
167.45931978737826
166.73004948409584
165.5347591031164
165.02866918352822
164.63435295002253
166.35794077235394
165.58131958251317
165.81950530624314
165.4749777343417
166.4644946198496
165.74485085981075
164.43009354043065
162.14378700318096
162.27222057374007
158.90701917705167
157.5645959645943
157.13272165704421
152.93123897693016
150.11488098223842
147.36660256824786
146.83773502147753
146.96244135976423
150.94952212511393
157.80896236552144
169.36697151686727
176.9688296292
184.71224166364624
193.28686852600433
202.0123786365087
214.69876142844203
225.1549897203763
232.30480263994227
233.59174780100713
233.4813108016958
227.07459488866135
217.76133142336326
204.80832275217207
194.68761374991325
182.53498788094555
173.56370798526896
166.40949829093853
154.04761355303955
144.3159004306363
138.07769414759514
136.26047946817357
136.81116584492943
138.94342796732627
141.7413784811576
148.71952851999896
151.69170633234714
156.40533185006197
159.23316968317454
162.2186707164945
164.2966294400872
167.07431283383522
169.45465256240294
169.57998566066243
168.0882024818258
167.2558015154019
166.02514231314436
162.47415480735833
160.25290946281996
157.64739477309357
154.0699970418411
150.56500197271842
145.2764345593822
140.5546808047414
136.72087387470083
134.93465285787863
135.40794783004944
144.39778522670716
157.15846431363616
176.7021101679325
190.03301284936916
205.9388223121999
221.74548785307175
236.23573376188673
258.9989743332632
276.0644266486408
291.05276939182335
295.5763314937236
294.154122006996
282.70445832115354
266.3391310784372
241.27576072968552
224.4462132881182
203.3617796593707
187.76652198351638
171.59877294570313
148.94814674243483
130.0937052086321
115.35544369107551
112.51877822330717
113.32559007667257
122.05048137165306
139.43752406807468
162.51830369373096
179.4758340135267
199.19097925011903
213.6110271503427
226.32296712859548
247.07611465853967
263.9577785485282
276.0051542755617
279.89059284082396
280.0266783520136
271.5102733523192
257.1853926792807
238.31117863363824
224.58472506274043
207.87286730989217
196.9623112181934
187.5378603654804
175.96803504106848
166.3303256913712
159.36065491378457
157.0525571837494
154.851474170264
150.06920802541603
147.71995224145095
142.59559197962258
138.85916033917673
133.93874382706963
125.65061957972961
118.86707149822757
106.53675263981052
96.57745674540384
91.09432511498768
88.7039826618082
88.37748877362898
92.69193584082637
99.2618040799037
107.70461239480856
113.9462753404644
120.9516003299806
125.96163583483576
130.6560427867712
136.55460173293696
142.67005406513763
147.72290472444652
148.23185790259595
148.26461779317628
144.84301709473777
141.6199151446421
134.3120991248588
128.25326151553136
123.52690954700633
119.71548156034989
115.58513804397197
110.9929049913395
107.65481981541896
105.87824540221507
104.50316035541239
103.88433858970333
105.05198165160944
104.47659082251334
104.23016092308225
104.47433512182673
