2
5
b
10.600744449547099
10.702985461949702
11.037110422622986
9.95540904936214
10.443959536701705
11.29544920696831
10.413149054426997
11.016258472308303
10.774084556024244
9.23838064366964
7.420704829758915
5.758948680483129
6.125023311765936
3.6617600905837038
2.4400985621927487
1.1365409240785507
0.22174180730466608
0.0
0.4801460339832443
0.4277189884784375
0.17957256271579486
2.7471604678030705
8.029232678792773
11.607542219521042
15.31261139214274
19.96215940138633
23.43386624244191
29.367495341756623
35.02946141208412
38.23972951922513
39.223545682927636
38.60628791958467
35.51234380309385
31.664688298055882
26.20620668041022
22.212939726620938
14.28082701280713
10.009549249678695
6.834804601591096
2.777478708676201
0.0572779165375165
0.7210890603111195
0.0
0.0
0.032924446223617024
0.0
0.3078581735023827
0.3683233115408245
1.5882428402551636
2.7312179452066485
2.878701600176998
2.6323029104817226
2.3962339569078717
3.0893674735644288
3.346377453721181
4.081243373260807
5.841141234420926
6.9549291380144975
12.523639943037722
16.337362896584505
20.678491041662998
23.453605685002515
24.998328796729524
27.308815706287746
28.42436088105348
31.20572243604522
33.47335500991795
35.76654177671671
41.68112564778687
48.923338062071224
61.160644433016394
71.25101279830602
82.85708935019144
94.7249673968322
105.6643847446396
125.69071369342855
140.92395493055238
151.93077822220863
155.00374829310888
155.0881265002306
145.84924109986537
130.9426487415913
111.27498991243355
97.02371408621411
79.61237751304917
67.54641147995392
54.79233106251961
37.224372445339526
23.382804716104644
12.548655646511454
11.917715786250326
11.060992283809453
14.231263493033046
19.916720488632674
29.34702306496906
36.57335196554629
43.13893310150761
46.92982926209073
49.48801105649972
54.85312044833721
58.51976312808849
60.451408843919324
61.22149594643611
60.52523458082926
60.20208084095216
59.93229601900578
57.7353186973864
57.385363112291465
56.98505651350077
55.5651285014885
53.516001801677476
49.77414454552895
46.47615414901274
42.96396957440881
41.09582453400565
41.857612066837596
53.15119085398495
69.08344181994644
94.81906275314063
113.3779122970186
134.2563947006035
159.63692467133313
179.23804654124893
206.45470257710886
218.31927519663276
223.80961124301894
226.19457066401102
228.77019137456102
230.66626407149457
232.10805493145423
235.258928499477
235.44750443448314
240.21401864607066
246.8128209604874
255.3254425482183
267.3259927304438
277.5289699981885
284.78046086100943
285.9369529628066
285.569443465044
278.87025882726175
266.7857659862915
249.1307405658866
236.83244900601005
221.45461109291017
207.22708142497382
196.2206861352785
182.29888277501763
172.1016380457154
168.4448747337569
166.82214213271254
165.03758191182837
160.79340822482996
159.1986952429952
156.58302376240155
154.6541941132618
152.56441296388638
145.6220453491139
141.89902022856396
134.8423839975947
129.35756500057894
125.85961784358949
125.25770168814553
124.09435650264227
121.50764217426067
119.47220018828781
117.23019312445379
116.47632706424301
112.69322517623391
109.42739918624653
104.3353350347996
97.26657179260627
91.1349071876758
85.96739400887009
84.52928283816166
84.46205102295298
90.78943364872916
100.52015112658827
116.14440777215083
124.3320034677978
136.20393802693087
146.11183695434872
158.17236510557024
175.0635947721155
188.14723962706148
197.42711667899135
201.14153667563897
201.46026077473368
189.78927016272672
174.10059291691837
150.11510120960372
132.78639749454848
113.86098423945705
97.09074697800747
82.44726406109926
58.403898714135124
40.995545364861776
27.31002270581132
23.831745074126168
24.350552291590382
31.581154554719376
41.88695966596697
55.59547385977402
67.65258457993048
79.59744824682446
86.99082265866369
94.79537272912806
105.71409185549857
114.71501422458968
121.56453212432976
123.10743453314899
122.52333970161497
118.93616615106093
111.59128713081184
101.02575615105539
92.48838382534888
85.12319202594557
78.32119581730721
69.8935238327724
58.71899316911528
48.64055837258595
41.39647174700139
37.60794265238072
38.611059098182054
51.747077630912784
69.61691977484992
96.75102377583868
115.58832926105944
138.79790847319057
158.6439824735377
177.4038747594398
206.65869222693158
229.5298866380469
244.3829315243707
248.3964127611274
248.62006837048585
241.7555841809422
230.98218734821694
215.23090760254166
203.5569475627949
189.74171649674014
186.23093484259658
181.83152200667018
179.42963033296252
176.42213497569824
171.39548990396133
167.98943596442322
164.45482413699492
154.92102611806675
143.83765873472453
125.75598855697989
111.92685959048605
95.3260074196809
77.39466521683107
61.72068214588505
36.30896078776935
16.86451399440606
4.189064917826509
1.1680665634472593
0.6708484559090271
3.399691745482353
9.139001139568672
14.688245720394635
20.275976748179513
25.878632722322667
26.625455703034653
26.36283195404041
25.075430556303786
24.77807844179358
25.73235666050244
24.945260911381844
25.784613269227123
25.814729961124613
26.51270556549063
26.536901951976922
28.24244866701805
28.02439910516107
28.69506101064298
29.827923437479654
30.221211697163994
30.351228118528343
31.767445128697318
31.92840309985492
31.498910536103168
31.95318934649037
31.760246639869226
31.29518457260738
32.08278843169826
