8
3
a
96.78206241554592
96.73674212380969
96.80904669799332
96.96851905480376
95.8398476449115
96.71838942492055
97.40356325614128
96.68461152586791
91.43495915745804
84.08784925927165
74.9122679320921
67.78230746701679
59.01124924383634
50.17824673464961
41.42173230840799
30.378126279072827
20.454284434454976
14.364906556881367
12.014863079198559
12.97026931770554
14.380853622411102
16.261123858475756
19.647337217530424
21.49442425803093
24.700135255271235
25.05797534214962
23.53826610527898
23.078328591149422
23.23943959046261
23.06333715769071
22.43769029353357
22.457063695584488
23.92592066274016
25.759607390436848
29.20823218123277
31.683026782852036
33.61975292771637
36.58239171699661
38.05787376232007
41.87924899963934
45.13791582938304
46.0776913578228
46.99798674900059
47.13133327134029
45.60108002093007
44.52869260648166
41.80500062585546
41.12774099501309
39.86422779352825
38.85752086955128
36.02458384023902
33.67077655525432
30.59402652736174
27.99951395575027
28.069403213448847
27.189348999687546
33.572412502206234
43.83580175655146
58.30004852731182
67.89896174396887
81.09846014725483
96.04811646886999
110.51625041886334
126.80579540068616
128.3253976130719
130.27848508468043
129.68432784396182
131.43306142774424
131.02296943236306
131.41039817267438
131.19160397956415
131.4763956968677
132.3450972876923
133.59470099774566
135.9374840061793
136.12635095958578
137.82526269991698
140.4109302568326
141.2271963794968
141.32240841828377
145.38664074782864
148.43306521961975
154.05405460632176
158.3678438154211
162.79269810343055
168.04126482087173
172.14472747068027
180.40806180742607
185.66224533965186
190.61346658055018
191.1942968944727
191.19419633689515
191.4511897279384
190.16585334812424
187.1644036163441
186.24210762982233
183.71936722808223
184.09450756569382
184.62699954135488
182.69566651035493
183.68173918568198
181.67849652578374
181.43440754174426
181.9984372094693
183.3312633365009
187.150532757558
190.79947949546096
192.71444172183
196.71284093887053
199.76984862728898
202.844953729536
208.57491836593235
212.04526825650197
214.56266283808773
216.17084407937782
215.88387009366593
213.8121492898726
209.78284280536786
204.44346108920826
200.87284292781976
196.9861246369364
194.34261214977855
190.023428713903
184.72267453945105
180.33371673492107
178.10289305321444
176.26837547297205
177.16533606282812
178.8019784663946
185.0886666637559
191.43218548598483
197.4169351304861
202.89220638057114
210.1286875774621
216.89499005457347
223.42145635229255
224.17122472995675
224.1306479476654
223.63937546253598
225.37792149422216
224.6439969313791
224.71433896187185
225.11037332048332
224.34223868056083
224.33682296722375
225.1882417720325
225.13740533727892
225.05491803909032
225.11051484398345
225.51867126989444
225.39644229568825
226.54178036049672
227.5962842171291
230.00161264210737
236.62398337220586
242.37103493331375
249.20092614046183
255.99105301991136
260.2894158037325
267.6272773070166
271.81929593056105
274.42324081475624
274.1568619851245
275.021449946885
276.9896912042469
276.9605430933834
277.3549568944246
278.7490958409465
279.70205905848997
281.81056431449224
282.2988647823897
284.1035096578253
285.8120314006385
286.95167470137693
289.4849978879992
289.61640298512384
292.97619344134
295.39425364868254
300.74335062655877
303.63333325873583
307.0977178876931
311.8915295050325
315.766409082561
323.277585727036
328.55994436352177
332.3549006510129
333.43471627458536
332.96824896800564
330.7847382272496
329.50727900274137
327.452815773058
324.64624248646237
323.92818638862644
323.29777899816304
321.18860194651535
320.3866233563499
318.67188022819175
318.6974888551013
318.12392294203073
318.82542847022125
319.1884843745555
319.55866177312924
318.7575887684924
320.09567371238006
319.31509405185955
320.316049188225
320.03885437250483
321.064470747514
320.94655363982196
321.11194936081444
322.1513841716342
322.3219233740848
321.16939786682224
317.8300919147994
313.2700495224963
310.29563451571465
308.1635534401622
305.927164132856
305.39674762263326
304.25034744359255
302.5245132896555
299.7571957936047
297.93718036620226
295.885633423618
290.5667418120598
285.04770437758003
273.5053817851186
263.2441130972132
252.09802601106114
237.56736302168224
223.42824894533018
208.4754472050614
205.05653993662713
202.79658464236252
200.78902337631632
200.61104286660142
199.32852475532545
198.8234953721613
198.03396313802534
197.61609336543745
196.80005045923437
192.90561753518574
191.7590001850973
185.0386627491088
181.39043185462745
180.22926755472295
177.91660398681555
179.6373070861146
181.52617987855282
182.96488030255156
185.35305472084247
188.45264283720266
190.9827004984401
192.6238464680946
193.76628709046688
197.00672480308555
198.77468748736368
200.1563389464055
201.84204983536586
202.2159739646541
199.91571455752035
195.72438528906656
191.4845528913936
189.35341626347994
184.15524580306348
181.55982664355412
177.2257104573903
173.94693163477928
171.3265782643763
170.67351116702548
169.69991816935843
169.48041964821587
168.32032288532716
168.119680484147
167.5697794948417
167.44420505127985
166.4935951427037
164.7560488494134
163.28857912391186
159.85902681126822
159.10351490434178
158.94458389855825
158.21163576215378
158.84794851438568
157.0876832443862
158.69070107557067
158.37952136313967
157.59932920732675
