11
2
a
205.89696148932526
206.90516513384117
206.08507395918306
206.8726455785276
206.01368583465197
206.64447454910635
206.92465256556355
205.9930291952587
202.48464850165917
198.36153410922105
191.09866992008904
185.025748189043
179.4434827239046
171.1301476763428
166.23253780907936
157.18111730341568
153.15714778110274
151.241244293363
150.44765358597553
149.65211543763158
148.50187920837536
148.0796752012601
147.14813460108195
144.77396269543254
143.9746334494165
141.60161686751698
139.57455675859438
137.62040138002178
135.77313000598792
133.8290083338284
132.24257286803615
131.26475274961152
129.76873768277446
128.230988872401
125.83164495764451
124.64161974833951
124.07366175196819
120.00137258277448
117.91000100331779
113.74829903924935
110.7610325434089
108.88601535586713
108.01511018622577
108.26567446032506
108.95636283081873
110.11323765920973
111.31733836739139
113.10109127059468
114.72932181989123
115.55273713292422
115.65698609491594
115.89728126328576
117.44815375717246
117.50724626392575
117.29332398457504
118.67420378962906
118.37507784101362
120.07100438103305
120.62159474593433
121.81545614077221
123.49474175444455
124.73271097650802
125.13299772586517
125.97527319386207
126.25098570400884
128.51972635379266
129.20343052810918
128.1701897912996
130.78023017462328
132.2725921832856
135.72083831538316
136.25286775489133
139.18408351506864
141.53039514289082
143.3545479563652
144.85844647117474
146.61283426277365
148.79940988777676
150.41549637164593
150.7096295529536
153.98951767945485
157.1680819204606
162.47918494211385
164.66895385975954
169.19861637680205
172.67738336308952
176.49875522875814
179.80354014839878
183.55143373570684
187.4418304967312
188.34418795601567
191.39114330016176
194.64968676497222
197.83325346922814
201.53604051336384
204.93287159833415
209.09921070885548
214.57980471274809
218.8074313239434
223.6688643448333
228.87544756846688
231.7121846014871
233.24081175835772
234.3899906593292
236.56747724434493
239.06730825489444
241.20808935782685
243.37125948029143
246.52361529881026
251.3020063256436
255.2382269112358
261.12617354301796
263.10985522360187
264.89983952696997
264.69198148303343
265.9770479847824
265.5960026373722
266.44898414528035
266.9051871309774
266.56771320905557
268.03933992046876
269.08316516674944
269.21456988817596
273.31941472432004
273.81479651240414
274.8031974855739
275.4055829766398
274.2067641987004
274.76570104960837
274.3992766146051
272.83679692694676
271.9717932205967
270.56333036593753
269.79055312156015
268.3320857317176
266.66548343098407
266.2548784000065
265.69868777312894
264.8112220246621
265.50915111138704
265.9780769051187
268.51917979190057
270.6010404711391
273.5793651210708
275.3202709120343
277.6350562557733
278.7454768706271
282.25125871036124
284.32334042770407
286.2184100463852
286.430756384632
286.28317921395796
286.8805683306314
285.35749896216646
285.00741217416765
284.34507044579374
283.41151818834624
283.82028193418927
284.43209871205795
284.68022937373854
284.3937149116051
283.49530464816735
284.44327085413926
284.35124477119564
284.34116822597633
283.72470330369106
282.1364499343203
282.65811792120326
281.7186901267944
280.4121843941583
279.3487013659483
279.00835970093306
280.1546483057693
277.93770227834915
278.66831085569976
277.76339040434027
277.1111740008922
276.5568278656369
275.4280643024121
273.8527177057491
273.10495598617945
272.4597059780635
268.76858877352475
268.0147329488189
266.8129008576321
266.76819040114333
266.49957637548545
266.4122187995681
265.89943673937574
266.0482986528125
265.56861457356433
265.4425107550936
264.49586517191364
264.4279735919883
263.6590847730403
263.03496493084054
262.92060687129464
260.8084636783819
261.4369020636153
262.51507509753424
261.66976752274854
261.4001233000771
260.3151881646257
260.6439213945823
260.26917875186666
258.32452806461964
258.4550435304402
255.87210101157635
256.2858233094236
254.53919819789303
255.69775412029617
255.89699828362097
255.00570503046848
256.8197945047972
257.909679712271
258.2944993251703
259.90998751687033
260.83257017886234
260.9680698730644
261.6770151224412
262.6194671462396
263.8173098823783
262.92973656744726
263.0191042310783
263.17689727273586
262.33978472169923
262.71523836509994
262.0116942682362
261.7190263363711
261.44435188043127
262.4375404015373
261.49036519299904
260.4961034734028
260.1840266103518
260.4011463614954
259.38471386809573
261.569158246185
264.80903240829235
267.3360133541019
269.7084525845985
272.3227070602229
277.4351059486174
279.85504273631307
284.54100363014624
284.74933145767153
286.0751147593915
285.9158153853485
285.43982979395923
285.7271538640275
286.19844627560246
286.1143113010434
287.0178412686024
286.3649086049507
287.2595337030646
287.5622672096258
289.09186125745254
290.36345921480546
290.61186974385686
290.67202185578134
291.60780387309416
289.6595534855582
288.50450650861904
287.08835642308946
284.13428258103704
283.3081032693816
282.8573481157998
281.13697410413573
280.93767203018893
280.780872178632
280.3061432975838
279.3471378099494
277.34350044764494
275.83921564391574
274.6398981855302
269.36534309444556
265.55914982470944
262.0451397867097
257.47975208501157
254.49605071920857
249.6565679659738
245.96924749858437
243.14521762006336
242.65469454774717
241.52299450885934
241.95537478210514
241.43005671971946
241.7044796615747
242.62274331439986
