10
4
b
171.71691519387096
170.769878746757
171.05616570458088
170.01404415462903
170.76855441529855
171.01448062844466
171.5600615919452
170.0306606006948
164.90353867008136
157.86833060032316
146.2753201779068
139.78538807401492
130.8716787023336
121.82392985319055
112.60046843069343
99.784293568848
88.79883066386421
82.59153328828697
80.24801176812298
79.81359880259159
83.26368169367312
87.20053374889773
92.21111308843108
97.20885878487647
99.79984494881593
101.62855802249982
103.14084780086561
105.21155828107985
104.48462207947836
106.3901528708054
107.28528808722614
106.55375482850653
107.42001516951629
107.21716163339251
108.21935395447096
107.62362029602096
108.67110931575824
108.70180968741174
109.60625647196788
109.85195514842226
110.88309521963178
111.29959965961362
112.6958618020947
111.8645551998456
112.57257330211284
111.70727152471684
111.64290643935088
111.35216027997203
110.36019733888897
110.83101714895545
111.63161412644536
110.77886033305177
111.1946622877997
110.47712164989812
110.78707256475276
110.20261037093158
111.8345526636523
111.38101316848608
111.25366363797501
111.485840202152
110.74536549154587
111.22408548475866
110.37525350203495
109.54521869768416
109.17139082315751
108.01047651153209
107.71582824437951
108.555403229235
110.25440051615169
112.87220846585208
117.68090972348064
120.57124712827297
124.66164148071894
131.10665375107914
134.46258243230736
139.75668391095354
140.13438508586725
141.14957114585815
141.72521667270345
140.71525004583202
141.63713213760266
141.47330496089154
141.08753662872266
142.25462396901102
141.3723878949785
141.77539226694503
142.03576097122897
141.0774797139881
141.67608786103892
141.66363615737717
142.83367488264292
143.53141327921176
144.40939281293163
146.6116609556832
155.53023846289827
165.69146894674086
178.50235025720082
186.15469142992896
193.7693818564749
206.20899743945208
214.26473913905406
222.3335366427334
223.90109033667324
222.87608288226062
221.92280327119948
219.14805357472972
216.28931830678076
214.5229820660917
210.7327123941635
211.93149404606783
211.25451756090854
211.50537456462442
212.24674036764762
213.48042200423657
213.18288113282836
213.09434838706167
211.5147339708895
208.4088036749057
204.89238951546355
203.2010458387163
199.3062665600469
195.86840033845482
195.6387198409132
190.07032597064264
187.18354570411395
184.3835150907958
184.6425652726842
183.80789628650308
184.82280094233352
186.10613921444303
186.88223732003732
188.0097624076156
189.231565844746
188.5800960448609
187.8457350031208
186.54549019799177
186.16467516434977
185.75647639084926
184.32323667372117
184.96362666671544
188.6098247609488
191.18248970481673
196.77601308583058
200.44396408072473
205.87647795229844
209.2345455162718
213.01970982933037
221.3456529677468
226.24158827195984
230.2666640542548
229.3559898678128
229.99950261485196
226.6380054686578
223.360049330237
217.09585123707382
213.33764259761557
208.26579104153276
203.87304220714896
200.59113767870153
195.8959848984865
190.31718089992455
187.0917331731226
185.85477256898537
186.2623774069301
188.8879106936666
194.96032879454913
200.92226112248397
205.61719186246165
211.09818524935937
215.00262984246444
217.417290082487
221.3033603189695
224.33661818554958
227.47084446509334
229.85082534954373
230.10285089282723
233.73837967679012
237.03092589046364
239.93516700695173
243.5263241156275
246.77163502302722
251.46875943070896
256.9147445237393
263.0285258933726
269.7078917344488
272.97787411432495
274.2196699300247
274.0972673683086
272.9539655399032
269.61361278847534
267.33232627664046
263.19233038624753
261.656564523967
259.3712129621678
257.59305704853483
254.96354893003732
252.58841961673173
251.53281396140204
250.288290528314
250.9125988973126
253.92204438585046
257.0492724979012
261.7543028068754
264.78257958016695
269.71554826416656
271.9148454115339
276.2958261321586
281.1016611072747
285.2664962388629
287.45772326117896
288.6469951973586
288.70105336438394
286.3705905035941
285.8975000939095
283.8248368431979
281.4901445441996
280.41266592454156
280.0009373756027
279.38621008721174
279.1908598239761
279.8361550121876
279.8907986929208
278.53125014429367
277.7456889336504
277.0291494364473
274.8628904459835
269.66617023837466
266.7064557962526
261.55062752523276
255.65587199673516
250.124427621509
244.72965314253568
241.99184860337417
241.52422604088403
240.70139680477075
240.47195358757313
240.0419049967977
240.35863968073934
239.75954685775653
239.65925589450504
237.30239002258807
237.60786400212686
237.10321012097486
236.25557755582682
234.1282456868628
232.22683536812912
232.84671157256295
232.2071702153588
230.86455524965515
230.25453392310112
229.79819093052433
228.6975693065825
227.44486088051687
226.84515390703686
224.39102757932238
222.59126267197828
221.42434033624573
220.56678144655575
220.05937723134224
219.04324126712416
221.1713591636903
220.6809070433816
221.37697827448775
221.58200221972302
222.77295677568125
222.55956653131466
223.00075215177793
223.3636379298821
224.42608043643526
225.01124856253773
224.92921247358245
225.6754599790348
222.17840301080525
219.21807527028687
213.55629594383737
209.865660640282
204.68454240901193
201.02933741286094
197.39112890835918
192.15759463840493
188.89402927545004
186.0249007393606
185.32848233868134
183.68570436550863
184.68539809679064
184.80236374939503
185.31251285025695
184.8155198990007
