11
9
a
13.184221210939912
13.261344757973285
12.777871582277202
13.69057400760054
13.535596806808462
12.587048933705969
12.77153127219258
12.469224133562323
11.554906218976914
11.395768772831396
9.239704948361977
9.305323304900618
6.80985160725062
5.181813426549149
3.5929070270074397
0.8325129302174623
0.0
0.6441077880452013
0.45032351689950073
0.0
0.0
3.6995467570220124
9.587603866362471
13.108642734920712
19.361593471263333
24.11950324301487
28.657329412800866
35.829544063276316
41.91739305115979
44.79453899092546
46.35432520983432
47.06080413793376
43.36756099220821
38.64198936725093
30.737808897839336
25.162322242185844
17.23595197321006
12.448974142927552
8.923508191586713
2.558732501681899
0.0
0.13183966085152193
0.0
0.6651947356565036
0.0
0.08208915713187791
0.0
0.47318101496543824
1.615631230506173
3.9528572448350046
3.921085895465927
4.404855932194097
2.68165145349529
3.8507268887747843
4.101908650508975
5.236911012705197
6.991288785802981
9.450435374941346
14.753023389990458
20.216751215389145
25.16246704115818
27.1478850251986
29.57038177458817
31.836923008316056
34.30452238883466
37.6555867261633
39.70764036493532
42.06467414298573
50.385009679834006
60.23023743422182
74.22795047970395
83.91925923720001
98.61406605970144
112.2680509860467
127.82589842742405
150.54852535865112
168.41217456693195
181.26372100003658
184.97566461811147
185.31556922306243
173.95137396384877
156.58509007216563
132.5161688725626
115.74384284767822
95.2233548179803
80.30144893487476
65.96012042766287
44.25331477140712
28.462208897473403
16.54537348415484
13.302607593154695
13.644176641680863
18.658903552025343
26.14862482287619
35.46764364333215
43.42858505933965
52.1575226387754
55.15902643972585
59.28067974521935
65.07762333607837
69.20504067356973
71.93316495598913
72.79331849297209
73.40611738223407
73.07671323984462
70.86232130526386
71.31826615786552
69.05130443646435
67.13246455419666
66.87137336080058
63.86701703778931
58.68801034560479
55.42092278316865
51.599727503318505
49.175826736648794
49.35753467240327
63.45500957287991
83.60523923349683
114.81844796645329
134.99065879261784
160.0524444553505
190.3023282284367
214.8206921215907
246.59750565776199
259.90043362709554
267.0610553042437
270.17451985194293
272.0519446184684
274.42715118251306
277.8544541858849
280.02900440505016
281.85447190976305
285.60047075684383
294.80721394825395
304.63796633198456
319.3653686562077
331.62387864763804
340.4903093061681
343.15434304884513
342.9348749224854
333.4340949713015
318.173413035834
297.28214232367526
281.81610390463567
264.46068616656066
248.19621899197193
235.18633483224576
217.7718570012547
206.2450266928559
200.31322493698687
197.86859372157087
196.30012228073758
193.03936559485624
190.50323340875406
187.34067149732104
185.1280084765561
182.5655002437431
173.27995405325916
167.89127344684425
161.12684716679286
154.5269043970413
150.24250569787125
147.6826512580547
147.34316033247225
145.67217348194853
143.07827204643763
140.07303370463197
138.43268023164723
134.90648611935322
130.3610005372967
124.26137813004235
115.78344441746391
108.39190326229492
103.0477386845685
101.07552359325362
101.08196212723531
109.1528069310592
119.87582169907336
137.15647457948862
148.21406180572927
163.06574065105343
176.2393526497538
188.90115163878772
207.7437166028383
223.67317502938408
236.60777271942726
239.90687625082245
240.47636522246017
227.16541878220255
206.74270450001006
178.2370146292344
158.72244452786688
135.4408228789134
116.45565449993339
98.23421502555952
68.89667970926047
49.20971967788052
32.69225889012944
28.654472947987394
28.802497642024058
35.958788172214845
49.09044176391344
66.8005319593465
80.13335323517181
95.39389709068926
103.67511365234259
112.09779222316448
126.51037471285984
136.51002795139226
144.52452708189864
146.67210829711308
146.5918764334066
140.9403857224256
132.6909897936009
120.35459180564723
111.94469390337993
101.27278156395907
94.26266920091656
83.77769197269225
69.56334992954815
58.0986093273141
49.046527147180306
45.72018558526834
44.81384928793405
61.008872925851875
82.20794713855231
115.49324241417985
139.56877480912974
165.8437561481337
190.03582829004964
212.58373371841458
247.54206692040148
273.0662803981178
292.0983413370884
296.9159762368873
297.02267651675703
288.51008279782013
275.4595549363251
257.05882985844227
242.70625405785466
227.67186849698825
222.82138941361688
217.80884396738696
214.16636581371867
211.27762854165266
204.53727310495037
201.01767384948133
196.1877656768449
185.81396206604074
171.6215253541776
150.61274230202665
134.24330639968665
113.33559056396989
93.1032766912203
73.43747484402425
44.359909201718
20.939781405629937
4.779449541756387
1.9234521333382415
1.898334128324509
4.613311332169703
10.460014010061228
17.941384402501903
24.586083567767222
30.642069221134182
30.9293075224585
29.817867464458185
30.28513346034298
30.23071702352531
29.32571355390174
30.21104977382998
28.857080549891972
30.340664166312983
30.904600402026073
32.54004867180732
33.08545749871701
34.25151475868228
33.040361649576596
35.44695353016608
36.25651692461095
37.69291180505083
38.0997195061656
37.83672839137534
37.9164875211084
37.70538830976166
37.6380912745858
37.85972789681429
37.89881427695498
