2
6
b
11.245625725383329
11.839846614206753
11.727299259008307
10.880780773154491
11.708597307719723
11.374684421572644
12.076152591947439
11.766790324269522
10.941968130514786
9.415272884234007
9.154015365176635
7.65454440511097
5.340644434996092
4.481921368960888
3.5375772794878255
0.5653841504622249
0.0
0.0
0.0
0.040215761601961074
0.0
1.9820028882670941
8.49089189062127
11.375118768570086
16.063220465891376
21.54540862989479
26.264133859266288
30.774582518929872
36.74225950857861
40.46515012193826
40.93169047132762
41.20552212451992
37.61181570028557
33.45932409353281
27.630600544680956
22.400642877321726
15.452315517936595
12.459498014655251
7.486632282913213
2.6455428703689847
0.09161214775563258
0.16222550489966794
0.3723388297418067
0.0
0.42790688759048656
0.30679567427582655
0.7538606120886681
0.0
1.683355555444583
3.139462331486734
3.2588305527397066
3.15492086488153
2.964725687552737
4.124917271469074
2.9568456035338353
3.6073338597533287
6.332440640285873
7.977077751241509
13.241417780212261
16.89069309655595
23.232376450987484
24.400378860384883
26.021690183194554
27.51278763041027
29.663259189966944
32.99596305308823
36.07294387513669
38.59302213099962
44.23348198461895
52.4541237273311
65.28665843721329
75.78024447014053
86.88736001455041
99.95193723777588
112.58721374191256
133.82118339578682
149.29329713119483
160.85888557103019
163.82879249399562
164.1889373809398
154.34206138997197
139.77775863982865
118.39668969161968
102.68341433763828
84.56043799586803
71.32522625524075
58.87113824410019
39.5070856634693
24.031288898535163
15.213623701104732
11.593239275769385
11.450738143009687
16.23013079402012
22.691939249540344
30.793566660179344
38.14962480652086
46.54106991369759
50.33686047965319
53.2060282062071
57.11790409164346
62.14413061192867
64.51330040867035
64.34297121105561
64.80605608627472
64.740497406873
62.950141703399396
63.191728989411516
61.11678488921944
60.511059553442465
58.16505291897226
56.33253279909002
52.169764310487416
49.228846707322035
46.199641302378296
43.97385540912755
43.631354253371065
55.90983802101261
73.2579745805285
101.1960025849421
119.44615674410058
141.16542046122115
168.5312032942527
189.3421431083196
218.9337622619178
230.5424674747408
236.4494795532861
239.31312733045843
241.6698189820265
243.918500263441
246.89672736277421
247.98312694390387
249.67069293437146
252.8378411975523
261.5722986147816
269.1174185249522
282.57050947362677
294.5073613745973
300.4896667292223
303.441861939004
304.30975935401034
295.066357999896
282.352775769048
264.18545273709157
250.1738783049239
234.71049486909396
220.05616488240764
208.8361509863378
193.07733430665843
182.84825185655163
177.28786286242692
176.1806232560366
174.19918686106055
171.09908726833268
169.01188760213822
166.04975583175704
164.69515470996075
160.78982883974058
155.20024588788053
148.78726839834104
141.50423998594002
136.9813199626773
133.06119617351857
131.8680069953349
130.42273808620598
127.80514661495454
126.74222807610168
124.33142171892123
121.99835968108324
119.54497275860842
114.92656711664013
110.00565184254151
102.70930082221294
96.00864464603941
91.21268083350391
90.68272610606914
90.9419848802913
96.88878516586233
106.78942753185409
121.93126725128597
131.51637940044904
144.37981966976244
155.4090964513715
167.01871303707253
185.18587282448036
199.03337602229897
209.1108285799219
212.13489317559294
212.05557527202123
201.26322091118993
183.8694536806087
158.61907611670767
141.32482483210703
119.91260085721697
103.47140211097502
87.05243794527618
62.02714813055972
44.03170814119721
28.87663205627891
25.668008990619057
26.371412544718286
32.91849046728558
44.38440229306705
59.816686196278496
71.62046366223919
84.7547749750954
93.50685486511236
100.02661941816982
111.59908159965912
122.16884770348595
128.90753999746082
129.54822030352994
129.4734177779047
125.39860807644918
117.62068636223968
106.64577836270013
99.54956334487078
89.66296048124482
83.21761329891373
74.47131509880602
61.55854541595459
51.905139478172664
43.387425641466216
40.60772869965677
39.759705569360726
52.838856196356794
74.2534638321838
103.00216878646765
123.49955177439541
146.30258266357362
167.88741072754976
187.5673746574158
218.82166014960578
241.93722021667483
259.3258719871311
263.5151815301065
263.3522889826425
256.26519746166485
244.4945620235835
228.4049681682246
215.18315239685597
201.4973467120688
196.67204188303268
193.39696125525728
189.93228630518348
186.23701687339985
181.21510026708256
177.74571322899263
174.8132649971999
163.59496009327077
151.55205503246577
132.91999521208385
118.79906360532422
100.47542748380879
82.03543046283596
65.50717988341545
37.98850594581852
19.979867735302438
4.3631149812024725
1.2830687574699562
0.27048265430165097
5.185299253293658
9.77427549841168
15.679362286224363
21.833438006101304
27.934357155426078
27.505195688298034
27.397895386443338
27.600477872282525
26.607982129161293
27.651292992374195
26.783313129661778
26.958244130552156
27.87651896933516
28.301372038507235
28.525657875005198
28.436853730230705
30.26810396961208
30.893252683586216
31.610833175929784
30.94622964848066
31.879647416061633
33.03269510570136
32.98278642560048
33.010640641817
33.41041313856331
33.43743093130218
34.167174488308966
34.30693506506854
