6
10
a
108.11112108808457
108.18233146580832
108.6545591474341
107.17840460270286
107.5081809174095
108.0187818106643
108.08566750571303
108.86121193272434
104.30565241285855
100.51601944921028
93.15096314933814
88.69629059239699
82.66010706366089
77.39011072008499
71.48398828566457
63.55743867542101
56.20007778448024
51.832170237108045
50.106111118614756
51.10968509486952
51.16161205418894
53.91437770648234
57.44670854524089
60.7723505418297
62.88902359685828
64.12651747557048
64.93121501436873
64.66981471406584
67.65973880921536
66.9341444661983
67.40464971816482
67.13771811968469
67.38969424110513
67.31726857742318
67.99835406371186
68.21022054474099
67.97504817000427
68.15793862932775
69.32074422309125
70.07197021860844
69.83152381555843
70.58458077372153
70.39464511345675
70.62757439273328
70.35341884401728
70.57469657431447
70.99262142596538
70.43750543734059
70.44729502205455
70.48041112592786
69.79193537313623
69.4103185643335
69.72258839899082
70.50187293652023
69.30728465637081
69.99172781592317
69.87105742325235
69.72598670322493
69.34043896117034
70.24127908738967
70.6013612192723
70.41814531831393
69.08138076974649
69.79034119617374
69.29686607808527
68.40674493093664
68.99122929079714
66.94786170930213
69.75742770311025
71.21874996785803
74.61804527287826
76.26865205116012
78.18441317251079
81.45647458229527
84.17014427245067
88.31562354418162
89.08458771442413
88.60534392384409
88.57270560627651
88.8758509867299
88.57909343436111
89.71029209404307
89.1699355906161
89.24519169382322
88.63034258057839
88.41739275382831
89.49486705424877
88.78060163450198
88.59883141842175
89.82217287157424
89.69979241881273
89.78131686871176
91.97004407631752
92.91763443170076
97.64546682696316
104.84457118656898
113.20602475318246
116.98162828293668
122.27475196889033
129.76774463839104
134.93373078304973
139.25371644964514
140.59200855845597
139.75051975494085
140.11421522651148
137.05615374932177
135.85573702041413
134.84949477338316
132.9840429677865
132.2204681530036
133.26751846580322
133.66488279749814
133.81137527070084
133.9628182736519
134.78431671067287
134.94744085911012
133.00698413913025
131.2902773215055
129.51343610796263
127.59992714549013
125.7887985781378
124.16581326787043
122.94142022988612
119.80544972480138
117.29083825736956
116.42831902232432
116.71875837148988
115.73170161903066
117.12602819992199
117.65843889643418
117.50466270132301
119.02988845590887
118.90659883936132
118.82399992434209
118.93468466667693
118.09973928448805
117.55098013321577
116.99708278666847
117.57985165966313
116.61247610889096
118.16696902047703
121.12384310230618
124.50872843838536
126.28152516900084
129.40231352427273
132.79062382031915
135.3538764917849
138.99742027481028
142.67323154060153
144.63617116999842
145.8507531979286
145.45601050020176
143.95268845140922
141.04012701662228
136.75506306574133
135.1520238235127
131.46844049965347
129.73548423345426
126.2294297557737
124.0103665712895
121.03210711370009
117.89660341272581
116.96815718877212
117.15874079534808
118.73503960689465
121.93723646359813
127.00335506140144
129.0569891424664
132.7698982488395
135.90176444981063
137.75594921307842
138.9971606931957
141.31937110119088
143.15447079166483
144.63163180048033
145.51846451270953
147.99407634843953
149.48555356407778
152.29373994081058
153.82810461734584
155.84283486370347
158.0352932461659
162.1129016277807
166.5031325504993
169.63184823634427
172.03935775005328
172.6314961774247
172.4730660769519
170.9887568806313
171.52179275725555
168.22836858095488
166.32556501638433
165.10515376509466
164.55810221473016
162.52850558974254
159.9188348324213
159.24081026480246
158.12496585925703
158.26507516474928
158.01757491768197
159.42166138136477
160.31769027770042
164.94217948195507
167.89317159957932
170.4957273707821
171.71623954696423
174.20715286631147
177.70114993355907
180.11435941335225
182.0828368378954
182.40060068557014
181.34139283424327
181.92651778094225
180.18606215469177
178.68696529470293
177.65136953609127
177.00346648535918
176.5209585833988
177.09925385912294
176.88018096003495
176.04998600214273
176.21436040966555
175.9353386451269
174.88160751841517
174.7487386432548
173.45610560698182
171.17180442897197
167.95150992032458
164.49216583087122
160.3569698748325
157.62870812404694
153.8185900365951
153.53939442460373
152.3408062452401
152.13868635133215
152.37368579187554
151.15905497749088
150.90822266416336
151.54995482873656
151.0259009185393
149.73251727819544
150.15231255187163
149.08781306913443
148.3881866539829
147.98473935860977
146.41854956560195
146.38472063329337
146.43606904220962
144.69614907163782
145.52045090542583
144.85294876160745
144.3527876259819
143.61677427280776
142.43157740175928
141.61146893026205
140.61007485278228
139.69643413455455
138.09636227667065
139.19713945831145
139.16370169386158
139.28456101365825
139.13822015770253
139.9365917827014
140.0972711502179
140.01982521115698
140.15547630445278
140.79099090816715
140.22049546404557
141.08153475908665
142.3570544463033
142.31483923318422
142.1626629657581
139.78668241280627
138.42512974496816
136.09221966951245
131.96221168504377
129.15744955450987
127.18771326592113
124.13110009125208
121.06683148853158
119.02843528447507
116.24876122216133
115.9315579927784
116.24768753865196
116.3784547985038
116.5979925886888
115.37894016824592
116.51837568403755
