0
3
e
11.125213568547748
11.063602557420417
11.056479904583135
11.403462802795525
11.597445017424473
11.661231453555203
11.114862564293032
11.105224251979989
9.949439321823009
9.55211056638769
8.184420770750942
6.965109564461218
5.433090674321187
4.385673369132636
2.784794911157103
0.0
0.0
0.172171751109276
0.0
0.0
0.705666724959944
3.2927369462452036
8.057055225156647
11.543985213955713
17.083151478016582
21.29704420167207
24.460233165159213
30.16778001393425
34.841889679906075
38.61184779053796
39.911833737811996
40.23941151967209
36.71772189865918
33.387121375152695
26.708669158725993
22.363686380891313
15.501001465198318
10.719805843366837
7.366243516523246
2.2308882351873054
0.0
0.0
0.0
0.0
0.18203285697842592
0.0
0.847591942779358
0.22775861981449075
2.504442342073283
3.833661543019228
4.103718292096382
3.4207714546299997
3.2011664043714347
4.080397006967058
4.500863369071104
3.704565090964599
6.124922697997308
7.476853405871139
12.721953677512202
16.763397770765707
20.965803665482316
23.146457686416742
25.44178233764079
27.02703854087879
29.576062378787185
32.518312632976766
34.358465530833385
36.156553182682565
43.17857204224316
50.59448129705069
62.15299216931555
73.22393435856866
85.26466927550968
97.37329897943353
110.26543898994537
129.63548220310653
145.66510360318497
156.87429094899946
159.4914984887521
159.1169735253977
149.64292145092963
136.09375551158502
114.103293809004
98.9372658526045
81.36204874882982
68.93050357300058
57.21950090848269
38.84339445803127
23.226958595255176
14.416437593325366
10.748942282616012
11.697679065366952
15.481072640957095
22.412953880080124
31.39650958059956
38.215812244787585
44.5620979588085
49.474607160372706
51.50751276017304
56.62845087302908
60.42201129894056
62.1180985403599
63.6529633791352
62.8141659826819
62.08814043790596
61.4159689769223
60.242940242958454
60.29717591712843
59.149641584285256
58.10751162454593
54.36280953986706
50.81844844361599
46.786996080514804
44.13498337033334
43.011040651516645
42.70766120212187
55.49101827545569
72.57736668594191
99.09837475353814
115.11123457878936
137.84104979286212
163.1386606589236
184.28314007461503
211.6802904722109
223.35052344003452
229.90980215525494
232.76286003615786
235.18146519806464
238.40861809813444
239.34658937298877
240.8184161199291
243.80711069480145
246.47575723955137
254.06412554007412
262.8986900047653
275.5054799533787
285.8401773636748
293.1235183155804
294.5899118428086
294.80527100752374
286.7620643982583
273.7001486104424
256.5988287753574
242.78465025066436
227.6971875800827
213.0429767346384
202.73687825145802
186.82931958240272
176.7564515679826
172.90467015853713
170.90039935408979
169.24381715445514
167.38087889839258
164.24031612341346
162.0529024147697
159.6023136258478
156.0255894828329
149.4623749709749
145.36287570019692
138.53651840796476
132.5425283460536
128.99562988397312
128.32853177547997
126.84565068286562
124.29290798187435
122.92358760827469
120.47630135996341
120.03345113299336
116.31376620009294
112.39355486162208
108.016422429483
99.57474211249404
94.30447719060166
89.66534730970045
87.44408444903851
86.56345994185655
94.45557568975018
101.97342019788137
118.12731207677118
128.79963205835708
140.7887246751377
151.90784847127932
162.69404989107454
179.98249944948
193.28266358981963
203.92845036629382
206.32784470162588
206.07531051344628
195.30573028535633
178.2530355467849
155.37100312648562
136.95144453571652
116.5739404557901
100.08347170692598
84.60717009140666
60.55142683142786
41.59617924337294
27.49618810762779
25.33039412828544
24.74080681225783
32.79183839373033
42.266864224516965
57.47543444245516
69.27229184736345
82.26972291257093
89.19091563884278
96.87332721845033
109.12146821637427
117.30161465900484
125.11128759853446
126.44093563677819
126.3462465900048
121.5900606783312
113.42894854444454
103.23229781974061
95.73958403027395
87.83480805146232
80.06035111872787
72.48880674295371
60.533652974564596
50.04087481649448
41.95192501328657
40.16353020531831
38.765982135691225
51.886011295295674
71.0043886734635
99.65792456520576
119.51990156773243
143.61738298339282
163.82434023468886
183.07163984637862
213.3165492873671
236.0050914738966
252.13079950863937
256.2585685799113
255.6184479182146
248.04256895887653
237.39810702052685
221.64924620848294
209.47285413950803
196.0281910359098
191.4431438109155
188.56875347630458
185.08061622971118
181.85852387814933
175.54737493026488
173.7449927398406
169.60242803251867
158.3561814828575
147.00205302107668
128.97408742337296
114.373186905
97.76007598851285
80.02547965069749
63.28356872754181
36.33525564229192
18.51087000955384
4.766207215398335
0.9620326438126741
0.4940338280181783
4.289475963190628
10.327555074905005
14.496751460194389
20.24290931937694
26.674068744238383
26.553087080640555
26.83493445295852
26.185169296375914
26.406927663456095
26.484327670759377
25.159746162128535
25.970952177974084
26.157618796650574
26.807521722893046
28.006680491432803
27.74700293549921
28.435877374235876
29.66847200654376
30.67903312640786
31.636559971187424
31.408695133758307
32.01766214089516
32.25678240130458
32.489657440529946
32.66250497297257
31.655466915799387
31.977051619220134
32.24032746577885
