8
4
e
90.90617640340507
90.84505594193651
91.0176886833164
91.92715707447269
91.1962202691681
90.81901384176253
91.52761774568731
91.05779486082703
87.91383646872077
83.08517573321372
76.14936687059483
72.41952480405499
67.42132910460717
61.79064307273545
57.1526002101508
48.33074102653104
43.40959308436684
38.39738397625457
38.334087320621194
37.770481040451166
38.35728319843779
40.91145544631632
42.860442853713245
45.65676788680778
47.66060328477641
47.78936588147099
48.464282425178226
47.646094422392714
48.12550189292951
48.75110142783931
49.17015280682585
48.69807310309575
49.811203875320636
49.94076418037105
50.83006903062835
51.0683177590329
51.149143809623766
52.41585717693743
53.77258804745833
54.64496184525846
55.297827580743984
55.084205935989694
56.58074955457564
56.431283149848106
55.94161543733381
55.682008428050004
55.18287784400814
53.389901875473804
53.02014033327626
52.92978772363803
52.675560657604336
52.938327641914164
52.46284778026644
53.16468690929287
51.65948706012558
51.70034159680832
50.486740020713036
51.59088759302283
49.85540977666278
50.94130236045707
50.059067542180834
48.96666066324588
49.348664727173485
48.58404079841996
46.85017910420382
45.08325669822704
44.833007932066884
45.28926305581896
47.34447855864856
50.93543341652904
56.084839644838404
59.465821042575406
64.149238952002
68.15686643032402
70.23432006524739
73.87821681996704
75.80726780388447
78.90003752237264
80.89097635337586
82.53111336057968
84.65809806701766
88.56100042599493
93.09639932933068
95.89314121082987
100.58895274736658
106.66830165673883
111.0696978143241
118.31130824966218
125.63235952153524
129.32191795252245
129.8257739880199
129.59981084691603
128.3439708250263
126.10847160063655
124.75291377649181
123.01110141846983
120.47354416682892
120.202873730969
120.70280175241663
120.59445289097114
121.09257105209922
120.01920987410251
119.75576787292613
118.88582567206926
118.38203622531447
117.15349417636673
112.9552263611525
108.9130338546875
102.14114484942523
98.73871436761257
94.54368472036988
87.93974985436141
82.87975567823588
79.1115422918033
78.8057489805898
78.88079481571906
80.64412535119767
81.8546352486969
84.28305596789596
86.50239652568904
88.76231238436287
88.95358198984178
90.03204452559343
90.49947647766176
91.37447854991353
91.77780575594177
92.37517814127531
92.2461034478898
92.15219413212203
92.47850836701602
92.34015087461782
93.21072695424016
92.06393654328109
94.14203652249131
94.35666771618692
92.85758764768454
93.16262432013514
93.42432433393606
93.17152462432661
94.31879783789896
95.21182114916009
96.08293519119704
97.46786968437289
100.92241519411263
103.95062459126812
105.66997786322378
108.17846829550679
111.57001246363804
112.92374326847002
115.79102603747606
116.51018363678715
116.92440044663603
115.85789612773658
114.50556633525736
113.8606492550355
114.25159304179108
113.71140422751806
112.58618223230245
111.39134780259462
112.46765292229
110.31908452627016
109.7126695374708
109.53512601049228
110.70774500491835
111.96522733338323
115.20813446297574
120.65729441191783
122.95944922902191
126.44788111056415
128.61737667806392
133.68766541682032
138.45496234447094
141.5815373548597
145.49680754795568
145.6016788432662
144.6629105055136
145.4192488316479
143.88515503974824
141.6727388008825
140.88759726296172
139.07152961686583
139.10069518782728
137.3928555654509
137.12125189097748
137.9292550263455
137.43052708097017
137.38940329051812
137.01453721053522
136.77104821426343
136.40138931510083
135.0335314953101
135.42545030589386
133.98740091064616
133.96134450884855
132.51654083425834
132.18309335194476
132.89136618575188
132.42985017999314
131.58590154775428
131.0312863099729
129.78481589566022
128.27146454828062
126.68937786041296
125.82392497027433
123.2124708504599
122.17324796893104
119.03155523257918
116.47395557230206
112.44282299778905
111.01372642802413
109.93015463752089
110.41431279460954
113.39868146731676
116.35968592395405
123.09606745794683
124.85007989295838
130.97944086030404
132.79037282416033
136.77663203530764
142.60059739052858
146.55508992830048
150.11703898460715
149.51275886900152
149.9335405639685
148.45447462718408
144.85107613097523
141.3461316944215
137.621428517123
134.024723321422
132.94233351526154
129.8613072657754
128.68465359585832
126.20905933134945
124.06937172393326
123.46925229595388
122.74599247973079
121.80901938797085
121.73080688887133
120.2933317779298
119.91354551017692
117.14878990167192
116.25628463722244
113.78774593763666
111.88026444539591
109.3135742222743
108.94870990800997
108.43469135060121
108.50014791532422
107.19028526994593
106.59785355873909
105.71689068240151
105.46893282072973
105.4296360118761
104.34299394150946
102.90114165808846
100.77959099025222
98.90516511813779
97.19961028424227
97.53320544458043
97.54636389129848
99.0057049664556
101.83633742025907
104.76317870516043
107.54184209847544
109.76867281391642
112.14571801715124
114.41406805645916
118.62317815058132
121.74876002400329
124.04084451653547
124.84997323931363
124.5134336078141
122.56957330668862
119.54983899398366
114.32278191268084
110.38275233277375
107.14009962848007
104.03983958907602
100.9297751338159
96.95881151256343
94.355770521605
92.35469544430354
92.21421078649003
91.54556021230232
92.0562838817087
91.80285371052764
92.05880226822343
91.10926655473735
