4
5
b
112.5282851298306
111.6321226016285
111.82355751947092
112.18098008064338
111.58245599180502
111.61235727389976
111.77268375938188
111.73777147849316
109.03284506785361
108.03367991163626
102.81161158020942
101.08519696528673
96.82457207991183
92.84455108584676
89.44445342743134
85.54897814697935
82.76309860543599
81.23839203304635
82.41697166782026
81.49261324136185
81.47321460299854
80.21625495970156
79.23936124677786
78.9880746022609
78.07380999741437
77.12015672541321
76.10024634448907
74.39023663597514
72.81061721195084
72.80959291591019
72.02687577469901
70.86462466454734
70.31747330619427
68.81810129614055
68.86675592096263
68.41296689940222
67.70611464786357
65.5199102256748
64.61224776727374
62.141695668334
60.02269653641901
58.549888107634914
58.18259447268
58.23773422463031
58.304709701340514
59.988501146852585
60.354150765627274
61.32106822369132
62.55687043189801
61.94158457462523
63.21300217865718
62.74957534702493
63.64514612547889
63.87497068066818
63.932569791701646
63.7025779635713
65.11390383342655
65.24906350285771
65.93598645659952
65.49049355817561
67.12272268592383
66.57277216785525
67.5937974731176
68.14745222986278
68.9353577363952
69.3732549328535
69.80427354007037
69.76371182959443
70.86017577167618
71.451658769214
74.27423741756505
73.95834470427977
74.82195673674237
76.42376783148633
76.92915793007263
78.07651098278642
79.4470520287762
80.13020943160159
81.30496135908396
81.7056441187806
82.67114467577981
84.39832598068517
86.49990984517589
89.46950797631428
92.34971606269974
93.82707846392645
95.27052181680577
98.05734580644241
99.26926186203916
101.23453576257555
103.08378685352763
103.89840287846185
105.78654643441776
107.63578291463975
109.16235396655426
110.9266206709947
113.34246832011947
115.71494675723179
118.39408933614199
122.09279176351646
123.85967090989146
125.91276382766266
126.12125023776971
127.68595890644893
129.09197355527797
130.36457288582565
130.27001585952186
132.03307670624721
133.24770616383026
135.6059797317809
138.04897356446014
141.26397396456622
142.65930693453424
143.36484287477663
142.76112987338396
144.56721846164027
144.9221115621012
144.69561596701706
144.05984154411246
144.77627092987905
145.05187460959914
145.17718820209313
146.4838719934508
146.54096635400833
147.73637128732202
149.09036332303202
149.45834258349507
149.38964167904462
149.03209970388644
148.83693351088658
147.80804087433302
146.78622115651976
146.80245594827454
145.0071855842084
145.11879694027343
144.482057716793
143.46601251246858
143.54634506268908
143.59191718641108
143.3003162941079
144.03635204791644
145.26908856416574
147.43662244831106
148.14881250361682
148.30540178626535
149.73032746696953
150.54889632191936
152.81996511113138
154.09451975212897
155.35097515250987
155.28637063864048
155.06035280141026
155.49976820845953
154.8812925352869
154.47662132902855
154.2552481595401
154.1520324664099
152.9630692464054
153.0233602076731
154.07250609888152
154.1452141732899
154.23511819203813
154.32906219856037
154.15242953639415
153.53625763650928
153.12088947000794
152.91414261138667
151.93088359775282
152.9157301623539
151.60487210892913
151.0154442055178
151.4693239977623
151.36417384709497
152.0408794199007
150.40196529964837
151.048857354661
149.98289211889866
149.65455154449648
149.33841570962701
148.4193626321563
148.973646388307
147.18404041732538
146.4071446698226
146.2154313957231
143.23077932466867
144.52647955105292
144.58276816894485
143.9329372354831
143.7606176245592
144.87950185928182
143.82959968694217
143.8588408833538
143.9897838326505
143.3069598199869
142.81878839604047
142.37139595341378
143.04438504923945
142.20941574336905
142.647499808196
141.56633948905713
141.0924797573656
141.20901946498782
141.61106850378647
140.65383136878012
140.87144714363126
140.65777065431098
140.15632390592415
138.15129471387
139.54975936927238
138.12373137232112
138.33142019307866
138.3282266693888
138.38523300873894
138.61026496900286
139.52249945969783
140.80775891850362
139.84925005738907
140.41077593437305
140.97095570575286
141.94267186551443
141.7612648757989
142.1063557026213
143.10558039263626
143.22739471592624
143.2352851313586
143.0468038785878
142.27327867587647
141.6641230892223
142.10584709174898
142.19795049257158
141.9700169743112
141.87516342429893
141.77714422583256
141.15332203577435
140.94599150204021
140.94788211407712
142.18363279958032
143.31200084869954
144.34714646023122
145.544240089253
148.642624254511
150.10352605705825
151.04004920528575
153.40873325999837
155.24333092590288
155.01352835905843
153.63581715933736
154.58817253880883
155.1258578823514
154.44589098127574
155.55108137159326
154.69725909089556
155.101774879455
156.35976657619113
156.4640263837076
157.01735697412855
157.4543338406718
156.8493828785426
157.64681654796962
157.31476103847913
156.27590839386895
156.66434784425306
155.60014273597758
154.79959890341036
153.31412372957303
152.8938760184391
153.12115515872506
153.58938342948778
151.86161211067216
151.9437955848007
151.6762030440639
151.13241276130645
149.325960675206
147.35890472088232
145.5426937475865
144.6026675144811
141.7062431453186
140.11175173522332
138.92671866510594
135.7260583171687
133.53879676417424
131.59237212765342
130.62963643675465
131.4330282267073
131.3569801741471
131.83114496519548
131.13452664499
131.7645839879895
