4
1
d
6.266410123849671
6.278153272541054
6.434675022269582
6.111526016622611
6.538534387614981
6.942376437055608
7.124517724685253
6.095168134857549
6.355893169903192
6.5321588257364676
4.530095723814301
4.245078680520803
3.5325588147575675
2.22616878294267
0.9663772852970302
0.7940547836000429
0.0
0.0
0.49214158245743533
0.0
0.6044042243779816
1.621802686621864
4.8071571019969825
6.5752482731508035
10.234611281580483
13.562532560434763
15.743589624797838
19.344417283179382
20.76183676396041
24.337279566584183
24.64002868416973
24.03875831918071
22.28032892197339
19.247492676731824
15.992101565553885
13.532214433464771
10.068671093780313
6.669815499295592
4.757119061542868
0.8641958733472261
0.4475553787091528
0.0
0.0
0.10265468235665934
0.1153831317376289
0.2223566583700753
0.61544389814411
0.4861225744063742
1.0199258353246945
1.4376600436319555
1.4533425712926682
1.3001610654409008
1.5926687434407105
2.1066397266236994
2.2723266119874017
2.049273091797801
3.7438908694406994
3.9721005399144813
7.885291586406085
9.591161044836445
12.947556764728358
14.564962002922828
16.21714924508828
15.768111824919384
17.870325941706003
19.05542960605291
21.057561931794893
22.991550273187137
26.259154504358506
30.077102045675304
38.2095486143724
44.173637560273605
51.40264479850896
59.09897802566356
66.38622356050806
78.86890012089937
87.37372059604756
94.37970143322677
96.85070383441321
96.31155736552896
90.65374337765026
81.14059858898143
70.03905866837941
60.07544017826865
49.55275525759148
41.22921613235899
34.02910202785052
22.368294680763924
14.642487763486642
9.054403797119397
6.781062900507884
6.406811009904948
9.639264255862864
13.125790138270673
18.289153387654746
22.574714948910444
26.862475825528136
28.626378375595888
30.98076376815388
34.041090329138974
34.945241148249245
38.80212769293098
37.52309781016024
38.2674062212704
37.585619091507226
37.733195262630744
36.16113185129157
34.718265954270564
35.63186673992516
34.718408782644815
33.691520650922925
30.998438195818682
28.58582454332348
26.337589372293788
25.507164835340344
25.939376569569692
33.70412142420326
43.762169786762165
59.01988973421752
70.10307693150827
83.9370933593104
99.1409689105769
112.02714063334206
128.44354849459236
135.03764585848063
139.33039408394504
141.0464352882868
141.59564814208667
143.22673407584796
144.6566285619323
145.98930441401114
147.10875014683614
148.56896636867486
153.8393631212712
158.14140468522146
167.29239082467222
172.53719095335586
176.46261227692747
178.0265926274777
178.2866301915075
173.3707056178493
165.13874956380312
154.92333556185199
146.91027583836066
138.15559626665316
129.13957064690393
122.18539543003165
113.59125533454647
107.19037161382357
104.4205363653252
103.56426151119447
102.62370226370325
100.08896224891161
99.43774171854051
97.41824487609283
96.10027217388745
93.70337719708897
90.82282265864046
86.99576492909237
83.185193259248
80.95791111563547
77.5247105822155
76.64516787629513
76.23299795835344
75.30801454931942
75.01462327328379
74.31247185006085
71.43466530998016
69.87659586833652
66.44712522349396
64.79109776771928
60.35610423870888
56.079595470999486
53.98128767614518
53.237631518330225
52.36449285238957
56.20306654604382
61.81082291804779
70.37392213495657
76.96173744435546
85.06235987206627
91.32282129279787
97.94721134473616
108.78476673256452
117.00104369212077
122.84161750655576
124.57539533405712
124.939974690199
119.03973357675318
108.45683050543508
93.45075765529367
82.64633625127519
70.54738169665593
60.454488167103705
50.68359139758153
37.572539384956556
25.377242768543606
16.67494683023265
15.806642409993222
15.334794000482448
20.115843637435216
25.1083472795058
35.0536532930017
42.26282511699259
49.67338122098594
53.788986306647715
58.656373682023826
66.05120565124798
71.18225460586824
75.63149115574815
76.91041828321268
75.38783014550366
73.00132165936141
68.70341744450619
61.553797817426464
57.65701281167807
53.12865872558263
48.876667723276384
43.73859924670384
36.16009530706389
30.135851787676756
25.104285724502752
23.580595837925667
23.943897521828557
31.88412543902519
42.89659258903746
60.00318510533753
72.5666530978762
86.17100324297323
99.46007361979731
109.3914012242266
128.39133024248667
142.10360671749035
152.067843195036
154.84196404512193
154.4402113147282
149.38281899307952
143.52692087853433
135.0793558288285
126.04392602796041
118.19137255281272
115.55637210395507
112.84262506819002
111.82910203163269
109.41282211164106
107.10094429482979
104.00112842181143
101.86671920249279
96.6594033478016
88.14487142615408
77.63617860049615
69.18814949136002
58.9790532221206
48.07150853970829
37.464797964661756
22.872630801808207
12.355206555160606
3.4515665356322227
1.4909508735476438
0.3843753390010644
2.880994348003984
5.960328123850716
8.114014999937215
12.671176569891271
14.727524482906029
14.918297349842257
14.512518251777035
16.42654348618768
16.01594435424821
15.205863762272816
15.912616477684816
15.872945311664628
16.016298581250165
16.450130764951947
17.60373763635713
16.571914663798058
16.741460493386217
17.847183873953814
17.822099430917234
18.242018532682096
19.319937026330486
20.216195893668548
19.303877163166575
19.604990494960088
19.65373883629701
19.70445935995711
19.40414738845119
19.98419404653172
