11
3
c
262.2547742304508
261.8290067792599
262.0000408958415
262.45844607571195
262.84553896592075
261.52878274735275
262.33911842873385
261.0576031609265
257.2380528083052
251.7032699954786
241.56996492183052
235.96372846803365
228.4232348695115
217.66169978573075
210.95930317201277
200.26282996109833
194.8272319066319
193.20430213039901
190.858032113757
189.30944316344906
189.46521421625656
186.95948419085587
185.55819855888024
184.75060127835556
183.46561417341755
180.3174988529424
178.11042679736275
175.02822270657498
172.2172258332751
168.67484069011022
168.60390171236452
167.73847065511723
164.42175613088932
163.80597520133762
160.1235074302783
158.26911536122128
156.66862441264595
152.68963410131295
149.64758416557788
144.12596920254154
140.71034815533926
137.85342682773722
137.92854646374718
137.14969682808766
137.87844230367867
139.90993348314544
142.58465914308132
144.25639062284085
146.43443431117214
146.2027743175138
148.32079055310322
148.35727972441475
150.18609321299604
148.50338392400957
149.1665630371662
149.83215884875867
151.4130904571158
152.00280431638868
153.3822014576179
154.85512948118537
156.944192910055
157.622700513368
159.35285890564907
160.11893509814047
161.83217148380405
162.22636202467646
163.3162572571136
164.32859528617152
165.20785193928958
168.12832723931066
170.5282516511215
172.86165283265143
176.93520599555413
178.3720039951231
181.12758386052982
182.86110781534683
185.56787019202113
189.7213700547507
190.32960520351244
191.7887316964635
196.2104258922317
199.66557308374382
205.2248539191808
208.6306264595815
213.62706722861495
220.68005590449263
224.188687187613
228.57670891466324
232.87824053903998
238.72208736016907
240.77638847980157
243.70736673625933
247.6233844702681
251.33246688946684
256.03204602759064
259.94589169042194
264.9261778828138
272.91488716578596
278.04500649575874
284.29661323443787
290.307592078312
295.8021693225598
296.96389522095365
298.98020774087064
300.94340392585235
303.92546548221577
306.0623285189492
308.8368616147738
313.3293507133443
319.21658050302045
324.72161518669606
333.12965923785225
334.9387943378193
337.00208856100085
336.0949896495068
336.98920715297834
338.8112978078925
339.272647733795
339.3234047063278
339.53499619250687
340.1390931373112
342.1772585163063
342.1611824040685
346.51038845643643
347.95301072235094
349.9367223069196
349.4758142315388
349.1909037125855
349.2563501082098
348.8509364832606
347.93231963332084
345.1872984480844
343.0145168099552
342.1221587802215
341.6654693008982
339.1494284697807
338.08952286215975
338.5876652947878
336.9929433615865
336.73083189395015
339.5230352228891
340.7570880417065
343.4638405717715
346.9501272150298
349.57810905735505
352.86149252689495
355.43552629104806
358.8163147091098
360.90446602643317
362.9238098764752
364.2642080156418
364.1305689048301
363.8436046208572
362.70425937053596
362.76837850127293
360.7267701827541
360.38651371119505
359.82417646595235
360.87821576734177
360.89633467868265
360.53105443199183
361.97443180268004
361.1037611975575
362.2429657581348
360.3022824654945
359.72506665635564
358.9522418626623
357.5118500199788
356.3986183078837
357.252155866792
356.70092470477454
355.87278406485046
355.6488236702041
354.84277574247915
353.7800710176215
353.0712105074244
352.6168140467221
352.50621077878543
350.13896503342363
348.3325064959554
346.7827450580353
344.1574351014474
343.9197197108714
341.4157837261825
339.89190982383167
339.63738591360357
338.58216621394314
338.7599749310455
338.38214266049965
337.5249477710114
336.4818970675763
336.8131693876383
336.8858960473099
336.285699882874
335.577159819338
334.23470640022015
333.7681968291098
333.0982932355105
333.21004095186623
332.2571183385626
332.33633789310335
331.7101963555922
331.37369351087295
330.88698148728423
329.0843895727056
329.08602134490064
327.9747684768057
327.20586599139153
325.2400352628175
325.0853246026643
324.94311310483175
323.66247450388494
325.2752030997338
326.64842689603864
328.3659383298382
327.91974286012766
328.78392716323526
331.25814357900464
331.88335520546104
333.0044018232669
333.61606740274243
334.6905872506063
334.56981661448276
334.68283626846625
334.00114888534176
333.6985717139901
333.21847707111453
333.3128307347394
333.58942775629436
332.544966398251
332.61209354037175
331.48535806672635
331.7621365146912
330.5425629785495
330.2398895458661
330.04569904446794
333.66195366982237
335.8264314019069
339.67679151370567
343.23030029215477
346.82966649064355
352.11053724236945
355.8717120651898
361.14943049836853
361.2236428655469
361.9717543813755
363.2331730357392
363.078829324704
362.84963225667764
363.71445329100175
363.37842366532584
363.4005869539342
363.39642889095603
364.32653892717855
365.2297222626076
367.2898434226171
368.04023552167416
369.30503339296246
370.53996032807186
370.0880368135006
368.4060963191478
366.7484069677387
364.29288721464167
363.1711198806299
360.4559658527476
359.37781308367124
359.0928589930312
356.7068621931198
356.3275965096259
355.74459181170425
355.2478428813559
354.07199330365853
350.99677114765893
348.5883366477181
342.68516387986654
338.9442471862157
332.8545322532759
327.25193212389865
322.89602756465536
316.56339437216866
311.52895452816136
308.2319118016409
308.14085297259396
307.5076569380365
308.0420947941455
306.9481581786997
307.0911335840845
308.57258771495674
