11
3
c
154.1951067824818
153.71801067435482
154.20865337306665
154.3417574564652
154.08750604058295
153.94418304257914
154.12122759168645
153.38469307975427
151.93237567908395
147.97147282964832
142.09308650270037
139.08584539386703
135.05486542207075
127.82389764702855
122.86075159305805
117.77626079883707
114.83329327740081
113.3667735834439
113.50389618881137
111.60739244008164
111.11500056552862
111.02181351357736
109.85570781566213
109.47471582029533
108.39012689619167
106.26940432951547
105.2347004768344
102.88481453794212
101.01099728570257
100.16765817548172
98.67862710311438
97.99649126863825
96.88065921343129
95.79468862694006
93.80000874146864
93.56594957057231
92.09382580397933
89.50531710926612
88.11545627020689
85.59206761558261
82.58511767886372
80.89116060289794
80.89943784317796
80.67863409017559
81.49425304818969
81.92941197515276
83.17291362811396
85.12968840417254
86.2303957688157
86.97005013061826
86.94603962227873
87.2365286882069
86.92155437605895
87.2317093475095
87.22690466378272
87.92299105331217
88.75772647889237
89.05213456977692
91.82709532373576
90.9312922328157
92.28403382245669
92.97498191010324
93.35129936033016
94.91574421273779
95.95326536035914
95.78984539181666
94.88375747383597
95.93648815064427
97.69079804070115
98.67520766804174
100.95290571882286
102.1157550446534
104.6190782425412
105.13409669209025
106.56705522941252
108.43629702700333
109.30715059214342
111.99339459120074
110.80411985038802
112.73572998239862
115.0893220429303
117.02084928250538
120.60127958971931
123.14954803579387
125.62507416994738
129.62705584499122
131.7463614885045
135.32311998080732
137.13078734534628
139.97880215521698
141.60141856089254
142.10109852291643
145.35567208632733
147.78751112395173
150.29139426804468
152.59520276660524
156.85589588510422
160.14884533827245
163.47059289556
167.48366424825664
170.9907164805792
174.10560643585495
174.64953381246565
175.78193350624767
177.90588179320923
178.60140931639285
180.19083874527604
182.16192770102785
184.9987167114667
187.38249748294476
191.42737567839785
196.26304423101448
196.98904206922288
198.8102308581875
199.17230661368816
198.4017314282636
199.0480534578957
199.78892173594505
199.97120728758023
200.47470345976404
199.49584779941222
200.15114361896096
202.1692336549295
203.80697460233029
205.20666730426655
205.53493210404878
205.51764280283697
205.83352792610128
204.89461222615301
205.1148721613659
203.62115217971345
202.5250501866335
201.4252028230518
201.55307986033068
200.59577418678438
199.68622592337707
198.98121343355095
198.2375605848459
198.37362101187608
198.0397209626812
199.0198616076971
200.18807939064556
202.76496292971248
203.57108710623385
205.71171682637694
208.17572418533737
208.5564161125801
211.1086931184243
212.23832169863823
213.39162384016672
214.022572049521
214.95532600194466
213.86028686961245
212.73005064851986
213.4322349969577
211.91673558135136
211.6913847773011
211.31420800746372
212.55738529035577
212.51613526101167
212.16944189617683
212.5096677884016
212.96736251944563
212.05589969350154
211.37216973396085
211.5071147415492
210.9600374621312
210.28256723900012
208.2610705333294
209.9716943303077
209.60393222462278
208.78557905720749
209.25888547045122
208.39410420076837
208.14365384521287
207.4144238733808
207.47209288979013
205.90951225143226
205.61950919553718
204.37630538770634
203.97840471178557
202.77409479917668
202.12652103676623
201.21025581114125
199.57292670694736
199.07457714457252
199.63931100422298
198.8679381557637
198.9799073392492
198.42815152131269
198.9109098497639
197.75387132635132
198.00073384375892
197.95125741009838
197.04568505409543
197.17644874445762
196.28749908634254
196.08716074667038
195.70979541734656
195.80264298027222
195.5931496301587
194.66063793969968
194.6782535984055
194.723157775132
193.7195550305588
193.14260203928131
193.08842306924268
191.3737617590446
191.87785200256843
190.41192879293533
191.75585010324494
191.19884361770474
191.23323868510928
191.90045577482425
191.9767793185652
194.13789699524386
193.47688096418264
194.62834537884797
195.7896154774692
195.90346134251683
196.56325225715165
197.08589543415943
196.81829567332437
196.9915246295383
196.96974037580662
196.17290666105018
197.40489519739262
197.51295762973263
195.04621547028597
196.96101823895225
195.15349623916535
194.58068765010572
195.42946614391488
194.9267307080849
194.1455527281204
194.16367329057147
193.99077035803725
197.77351803500977
199.84057813279006
201.84310595517593
204.16417938208917
206.27446713869088
208.89488931122543
212.58259410418842
212.00634501089948
213.9879934836081
213.09486513102766
213.94005772305758
214.28163039539433
212.54714927911124
214.90326155669453
213.76497653572218
214.496904158384
215.2749339312951
214.85077135198185
216.83417780347727
216.45808669014403
217.2925059680507
217.57783549017404
216.52618093944628
216.83482873962194
216.51124086574865
213.87433724406833
212.87421500169043
212.3775737583399
212.09646458146784
210.51854361605922
210.72145090313518
209.70801058217012
208.83705117886092
209.07774076765395
207.70534179909288
206.89541020206912
204.150289723391
200.29874247835892
198.86964662613616
196.29810770343644
193.15530874998345
190.86865066365374
186.01993179415027
183.56328817926098
182.07271807861983
181.3827011837598
180.6654481868411
181.00012954223456
180.82177299509968
181.4050802857764
182.17781013934692
