2
8
c
50.732189408015
50.945796518666434
50.64878689483429
50.360419282212945
50.55070521106254
50.9029025523147
51.01732218751034
50.524771812449664
49.999382378179405
49.30038110150217
49.32874010382443
46.7658382493108
47.11662969305709
46.779144953971915
46.10449748908445
44.76019452390441
43.435275426149204
43.5556009247952
43.57347171629708
42.73957277564516
43.95126362787565
44.40226351306745
45.92386766022535
46.62339961991887
47.817474855775174
49.21161209589482
49.193319311565894
51.01380432163435
51.661868627958604
53.18351155561237
53.753940979665586
54.031065015472045
52.65342465895593
49.342847426049225
43.17024397590521
41.02284864816394
36.67863850658229
33.208659695213015
29.341268737201375
24.13726394192457
20.195789251120868
17.364869599405324
16.03582796173344
16.127024112108497
17.973887499465906
18.997361336617427
22.523627147160262
24.792602674460134
29.12016099021385
28.141283756773085
29.123780753897524
28.64658616659734
29.600400038861657
30.947398018540678
31.78262259868918
32.990924844548545
35.59868923408684
38.75909212430548
49.36107691904612
56.46517045670221
66.56953048586576
75.29799068013968
83.72384821808157
95.418228642783
104.66353867058277
111.83417891384828
112.44899043964453
112.89660702429316
111.29403504693846
109.56875957577759
105.67979714503534
103.53734165764497
100.45935299221483
100.55723647244884
99.46750456741236
99.03255381975626
98.309853183904
97.09900951518979
96.5058352581572
96.78582431696586
99.54380464723246
104.73692264013052
111.96130036205078
116.34072052076796
123.47571272864428
128.7963893437795
133.11739603387662
138.51870890345728
143.71154955913875
147.53705818183505
149.2470846663364
150.47000154558663
153.0920395072176
156.5086408865909
159.19484753888358
162.24977349098236
165.8360809234584
170.41248310347996
176.71292349432343
184.43695629750752
191.6425065153155
195.42751931024392
197.51871515066136
197.2299111845113
192.61961873505277
184.62512885317722
173.94314964160074
165.6340491220363
155.99747092198675
149.66614010450203
142.08515223008604
131.10077387237766
122.45641569977536
115.58283111583025
113.85490704723455
113.52965527432559
118.95459673747163
126.62672046291236
136.86601785208123
144.65630862601662
154.48972205120262
160.7155035407111
166.76338138682894
175.07881599866667
181.82929111528279
186.96949409371024
188.1200414040737
187.94495112059226
186.95385053524095
184.7756366782878
182.1619305617844
180.7727954607927
179.52274908511734
178.5261209328342
178.4951886610737
179.36569986324247
180.08389693454876
179.5854039758001
180.53423415873965
179.27932249976075
180.29169553357283
179.19202648023884
176.31612354390705
175.75425167070748
173.65901514425462
171.84018356704948
169.6024816908596
166.3655069153772
161.66335706101574
161.0876751238865
159.42528974112366
159.05256156509262
164.20583289023216
172.0994658424526
183.7945903799448
191.7424131364615
202.94137495707668
211.24075855865672
219.6371904911849
233.64928742434552
245.05540726588967
251.45531022356016
253.63141308636426
254.49083904532162
247.84162817137192
236.84812832841865
221.81814264094268
211.80425479447686
198.71401703161337
190.03377653454322
180.9621878070826
167.62330225239128
157.17962831462378
150.05957595426003
147.69453642014426
147.9404559108949
149.98154728422966
154.48598521502473
161.1550921023601
165.65165269603833
170.64928090289104
172.607404711748
174.65795947786617
178.63869241639523
181.41366750301782
183.6222547186917
184.24989177982516
183.6214126138566
181.64386921793104
180.09278818496966
175.67658309808067
173.58160186696063
171.00340242996077
168.6098720710009
164.28302316427786
158.47737013829698
153.28938728451357
148.90228490423144
148.1991225421477
147.1828675675141
157.08590250257936
171.59566669389824
191.94227160649538
207.30662939788428
223.60329322669014
239.61076905355392
256.1024221721317
281.8512167588291
300.88619473681956
316.66729072855037
319.53261287029943
319.0489222282814
308.2578880576273
289.4989798359629
262.6891202657977
243.17586062148655
221.887401086209
204.15107785007802
186.9979824180779
161.26151364180947
141.92414546742393
126.58676768571907
122.81456700493793
122.53802750645254
133.86610744388366
151.01952618088666
176.1391691789082
195.2666986167469
216.1712098568577
230.37866404235706
245.8723347489172
269.62946250220494
287.1338936484052
301.33286122151054
304.486074590686
304.5520371865835
295.228000500107
280.63311712565843
260.433332802982
244.32021083711234
227.37156194582556
213.5068090746097
203.86758849250944
191.60473106587932
181.301086058799
172.9533731987896
170.7906854952348
168.18622329450866
163.91768129275113
158.9789284760379
154.78663628522438
150.48721403690567
146.53552545923537
137.5515917118097
127.96181742387974
114.75268116072125
105.15040624812058
97.76464822087375
95.6397464762934
96.32780948883568
100.2354135251712
106.97811777214697
117.47966638207852
123.35969069323365
131.97165563661417
137.06895735734423
142.55234378156936
149.4874508469927
155.85121041722087
160.49511338527327
162.19324153900644
161.4497257963808
157.7327918551311
152.25303907343158
146.0312861198267
140.77511417620383
134.85262257717147
130.10217462782876
126.59885502278722
121.19506317741357
116.95356928990748
113.97165611067064
112.79810114813151
113.78183936283936
113.54568955982313
113.44997862593853
112.58196319171377
113.87547232244572
