9
2
a
60.643585617392745
61.056300626070126
60.799970533278135
60.58807495228182
61.439490916763276
60.612509049251535
61.529978095851405
61.13611347355099
58.24113381019523
54.275903902419444
49.803644755011945
45.63025267377861
41.58305450269116
33.13765636157473
28.995933381612563
21.72535876538922
21.597550133630985
20.182548452147227
21.20484970931231
20.325199236587903
20.069967039011352
19.33337234927623
20.099524922806197
19.725844167773978
19.729671238851353
18.980979600269293
17.07785079316319
16.08282387703938
15.226837387284395
14.554374448267534
13.938684124643023
13.766087282865488
14.849095272416257
14.204895840583609
15.696803588943059
17.278481730961197
17.818644150493302
18.045430310787957
18.55158818291105
18.354567890853964
19.277934888116132
19.377823205513074
19.971185985915476
19.184732431658897
19.75400344268687
21.007749669026527
22.653150032815503
22.88537010355599
24.708516278350654
26.600601678767596
26.55218418705269
27.87793436792071
28.227886490022467
29.77055883195884
30.076875966710563
31.963563135845142
33.14133753796782
36.60538996067736
40.348724691121674
42.77984929012394
47.430159326561615
52.23080179951657
56.47254681993333
61.21954002561403
62.43709308170004
64.84059367710888
65.56933062774443
65.52730117141152
66.808187708521
67.24626389269402
67.16124670545368
67.75080859346956
68.73097212622572
69.00535633709346
69.53768391078522
71.4035010792649
71.16673387851588
72.96479640148782
72.93431900614058
74.90975787168182
76.89733634738826
78.79648734449512
82.29284729935266
85.14338985972618
90.05808533247337
96.24482869976347
101.65587736031821
107.99520919449921
108.48726800248622
107.83321474307866
107.53025551549439
106.5389752473865
108.20232442683397
107.65740582068412
107.13569254520537
106.29387089173927
106.8960469178204
107.88106460749876
107.62239505399181
107.42487380687368
108.50896559611054
109.41950334598718
108.85783073365614
107.70675011835469
110.03955284094378
111.13929589489652
113.59155788836236
114.7105841433675
117.03590937032789
119.2445076243972
120.2816895669327
124.14075066627771
125.30608420021647
128.03626260522384
127.9830456729226
127.84557775995384
127.74101644985161
126.77441295070318
124.33230710228779
124.10384780902133
122.0659441022897
122.23716480121013
122.2678696956503
122.20172074166243
122.0350192185198
121.92786082120855
121.42803089650195
120.28860377426062
120.34475245518621
119.61527969174952
118.36099593972504
117.42198885527755
116.12694018506063
115.96275121264115
113.76336906873367
112.56816146297831
111.21490686424468
109.62720109079567
109.6951780655758
110.58403909837327
111.02941069454889
114.9292088122428
117.34887274200238
120.1642087090073
122.91376414929582
125.46704771891562
126.91170418197126
126.85330048737137
130.48462229984727
131.96281793458536
132.85681444037854
133.431465372098
136.27656841589487
139.36121506087846
143.032623866549
146.35312128658572
149.80178021517875
154.61211114042408
158.95833302875312
165.35772008709534
169.91300080362564
173.7791002914036
174.74829661829793
174.57202598053362
173.35665189315438
171.36135583830978
169.02657362631734
167.84774938126156
165.51167201593472
164.76230076890477
165.46651713512455
164.96159965457508
163.70898943042326
162.6515269886897
163.15104995721913
162.12461044866478
164.0141518571585
164.10865527262516
163.7012464574807
164.9798375946125
166.23671671274826
166.8821230280717
167.30204594353395
168.1139477574765
168.24011783919397
168.7106933053806
169.29266461147103
168.40991092158427
167.8320038289557
167.81330833730956
167.04946821187113
166.60331366182123
166.00026479725148
164.48311359644015
164.3932737141909
162.8685058762343
161.6045948471691
160.25818237000442
160.08401572081416
159.43921728150423
162.11818340257503
164.85653441565614
172.2314675438658
175.15193341299846
179.2642380786629
183.95032760655934
188.4951615812922
195.1635555118201
201.56203491336237
205.5934807802249
206.37866108288287
206.45197653320307
201.5347742942765
192.8786695275355
178.6039051958839
171.05791515027337
160.22518734939268
141.6924606744668
127.63483431754132
115.98569566669488
118.29998723215894
120.82117421036594
121.66749498566952
121.78148317874737
121.6178860717637
122.34206598708745
122.3946443096618
122.77785553052612
122.39735350857003
121.65974561186754
122.66933865921617
121.85996777743115
121.56514145601767
122.06839486899894
120.92458511642529
121.22086763970486
120.59930490586527
119.52755487564866
117.16762380753899
114.86358664931552
112.86947494907467
110.57856453482759
107.59937604625833
104.43053589705043
105.16933816656959
104.67059892546916
104.29278278797084
104.42021202246539
103.55809493816693
104.05656833888992
103.62337314339835
104.03013927937945
104.0432125679605
103.48341872274946
103.01041893149026
102.57527993300883
102.15693650665762
101.88417598265676
101.75358696651102
101.32552544716363
101.50151664088753
99.32223912059389
97.03764671906849
96.05770204850427
93.69449313147553
91.85302737941846
90.90876351667099
89.34259138469059
87.46217621077423
85.50727152643972
84.3428938000517
83.77991307326951
82.81102334540377
82.37980608662758
80.68342108106701
79.24407488299816
78.2853243104814
74.9813804295232
74.00544892206365
71.24549877746607
69.48814331651813
68.82076481982122
68.45736705061302
68.16950401827663
68.48203584268595
68.79337575352969
67.88554375907368
69.14394638492811
