8
0
e
85.96335268851834
85.13291204743356
85.90444721014049
86.34803607063927
86.4144648435991
86.7147585784249
86.60234583393435
86.818330518884
82.62450623048225
77.98680904839193
69.4640550119798
64.56767184533311
59.42356166687665
48.51962004329093
41.38264119484681
32.42856027797769
30.066720142671162
28.32716795879197
29.57978099142175
28.549499758764547
28.11215168218151
28.042922034029694
28.676690640012776
28.119558260240645
28.73901072138253
25.764587852101158
25.716993055535408
23.066948201508495
21.15080300235295
19.96863616254199
20.05575439889431
19.86303566394132
20.120723380438072
20.444123419296634
23.26092331032579
23.444966544920824
25.500042083991517
25.13252628214644
26.27847855204586
27.648552955953537
26.778256582045515
26.92332248092884
27.490454544150392
26.75726253651434
28.483093057237365
30.03333999956002
32.39957544630737
33.921740826098926
36.57040683257799
38.08014673665619
39.18511011881828
39.72665903516352
40.75872153438624
42.534203596838765
44.35344741606049
44.35759178876383
47.3260380712615
50.614758246756026
57.13745220410004
61.59620984831351
66.10126519006853
73.6622028736809
79.37465645257112
87.12135666085214
89.6774367838486
92.12058913208763
92.09307085904807
93.13815484772272
94.4772361320658
94.66235761789821
95.8007924577529
95.8269391883819
96.97141326990078
98.69207632180427
99.38141373535417
100.79268454433674
102.6951025976417
103.13796032098867
104.61109195618111
105.32247919822436
108.07003122431209
112.54123577027532
117.4611448660268
122.44916337270999
127.72680274348974
137.72513868463344
146.08550386599308
154.78371033542987
153.9399475447853
152.9019606478871
152.85204866524356
152.85120510355964
153.38240544173075
152.54296360096228
153.21036687348305
152.05418482582994
152.31657534567876
153.18833977411714
153.4436259568635
153.0582173125568
153.24506955696998
154.6760062975265
155.1163610164178
154.87790595118142
156.99254770359207
156.86521179769505
161.61837149680582
164.00939823145995
165.59619305707804
169.48391987636063
172.21012317180202
175.82050367495947
179.68893701190288
180.97719717469477
181.66558541811676
181.72244098701853
180.80589688771937
179.38450824378137
178.22611472952718
176.9995949907481
174.26397337756902
174.87781715360825
173.96342480328667
173.31411363647405
172.97155495779714
172.84825325398822
172.2754998685732
171.925467608794
170.56632972995422
170.05961695519062
168.17595564213445
167.7443580542831
166.74903646508935
164.45116256171215
163.25560238098694
160.9363669213813
157.77616967855838
156.9577184494012
156.01445593752265
156.46099462146032
158.63637034283528
161.793373181529
167.23823419676955
169.6138567884492
173.88244666995368
178.642365701479
179.14012287312408
182.52807935461698
185.20154160281564
185.7490543359991
187.79902222919418
189.90405184869414
194.83162900357055
198.54176931354002
203.6470296947139
208.58218888150162
213.54917336040234
220.24846690349747
225.42888577586103
234.73653767755584
241.80686710171994
246.25708395461518
247.77551898470134
246.95360876495138
246.25913756471473
244.33315705690194
241.1531706556315
239.37677110853974
235.9854983633072
234.36202065135947
234.19891415509326
233.54827892040072
232.7327007987534
231.2670698763385
231.5327911816821
231.9164989309023
232.7092213528727
232.84406826824068
234.28875928848097
234.8797998772846
235.52381583375495
236.74985081198133
237.1193842832315
238.3833234130718
238.9341552533515
239.74300457229242
240.41802881520897
239.67779158695868
240.2559002110181
238.37575021901847
238.17776096225367
236.87685573759794
235.58220783579958
235.04033222788024
233.5244371016238
232.81738952927995
229.1388207172723
228.35312817035876
227.11893215095648
227.45973285753968
231.1378392148794
236.7217266013573
244.35222377406043
248.5433585531971
255.28879018462248
261.3993235020931
268.038688451247
278.404292063996
286.57335970760954
293.2340244656419
294.76508871698
294.9764216900225
287.58740762125313
273.09473304164186
255.88196359069536
243.17925117222057
228.10138398391936
200.86717785055703
181.16186564340182
166.2316132398
168.60157143666592
171.5936193491703
172.31040786338187
173.41757652064027
174.17649123873662
174.23620617366294
173.11403408249942
173.60349192185544
174.203354279211
174.9483967713997
174.63790947190932
173.92517859372205
173.3535831684927
174.25334041423233
173.25326255520577
172.10882299214006
171.0163205598268
170.8032913432974
166.08416227343614
164.11141314140949
160.6398876011867
156.5655927516814
153.622392990319
149.23180217155263
148.4530297270403
148.04037599552834
147.43973396737965
147.99756009902086
147.33100382170318
147.42163712028213
147.1728020876275
146.92713512880968
148.21128459472726
146.3746175720665
146.45777760498206
145.33398502534774
146.22966176094096
145.77666822999242
146.16071305172076
144.49459742053213
143.1769705866147
141.04894720302312
138.75611074016564
135.94345705805927
133.65661644353847
130.6774934633715
128.5383845668437
125.86286359957475
123.0277653405029
121.24198189797497
120.3622063417288
119.47802164959538
118.10927111081172
117.05366756324564
113.82300434366438
113.45658717474814
111.46298616623699
107.21950367394317
106.0856051694236
102.19824373417185
99.05397377941775
98.29955792140211
97.12711363297579
96.55122718296192
97.03188093191169
97.38554679410298
97.74558057704176
96.19688465919982
