5
11
b
12.895072087189085
13.0802601386821
12.945043365244164
13.185044180679794
13.696965932686657
14.397869449853925
13.384890704401636
13.079714125600459
12.535661011726239
11.819789056904654
10.342326397409062
9.840254992270017
6.870566661907093
5.553129481375651
3.838854539655907
0.6071519921353477
0.8680767709394657
0.5650734710417779
0.8805953433016299
0.6258437967166491
0.6718843479331325
3.591096198008633
9.614648514839963
14.19395970386303
19.74209243965267
25.160830665783845
29.954588497411542
36.43635598050798
42.934345729702976
47.54512636451479
48.41620276298697
48.439304666241625
45.28709907575878
39.99520981810534
31.395876989615598
26.460801637871565
18.108531402117446
13.903196815320612
9.094788557870658
3.774766926027779
0.6235025530792293
0.10810995205366375
0.16876822028458216
0.2849906865107071
0.07700457274191724
0.0
0.0
0.0
2.442866374098395
3.68836222579251
3.6921442771327406
3.4787255954623673
3.2582543006579154
3.3613518490465166
4.321717531722317
6.05036453414299
7.124497373357631
9.235080457280183
15.90390290743924
19.57624271044636
26.712963137789927
29.280760646045334
30.96797315930138
33.22946540075031
35.48222382206042
39.09085216050056
41.77395744222222
44.06242137889131
52.10511676730178
60.8786229728242
76.8731685590779
87.86232020311398
102.27102804579548
117.30046427695089
133.01771355008617
157.27883368420615
174.86459327826012
188.52088597626158
191.82706245142495
192.64739494773616
180.68225168212774
163.6432421582674
138.60964037498542
120.34268161232504
100.42098475153219
83.66620884328802
68.21581113894015
46.10792381573861
29.679528387682595
16.953156512772097
13.440093130092158
14.217780965619585
19.74775165911893
26.576078541234008
37.1434186168853
45.34268376522262
53.80033257787427
59.05230174596247
61.864395841043724
68.1614780180463
72.6984625395356
75.4899062261847
77.25031344033273
75.42151075293401
75.32955336653406
75.75249473504167
72.42242599156104
72.34378191817923
70.65691548185713
68.31069035834092
66.20351291651613
61.41366771301405
57.961618894465175
53.66483590030489
50.44042749169323
51.39774109730954
65.9011940764539
86.91820946824635
118.23560396566299
139.89393802003434
166.30732069828446
197.87347822884652
222.22763278044377
255.74004936485474
270.78554913314645
278.07192732337546
280.0485400566499
283.1960729954051
287.20821248342435
289.75118584464536
291.1894046980265
294.29752695852403
297.87726298977674
308.3511855213259
318.1188504663299
333.3969554779439
344.9696003979199
354.1370708334912
356.4774174801337
355.5804378439473
346.67348480617653
331.58264038563505
309.5132811956339
293.19375842057303
275.6509639506312
257.7184010770281
244.42354169014075
227.2137116121689
213.06519996197008
209.34009737112785
207.39729480549153
204.9339342263737
200.66230150061892
198.05398694515316
195.1566682995052
191.3731493106626
188.53817957289306
181.76540480102696
174.40257708215563
167.0159675601043
161.5451774254315
155.92754745667366
154.82443443254158
153.32354774695975
152.04546594971447
148.86750049561087
145.501611130162
143.9027970509035
141.12581757538535
135.29681975074547
128.88636627390764
120.32844320217717
112.873938539764
107.50023287204938
105.4402239154988
105.59743837223391
113.26163279772217
125.03241851227808
142.71860215325012
154.63995591711583
168.87030113233627
182.77482573778647
196.47782683226623
216.99474240614182
233.73874230044578
246.3622448779661
249.59661323486574
249.9217913121257
236.2853143260556
215.73429038662823
186.56042377643152
166.2558294169899
141.44960394546231
121.84102340397918
101.91708327730709
72.92658024642112
51.61078136219327
33.47220070964643
30.09966772418675
29.687862905121136
39.30176354742061
51.51119957039934
69.47847950488
84.92446518910569
98.81425246271148
107.80852413315473
117.53294648766348
131.10122257664267
141.9566786588669
149.3873415924691
152.73595349797682
152.50387729247257
147.0739750479757
137.9966669191602
125.11595326640426
116.30043760742736
105.25390276540186
97.84937717342129
87.4114887333473
72.7119665278071
60.52938565232021
50.77965384372221
47.86316631032921
48.13839285343878
63.56089054026993
86.7533364112719
120.51966539078003
144.71976785970492
171.91599365817197
196.99539557242989
221.41264253394544
256.5600534127218
283.83520337344237
304.90219919817355
309.3518795054429
308.46530014329056
299.8784063072433
285.7996419761695
267.6705195395652
253.3317900743822
236.88083049100828
231.11727304568143
226.0893440875556
223.79888253133956
219.80098126870408
212.97661958534857
209.54323332435885
205.34074047417937
193.065637000283
178.00171323729745
156.13019742753164
139.5848986377807
118.40526723101789
97.45204146770335
75.91598454247372
44.16104826537396
22.23450847294866
5.379681909021979
1.6454865120119522
2.0151882317354497
4.790098359022613
11.81887425665404
17.857596289521236
26.23980300594794
31.350769381232684
32.25051606164521
31.49728156792627
31.52085044550094
31.708140230010105
31.99906603065825
30.915164197849364
31.355678608891807
32.196823668251625
33.237597476448606
33.02279469594173
34.73158179088435
34.95293261858215
36.40205320103966
36.90360666906699
37.34926991934549
38.234154254247045
38.81841919166453
40.25711630050441
39.65693479293446
39.05728443961684
39.80838145169725
39.44338637258556
39.30202916027439
