3
6
c
10.872812518242672
11.654433706007023
11.388980458695828
11.981751006133981
11.450422916380905
11.49334165867513
11.160140159339935
10.630262944198462
10.03485031728406
9.743631833801341
9.700757106131716
7.610720094253324
5.537586127373285
4.734540122170287
3.3112699306896465
1.2244422298528068
0.23005015274659843
0.15361272716494329
0.0
0.0
0.3957679377779515
1.7089606046545849
8.209105476520811
10.937809720655736
16.570278858663936
20.516599893854885
24.416245551899575
30.62889634567054
35.43853800657737
38.36580276612685
40.01006623854476
38.8389912274395
36.316844587531094
32.77948815118927
26.217892524126604
21.395661840109582
14.802785342302201
10.681474006334149
6.888932898405707
1.9425485566880942
0.2423730567912002
0.13314154011558355
0.3189052723510046
0.0
0.6448251107824737
0.6294924134521698
0.0
0.3764959999096077
2.524300642751335
3.400998486898838
3.56970891836732
2.417688925285634
3.3301236486144967
2.654374097566218
3.2935089615770163
4.032467496491611
5.694457916971617
7.873072128483603
12.802472992414774
16.132589150136937
20.73689347084897
23.803673166060854
24.644324973945533
27.730268701038607
28.28325698744164
32.91761010661097
34.35272822281867
36.14843133363824
42.04984212330419
49.96754251006425
61.73944093888288
71.39293054432748
83.05473087054465
95.17112248887727
108.02848300666602
127.53703424400045
141.53334148020568
152.9335239846152
156.58603090197087
157.15277351887764
146.59500813567675
132.78079166367036
112.5143173105751
97.60159975524708
80.98055299943775
67.60598187927175
56.678575244854045
37.432615889095764
24.150109057959767
13.271232285327276
11.163993717691028
11.789411347134646
14.931504072356494
21.552348828303792
30.373773713345553
37.55798661535552
43.68661141700601
47.22357922943816
50.89581847950337
54.64221974016597
58.33434175448897
60.62429049838515
62.60291783758381
62.18135402022121
61.27134201327615
59.78668299910425
59.685843321753154
58.22723546914728
57.71413187263325
56.70974097972279
54.95410449129922
49.32500333622499
46.416904364048705
43.641254485706234
42.01666423290268
41.202250219827015
53.50157400440909
70.25142192452982
96.50442069704285
114.1816830979773
135.0793617486142
161.80896999639918
181.84286632764434
207.8982091932969
220.30133702584845
225.60881526887914
228.4469855629795
231.05482220249465
231.74429330776763
235.3621959361852
236.66460447098655
238.25720865169126
241.24239618087628
249.62434796961537
257.76066929964077
270.50864843351314
279.54110923851874
287.662919602117
289.16020209214753
289.55415892915295
281.3119648472223
269.24417886032626
251.2940372054473
237.484752399918
223.74804685070396
210.0790995328054
198.87183447265525
183.84079188131562
174.6794518744912
169.10868536319012
167.37902537108124
165.48896849668841
163.24515746258328
161.25322257387552
158.8273447956407
156.58189271409708
153.9611359724601
146.8402804222858
141.6831561801066
135.0580352924117
128.79272745283498
126.59042180702967
126.35376373716522
124.25010934499015
122.68127944975345
120.99554682331022
118.02304031065668
117.23062814331733
114.65413922536932
110.66222989003842
105.16682423685849
98.60511322825471
92.09148682440244
87.0315428127214
86.263258750835
85.48970621194718
91.96255634532332
101.32549531356193
115.7123676829392
125.98338510658016
138.06300656838374
148.7940461584952
158.62387217402414
176.40341621118216
189.70681711062514
199.46997510705393
203.09557070271788
202.82042433578894
191.37513495761905
175.13895192494675
151.9688109493351
135.5473332048787
114.56454186542936
99.24701861141375
83.12766540187286
58.39666415307189
40.48204768962641
27.876110378778673
24.8153578359556
24.882127160968345
30.861020547118553
41.912885444894066
56.125696576131546
67.65598378223649
80.82207356333808
88.30116192153987
95.34156631016545
107.23352434086455
115.66802737204222
122.18581152684317
124.27392408213775
124.10226315218704
119.48862388513865
112.73967800477011
102.41206857821642
94.82273131575424
86.18564538178546
78.42746604370042
71.50694939881869
59.82855096125594
48.78348200379288
41.514464662638275
38.841942758894525
38.74423720259398
51.12719617872376
71.06589779205677
97.59068354175245
117.45230959137099
140.25568572145698
159.75708500975097
178.92805958926365
208.92684295374644
230.27467441225295
247.32736676619643
251.89384169943023
250.46516240748846
243.80720406546217
232.87068997753403
218.62708672281664
206.16640089673885
192.01170940015268
188.39003935900757
184.254432068451
181.77656387747552
178.4670305201021
173.06472842542505
168.48096215781567
165.79390082855073
155.8926650352134
144.39136753401547
126.6476131433921
113.62770120540307
96.8944735491697
78.5032999308979
62.07628482678827
36.53354188162971
17.454702570065663
3.9064867702792347
1.161319536022933
1.3650316757440488
4.089331657601166
9.404456791592283
14.865220814892927
20.243511860446503
25.174873218523363
26.114892821900906
26.228517237364212
25.78718017365238
25.69801480164957
25.155271014777572
25.49863885284802
25.9418624284999
25.9417973828439
26.388122151049547
28.04269099665773
28.142739548771612
28.473444255633908
28.947683297865332
29.980185067878633
31.37457358849991
31.13047624428103
32.9881091923552
32.02132720332415
32.264702601244004
31.966141759957274
31.249399943703505
32.3035928137901
31.43988157025806
