8
6
d
37.58278503373364
35.838411621871984
36.393088426951174
36.33727343207568
35.37474879661946
35.777474914077295
35.99899919022501
36.64648907388706
35.30816643126943
35.68481955893635
34.458748401359415
34.42184585434356
33.68622749364262
34.45288733632901
33.48742069100475
32.95021563623248
31.171822032131253
31.17417964770667
30.687450335955415
30.778799809352265
30.58383225154789
31.947018031265255
33.25342022030236
34.07771031616429
34.036572028525
34.560927994570015
35.89726427276138
36.70274396932959
37.433336161917424
38.31108717338128
39.36119685507779
38.97639447017361
36.6581597884433
34.3179950953898
31.30417444396561
29.469332012283267
26.5684961338236
23.350466057726894
20.484848926453736
16.70675547015278
14.146839723659205
12.56403475395026
11.633711209927629
12.10357056347938
12.885430099453949
14.650891758684885
17.19287732142952
18.129275222828863
20.730074498789705
20.40981122506318
20.76190401318592
19.541710396873853
20.733040261176534
21.237273182604515
22.47366237509253
22.883929285946916
26.042571015646097
28.783575442631644
35.57056787252035
40.430976020197946
48.2561859171767
52.97248856218109
59.61276173232388
67.75522666085674
73.69369856062343
79.47951486413825
79.86777520339322
80.54302230430568
79.64548511413821
77.71111104663689
75.81799987407135
74.15354453735799
71.99329138524017
71.28597303805388
70.36428498777846
69.59108536956103
69.84832584630239
68.58034716514658
68.96085014386122
68.47296982421415
71.07974552795781
74.78014999007236
80.081098557883
83.7157225179445
87.87767637999373
91.25348373935373
95.235243751841
99.06467103210281
103.08881602988689
106.03672212668835
106.90406221990607
107.80660384626002
109.59210652471701
111.86475767768513
113.42423587566881
116.40961557872403
118.08454596027893
121.27590241343863
124.84157250905713
131.8042001893366
135.9237674999048
138.89005236509578
141.2198542428883
141.63492878732862
136.73204785036924
131.76019584468673
124.04082443281078
118.59521498036993
111.43471727084783
106.56155235442272
101.11861788425543
93.29205126877635
86.7036836523745
83.9380580851608
81.61042826603848
81.71755805634612
84.88066494686758
90.11018732277357
97.96451279001813
103.83163424738858
110.1070824275092
114.56970399928706
118.13798036218607
126.02858029940009
130.12144830535473
133.55234199602668
134.28582079423427
133.826543125056
133.53088902586018
132.76705143096711
130.62255652083348
130.05473875471023
127.85120295888956
128.20676237141166
127.98719845454973
128.95190791015276
127.13537471833709
128.1480379142716
129.3348987923719
129.194404872695
128.00919181411047
126.98461860313351
125.42668913880009
126.06071035720032
124.24995674454284
122.2256008477437
121.62902983313009
118.24889235813092
116.41420523637125
115.19022476144562
114.18336461991754
113.76401753352359
117.25196415424946
123.53732323869667
131.2594092540198
137.25385935528155
144.12857933992404
150.37994112392775
157.9729620425546
166.21566990834245
174.17201369637883
179.72534176058969
181.2307163799388
181.7206273324309
177.06727275067706
169.57945145073123
158.2962411070811
150.71949372767838
142.95296903842643
134.70664511458492
129.13501889795072
118.35263691218402
111.92703353548981
106.71816034257013
105.34637329060735
105.38312158189746
108.19980735792358
110.62385038555875
115.5008592802337
118.30147571335121
121.66641840529725
123.57248386971686
124.65882752679983
127.67840712520442
129.87813968012156
131.66337031690946
133.074789162756
131.5181485786982
129.68786648797882
128.17586663421662
126.09694395008083
124.0604561696563
121.11275457636353
120.03296620701732
116.70577769095047
112.67225097921808
109.05829542402417
106.29371264245978
104.69417618471824
105.16578984215782
111.91528248007482
121.70368544849508
136.46436769089215
147.28319656391605
160.34752260056973
171.71453693346731
183.55145842602067
202.30061163667605
214.92812692959617
225.2511579862175
228.80105473902518
227.56150374118775
219.7519805760726
207.42317817449398
187.74630794488445
174.0130002199847
157.88687564512836
146.07488592742243
132.94595866810292
115.11477242372996
100.50085635416805
89.36191008383439
87.58893233511684
87.54452882696778
96.15726712369985
108.54675612243933
125.3998636082127
138.8057021371911
153.93010415404552
165.83412627808704
175.7776815323634
193.14546999480135
206.02076839809047
214.76023390231134
217.0029479701526
216.2653361187403
211.11102431952318
199.86808614291635
185.37805825886673
174.15366187384743
161.64047892221106
152.15072334066568
145.96536312463746
136.84909021101063
129.28865976624883
123.94013340771389
121.51638342197371
120.99685276557094
116.43002257405605
114.44415383604523
110.43533084008205
106.88409190517132
104.04699872174237
98.18745130242571
91.88725134153913
82.24308576974329
75.05171629186823
69.98439189055954
68.58558311932958
68.15946859320063
72.34293423900749
76.69929997538168
83.45933551922326
88.2198942020136
94.03270891064682
96.9405265188029
101.63456294405593
107.08620131473066
111.72003906661105
114.72589156573177
115.53958626456617
115.59294485781736
113.51898747716044
109.05752475770761
103.60966271492754
100.16850601842059
96.54103119542003
92.55446843986472
89.8073600798853
87.0812157393207
83.0971070507728
81.1591860942248
80.89346500432369
81.48165484536835
81.03211761296556
81.73610656649572
80.84188541187747
81.32955799475639
