9
5
c
10.208918074537866
10.604866477235422
10.059838991552729
9.970570808233516
9.221247424179573
10.20148537695356
10.062256623388151
9.878724780372387
9.088827839422557
8.558628061031598
6.787896361607941
7.326576488579933
5.247178755820971
3.8032344678757783
2.4283787599776874
0.48610876639693684
0.1408966164329597
0.09076006456063228
0.0
0.0
0.29472759535453735
3.0712938610192024
7.575883303537198
10.994438589040444
13.968869737065992
18.73670238922269
21.65670662588578
28.14127078806784
31.481580105766756
34.76070622157077
35.785283922176326
35.85645046541821
33.187332679383026
29.450306312003647
23.518840248734193
19.917061420960717
13.804528034902221
9.508489642769893
6.621258914994828
1.6655016806761667
0.5837369360774841
0.845568484515112
0.6578385025992958
0.05507772696386876
0.0
0.0
0.3060056515569462
0.27361358010871345
1.7114596248560812
1.9896760327435832
3.5982487752986367
2.1352318389739535
2.618363867622448
2.4310322690678166
3.4888782337851234
4.2034254692461275
5.297022583916473
7.802371349562446
11.983154546492996
15.528974723228334
17.78187304765357
20.886379203381775
23.038928201263964
24.002978442989335
25.782526709868748
29.59273156265855
31.241608280247963
33.280369627942314
38.66842839904626
44.516824831050116
55.81787355625423
65.1785019867142
76.01456425310285
85.81113745013663
96.82476492224237
114.39764183294301
127.96186825368602
138.08938767653126
140.82053217670892
140.60300333736436
132.81877994879332
120.67696704764457
101.60168311047725
88.70432428771878
73.44950575584281
61.280689906225966
51.89113589419312
34.09562819675037
21.057300137740455
12.076906884905322
10.57920423284282
10.916669581358311
13.934916326526603
18.525365701850557
27.110410673540652
33.151757891337084
39.820118637701064
42.86640782867007
44.862438765621235
50.1874499141686
53.62878546251206
55.508093343213396
55.209670423910715
56.391156578943495
55.18301698576934
55.42233224679281
53.56026022817007
52.39936060355268
51.63124177559101
51.087596002449814
49.46871270822624
45.34711564587304
41.97757563640042
39.44536678498783
38.01450637396899
37.59630880714568
47.486401828729456
63.57934989353382
87.3698615251954
102.95209182969364
121.44588491248024
145.80232377998797
163.84344419214074
188.2250506294731
199.01176323565187
203.85719557229115
207.01251516464973
208.00873997660435
210.81439876189094
212.66487580896538
214.62436826849606
216.65415610909153
219.0996879063705
225.93152789358226
232.7718832817674
244.07465900865748
253.52086889205393
259.85195835198994
262.0220078188142
261.47295931150853
255.01966277187773
243.9162114556063
227.43625900534937
215.29048584636436
202.91826930892768
189.11895022566108
179.836941467058
166.20470753403598
157.7232898271225
153.47057309551755
152.1466462606804
150.07149006175177
147.9047070541163
145.2113851641237
143.55027977163954
140.83233774355003
139.09415306038372
133.0293022137722
128.43631411067005
121.9803750234788
116.901691947035
114.37049881627568
113.32412997267849
112.8465814946386
110.93017891646963
108.58020584843676
107.06715009800794
105.42980408243392
103.61343577030742
99.6098847308474
94.24881817256156
89.79041683097381
82.04974150547339
77.73440902097555
77.70424394531847
77.78135503390777
83.9935993082015
91.98841598597697
105.70016627275876
114.37992257303597
124.8489185507275
134.58412715778772
144.76207598011194
159.28222430612806
170.9068234473558
180.57367070645296
183.46712083638232
183.09124923934343
172.9870064528648
159.75682375108818
136.65884595786073
122.40754063511034
102.37407384255373
89.50288027069317
75.39871890694441
53.50798282884448
37.16099788430866
24.428457415465886
22.407061465138163
21.39826190033417
29.221714698077893
37.49121098581323
51.41413314340244
60.857057863430846
73.06118498187242
79.4771440676444
87.07390234904626
96.69741869222464
104.97155216686023
110.65930531048102
112.28938292169097
112.6519487332807
107.92717970816723
101.90461547009355
92.80525600958869
85.04289392306791
78.25119049319463
70.67527802513698
63.35273914220914
53.401642846863375
44.93828637578632
36.9895886873082
33.90728767793671
35.16947120152275
46.517526811537124
63.33402279553624
88.50077994087088
107.55870434299062
126.6895710679449
143.757718433215
161.2661313625189
189.1256945972759
208.49635214269833
223.74906274195357
227.85809344908608
227.0231745031801
220.36454133993115
210.33480352352652
196.2282981627322
186.01963068111803
173.69854062616514
168.64303560794983
167.02780887513998
163.84761312106036
160.5612110420171
157.03080892353208
153.39697193622584
151.26953464904412
142.03460867950818
130.6240960928147
114.45323959617477
102.90654849174018
86.71558432685559
71.26474703084246
55.891609418156214
32.8776656669287
16.903455729796832
4.57465868515499
0.31793544717486477
1.9053370559493552
3.417207788919016
8.153688507416335
13.966437544191724
18.328094305016702
23.901691847037856
23.83606864543905
24.466087501418627
23.51454588867541
23.3981372752337
23.282911324509328
22.601224212569768
22.917846669432453
24.28783323270519
23.063978234082057
23.850944118115056
25.522401308439402
26.128370339528725
26.38884996164435
28.214871073918754
27.15088345243735
29.00147989442589
28.25840952366936
28.925760512817856
29.001261407015452
28.365261385128502
27.95678629113372
29.495967250433377
28.988185884258577
