7
6
e
15.592320059088474
15.347189460355702
15.657722400802127
15.50377546250759
14.803438793047652
15.77633905101266
15.788693020462691
15.250141324087808
14.685450901632532
12.760040753130138
11.679344478468062
10.596572330033151
7.729165874489206
6.116902264353057
4.351013169116203
1.0219760844766699
0.1584453581313127
0.1032134742177907
0.0
0.046732722318419156
0.0
4.025908492892579
10.871049570926251
16.173855258817845
22.168172062634568
29.323613554535967
34.10172045650277
42.73009026713939
49.70450511113997
55.293785838666096
55.2899092653997
55.90257803967412
52.11674766574933
46.192813665151625
35.12811040499586
30.968941222634953
21.091745239276914
14.786051216825848
10.83665598625253
2.2798986589232384
0.0
0.0
0.0
0.0
0.20153528821395078
0.0
0.4139771493049569
0.0
2.2341700692843567
4.869361115348818
4.1461847023880205
4.928713525346646
5.707127967988534
5.330541369834364
5.131760796339753
5.700261141447581
8.946723056043696
10.74766420751272
18.194826654114358
23.474748181664044
30.275925930363886
34.21049387190124
35.33498212539281
37.90012743223402
40.88574371905175
44.55656761564541
47.82438933819163
50.7626356505894
58.95507027204455
70.75408352077798
88.35873189049018
101.57029383461875
118.43573539126534
135.08397286797938
151.93320598099913
180.09475029919858
200.76414189724375
215.78323835002502
220.67744360445826
220.44530912604142
207.37165455416684
187.75265048531796
158.6728923594093
138.5441182557962
113.64994227585797
96.54539829524303
80.33336101358292
53.21753013198811
33.68899284938081
20.005250420014804
16.07189888874391
15.55889203300328
21.553161123429703
30.510684283080014
42.690237692031985
51.21778419663306
62.51210365301773
65.78957791490957
70.75387382932527
78.53864594360282
83.20685267550932
86.77848540189765
87.9264874793513
87.62759991073416
87.25272732289959
84.38822780735609
83.36344115688857
82.29864259517134
81.13663774768835
79.66475230674466
76.19428263671364
71.75504477841382
65.6977275020204
61.50205828513812
57.96935561911203
59.55519693026522
74.60615173409876
100.46777893670989
136.6753853632252
161.78377048126293
191.53760589986106
227.45092680510922
254.65762724529904
293.73856446324305
311.57013402599756
319.7386145945386
321.8925616934102
325.2367330298788
329.4803023740214
332.33341259604214
334.1021540573737
338.24203696243234
341.31984196019147
352.3721019953105
364.49652633381714
382.02036543330104
395.696806859261
406.2572424156633
408.9470164938235
409.61036429153876
397.3353629325704
381.2697762586142
355.7355510646502
337.03589185660707
316.1992865431245
295.7936538014736
281.5214497150119
260.59461868746683
245.78353273518277
239.6161246423452
237.88185155263747
233.9312834093266
230.30482341955914
227.25633522650395
224.0482152755482
221.31717268651676
217.15741887247177
207.40690180407145
200.19665300913766
191.49928339197504
183.88254791475384
179.06288631747273
178.1675448430146
175.13985575623303
171.49066497739517
169.50707023017654
167.32037887992445
165.73607915589565
160.90246578429912
155.5212401370179
148.62918432772875
137.53419342181695
129.96353040989678
123.57440682411242
120.33021326714974
120.10262536548554
129.9416880920147
143.85196731321946
164.23819265403674
177.9694498274223
194.555355780334
209.70168367554734
225.38922566336507
249.42502658168453
267.906639945636
282.37545862211874
287.01195637544015
285.7301799576639
271.2115344655967
247.6671130904188
214.18710411801226
190.80520964284085
161.89198654446758
139.39287870173666
116.21564881812188
83.37619688542648
58.63109281364215
39.11090976554691
35.41091732874454
35.94486890970428
44.27793233052129
59.173586767646064
79.78721819909491
95.53559043509136
115.0404146365078
124.42297886376298
135.13822904994103
151.42926061624007
163.10302211987013
172.7013905919698
175.53997001823785
174.96049725064333
168.8823680804385
158.58852949482593
142.939226841897
133.3794916181496
121.19139114477053
111.56090511096392
100.34760931079278
84.62054794760486
69.02175367962063
59.45417568420747
54.35152132481351
54.6580291091931
73.02995051281283
99.33506069260808
137.51610537770648
166.53371399977433
199.13176291040185
227.34946519613095
254.31686920865624
294.9225335387333
327.07010415190695
349.7666478670734
354.22037605947907
355.12687774301025
343.64196052371955
329.02846995302116
308.04208186284785
290.71926422423445
272.9570243617486
265.487393877669
260.23836934152865
256.47295146237406
251.8357849614913
244.55014538215516
239.03678268823924
234.60415995023965
221.1489972517377
205.17188150057586
179.5011339606009
160.1329599513252
135.92586111923703
111.99751700846474
87.37377093822928
51.04604411984883
25.860917256366577
6.553707284643985
2.2062208020163436
1.8901022704539245
6.200464427772363
12.652013938231512
21.446459699149173
28.944168195010313
37.84369571654687
36.21278311348685
36.20149179791616
36.30342106058086
36.89993549309059
34.80154938608217
35.98018973618017
36.36854999506096
37.22608214928639
36.65303918081552
38.648450710307
39.56465015632932
40.648089967709495
40.323722099239944
42.51269603408414
43.32686019421951
43.937829478041245
45.435532171495005
44.588338257591836
44.78075140107353
44.217318144901384
44.479412876647615
45.09625474568616
45.05664586311971
