3
6
b
94.84223200152381
95.87759947434745
94.3278183726429
94.93315648222416
95.30220282467633
95.11193123025465
95.43551415245368
95.05207632002235
91.0132886462734
85.59017786182035
77.43812071766973
69.92705441258434
64.78310088877869
53.59137427305973
45.21105087634102
35.44278442139734
33.08999747022824
32.90323557626752
32.91596660372995
31.78647194009135
31.48453486775803
30.79178800357714
30.644113338576712
31.06755817350057
30.22432102165574
29.462198250271737
26.3763262767353
24.752083123673902
23.468544127993294
22.095386977326097
21.062737485878753
22.209446623363903
21.972863191863887
23.83038100445517
24.844263814240403
25.552913235107418
27.497734305940366
28.22602677855358
28.118275332080756
28.44471581845015
28.575399124174606
30.371458420369645
30.71324671963256
29.704557798431487
31.613086571637556
33.011772897881826
35.2593663995533
37.13899386042126
39.77188501617272
41.01558519851804
42.91342805551852
43.472717457153855
44.75633467180859
46.1333947436644
47.92475719762909
48.948029043150484
53.30130966246729
56.7338575892479
63.2205643509264
67.14414291908797
73.11358718533276
80.88716710268912
87.07487947337555
94.9916590738598
99.1997830041887
101.15244461225942
102.37045388306943
103.33654006551835
104.27517044190367
104.67847137734688
104.42288027628503
106.0936844478783
107.01602627590712
109.19310809632192
109.53284149103027
110.66473232541239
112.17540431438559
114.26593404396986
114.88853807327956
116.56968952848989
119.5704649697807
124.33062196570837
129.3418726365357
135.22281968608118
139.99606669858775
150.95425699559493
160.39272690768834
168.2621609143167
169.15886558912598
167.90875563965213
168.29166932659462
167.48517120614042
168.0750433188241
167.88481937285107
167.75558494116697
167.1517553680084
168.04010972455677
168.60383107252306
169.58108846839085
167.94627377993805
169.20525473426284
168.9944088101888
170.47127186839253
170.01299571908714
171.76727647897556
173.29890098031078
176.78114970900842
179.75520620842792
182.70942362558347
186.43356167107464
188.9052684138559
193.40237848462627
197.2156029130314
200.38287748348384
199.86465313227922
200.00578697603453
198.75551513807972
198.37326725040197
195.47774374509555
193.83911013500784
192.0869856696695
191.19927204738016
191.28640660602372
191.0335021633725
190.33461923041537
190.14011497817512
189.10361397418583
188.32447060352146
187.78748444955437
185.78968644001174
185.28354252498653
183.99118113175632
182.7779084087965
181.4061610733069
179.80150810276498
177.53187076253326
174.74832368294886
173.12691904869834
171.68593213466048
171.94096618077097
173.7226996546546
178.24070351697412
184.2323794777531
188.097412975455
192.6996039646255
195.32355479944962
197.4246639033697
200.65544237659822
202.3763200565314
205.4535293545788
206.63839542905
209.34296602530932
213.94134160586313
217.8380324446561
223.4796922315375
229.48679666071274
235.58521316094914
241.5374007544687
249.85313762893273
258.7985435138566
266.2933334567817
271.5623946654144
272.89166545766653
271.7920136628423
270.3387632940298
268.8921799934234
264.49813580675004
262.61490331668716
259.1163931830723
258.5207718158391
257.6344322541688
257.56257381742097
256.08752699721794
253.844211744841
254.89035511799284
254.11539968591427
254.85350363901418
255.91091892998608
257.11802663210017
258.4851988636297
258.82858646075647
259.24926060366784
261.25105190133195
262.99512878734635
262.7462421659598
263.74176964932633
264.2091378754422
263.9546003344688
262.803541045025
262.45127448262895
261.37222662644274
260.5967481596201
259.9902385219435
258.36174936998447
257.3311608699058
254.43541756383775
252.74437778880076
252.03096360400568
250.24332944862232
250.72459356870942
254.1721884107923
260.1481042381173
268.33886908373717
273.6557193284553
281.0621271816183
287.05501736766496
295.1496876014741
306.15090828763664
314.82007292087746
322.4691176666299
324.3392116189908
323.5235813434582
314.7347795749044
302.2563123698775
280.7093954583675
267.21345326456435
249.84003736429807
222.05067133171332
198.47120986289474
182.4682358153405
185.008197638852
188.44743836514604
189.17746578215363
190.37257064613212
191.4094452658447
190.49043508169066
190.189714187729
189.48360260246415
190.7374968426171
192.2906203129845
191.47424745675002
190.75681688350647
191.42071716602507
190.0595705606618
189.9969849931664
190.61205347244328
188.3735078228319
187.05886544416023
183.24883141529267
180.85537032253296
176.1985224690955
172.6504068715168
170.13999634995525
163.7098325624639
163.66950132800898
162.15056675086714
162.9887673779445
162.04243025263477
161.12117226444843
162.88765567289497
162.5541751672507
162.50571586396813
161.08868637233965
161.48608668700837
162.10538590973388
160.96285972285435
161.10799058699237
159.5539347150324
159.9606450824621
159.54084261322552
156.39191845302483
156.40497833874386
152.46231701486082
150.56231409575386
147.72103763170873
143.71099095460207
141.38739196175513
139.23938549238792
135.9028582965134
133.86950629753647
131.72747496054032
131.00862640017922
129.20891044051072
128.4009329600675
126.50563699493141
123.51465641958303
122.0612997276348
119.29592297245033
116.46082572980008
110.68870930014992
109.24414753185609
107.49050224853153
106.88626095971277
106.55040487732698
106.62530722330484
106.1490368049163
106.64343996259136
106.59762981355466
