3
11
a
56.86509687076205
57.329758593142294
57.1969765729275
56.65006370482087
56.32520111430181
57.37587169214595
56.85796297487654
57.57303401978695
56.28525493818313
55.65906720014466
55.115427558781136
54.38892362558245
53.93592735053215
51.979787054706335
51.55898035463455
50.32536441842109
49.588120248382175
49.90380736604222
48.75452916207518
48.166612795713355
49.64614931463874
49.66656519350782
51.0548149399207
52.842121375002364
52.95653939625935
54.593950735159275
55.20186479109413
57.7561748523989
58.530576684044966
60.34586075933359
61.69158709759178
61.508963473302316
58.322646681791944
54.42679048065328
48.296598700219555
45.32636818154523
41.03745934033383
35.995270203642065
32.90282771948875
26.950661027160162
22.14489921121715
19.09954991965196
17.43147995005924
17.80310521757418
19.762509701636198
22.44039287482383
25.77088122516992
28.669744905979467
31.37442463443261
32.756773799512246
31.995134659691303
32.70269920958954
33.98351684777195
33.911796931286524
35.671785337461756
36.31528596597439
40.04743917216492
43.56338118882037
54.578179803988505
64.30069636487016
75.21037881304098
85.43191061233115
94.42083429686033
108.0352577174509
117.91385762127342
125.33386965996759
126.21757370718721
126.92310406455832
124.17446737151518
122.89410436009139
118.97894595046827
116.80173201921303
113.46378222074728
113.2289131687933
111.73918083728795
111.55346960242633
110.36866228327096
108.80145301282633
108.21731624897966
108.07839500854007
111.4000599388651
118.39332267784559
126.4796169115073
131.39584088863447
137.89237595518617
144.72557044845252
150.20169123719546
155.51714247380127
161.02943489795868
166.58371681497698
168.10864131009154
169.4077931270958
172.51073241505176
175.43857244981277
178.78151899637348
181.52861497565428
184.33621186772658
191.72401834845533
197.9870656078108
207.26460086683792
214.69110612076557
221.41391141794296
221.89873416009138
222.27205080767752
216.11855463419607
207.47222108934253
195.88916193921764
187.15586392207868
177.51873592510583
168.2699957050042
159.63179004454233
147.1844095739234
137.16434114691586
129.33541693363455
128.13137355631739
127.75301894239182
133.32663533134433
141.3145876847389
154.26844242648485
163.65428708488415
173.42185172848968
180.27158781419092
186.58518825411755
196.6793269316778
204.96777720659327
211.39735460774796
211.15559948865618
211.43617984008782
210.11286249106783
209.475660212225
205.65648661229267
203.53493159018808
201.75475426591487
201.31499032267618
201.1447893059761
202.38733575590496
202.23611363857412
203.53884273693978
203.11574053409865
202.5498115818148
201.4368206833583
199.63251335617144
198.9378725929013
197.14331258354795
194.88401634108948
193.51810963984707
190.41199749193368
186.58446636461358
183.7108247377168
180.3747547313934
179.21044443924328
179.79120104853436
184.76921237512482
193.61738096779118
206.26246515639264
216.16671423415605
226.9767920956591
237.77482391271244
247.0163289618111
262.70804505850936
274.60136536404923
283.3151835419869
285.6622327665176
285.9676730548089
277.85305176792116
266.4499079335851
249.36155202836508
237.24063263899382
223.59844212635545
213.72604164099013
204.28490450904096
188.046600396611
176.25532201549524
168.7931612943902
166.17803288487193
165.74935176943563
169.30680141364505
174.46416417662547
181.32144626500994
186.13736561281485
192.64337479534197
194.54893813651827
197.21440964178603
201.57012705631857
204.31130647344196
206.24465845344125
207.8114079127476
206.82902291968986
204.91577274609847
202.3586722434521
198.1607911183966
195.97025300252307
192.41116698950316
188.75999477104043
183.52203088297762
178.3071069071301
172.2486920707313
167.66870058031472
165.42803161160094
166.47286544507554
176.4971408169931
192.7710418943845
215.79986700521025
232.68774310917433
252.69739744416623
270.1346469709268
288.10400930223676
317.1822722915143
339.2123466337515
355.365838882473
360.186114552623
359.9313300197006
346.87667044067763
325.3495801744588
295.965304761245
274.290811847193
248.74197059819537
230.18656490900756
209.8080933694144
182.06569531994919
159.07430255659065
142.23482079253702
137.15306509732983
137.1958652105343
151.19410263320054
170.26426647388735
197.24611647452616
218.72474211662953
242.57752280660276
259.24199558254173
277.22198992932493
303.37595956143775
323.0100479372856
339.0822096541209
341.5449015845037
342.8410506753432
331.3916397739441
315.28099258499446
291.7991830462042
275.18675411774456
255.13639111255725
240.7478738102904
229.3741848752391
214.89467620037857
203.95859949665441
194.57716631205327
192.37487134901522
189.2882650797716
183.5335363478577
179.06309917283042
173.4552081100153
169.798849526516
164.20795191798823
154.08538737970434
144.70626402212986
130.52888871148238
118.3863069326055
110.97813717065438
108.79704535055511
108.83416867423107
113.90998021917298
120.31842066952046
131.34785639558189
138.57721875759557
148.4559820638572
154.18465998383692
159.7484457379882
168.39998613444547
174.79984408190634
179.35155439010063
181.39916357978115
181.42685545808237
178.47235252658942
171.87982151273525
164.9775618799406
157.200147430062
151.25684991070497
146.62320493907973
142.32287358003978
136.21177928786577
131.8826776779061
127.96286322172712
127.60854568311723
128.21009817441862
128.19170572410718
127.66384777718135
127.92458665867929
128.1192105769467
