4
5
e
86.12383279991757
86.68097572042224
87.37757874722288
86.67711144750686
86.48407708859034
85.67697214536008
86.09812159457435
86.26364062487102
81.49082508617546
77.41673870174475
69.35830150198959
64.82312497139023
59.222055797145956
48.46249840236266
40.671124492570954
31.294316904978558
29.988467215680828
30.07486718905223
28.553383949739708
28.612674126565878
28.493895943533605
27.946389170515296
28.981786854171293
28.011604236237016
27.299132614552747
25.904439067077032
25.890402439244554
22.780329533016157
20.79911864066913
20.09389150348891
20.193745168296207
20.470291029481416
20.234381649279957
21.27356128868071
22.643155097291675
24.416117192573726
25.035669937220714
25.2827837273847
26.032242214544937
26.018631175209105
26.246090744858744
26.873600000030642
27.38889410614876
27.228939815443354
29.127042931902565
29.53549053082718
32.051123618506985
33.639964776727325
35.799894560372294
36.78982410583472
38.16084080939796
39.32960201707419
40.20362562763759
42.15172427659908
43.31920243143486
44.29143687051338
47.98766518024932
51.85148168782114
56.459786473600424
60.651985993798306
66.91121245830418
74.63775894467753
79.75542903186835
87.03717660836931
91.25259087808409
92.57764777108254
92.39630092467918
92.13745730821823
94.59395923651304
94.82248828712802
95.32098652001233
96.12135381722663
97.40619682944455
99.71676014406044
99.74171525071877
100.66397527830632
102.21701652238399
102.75241638116977
104.08112059632472
105.08001044135742
108.38683056399212
111.84242073740138
118.56033337515962
121.93147217512058
127.38747231354617
138.1209139940851
146.4088745658721
154.556944163899
154.12727002458644
152.90333624893742
153.43050169390642
152.6864957877943
152.58733156179935
152.31604067297332
153.4224057192207
153.92717785591677
152.12776673742434
153.5260632561968
153.4842947417714
153.80219573405802
152.46551013182398
154.31971678761258
154.6803137041823
154.2204819226044
156.55955130982755
157.24258416975965
161.2355633413169
163.97795059372453
165.74169919660528
169.78364439897604
171.7542058552543
176.21013148705777
179.4973965154251
181.3462679390628
181.83714728482516
182.6509136894505
181.35236084296008
179.091732022992
177.1787550961857
177.33845004670198
174.89095914938952
174.258535355907
173.87991951845981
174.0118037103291
173.60987390422844
172.6279492735231
171.4486028207187
171.7982105269053
170.90763757468116
170.10342226887673
169.03504163362703
168.1291520584468
167.04107279989336
165.17743363228817
163.6646021043439
160.9313644092214
158.37243569387124
157.49656094124768
156.93644199859358
156.72078638716224
158.5177807366724
162.2751564224135
167.0391992397626
170.25324061887937
174.69441061271235
178.4590776364952
179.8418578192268
182.63092595013197
184.25665116617898
187.2284825050632
188.4867794021316
190.65958655923754
194.88561958786684
199.66178504346982
203.71341862668257
208.96253106470135
213.4683899521627
219.07300749437042
225.54575764651685
235.25052772162744
240.58985182604272
246.54739309044908
248.54664246827966
248.41927961201063
246.31689654863027
244.49718207166225
241.7674434623523
238.49798422415867
235.32455120986884
235.04798779677847
234.8670949077191
232.9471463261165
233.17321826096446
231.39049961501289
231.29290629502617
232.0450677469689
232.79398555512714
232.98110914295893
234.0026321162082
235.1953863224739
236.06220281201837
237.57646766619908
236.58031950555224
238.43373068785357
239.483161455147
239.38907502333728
239.43462355029536
240.0894192483393
240.5966053575333
238.44635779276834
238.38248286912832
237.41806654816608
235.67972416376801
235.37043454437497
234.76834129863732
231.46565019238744
230.53395824018116
228.33773862519672
227.90920590835603
227.5052556337146
231.40763986539477
236.06503531309914
243.63825591108488
249.31266499386828
255.55737972392296
261.5884420743499
267.64773592557196
278.4903016435009
286.17949222556905
293.72785333144606
295.2732327476022
295.54152710944516
286.51018046580344
273.5479177551982
256.59985766868454
243.38933417198368
228.50251288886903
201.47907411681584
181.38882819935674
165.80154414657392
168.20958247914734
171.57508953281834
173.03133885384278
173.03056790596509
174.1494796221014
173.7359235504487
173.8255023049142
173.28992526800656
173.71346429650654
174.01490608837724
174.38463218986558
174.7537319928736
174.0593019017971
173.5911537946572
173.05455817934188
171.87718074489382
172.45317646267904
170.18055436476746
166.61575867025084
163.9700211639762
160.8687930919537
156.90194959656077
153.4371107280965
150.0430743342334
149.1348317535502
147.54323381439474
147.37804704339706
146.91132773947479
147.7373809834728
148.06512790873197
147.06552316038426
147.42750923773988
147.14297357693587
146.28595693182237
146.7543501484958
146.45638157517294
145.4616018894391
144.97286986376596
144.59513071664003
144.2634292361707
142.46672722287508
141.67227996232
139.29779426339996
135.8492159503186
132.67729139700833
130.1868426628187
127.91522129040712
126.39943555920487
123.52124604898721
122.9891840106719
120.3263159634955
120.52787164233473
118.33822295509154
116.61731064540149
114.44325266477846
113.10849820546274
111.02864728606414
108.45323864324416
105.37708028884391
102.08173534408446
99.474116218969
98.72666565798237
96.35704559865826
97.8300282358503
96.59011539342912
97.27637213638137
97.92440650509795
97.39816810696537
