9
5
c
52.85703940368424
53.13366900596613
51.92605095871474
53.979566020974204
53.35412925490786
53.29328645628221
53.408373662544115
53.92861239048842
52.65672248404558
52.18757005204953
52.11435813124717
50.82475208522965
50.6551101759377
49.117895761967304
47.87000869092916
46.805241444374175
46.7902929370552
45.3796089516818
45.44912494268278
45.56417817655769
46.38014908075804
47.47791820762603
48.050383271244414
48.62658033538826
50.72475416506257
50.550744545104884
51.56924309233106
53.12489110002191
55.7841787421121
56.10142350874502
57.0884278114921
57.12952461976858
54.456055198937285
50.524255775464866
47.191039010755695
42.05145669319093
38.456136005830466
33.65832220837823
30.98301087362663
25.27511774293159
20.680185745351714
17.825752950930468
16.595390936180507
17.100909662973724
18.141558101153826
21.032338394853806
24.531172631965752
26.55570696532851
29.100562550835136
30.34690851566457
30.831333126788472
31.59239315767221
31.378736979085257
33.018973712769515
33.01562007139007
34.44412758679508
37.03626677307333
40.31748360867225
51.010919017342815
60.361498877565445
70.55268624527878
78.97744465304793
88.444919415481
100.50708491392705
109.91673955234994
117.79539574359755
118.94970651400435
119.21043357631004
117.65925264510857
115.0786963216237
111.77583805161566
108.62163490814808
106.01354630980242
106.29472154245563
105.66600443823032
103.53915606053873
102.96073394372442
102.05759514595724
101.86503519308796
101.57195322610171
105.48267275550322
110.46787094723518
117.9513185088532
123.16550914994588
129.8311618930718
136.06004208108502
140.45455899108362
145.44991640000762
150.7580631258371
155.0245108918185
157.0539669613803
158.9066989327978
162.33591949339456
164.55490166136588
166.5330894735234
169.9939964718522
174.66412548871088
180.31043112674357
185.26296829640364
194.41593271959292
201.35947089818504
207.61158422970448
207.8044069498775
208.13261542910055
202.66497535371076
194.17036834274754
183.24043431753486
175.1823223221336
164.79794184277765
157.84060024854693
149.91123370874104
138.00529121346432
129.2084505475246
121.56499172567837
119.52789915548502
119.8423816173862
125.64912415536291
133.1984961717369
143.65817222518308
153.64541150521669
162.2454666911427
168.48242405354196
175.87141546367312
184.89864828960194
192.04695936540145
197.37484411502098
197.9778384049445
198.14712318121232
197.45559735500453
196.19015958481566
193.22561666323958
190.0087171564425
189.1506530215671
188.57606317937365
188.50883381069275
189.80219284358165
190.53437439966714
190.0437645775646
189.66307477265113
190.04584495738555
188.808942165669
188.19315897427546
185.29343877331695
184.63511956133382
183.36563283478972
181.6781910104108
178.4753741150354
174.18708592679374
171.44983889965044
168.40312655639138
168.32441928652383
168.02559280624175
172.98113138592626
181.6827373314155
192.82263374176034
202.62434164148286
212.67486914220578
221.88268930278892
231.90141708436113
245.83826139953928
256.58733409126864
266.12232624489485
268.28354279606697
268.4797448130332
260.8854511768378
249.9143393105693
234.211043679786
223.1496282015406
208.98254266586846
199.8454109268862
190.6850283311943
176.57600711152662
165.674124277156
157.0617667648509
155.96756211186798
155.9885701727269
158.70146319673688
163.98720218539813
170.16482427639346
174.0550757387604
180.3694932845
182.50230896566413
184.17414202974513
187.80026718704016
190.72668533937855
192.57980859357698
193.49651891215515
194.73842910407333
191.68762827081332
189.33858592460464
185.27098973805877
183.01694917409543
180.57088242380564
177.42474335428128
172.3657462107809
166.54791215687723
161.06869023614146
156.53548538830918
155.87789648114125
155.23692164092844
165.0598131831161
180.86719959588896
202.6227233760601
218.39409399233864
235.19508466664885
253.30783830919572
270.811766957272
296.6704208177157
317.73394460886743
332.67223767335264
337.1389388087446
336.99509358461773
323.9799275291914
304.18265676855196
278.14568906457424
256.67826060322767
233.12290861251893
215.20227017108377
198.1005468585503
169.5500683149049
148.00188909368373
133.72555196068512
129.3750050592949
129.57319324998147
141.21799904088581
159.78544251390417
185.3362370965936
204.57335780890452
227.17094369609927
243.38905892727547
260.8270131665711
284.81125930501474
302.82844429954827
317.0102644305179
320.8559648317584
320.47916116109997
311.55732792747744
295.7672949250986
272.9386546648329
256.13829774223467
239.80906849720046
225.35917286336388
214.013723816246
201.96856847791702
190.83860749154118
181.85343929101376
179.34750751291327
176.97474597570832
172.69793692509944
168.43835238358716
162.42761901701112
158.75856020291147
153.58670985856722
144.35207331549603
135.28372905293034
122.20323395297906
111.66324106664379
103.6602448559241
101.97847801115572
100.80728023101015
106.3624851483334
113.18214310140912
122.90568371238159
129.50522725392017
138.995051028704
143.34201914281826
149.55320737100152
157.48438680519087
163.64182983379396
168.74903840726182
170.23314697198074
170.64354553823188
166.37876224149593
161.2851214044647
153.56291979417853
149.22853553390777
141.55000973823473
137.35115775022814
132.62328842093103
127.55633394706591
123.31328902991932
120.92683913670965
119.38547022608488
120.1155369906804
119.84918401506204
120.00055245741906
119.42884327626612
119.36855295122999
