7
6
e
12.230801680186934
11.348514535824062
12.082180642464497
12.495084786187372
12.31230843931944
11.077128600384896
11.858960686333772
12.554288780344445
11.156934974564306
10.075901375531213
8.944255968890284
7.630224682323858
6.474053827621721
5.2867833633529
3.2680956761423077
0.4261971856285338
0.7755832006086161
0.0
0.0
0.0
0.0
2.527427172506211
9.686566791978096
12.70445507824001
17.422762961285677
22.391727632530706
27.162200310280163
32.761411055605436
38.73429747298969
42.116053030769116
43.55016778998116
43.418178195204995
39.98731427680871
35.20154952488952
29.743220531222246
23.39464300486525
15.55287083913828
12.567345407287595
8.746319169499877
2.6235505513697506
0.0
0.0023571304229036646
0.8677895413140507
0.0
0.5398169129512976
0.0
0.0
0.46026749111781107
1.6789312150060516
3.469335150565688
3.9046020651427242
4.3279597425999174
3.486477949794504
4.99154452900298
3.3119859353143637
4.324524480599405
7.242705404549132
8.715002840024036
13.669727318503472
17.46917138346367
22.531478184813697
26.233591019507728
27.65896323577345
29.134652803063837
32.12240173143522
35.30060266454522
37.5279848908213
39.939155428761076
48.32706210113148
54.42069902223698
68.61573063560394
78.61307736920946
92.04157619592293
106.09246788973698
119.26098438260422
140.6862394099647
157.04165073653593
168.84369816822507
173.8608292422646
172.50625711609547
163.04559174729783
147.46889591933882
124.5267219122434
107.5357639719158
88.38982642146681
75.9971764277513
62.55975020216292
41.95776649273886
26.954994505313593
15.955871086415998
12.835704544673105
11.893383238916794
17.91609318242437
23.356281040562532
32.84487910438901
40.433056585707305
48.07587056331192
52.71083337263214
56.510806221576914
61.88583839293233
64.14956962082512
67.61600997921843
68.6665489013645
68.21829769772938
67.59191026657038
67.7087458652613
65.12411799837176
64.82142476575238
63.127907948288815
62.253895892985966
59.96488629943463
55.809437412574155
51.83430940802916
48.337214855205175
45.81197684067347
46.02761791715277
58.77216897415498
78.26653722025966
106.34244649947487
125.52443446379876
149.3922732715931
178.4243598486064
199.85639613370284
229.78521466509696
242.96094392378217
250.12782621931206
251.81810214864905
255.20377803801054
257.18962514686046
260.3384057875352
262.00308224568664
264.6829148424817
267.7007717656615
275.7531005767798
285.5268637892503
298.9470803748145
309.4109532553041
318.136220912834
320.1207739512956
320.2548843560425
311.34195057758535
297.7570428575596
277.6385676106598
263.2956686243086
247.40040783951147
231.7615871436445
220.34834735819055
203.22442901971425
192.32542426191807
188.64627588211806
185.0163371220493
183.8853864144777
181.063638363796
178.12174964377365
175.24318609796595
173.42997089794176
169.21619543094744
162.9147470850302
158.00265858380848
149.13587827714454
145.25341117799186
140.08176734076838
139.02484768755724
138.09117161077216
135.1389780844751
133.66680398888812
130.24403640783544
129.91216164444566
126.33406172021482
122.76053416519315
116.28360823550445
108.48610246550838
100.98918299953469
95.96361199887384
94.58813216749252
94.75537777903679
101.598854376566
112.59114669207177
128.21275504172274
139.47038464295264
152.24605335027363
162.3860661161584
175.66300251988582
195.3466599487302
209.62723482919642
221.00996380764522
224.31455416543537
223.9645473198249
212.39050527351253
193.70236324741242
167.88029040390137
149.75850533914806
127.1421699775562
108.7049551062623
91.66808573833353
65.33781516026689
45.24785484076383
30.544558325997173
26.222547887173057
27.767768194160134
33.7088558716989
46.12109305192605
62.99678353593323
75.79857948242436
89.29354361454396
97.48934466875782
105.24617073734176
117.29027249154737
127.5888926898446
135.11825141222215
137.04987905576183
136.67513240164823
132.49081967812563
123.9114055947441
112.4451782825674
103.98421507486978
94.84919490242984
88.04741082590147
79.26363124399414
66.38235558325064
54.94699701147968
45.73750731202729
41.75911278435092
42.94951858301317
56.89382044423035
77.60779446987084
108.72856708217861
129.5002034993282
154.6515890036857
177.80703524774677
198.0407794062362
230.65599684164704
255.5728677291545
273.8228735627554
276.7546162541468
277.4693174023848
269.50010195254066
257.8349066658069
241.09668200158254
227.58629213973595
213.08911287719826
207.6883531682591
204.5301602757482
200.32500441058465
196.85729244785242
191.79613487134793
188.71272444374452
183.71742209420444
173.05463978620355
160.29821466013436
140.0881942010507
124.5673142547091
105.58628335259169
86.6214173357813
68.45511808817825
39.03198451612624
19.942608272701104
4.717271127765147
1.8259764393284152
1.5627315901451808
4.269837194732492
9.822923825541823
16.921290472594954
22.12644157976405
28.49801898790403
30.05553802060624
29.359214949751642
28.567244645147756
28.322745267083803
27.957450318234027
28.718360783245153
27.66549223935828
28.744918849755507
28.754266088430086
30.27287027417979
31.2176799789591
31.35546819239176
32.54358174973553
31.843390784122956
32.426523907790674
34.43824313124153
35.10688251707243
35.30830596935653
35.17090881517715
35.385856064546644
35.374528607020075
34.88802522399537
34.97641374068478
