5
10
b
154.73391352115144
153.68540503737285
153.16791219853644
154.75843755283333
153.73499686242596
153.869974182126
153.87871240655807
154.27879422682383
148.9398245288089
142.98095838351628
132.11680064910365
125.8794589778445
118.35593205933912
110.1641556810049
101.63049926865713
88.63968148185538
80.93609229102908
74.15629583850775
71.54226402327346
72.41292675840391
75.22065304542375
78.60740413004514
82.44078452215255
86.24884616798128
89.4566867896279
92.48014560263746
93.46234045746984
94.44969531913969
94.60573789834959
95.77530707738619
95.77422274183849
96.0846316831816
96.18820872316299
95.80176149668209
97.02688723537469
97.79319085436049
97.26193649536155
97.63404466804252
98.9568139858999
99.43500187996442
99.995723802434
101.2248354053775
101.13572817274958
100.16189736385097
100.98435537831804
100.12357841208907
100.2388167299429
99.52756349967198
99.7355413505763
99.15449180507373
100.03721494021924
99.37483999626463
99.65695754457685
99.61713295980871
99.30673467852199
99.29088918325472
100.44861250003794
99.06319941821174
100.02824844698371
99.80465913186828
100.64951443859877
99.48042587162172
99.80998691982754
99.5557215649066
97.7535254188722
98.04996205501715
97.17912857738996
97.22896712901635
99.89115964298442
101.99372424075717
106.57791763681429
109.79151415277126
112.65774893197235
117.17167288150749
121.46466152259492
127.03142578614711
126.79848688411491
127.14091495238458
126.2255662764259
127.48204748399029
126.651131486312
127.44445861960796
127.50616898468465
127.0201912964788
127.71229156017935
126.4400243675918
128.19740510847797
127.61605404417143
127.95473029341558
128.04997894764873
127.45932199199027
128.62725063891904
129.5625964166547
130.61162913701807
140.17877431525542
148.5447530841456
160.79815969633586
167.48834274014413
174.66833582068017
185.7400341860678
193.2056436154515
199.9227801372108
201.4026179336339
200.99589051641695
199.54969501177962
197.67655677241268
196.11951907496058
192.9172594777455
189.47890976770285
189.67419461487293
190.31248827422013
190.2799313589673
191.94700958962406
191.60667668150396
191.31170450986315
192.12332440485685
190.0958721935795
188.79652034114022
184.44767594066147
182.6767262374058
180.20219536190106
177.46919388939781
175.12502454241613
171.47209837429398
169.40193070777423
167.02484114532814
166.36814278881462
166.67673275963617
167.52502590567997
167.13994313293747
169.23818971508828
169.3074205560853
170.5372814493356
169.6712750608932
168.92463327449235
167.95796603346642
167.818879069522
167.21942482687479
167.3744899927364
166.85181901605333
169.7638258734077
171.9703851646457
177.78266341157487
180.5244014762932
185.0786609315504
189.1789108851331
192.31236347476673
198.93906582486176
204.54699411004614
206.25996913225535
208.70883607612083
208.7834011292037
205.63862954543038
201.53493831210213
195.97394997122063
192.2764856965092
186.50838598258878
184.56524271603556
180.911003160674
175.06811764740826
172.2034334462188
168.56345228558075
168.01496845435352
167.73902159329648
170.70882789202534
174.83709810232043
180.18192373468605
184.42480862244633
190.06804269477024
193.4360291399087
196.9219787558768
199.24953080269566
203.00328908773668
205.3030505704641
206.23777417702885
208.09113397409854
210.95185165187584
213.69843810792653
216.83057713722778
218.66432450670888
222.38759559607777
227.33176781565734
231.4934610714941
238.28601125872228
242.88349036201978
246.28802726818589
247.0315613691275
247.18395505068935
245.29445093961513
242.96701816375548
239.74987864043518
237.10132466338712
234.55881540373815
233.52028797383804
232.82346977896603
228.9159883874343
227.84797449833272
226.2061047257759
225.6310777713267
225.46968955212085
227.99077686889405
230.0304055720498
235.53947701436925
238.68578258756344
241.59505473448795
245.29298635686584
249.0314634896886
253.5386652327709
256.02115695525254
259.45452531658333
260.28658948622865
259.4772986671928
257.7486359968591
257.76743638580126
255.11563368586147
253.67121357514745
252.61286614471265
252.30639863768025
252.09529944393668
251.05348378423363
251.0589322029304
251.37848401523195
250.83691055575
250.89613936094426
248.56618830272103
247.06771953802297
243.08557689064546
239.66729192329973
233.87781469132477
229.11779367615256
225.85453388616656
221.23285877267224
217.51981550958604
217.61838033992134
216.54838664312985
217.1056672380361
215.4082029722748
216.3671810941519
216.42729990869583
215.70248082049395
213.90940643586765
213.61648548463168
212.45082052745687
210.65516622755237
210.98963802962214
209.71424502171698
209.62935936134312
208.709384186937
207.91818317378707
207.68250874001978
206.47954530727557
205.4444874104316
204.3255172065805
203.37357880860364
202.84872759435612
200.54144827736394
199.17236492607822
198.31667159498807
198.4639421627236
198.57986954593926
198.26325291404154
198.80814050178998
199.35082133028536
199.88582356052368
199.8423975942625
200.65340009395103
200.7490748494692
200.20114903740912
202.15783920590235
202.80294868487516
203.05356296067666
202.87032048797937
201.79355348233943
196.8879209846438
191.73630893963767
188.70989474820237
185.44378632294297
180.63363182000344
176.79882861570235
172.2318875671452
169.46487870916792
167.28707265177277
166.87883222468434
166.9835412140208
166.69912052380593
166.49095235742504
166.82093350595542
167.1516583975972
