10
5
b
171.09215542397325
171.6650286673199
171.93683121245118
171.66706722606895
171.33857192743807
171.69329849121985
172.43628472581224
171.55652789661505
169.0486808402081
164.88799494156015
158.68979186932697
153.71843069699835
149.5071174015448
142.50027944341105
137.552821885384
130.52608041585123
126.77297028697605
127.13052851447064
125.57109601444911
124.17517188646853
123.86318481435909
123.34768786186682
121.35902446956077
120.88478794429227
120.62202553641686
118.87924523773698
116.26910215216874
114.3721030884878
112.23681453232845
110.57510273840458
110.45547860014975
109.47675086281187
107.91156508043798
106.50608705572462
104.67298166252564
104.2532526635267
103.13267706727272
99.89925590261751
97.9174661430576
94.53378160338436
92.12067840921831
89.85331427501768
89.43030414851548
89.68234585256948
90.67151627868684
91.38769950547443
92.50927312447348
94.15353686510714
96.02069943564224
96.8865561998871
96.47392066397344
96.97444247539974
96.44432360174905
98.075207785877
97.7213224171696
97.73963115869864
98.31493851771803
100.22864670958496
100.4337603316543
101.58337642420062
101.47232401719687
103.77680076755118
104.54966062366302
105.03021689888605
105.75338216507497
106.25997320519274
106.28577148932044
106.4266599832195
107.83778181252558
109.62780984543787
112.68826281643425
113.1483903360945
115.94074144849284
117.61603519978463
119.21978679233843
119.42973555582059
122.1449433921861
124.22792017035138
124.40103885812297
126.71314988420987
128.5986397376718
130.99174268914376
134.71931243836318
136.69815687880094
140.5533765631936
144.405924796133
146.55733134454127
149.56193555209907
153.27242441391
155.92031283669564
157.83989032242235
159.8007705188095
162.06180441089802
164.75027103942568
166.95694957654703
169.93230722705025
173.4673565592133
178.5084387139256
181.6606999886189
186.95942865191577
190.7092874871009
193.7757249119879
195.45812109339852
195.13846969984132
197.66683454974145
198.52366303924356
201.44045136933966
202.78095504601583
204.56332850364265
209.5927704666954
212.70467780698277
216.75423464307895
219.3608033307389
219.59933066372457
220.5245495830508
220.619260538276
221.6331726865453
222.0806783912842
221.85194523167306
221.23619368243294
222.30228222531207
223.9583138293797
224.67251464734585
226.3886091433796
228.13781335907794
228.45049650016057
229.34283412142221
228.5190044964709
228.67789485417856
227.57868526411633
225.4315846307542
226.23288359969638
225.2985895186829
223.80116930929265
223.390832029182
221.45927620205475
220.38317540369482
220.0890126350091
220.9007507771052
220.79600870309534
221.48221291975716
222.16372624173061
225.4864702988434
227.10316430274315
229.22949697250837
231.33721257487983
232.05922834837918
235.50480187286786
236.6229352642106
237.35796236922064
238.480530225517
237.6877102889574
238.37726151892548
237.83506412303464
237.7592044157233
235.1824882388389
235.9891402099945
236.0104005306512
235.8614733178971
236.02825637250982
237.29091246185456
236.31586637361636
236.20408219334553
237.4080987201549
236.2845702494001
235.0329706453894
234.48997003913414
233.78567635934343
233.5119452377044
233.35471634076436
231.9150640503048
232.4021482430385
232.36151825727026
231.79586482607107
232.14710057968904
231.45834110510413
230.556704411356
230.21255144609373
228.53110661242337
226.66395500176267
226.55144101051448
226.5797354859351
224.88192937438242
223.73922328898806
222.3588357964949
222.4640759300602
221.2967441919278
222.28391818599314
222.63789081942474
221.39454508616774
221.29189730890533
220.4522281727404
220.65141652760826
218.6523586283034
218.18311780226986
218.3264429256578
218.95194292230727
217.50654071321486
216.3144403886413
217.36233997152945
217.0430658494271
217.0990616571533
217.02734899943246
216.17070349531434
215.60777867911483
216.0923397243765
214.1544646826655
213.89868032629494
212.7754484641221
212.83750355076563
211.94828923611064
211.08141610426333
212.91263060550963
213.73674275026784
215.18252356274428
215.3688369755265
214.6718297841512
216.6066395624076
217.3789164719412
218.29594591550367
218.58826234352634
218.89797923273474
218.16699988726452
219.011841272721
218.03984833518052
219.0975862865561
218.32783073184635
218.05556484520503
219.21298729382073
218.6356357817501
216.83144185223776
217.6029443596115
217.14648616777845
217.04442694184536
216.77875718235427
216.284270500472
217.16400585263327
219.03704259258726
222.74092596309148
225.48604030639828
227.03753086243825
231.0479342003935
232.1577124164476
235.66661553239302
236.60422313029585
237.83349210413493
237.21640507340769
237.361560458439
237.40935254100415
238.92584626376924
238.33723792623925
237.9952663251051
238.1628848462929
239.12206244209312
239.461161278622
240.2708165799329
241.00810360123825
241.05875751932209
241.39094779919483
241.33692394770938
241.0371684223119
239.4099024003834
237.6376843490362
236.06351476019015
235.64868311340481
235.4324738870999
234.46529517252537
233.5644482582071
232.80514390356572
233.0759116300236
231.9771505939282
231.17108275233056
229.19422687657547
227.12970658091527
223.4452609780215
221.49537865122616
218.53021557699094
214.95916462915514
212.0119689777206
207.24863391435792
204.12781670493885
201.88871436213162
201.48134529167535
200.78324525739967
200.29238396816024
201.10259500319415
201.2244621514893
200.77351269016904
