2
5
d
121.4817625862519
122.25205235877603
121.5445436874627
122.06469509800844
122.35356304956241
120.92694447224136
122.53290270592848
121.2842111046336
116.15950253656234
110.42885011418826
100.65487285090084
93.2536483005067
86.90710327783391
71.74660280489938
60.65662784150841
48.98924259004808
48.3288750599742
48.44499089092879
47.61606986063715
48.62582690163303
48.388045511763465
48.19206571224735
47.097284831522096
47.581751533536824
47.70436921619582
46.57762336293495
46.099138552801186
43.53647543965735
42.34453024159959
41.10773514386378
40.844726363272386
41.136786476928094
41.172293510214764
42.18062303169463
41.720369126860184
41.81201638240959
42.667554755023716
42.837403690488806
43.256002510302515
43.39791493130602
44.123381941077064
45.46927167997524
45.953686454628105
45.24109804162426
43.77650980047369
41.03973020619139
36.55512261861773
32.759855878267
28.985989981558966
26.5221356713066
21.49234826125149
16.168745338754075
12.32689039910649
9.051750236441093
8.972502210995513
7.628654121922308
11.180424275744304
14.330716800675084
22.795350527730076
26.519469024994823
31.999157797218555
36.432234982076544
39.999216724266965
45.365729356216754
49.897051162676405
53.58035631571178
54.83377916564798
55.10842171829271
54.18248156784357
51.533442018565225
49.876257151437464
47.653205667636534
45.596126494774275
44.28143987083595
43.513967233512226
43.18461290643035
41.81383698063855
41.02301246539029
40.50493697748371
40.57021955181196
41.47121952501699
42.99250483438211
45.40823694746375
46.75192304063471
47.79949136854164
49.38339684487494
49.00126004537679
50.099574531589475
51.47623901242248
51.936470692655945
52.78044757224324
52.85179710856424
55.09789728906967
58.284083263901714
62.219514901531916
63.403085176405796
66.840246243804
70.21410047187679
73.65463772854612
78.48203351468794
82.0841598649925
85.5260613087379
85.84736552463157
85.97214191580277
85.13178746885252
82.51980296353054
79.69762259217123
76.9019374512855
74.43558832790134
73.21638615654948
72.53531625175623
69.1441381734365
69.34955738821306
66.73583640584417
66.88776273553965
66.76162800679006
68.13896018409827
69.86427910938838
70.73474994341781
71.03384061104217
72.5684162656616
71.94246276827344
72.71814084220571
73.27179929350703
72.42933550044995
72.67971050784492
73.52477557720437
73.43645851813919
74.63377909003272
77.53914299054237
84.09540835020387
89.66308978467839
96.80873826949163
102.90876273506413
108.29936203925293
113.37590593717316
118.67718770247272
120.73231037786684
121.82569118411838
122.29576194452613
123.07572200145019
125.2067271513467
125.81208457153149
127.72441688387758
128.49806647507586
129.37214481495252
131.46148673825138
130.2912691783954
132.65781220523152
134.3889663377384
135.1986052618576
138.06767144702408
142.55511553554174
148.91754270813513
163.41571319797944
175.06314043930038
189.64552885868255
203.6464025798008
216.0478772571548
234.96501023785277
251.49696461337112
262.3708769717245
265.1481747296548
264.72544595994685
258.30691575905144
247.7478523706053
232.25891281333594
221.11743631033823
208.29255628223376
191.9114065381194
180.0546481914132
169.857395680962
169.5947609938447
171.7385479328359
173.4328888537025
173.8844971438441
173.25346276256852
173.4558192109736
173.88327684553823
173.89549309692345
174.02921379839827
171.84148113622453
171.16868216156624
169.17967096379297
166.0182371936295
165.81983765960834
165.1171674309154
165.0013414793395
168.8252783111924
174.3879148639003
183.47921208933815
190.7908491792585
198.75038236246075
204.90928156801948
209.67131463368946
216.02367276586966
221.92733902444382
226.69522104620845
227.9809835916593
230.86220643647786
234.1878174063689
237.1743103707341
239.91759489418703
244.74266802038113
249.86499622714683
255.31699556544405
262.7257629767105
273.6539765554217
281.6574147374789
288.6907356265477
289.89741548933574
290.53608949191585
281.20794396533563
270.35481730336977
253.74074778730125
241.51084369521976
227.91471100573105
214.37535186721675
205.78092514522336
193.14995702538585
182.57499370964936
176.06687986727104
173.84437925311076
170.64185995145155
166.91986407673977
164.09942251796775
159.60855373851828
156.63838504891373
151.8749128828754
144.87260104683676
138.38400253064975
126.86291376851827
119.48815378472263
113.15833786552459
112.24986674031676
112.46129714614794
113.8527127671055
115.80398927023782
119.62866326514724
123.0303386989566
125.86692884121729
126.25226358162152
128.12959369481635
128.66395242040875
131.38925915177214
131.88460098372204
132.23274711063118
132.65491785100565
128.9117212292634
126.25840173681173
122.59833311503381
118.56280509851096
115.30382392628375
111.59451197571777
108.96690926250513
103.64896553463102
101.40205800271544
99.65748996086771
99.33067797239121
98.67114399016941
97.392096067925
96.96455079434502
96.23993332789502
94.66418342480564
92.8257241206827
91.58670357163179
89.78222839601585
84.75168708255077
82.72649049418781
80.4482585353421
80.14182050966416
79.94548482780982
81.90421605728586
84.98119886236358
90.53763480586679
94.51931889523094
98.79119426562791
102.91718621465671
105.62960816830939
109.83777925213846
113.04989715870818
114.6726908636093
115.5421558865268
115.42883671155556
115.5164484455758
116.04290678721394
115.6898300374146
115.22784415811545
