6
1
d
64.2837223233087
64.6044848717069
64.28577989088123
64.22273766359805
64.57282944110084
64.33569320303428
65.17869267174413
64.5566148910733
61.43691175888906
56.66573471711578
48.713403374016394
45.546943873009674
39.18258058241789
33.460386777683915
28.084092565062424
19.893330963058023
14.254338720210553
9.062467757409047
8.812459401997094
8.217267437761896
10.215134599436748
11.083941098984411
12.352361401728214
14.946155504399622
16.848042172696633
15.27213422175972
15.892563354133864
15.929896175652217
16.078896601477517
13.926060461318754
15.114015914239369
14.864826979428884
16.311244197869925
16.88365331307738
18.053208593966776
20.85100918792211
22.036891141105052
25.04166447125171
25.199876280752335
28.551474593258323
29.469586886673685
31.262403655983803
30.83908931685992
31.09179663507841
31.075245863248355
30.083362875815265
28.1906493640039
28.18139002081259
26.240985284836192
25.625706964424435
25.435510029087116
22.75645239888063
20.681635738592874
18.458894381582734
18.271167097699674
17.50316205846142
22.210017144537893
29.205543816325672
38.590721837652936
45.445966726710544
53.494595996778834
65.44142110619865
73.51385610824028
84.56007246165439
85.18299669577611
86.39403070007045
86.8907416166144
87.4001777573957
87.2973933017649
88.10895903147014
87.93627395198635
87.60550112760164
88.6245576679322
89.14793799944712
90.3232285221818
91.18215384921479
91.18328590848677
92.33937417906154
93.71163934867631
94.62973426379676
96.40521233882728
99.62657751035293
102.35080672467397
105.50804178645868
108.92705204016598
112.43236195547472
115.67677949359555
121.26852283381844
123.70449471176299
127.75309581374138
127.54230631308911
128.3137330421122
127.43025329807533
126.38839508284437
125.71322822361009
123.41960106130321
123.19220241496977
123.2732376966747
122.6972473936933
122.77007690718074
122.58897833652246
121.5959757171228
121.99445348853008
121.27681230457942
123.21316351393799
124.62506981255252
126.65901608489068
128.5186623096693
131.75260366681195
132.6501955291363
136.20124871786675
139.21317763261038
140.93813195660084
142.78154674640726
144.44813534413856
142.93126691826316
141.50657747494543
140.24217573553884
136.231362511688
133.78602335550124
130.774738258711
128.9749828202258
126.98106733600584
122.93553053358191
119.74686844061247
118.21941181694136
117.71680045604839
117.55596003881524
119.11640636794962
123.18826001876573
128.56476063513364
131.44900790408585
135.94142211732552
141.32203187503634
145.5635034000248
149.24851951857062
149.31576917683847
148.82670778806963
149.68870098661813
149.69718085839142
149.13070332518691
149.6513787913989
149.62811254219756
149.8911644411752
148.74719539854962
150.40910451737483
150.79147108442874
150.35131040706185
149.71458795140495
150.41879790315488
151.26950114939228
151.5453804953144
152.40504017752116
153.60343504278723
157.79903219533435
161.34935718647856
166.42831397092652
170.1443762393849
173.78064439522825
178.14443929584974
181.42783332964356
183.1601929275302
183.19273047764412
183.24733639643713
183.9076076829234
185.11669334660337
184.6202078409828
185.42922971888322
186.73231984243006
188.37882458211217
187.93368479896307
190.0530066602782
190.57835418679286
192.0728590143251
192.7867745679632
192.73344771776664
194.8133956651279
197.6864898391744
199.79368133945437
202.3258233520343
204.31285741848512
208.18715273367647
209.87750851698888
215.37391974714458
218.69897021171468
221.65428539169204
222.16134412780428
222.08067246794076
220.40420522835535
220.53116506765315
218.2322961032569
216.07578309212118
214.8160360303428
214.3161785888371
214.2487437620554
213.65646623280676
212.62178073373667
211.97210074100522
211.8451005320842
212.90903563853672
213.06531892635667
212.29026607111217
212.74325972971062
212.85985805044103
211.8780555222015
213.61484108121846
214.01191173690282
213.7498251624406
215.03277056585551
215.29211996686502
214.6530969966693
214.97030892613915
213.67332789445265
212.09737409146382
208.7903462350502
207.67446125797102
205.19869968718115
203.07299117553055
203.63178632659077
201.33160993151208
200.5560055835724
199.47666591319242
198.75364258435192
196.51885533539246
194.64030990666805
190.67338673254832
181.1473612594249
175.7346271480492
167.89049885666526
157.4059221296633
149.7466874270197
139.41871094528514
136.33597981945223
134.48655595802126
134.61472650845326
133.24657730521486
132.98243845864005
132.8521468140749
132.71648627153536
131.88676227384443
131.35164968789607
128.66162139284557
127.19892668347177
123.56587354733537
121.9405002130955
119.7585471710917
118.9259524643519
118.53085169557102
120.48934271996612
121.72505611709668
124.01678684356573
125.11097003945454
127.00333171996664
127.36015381478617
130.23784689356336
131.4917928488751
133.5641695541054
134.27576407058572
134.26992995600872
134.2909074797184
132.61682505178285
131.29991054962431
127.87079299288315
125.86423955788909
122.35319321982325
121.415691833681
118.23197602986181
116.00307237368348
113.57873826284565
113.96607270986607
112.20001108791428
112.97310797034699
111.7346473173256
112.09627888259782
111.58604298717198
111.13678871696938
111.24469887194421
109.52727775591937
108.37555998867431
107.30343584695456
106.14918857784767
105.87550208022134
105.88913757190075
105.89852454504938
105.81193507965793
104.56813812678465
105.31255802036334
106.36449841999533
