6
8
e
52.56544965638404
52.31542970831793
52.70754316533206
52.08605916889198
52.46453148868131
53.31700350302169
53.353197463787076
52.2989054835248
53.13639721311468
52.46778044925011
50.47573850278212
50.54552179844434
49.879456745998574
49.00585156576307
47.769406500175315
48.12712495786432
45.78334030335621
45.75210269620333
45.902127755373996
44.880847139073566
45.878761880360216
46.70031752257765
47.16168446466533
49.46032243895659
50.69283057361107
49.9746610892812
50.989496261386066
53.54454529151482
54.8560946790439
55.50294754973175
58.39176187631587
57.32622225668723
54.19826102849519
50.491061064567255
44.88379233274518
42.01372271580817
37.616819843812564
34.498242956399714
31.275168966519725
24.303355036050338
21.47226033179227
18.160595328019518
17.310516447971843
17.27248905810283
18.329679767324365
21.381759730877242
24.176091305101075
26.170399007944663
29.170593952789893
29.457273774633446
29.815388852571594
30.156468014801888
30.778949187190424
30.4108946975031
33.58735069729998
33.39669089888211
36.35065924195887
40.41072379093826
51.56595887782921
59.63307956728123
69.81420592550927
78.69614330074334
88.00489718520633
99.43626660929273
109.88597698441379
116.48516725697077
117.43562798441805
117.96318791689922
116.67261437187055
114.3580163524434
111.13918506880896
107.39601476050332
105.21392544448153
104.90263228280814
103.41758918815631
103.38422491334981
102.93473640202932
101.59130130071249
100.67353576654347
100.02065795631032
103.45062725974032
108.95821657300698
116.85891602419571
122.05944476420532
128.6872231591141
133.79420092763957
139.16925480506106
144.52652360444083
149.2809898156657
153.99249278016205
155.963826527603
157.3202600253897
160.54686013647577
162.94229073125894
166.38586626521183
168.06612502150958
171.96299299960575
178.93634960006628
183.66905336688654
192.56257482333785
199.40961177991224
204.47804893574917
206.12100720366797
206.13539977200847
200.98915586691373
193.2254602941191
180.7780905441265
172.280059879646
164.20409552461953
155.7258788535751
148.29459743878976
136.01640064284246
127.02760524906381
120.2290218269993
119.531222837639
119.27292398544407
124.51804515319263
131.94830705275058
142.60636399089103
151.22487282944687
161.1223384935446
167.1380434955303
173.18934514678276
182.90911988987128
189.90153705350104
195.4913659364157
196.9240082985633
195.68994042656928
195.1592480606337
194.48820509265428
191.64917491499594
189.1369615145472
187.42948135632506
187.64841124795606
187.30339384623554
188.33057250030222
187.649719846811
187.58429955943794
188.62805669062652
188.17032412036806
187.83617991211455
186.25172175796203
184.54268697231234
184.25460893196035
181.14687788806177
179.76926326393453
176.1056204987355
173.5240504934619
169.77977368201692
167.43935833224504
166.5257323341918
166.87913901598827
171.75222781733726
180.64843709941832
192.1381748100426
200.39171347694716
210.06905276599318
219.43867929176378
229.18013825938672
244.50681928137652
253.9048503110345
263.33903455052285
265.69948327944724
265.99807074877805
258.53820609396024
248.0523079663274
232.65814863277075
220.33628387378997
207.19781151527238
197.4599900161956
188.82794329487416
174.3191396222711
163.81291294609056
155.73252218905347
155.31706084293955
154.31983557293125
156.87360586801663
162.33421138240215
168.03313813213057
172.6352020377375
178.87774642948744
181.35349939691594
183.37104515627038
186.58706969678627
188.8576659291797
192.2503593677262
191.65199034995948
192.4621436758589
190.75344004829674
188.64495465693153
184.0527131857866
181.63113174156547
178.18764359519292
176.14315237065586
171.2977918760075
163.80346692391396
160.08354405209514
155.21750292652786
154.33220724674246
153.46202492998606
163.6523543354508
178.57522631482436
200.38830902422464
216.81116576701444
234.82871001709648
250.03527843275674
268.14218396338316
294.3881051760471
314.9167082674595
330.39937415994785
334.41751118469756
335.0019313728087
321.5028770120902
302.66336200284667
274.3998631988491
254.2954023937098
230.88901574820306
213.38109049226676
196.10421609908715
168.45122585359465
147.8723701055145
131.8093162404924
127.70922376664855
128.6758267785423
140.18261016245677
157.6338975658194
184.2944495938992
202.6299547882456
224.3796710059005
240.63237056928534
258.02700556980534
281.54598023158337
300.44056717331915
314.25535215395183
318.16499937001305
318.1848372154288
307.6879308871847
293.0695520856189
271.08742239490874
255.73406011818105
236.05350891696287
223.37521846484267
213.772804708756
199.85502428528056
188.7424618875508
179.49764583914646
177.75781227872744
175.34352497085686
171.15254594734347
166.45529327376028
161.71872337700793
157.73111956784373
152.3262913328073
142.77656591771682
134.2803069988543
120.61040044761009
110.51521434836857
102.15837955478774
101.10686045768156
101.11714170138349
104.9197997230123
112.65921718490068
120.7023773321375
129.40263970350745
137.07687150999908
142.5055862631301
148.25133049292742
157.1430575608899
161.45193431257036
168.4706534359722
168.35658663309297
168.52987144375004
165.07420932111114
160.37948538505813
152.14747706401647
146.81654465436267
141.08767309936775
135.64009313494233
133.68420984311655
126.45436498290185
122.2211706104914
119.74576807002569
118.05593037805004
119.72289722119002
118.17260162519162
118.38085048545273
118.63899993018923
119.26124200127711
