3
8
e
12.949285639320143
12.153517698892372
13.079226574184597
13.034354454524244
12.927505415117414
13.551740488008987
12.995078579712528
12.890542023357021
13.473774399018764
10.70701562026896
9.53355702146928
8.614267196335609
7.2072152015848285
4.792214403005533
3.2790511863766505
0.321943422708484
0.0
0.14829402535633068
0.0
0.0
0.10907400403043985
2.4484309733146894
9.313834622225741
13.972316456789754
18.18322959949381
25.289952271635528
30.533538393125703
36.38037192225237
41.900937930571935
45.03791086786518
47.772380152578975
46.72928968932755
43.76271601520925
38.60548663145201
31.841254706280065
26.19631691601825
17.46644790946589
13.13432117848018
7.987033177870348
2.445678155244268
0.0
0.4847251922808396
0.0
0.5231315206092505
0.3575503997628322
0.011048061115011503
0.0
0.0
2.03123754309987
2.849166180318474
4.454969544974532
3.2570466208892532
4.050863794167853
4.8790501162968205
4.488796094333461
5.483866134456644
6.939014539699901
9.123482298360486
15.335250104182963
20.343432932995086
25.0588241599333
27.606418749476553
29.310617498044053
31.86403222091113
34.391888956794794
37.84525209763179
39.99796805576777
43.180372575797854
50.3602195344295
59.02367478525358
74.45235591638505
85.56051812232126
99.14881791917315
114.14446864449923
128.57924735285582
152.67255937079128
169.61578426938254
182.50987102557502
186.61513989071588
186.89917327977585
175.01785834861903
157.35169460151718
134.22889770089586
117.13365232126367
96.18060056864101
81.15741708814802
67.00211740833088
43.93401347266483
29.19038271855485
16.134618215207656
13.217862757751822
12.944333955527402
17.96764651186415
25.297660631693606
35.963021596007195
43.27294506238785
52.73027936164508
55.70075572429229
60.07361765170314
66.17604921556382
69.44727119790623
72.77454441005068
73.31270918115816
74.00093211400096
72.22967987012198
71.76188664524722
70.31348216482021
68.90690939698365
67.953162293445
67.74011561421312
63.815260832997105
60.38090197910538
55.232500403010185
51.881521813487545
50.1506759126496
49.52197785969787
63.51606481196105
84.48008044173146
115.62074053351594
135.5836597117989
160.51534253492756
191.90059703366057
216.20239342685605
247.50565823736127
262.42172482289544
270.2959368043803
271.8794549671535
274.8519777581326
277.3128572903538
281.05158838092905
282.4284199052621
285.772745964041
287.7938924106518
296.99892168233305
307.9507009092383
321.37136877056133
333.5123155626444
342.97414526422796
345.0802535864322
345.89965290501505
335.49641501240563
322.4641333715721
300.27560600236336
284.86482587800765
267.73003579019155
249.30826623691618
237.08812050330414
220.80660622207228
208.1060625818347
201.69725350374907
200.74711355052392
198.3890814332033
194.23843472809986
192.74673525002925
189.03073512605772
186.72353460200716
182.7561526517999
175.93156107358803
169.23308740875783
161.3549763045953
155.97396424716325
151.24157785857565
149.5651219622036
148.94426112245915
145.68372532031546
143.9952041028884
141.0268746210519
138.78341346810805
136.34151241180518
131.428367243388
124.50959502079965
116.61409774155398
109.94315600978764
103.21474461378212
101.48888136374089
102.40119737500753
110.04936303554535
121.48484030272375
138.4364747175379
149.93806235590162
163.48800612336834
176.61765279157376
189.4185324981491
210.76865801478894
226.57825697543257
238.09762142674577
241.9532094367445
241.74735721475602
229.30535388022173
209.04408151742624
181.20861148459454
161.69218346044224
135.86093533672732
117.77691954718594
98.65338943434736
70.71003769637595
48.61906436238081
32.14491672767389
29.12030563246159
29.474520243546614
38.184129474439494
50.084038735418666
67.52683585513672
80.64864437993462
95.98719734977959
104.76091966657835
114.05849423795577
126.8302889493259
137.63533640495476
145.4335887917592
147.78086325472415
147.5077989435309
142.14945459776183
133.38676167362684
120.80288945136681
112.55399224122115
102.39039438272489
94.30418463201721
84.39331174029755
69.75937907896304
57.79830960557033
49.68418728101302
45.42963542443645
46.661846405830396
60.95971896137826
83.40323604034499
116.61715846854071
139.9097359994772
167.2990380373928
191.76679197643085
214.69363159774207
248.5711375590666
274.3888057704023
294.39498485279495
298.5383660050467
299.1282605029317
290.8903973306404
277.66065630380575
259.4065667004014
244.11218507886247
230.3231065955258
223.70639214055691
220.06704320126107
215.8910271484551
212.08040636202736
206.5328524140085
201.87051613222465
197.59833299553478
186.79330316021031
172.70871467788785
151.58525574950914
136.02044473187794
113.48290718103048
92.9461202568103
73.7867514189383
43.69253413046324
21.303235629237175
4.6710708528928855
2.2673666999969146
1.4614773831839547
5.365868016802556
11.08582308969914
17.87538910313128
25.00115956261031
31.122636589815944
30.486785905911457
30.573302723755095
31.59288053288094
31.193937218721942
30.931669704902355
30.276057687273372
30.6790752180445
30.873148695906938
30.950721979950114
32.972044943097664
33.05678566912913
34.202362974195985
35.87027393226582
35.465764518412314
36.246759523150374
37.88136616960228
38.78181609471406
37.123632739748054
38.47828602468017
38.37127610444763
39.00888620442627
37.373892305181464
38.509063968204806
