1
7
e
114.72793974639751
115.91614699785495
114.97855495933933
115.42971219769396
114.87621738767199
115.85330829442205
115.78738591276317
114.7370337527904
109.47861392774273
101.62867042748196
89.05483838044863
81.15879034600027
70.52366329269013
60.64487225749796
50.32090685405802
35.46510833892853
23.57288237058999
17.25021362839324
14.521237257816448
14.466878658780002
17.159815945371896
20.525937319124946
23.90532458469599
26.592519599587582
29.518123816138996
29.8193532373024
29.116130938474218
27.9605673926262
27.72240210823911
27.835047734336957
27.344403675343603
27.28499551369516
29.22553071489742
31.395247202583896
35.183335879897164
36.16205556099412
41.22025182974015
44.36963784753732
46.244531207189524
50.013375880824626
53.63148957863938
56.1166326568414
56.3601889642435
56.7334335906364
54.85597366074961
52.95028449018873
51.49884895765789
49.796745852714054
47.62316484190326
45.38910989384926
42.772780378944155
39.787490577927485
36.58156295700937
34.34748022298087
32.79273011652269
32.11308993227593
40.18054994152716
51.922785480269624
68.64916020265571
82.1881960464212
95.89294197780777
115.80052671321359
131.08967259242584
151.3356217132578
154.16576547343692
155.18467177617455
155.94337186475778
155.601985009623
156.40234034077395
156.83649955731906
158.0491504574944
156.9871103920385
156.8735376590622
160.9854642314996
161.86393797142065
163.4496720204975
164.10490044721556
166.44735972918195
167.62970529251834
169.69841014555283
174.00144038803745
176.7552357579061
184.2011867812903
188.98093555201694
194.8719691483155
201.9408891215326
207.09600213688742
216.7283101290581
223.90464007970718
228.90374313051626
229.21501837774528
230.2397077530412
227.8394538949444
226.88754913192585
224.7601115911602
222.73578662167694
220.73465974141007
220.9797038925823
220.2081938475844
219.51347527682316
218.22829141408428
218.82006470270872
217.88842093621838
216.66307999650803
219.68123782517978
222.90353785579958
228.27571775523174
231.41468812619965
235.0879972718757
239.63097972317422
242.5865332925068
248.9643859576322
253.40180046635265
257.1968497456442
258.24657784899244
257.1196496211507
255.66990635588766
250.2078839750753
244.6110682916846
241.02586169002063
235.53260772046713
230.4278270339197
227.1745128873464
220.74011336020226
216.44393417189872
211.4136013829983
210.86592427051812
210.95927890410184
214.68629126622506
220.54770291843528
229.598709240229
235.1436396585206
242.80299293442917
251.68386512737206
258.437941155044
267.4985676305193
267.7263752746755
268.22818346443194
267.80844909603496
267.47536612128044
268.11626492160303
268.61396063183975
268.0907121317033
268.28410982031045
267.0525445956952
269.18993270935624
268.71310681642007
268.47398975701554
269.3851403821021
268.7854777721656
269.0214493728807
270.94803605143915
273.4830332636734
275.9081126672655
282.20892886058954
289.2253441011803
297.99754242161777
305.8236860642664
312.15964582191043
320.26457681675663
324.93273713844474
326.73792442255717
327.55085543416544
329.38809856845677
330.21222862224744
331.8104064427929
331.857493636021
332.5807667196515
334.68559386901836
336.70966497182474
337.8356408680924
339.4707442685735
341.21869572541584
343.20848840356274
345.4957897408913
347.2071568420195
349.8902134095467
353.76340526905324
358.2770258356591
361.98080057710195
367.2534358922326
372.20122735013365
378.0918925371752
386.4056436407049
392.8953728260927
397.16106204759603
398.88531559010124
397.8212510212415
396.49103120894716
394.4111501444723
391.3510401858205
388.9051179488294
385.82597499257696
384.4364107346056
385.2260136766091
382.7703742457501
382.659282731354
381.03408079598984
381.2130763031237
380.55250448281964
381.19146149332624
381.5507589959385
381.0196058649692
381.98892164819495
382.762577455778
383.00602156254007
381.8107320704997
384.2063959857003
384.47309239192106
385.21075740685933
385.3564426657332
384.71524410631594
382.6166308417928
379.8411309163757
374.6299752911066
371.63357018714646
367.88258423550735
365.4971011175714
363.9175190524607
361.81301497626606
362.19547768504304
358.30331713562884
355.8308038806619
353.2409497858859
346.71021269015193
340.33919313389396
325.7737699881509
315.0315162878043
301.73816214896766
282.82004331028116
268.83158739143306
249.47790227642815
245.442895671478
241.14954483148944
240.13889719938967
239.55722096573547
238.4329537141726
238.3324927369736
236.0470800921345
236.75446318044948
234.84458301108856
231.48623342799843
227.52547464452076
221.34695838469688
216.91406766977695
213.3741326673696
213.8098596046069
213.97173845454125
215.25280521134403
218.24465076367946
221.83133551213868
225.12444574803857
227.7081810351161
229.32578532251748
232.2710572888093
235.39828750713176
238.49139912969966
241.18095851334215
240.20949293562663
240.79180825876898
238.17064166877003
234.9868030167866
229.42322202601028
225.48096985973265
220.9916997022414
216.91286444070832
212.48132985238138
207.7146245904727
204.6015900383931
202.8568831318019
202.85203325269686
201.34595098706558
201.5260281971857
200.3522717797849
199.42480614460735
199.22388454378722
198.035609564202
196.27731416306514
194.45548776153302
191.89327895926257
190.82607493911968
188.9826666946608
189.3711455617826
190.12294016679624
190.0112258107454
188.82054569243957
190.36442646961567
189.458515130371
