10
5
e
264.5216187785339
264.03796704226517
264.1017168811206
264.05004626674446
263.31876827713273
263.96726106178755
265.3243665731342
264.0625746839708
260.29071043060924
253.5308926003457
243.44655500605307
238.50361827333316
229.51299916920175
219.22524087947255
212.16949325938725
201.87277228204962
196.59463450683495
193.17134272775854
193.29906311257636
190.98087306526986
189.92058262353174
189.6578026338648
188.81893044529338
187.059090890887
185.78967591206327
182.7752362486371
179.19551385514492
175.39923444666377
172.91618978854243
171.59870571632152
168.42838336640128
168.68087155481703
165.6268252630592
164.52083091483428
161.39745540699636
159.6880613945294
157.82688102906232
153.51388659559223
150.61467504352956
146.38820743578177
141.5983085646731
139.2658568770331
138.0914422500309
137.57704990587564
139.09362780761742
140.95489404691196
142.95657674455703
144.85236153329393
147.34720703145695
147.35139781926225
148.1401491252212
148.39428118209358
149.1064829307139
150.11721726291103
150.29383100520536
149.8579760133641
152.63937751264447
152.65799742012092
155.19499963694008
156.35858694111127
158.4930054908911
158.73120234751693
159.17519359626507
161.53564418218647
162.41778268920203
163.17982433810084
163.86883627102583
165.17772757388022
167.98125653981316
168.93551946909255
172.22072924160113
174.00910571650255
178.43179199098597
180.42577152589595
182.58701154464592
185.96652495181814
187.31553811231592
190.93656599465555
191.91337171097211
193.64489095638953
196.68108020208444
201.08308634107834
207.28840324394795
209.95689039685755
215.4669424896956
221.96541983358458
225.30172535501586
230.36189720433757
235.39199780665922
240.94186484379085
241.98374081532313
245.36145229193772
249.77238052416214
253.39554056672497
257.50665108252764
262.10773994552846
267.31778540602755
275.0205369203921
279.9340196943414
287.34902981197644
292.10374001636865
298.2541569362719
299.61505844588936
300.45328906464016
303.0514608987519
306.2445727782408
309.7937682447038
311.3909998961716
314.83647594010307
321.903987333527
326.93505478563304
335.43076928972863
337.2114728919262
339.19744595301637
339.16941075576676
339.9706114780389
340.8524204009142
340.94004479308677
341.0806848311236
342.62768074287897
342.8468496784725
345.0275209916754
346.3660890974667
349.5718550290194
349.9877843850971
352.7911172760804
352.10819027970746
352.295715079946
351.5055982773604
350.702038699571
349.41150838844317
347.41819117094894
345.3532397145449
344.58190476570843
343.8535142274975
341.7774029932154
340.05818296851606
340.1885079262099
339.2664013453203
339.2401731403876
341.3151286582893
343.79821884929413
346.8696940694919
349.5725441887212
353.0572297872849
355.1029254882303
357.19470347077413
361.93165386562026
364.21917236635403
366.5609454622448
366.77954131771895
367.2010146673915
365.7084786543414
365.3261212198783
364.94967752090565
363.7108825109541
362.2507831471287
363.55066542156
363.03007550302715
363.31159163294757
363.8916720659625
363.6757885717064
363.7719458625493
363.5568427181758
364.30734666567963
362.2220521351818
361.6315305471723
360.3626523445423
360.060724058898
359.698388766013
359.2737237059278
357.66495176786174
357.4154924229984
356.298490116534
355.7824014291077
355.48532298788166
355.42175199858815
354.58766473144334
352.5159882586023
350.81619242036294
349.3102326642993
347.7537235913233
345.7412884908908
343.9673514040296
342.4293648160223
341.6961881074377
341.7044351983146
341.0963683522923
340.6644335325368
339.99917372481593
339.7873192861794
339.3099246052804
338.88697712431195
338.04313156328425
337.05023903298365
336.0658309990824
336.46801727620385
335.2506978906108
334.6543359668376
335.32384464489786
333.7583758057723
334.54555393154124
333.5884933531332
332.53180014895923
331.37528495695653
330.6833093704294
330.3472476397049
329.3534145758824
328.1894658841659
327.24931571998144
327.1267532484118
326.19822064122474
327.4457449258059
328.35168888182847
329.87972713651203
330.6534623439229
332.03432465866774
332.8285695995789
333.1175094182963
334.5209685016752
336.09072153017837
336.50589929015564
336.07438292808234
336.78070945176114
336.33057557614245
336.42353777184775
336.2200983601602
335.07690776196216
334.84260889929993
334.81018683835345
335.34221659366034
334.62449709645205
334.350418860286
332.9291916356309
332.39350655431844
332.26413394912595
335.5586570324558
338.41734071973383
342.03771046799096
345.28435884188104
349.8786009513311
354.859437658481
358.3053903289636
363.85292807985326
364.6586327700627
365.3685905946791
365.1852669261676
365.0670586894985
366.8369953600729
365.8599657796345
366.41921746097876
366.56775475485216
365.97203915239646
367.9532630374571
368.1452672313526
369.6883774452206
371.11646353497656
372.3074410551922
373.32916283650707
371.7319274633456
371.8101938110234
369.4017908029448
367.52202160558096
365.08671390848014
363.1458697919821
361.27947954809986
360.97188329987586
360.2293690934961
360.2502840311821
358.18385423392897
356.8051124560364
355.8259054107023
353.9653739365789
350.8052866394911
344.8355589929112
341.0718599723628
335.54403837767154
330.41824533322824
326.09841883558903
319.70580364213527
314.58012728998244
311.44922842814265
309.7045195732448
310.4717382401376
310.70942172284634
310.5263896702899
310.523380150135
309.66091550607365
