0
4
d
113.6819123750736
113.51020783939428
113.5964608048843
113.20471616703136
113.60888614352899
113.12801566336469
113.82607461563214
112.65993920288338
108.33383525473292
102.51230615083772
92.3878259727896
84.98072298399865
77.69771559462681
63.65859701274539
53.535060734839455
41.31582649296432
39.089468711173744
38.677833276549606
38.43257702241971
37.954749094942535
37.24168753407617
37.77874962697635
37.3421286268651
36.89680278369527
35.60474219191226
34.511029969907916
32.61546426545815
30.45897970722503
28.164938187339096
26.032410343549767
26.31329748323606
26.08557340424653
27.39170130160808
28.575430470697196
29.139497719862334
30.694264131730545
33.20181478030146
33.18495816637456
34.304343974357295
34.8047951183166
34.809931143600174
35.45655885250207
35.88873484856296
36.33184715669734
38.1249099801991
40.943111880903366
42.549091534104825
44.25551485388789
46.98132448271059
49.88914644165829
50.32826191862073
52.12354498162736
52.56626116375751
55.99687921292054
57.924910027051176
58.85458584847803
63.45042131847487
66.97411971836524
74.80341360300575
80.86281357084394
87.1517352317321
97.71327118391405
104.53547169373472
114.07258766267657
118.80430366409226
121.47537159009804
122.24871043036326
122.84669050610073
124.43187949493657
125.33053982586246
125.60698431034582
126.87088520013546
127.29324323270264
129.5719355876012
131.8915237715084
131.8834717163619
134.74234850670624
136.6832549763748
136.4521771584806
138.96198287284003
142.97761255982593
148.33928686730184
154.63653757172986
160.70072909458824
167.96276362553857
180.96812479408123
191.17034359312387
201.94503450656066
201.60155944835694
201.0611826174205
201.03797533604072
201.4846189406622
201.50699644625837
201.33591714401723
201.50964305421914
200.77152005677686
201.28393357534497
200.19224696079132
201.79659525528476
201.64810114818056
203.28301541173934
202.3717757620081
204.20984479040837
204.75449170461215
206.04837308805602
207.759441264673
210.93325196198543
214.93892034230592
218.1944037281173
223.08038231129126
225.8067735068847
231.18194455785297
235.36254331441074
239.25557161052768
240.36696673505926
239.16456351582764
238.18149432008838
236.6850604355622
234.38436503702232
231.64909178961602
230.44219224063855
228.86890562596554
228.31509757650664
228.49908266858762
227.99388698387514
226.5633973545154
225.96328863041595
226.24494795734498
224.4594157731272
224.10173274547822
221.97044739422637
220.32382744681072
219.41932682307265
217.38070151564
214.4529559819961
211.06934653147832
208.02821413413582
206.9219573080564
205.06030978288206
206.2529687390572
209.17228202735805
213.21083442489086
218.838657651209
224.37324914645805
230.24627411784363
234.29993762895091
236.4546654700698
239.06914754910883
242.4573341473294
246.14085430126008
248.5193850411337
250.85540207564372
255.38655226574062
261.5070101956265
267.69950892369883
274.81887041569945
280.905654871444
288.954721642555
297.3277777486849
308.95516275974427
317.3593434749975
325.01591580041526
326.8172337866054
325.9848483983698
323.9748744362136
322.5342938445715
317.78029592775687
314.052742816957
310.9108059997203
308.8212199813522
308.3829917139392
306.9961580182378
305.73650467791623
305.2606043693607
304.8351001354764
304.7296056610695
305.9624128609472
306.7045346828503
308.0024283794364
309.8606038037632
311.1615054047109
310.5534254869159
312.249673959212
313.59753360006243
315.36587119027865
315.707686186527
315.8402842407363
315.8688080502141
314.145054706998
314.05920115904365
312.8321057590776
310.1602116935767
309.88349086736224
308.42889843999774
307.91549184262107
305.0872052799764
302.2791408709026
300.3768499173109
299.5684129030074
299.4386996689907
303.89003002525163
310.7084195203253
321.6298332796612
326.8967956522214
336.0460461231359
343.13927565692006
353.4593527062176
366.7654572562999
376.77222214093064
385.2190399029196
387.77216294147286
387.01363611663527
376.78552707159884
360.19738466432335
336.2224747551206
319.0969320933195
299.487463757711
265.46608157693663
238.14853040645505
217.71684829901943
221.75814834458956
225.29830777219465
226.93212137508996
227.66726694489543
228.20431912627393
228.45923242010048
227.94240144472408
228.04243608023725
227.87767904171915
228.71308725287471
228.7837771424192
229.10273497701027
227.82135554099565
227.88163926970878
227.9159608408842
227.00246591738411
225.32391389372702
222.99067982865142
219.79537404761396
216.3470033812946
212.0054462326999
205.35684272281213
201.76846389944527
195.36806474632957
195.66768287246435
194.98949921017885
193.7450533852108
194.67676686581567
194.46407761692322
193.1439743567139
193.64784795572749
193.24462956663416
193.06156379200573
193.35379640143782
193.14262226680225
191.96757327213817
191.3974698753133
190.85173934301017
191.08514005453398
189.78043093480642
188.726280734244
186.48824466855407
183.16962809625224
178.8309055545284
175.4578723311051
171.6645394987842
170.08077924835362
165.95702851683947
163.05619123250716
159.95018321495664
157.59373745170038
157.93383857271633
154.52378766421174
153.72506708521877
150.6647000447886
149.227121698141
145.94988381124946
142.49809399092234
139.13823839965048
134.43482718410226
131.13001138517254
129.71333833371418
127.64847738483462
127.93085395861114
128.0846818808798
127.88921041922801
127.89037308869743
128.09604577845153
