11
3
d
56.24420254348203
55.649633175454326
55.79059888382461
56.39762804759977
55.35396543260308
56.03560359033511
55.751914598882244
55.6175711217072
54.822293470419574
54.75884776160034
53.49180427845218
53.05757166281713
52.616762299464625
51.941283694580285
49.677126705953185
49.45069273321139
48.42825895401645
47.50081343620784
47.29610261814265
47.10206855045086
47.831516557641706
49.067003563708816
50.45430748889832
50.55025253143313
51.96222207332418
54.68839966035946
54.96023735254609
55.90764143851875
57.796666134972966
59.433772821422295
58.79731783314333
59.037411210426455
56.84005142003036
53.7139460714737
48.06544116994745
44.36515426012839
40.82790368239161
35.15855208708088
32.02815713322491
26.829119797249124
20.74372017795929
18.13233253692691
18.181734505573335
18.07881489600692
20.304281194406446
21.672959953402835
25.337996985857355
28.43639074985364
30.761460098901612
31.008495203130096
32.09500437284101
32.655172560684406
32.09530900483035
33.11089301326116
34.62344151840688
35.88449715380992
38.77712446807587
42.4610032831532
53.77407383699239
63.109365566852496
74.65227152738235
83.05703039405752
91.49474649720477
104.59406831970291
114.84810470288883
121.51141085295797
123.97072093307582
123.86112475758644
122.43076620943648
120.20511674330332
116.39835101332812
113.81709167452077
110.9336655371449
110.06974479238526
109.56189006368975
108.70738778310539
107.81026783323385
106.30901068397338
105.84194125160636
106.13674278869343
109.4301324693916
114.74066678668744
122.760980924492
128.52556223443287
135.24345435310104
140.87344556925797
145.54228536424628
153.11191469391812
157.45488445228546
162.48286428573093
163.86310976092497
165.4459554170477
168.20218540636984
171.01212478984485
174.95793890795673
178.44710976383539
181.93565714741786
187.44961523620606
193.30708851584524
201.85569419289496
209.80216393954353
214.65793597157986
217.3510519081561
217.0870398172481
210.73552969860228
202.9714184313624
191.4509330060835
181.97870782291713
171.43434960774616
163.8875232328613
156.37862072067165
143.8001691375302
133.9715175066368
127.21917166438354
125.60844672074434
125.02986820487081
130.65594062472238
139.27393871670455
149.9071861927669
159.55655992647462
169.154523862408
175.89304780398524
181.94388015823452
192.82336569008612
200.05877277365332
204.9569820572663
206.90662095322764
206.3592781554702
205.67064684091682
203.40306501191387
201.06885593006123
198.8964189046355
196.64190231694434
196.54312913827948
198.24339621227037
197.27876910339504
198.41336580426443
198.11702913069422
197.73552526528624
197.74731793374016
197.59239566211218
195.71070329182209
193.43679311473082
191.86252118628033
190.8892708767937
188.79800872429837
185.67392927236062
181.7582665409336
178.83905248520722
175.82724143569965
175.68275873291697
174.8823224893036
180.18057822638843
190.148135125684
201.924508926121
210.57317565492963
221.10255590824292
230.14671271481356
241.59280842060278
256.0659370155528
267.8269551365306
277.45424178989396
278.98682986521743
279.32065078368726
271.99895718775014
260.9982450012371
243.9579953667381
231.85857991107116
218.62633797041897
208.55928128737696
198.78141474805193
183.43122178459794
171.39629999863456
164.1458700439219
163.02279770673624
162.05301408122907
165.84760483254476
170.9186848474645
177.31694703852472
181.47753780089192
187.4352609387941
189.50304152882256
191.0670159529072
196.00876431341723
199.20872403111807
201.7337275326664
202.115443020815
201.97370281805883
199.44234047453864
197.2546541169577
193.05201358664075
190.2699996986628
187.54216361649355
185.39204424907703
180.9722260812196
173.95085087741208
168.3096389732308
163.04014076526406
160.62147762821732
161.99821007122105
172.09198946627978
187.85287859890187
210.40746695052408
226.9012110495601
246.61465539318564
263.6855183266628
282.50157511084427
309.2864797642142
330.98756887623983
347.5356694016886
351.53189509974175
351.45610616581496
337.71211828945854
316.7362610945691
289.1153368495159
267.13954026510436
243.06096514342485
223.91132113678776
205.83486361301254
177.31461000242732
155.04447298625476
137.96543116031089
135.14286998061726
133.61110832029217
147.93222346190086
165.5952288763688
193.23558206869578
213.31578131383242
236.7434442957088
253.30862848652106
270.1418894899062
296.051989815181
315.511609938605
330.42191168489234
334.61742826686174
334.3413991002009
324.02756865973305
307.4621048517845
284.57214249864506
267.7377600231316
249.00449927258202
234.98173104035854
224.13081427594284
210.48781362414522
197.99354050778535
191.05400688250685
186.9302382256338
185.12382396946774
180.1834733067678
174.89257002858386
170.58108400949516
166.20053013378757
159.12297780569006
150.28571473388772
142.1685809600532
126.63792115086447
115.98720921435402
108.28191153940402
105.6669757010421
106.0450824022124
110.54420831907528
117.54152405515656
128.10132639228186
136.42417227985828
144.8528684722683
149.90025939791076
155.43752667432287
165.03704446212384
171.35908014450868
177.12984985702158
177.42436051948565
177.32471476161015
172.58529313034532
167.7644340341326
160.97669959733054
154.41111175223165
147.9614687779306
141.78560029350461
138.4505798289885
133.40207027238307
129.33854134788527
126.3504432711265
124.80509454282802
125.32572785864616
125.22283108739562
124.84106136282841
124.17313295061729
124.27511805953654
