6
3
e
110.1043669429149
109.71828498985013
109.73103936797223
109.6377967939428
110.86193582048755
108.7134801516835
109.60279101879188
109.0588613770445
108.032320874562
105.67252303935035
101.32792530686638
98.47846772856599
96.71647301048482
92.64502383812138
88.63345387439263
84.24911368460003
81.94789808846141
79.96148575563494
79.82207570597102
79.33039967337108
80.09150024052269
78.5063178769786
78.86015410881598
78.28565897986358
77.10898881741652
75.7761622228176
74.59033189146086
73.28305131837291
72.21069851032954
71.19588355406331
70.7313800525226
69.82969634014356
68.53813916547264
68.18227430702413
67.6687566946208
66.92585072195243
66.07785940781137
63.784003630020266
62.114628383468464
60.23494977384178
58.77481352534741
58.38859965653173
57.735005193509345
57.430018287561914
57.182883965708534
59.476011669412124
59.35249760202226
60.70122679281996
61.12451972865991
60.53250492568698
62.46348772729596
62.26574403318013
62.974750273831376
62.388069107464844
63.63383266125828
62.12315168426453
62.37653156297371
63.50920261642423
63.50659842178231
64.79938581538846
65.75484714412136
66.06725225960223
66.08804321788475
67.02466511406445
66.95057525979156
68.68499573908683
68.29404384324089
69.39584222934087
68.5648625488731
70.47749137923242
71.67008636939676
72.74441441979104
74.7422331522717
75.33096300783373
75.76494649188258
77.8874155932126
77.46935722976018
78.91264074352792
79.30335753715885
80.37883210422665
82.16194420379058
83.1308483336002
85.83686052922546
87.5641284383257
89.97820310089908
92.45244887350408
93.76020746205236
95.58117904803251
97.80835355161135
98.91148264663572
100.91449862357005
101.77927287513442
103.32243770152141
105.23140845860632
108.70659078502487
108.90650100058478
111.31205037002889
114.39805622846963
117.10598729340923
118.90158478014514
122.26227533138761
122.8816707650867
125.31414963362289
124.78701462781561
127.00604422111869
126.97837599743313
129.47484216609874
129.4287319636449
131.24589423018122
133.58852510842684
136.3374855500211
139.08409906478252
140.68445273876088
141.11531391092532
141.29110558406697
142.28892213928012
141.6317058512228
141.59131354186644
142.30233672238606
142.38133448973358
142.20149311867084
142.03633418989958
143.59615154745168
144.86593430954593
145.62837327494242
145.8377076084556
146.395915377528
147.3989447229964
146.1762044044186
145.5427576955057
145.54936128549346
144.9421049814215
144.1977771101417
143.15832304099305
143.02345988063206
142.37145999771784
141.18603510679372
141.9325242712506
141.90095341965022
140.81199550160287
141.6384386348207
142.34994444077154
144.96915166029297
145.06110319777648
147.02585724635912
147.60170351021688
148.24464835151514
149.37753146420795
152.25654862607598
153.618390575592
153.28836306700313
151.8913270110746
152.10003433436702
152.25271773069565
151.6760473471368
151.42307129276514
151.66176569554165
151.3511212649552
150.9382051636759
151.36211477918013
150.60412927524706
151.91786322039172
150.36119663624544
152.71700884303493
151.86476350287228
150.00023398343268
151.01271825100997
150.06181661769403
149.51708268304694
149.78517587830433
148.60442479352267
149.19741200576962
148.50399112398603
148.22880543210582
147.86076057712822
147.75760433043212
148.19041924783863
146.97656950162732
146.59787106453973
146.4512337574645
145.10686957765523
144.04968661147694
144.32231964605523
143.41825091270064
142.31850110769847
142.68511097291142
141.74812100563818
141.89273120424616
142.08374630726195
141.19933964473253
141.92117491738878
141.0867839633599
141.1679381700172
139.82671212886183
141.1276961389292
139.8703413240086
140.6858786331134
139.90860427350648
140.07905297758845
138.53114980284067
139.51456558624162
138.58676104623572
138.39680407699342
137.8607635348203
137.5950259647599
138.06920286146234
137.78066586053745
137.1690242039918
135.84122261993195
136.40803134357262
135.14413349732484
135.3159070898476
136.6680959761099
136.91296459570984
136.91769474291655
138.52302880245622
137.6412194082236
137.8608811424502
138.59680232755923
140.24275485166754
139.2343881639521
139.62858987734325
139.76167022908928
139.39505636398977
141.06384365523968
139.1908510804992
140.2123154087509
139.9718774402396
139.43376073983913
140.12624447516362
139.0649876501335
139.62950351075142
138.91108449456115
138.54435232284774
137.5326378253066
139.38394175228493
139.90764242203744
141.0832012022494
142.44864967625404
144.01599865115296
144.8194135184915
147.89356526393232
148.82180635302595
152.66561816125466
151.99299002515258
152.90932275282398
152.0336161184782
151.4289345772446
152.94048384010648
151.65267328412716
152.05498896045148
152.20578512625184
152.2916803153273
151.74758282711372
153.1074978699208
153.7414998904905
154.56394558328236
154.81244808736722
155.59903391391234
153.9840880589111
155.20189710256767
153.37760401098365
153.06192122835026
152.40805190454128
151.42197048052316
150.21468350094466
150.08212220454
149.6454419667117
149.54276827627822
150.21543782460486
148.6085157449526
149.12318646459497
147.23654313234854
145.82515062179655
143.3951446907122
141.57643903045027
139.8397630185697
137.446105738655
136.25325458511028
133.54529182565497
130.25242010195663
129.52483751613084
128.50012803851757
128.80761448759492
129.27853153143963
128.83242436391012
128.41008547191947
128.13633770417994
