2
9
b
62.25567720757881
62.46626584238801
62.44508047698459
62.82855307535032
63.46096875265439
62.264590156023274
62.46622659220293
62.24034251443552
61.86284943650738
61.47184505526248
59.89363188773924
59.50277954909739
58.62817999199436
58.54341496860691
57.879981841794596
54.875919108177136
54.20273290890021
53.00123786717702
53.26556925352751
52.34046275831062
54.98185016641879
54.933572888980486
56.92620368528189
57.371971929954114
59.630536972395596
59.122996873975026
62.02631451293369
62.67953848152909
64.8188173662951
66.41415632347584
66.59227759855659
66.70494367440487
63.81464168755167
60.4216687950833
53.10801442552705
50.20730268086527
44.72566795151887
40.02979353977465
35.83484814972568
29.313655231841974
24.6165885482482
21.09228626536444
19.80074080302485
21.187893856059006
22.36116033666461
24.778442480629316
28.102500845439632
31.462933542763956
34.64507227041975
36.034045968060575
35.45007117376052
35.43423362669722
36.02455935535416
37.4566466265977
38.50494253818437
39.87925255693297
43.492792039999195
47.43149566054642
60.10025299072659
69.3988549509671
82.70632347717947
93.0160968326467
102.92064736580346
118.04872216351399
129.71397328933577
136.89866854063288
138.95045512871073
138.1642967656882
137.20656210256334
134.00204411038007
131.25339930638816
127.9453184680278
123.98307215979864
123.19192350953446
123.75518895242237
122.14879503366132
119.82810958116542
120.40210935050806
118.13942766087047
119.01588360274795
123.7944482591778
129.04352563933563
137.45473390259514
144.34433140758821
151.402139027229
159.19955758592462
164.9357021096665
172.09434758934646
176.77882668692723
182.2835308308186
183.81616074392946
185.75594347217137
187.99422785570502
192.57120217046543
196.18004612025015
198.9661425256709
203.40225953357896
210.01251124268302
216.15572801014144
226.75922673997772
234.57288735638403
241.11449876384424
244.20328016626266
243.07185477534412
237.12752441434145
228.54281703602234
213.36566991366882
204.9134911748792
193.19818837308767
184.3545126046404
174.57074557202665
161.86124872225287
150.15152249698303
142.60599040595287
139.53640107700392
140.1900872698678
146.41685487271243
154.21685048960182
169.80089508139645
179.23181000983774
189.90177334318966
197.98731553359633
204.30856288826277
216.29369462623478
224.0240584910098
230.71101790417998
231.77992693254896
231.71929981188552
229.58255966517302
228.25948414779992
226.43802472722422
223.8772963723874
220.19423377300217
220.6816156223691
221.60004693399108
221.74836848825421
221.72056522742648
221.87823084118887
221.71653130844217
222.74087235479388
221.04366464455893
219.65706132533379
217.71082485228214
215.3916774046346
214.08699193201903
211.28811442643746
209.19688106158537
204.99058596720053
200.0489081841736
196.84460135783746
196.86025388794792
195.9649642154052
202.43767508072625
212.83063937297933
226.7077182643902
236.21962647357725
247.82772468089155
259.7032935425453
270.2786288138802
286.6528966891743
300.4801283453027
310.12840541338943
313.43420909670243
313.7243139686517
305.1413688073109
292.0781357236154
273.7616330892389
260.7289981799607
244.68859291507184
233.4518107866831
223.16625040987333
205.80734811653159
193.7383847436296
184.75003374454803
182.52733946125036
182.16781792493623
185.05361101625462
190.4139621499347
198.66636787375333
204.0942035725501
209.79197074471261
213.1681296447663
216.81606212735335
219.53878751892307
223.54988339169384
225.36354903995635
225.72635645148506
226.85274871376936
224.7732154332694
221.3819840510121
217.68341401862705
213.47273625335336
211.45415225050832
206.86655986120732
201.22593185505337
195.66319855648825
188.83194825732284
183.84050251777057
181.34287761171427
181.39377284624427
192.74465423232462
210.06258449665202
237.34055418700692
254.86471014809837
275.9192365661042
296.38522278732927
316.5416403086235
346.9052507408419
370.3729822733022
389.74206875410937
393.16386708026613
394.3824709477434
379.15084551625597
355.8184956071102
323.284311730892
299.93072872468997
272.6452574856551
251.98524059354884
230.83258008168906
198.74061769587283
173.64919464465007
154.70756216782877
150.37579985062345
151.42019062416784
164.99143062408504
186.1344287822724
217.54892280300567
239.86473336332065
265.1648963078194
284.74544078800875
303.21530694748304
332.4304546815153
354.9290572994247
371.2382146723002
374.9239247081583
375.08524284429177
363.8883200880162
345.4026061385702
320.05784344637414
300.8875275074582
280.0020059829351
263.5669550211393
250.50700773499108
236.17258490963158
224.00520234861114
213.58994849327945
210.13576968341928
207.37693311869276
202.51714443154296
196.692036161802
190.84842434029022
186.16548764060602
179.29874315173947
168.21298083119783
158.77156658304094
141.82655403952322
130.3952774026236
120.58513615938548
118.41304171984092
118.41086528869077
124.23190187698269
131.88990438559495
142.89827302890413
151.96960179372405
162.08780617854757
168.16100160895076
175.02571585660166
184.7761605535926
191.78752829213053
197.96164801337
198.74992462354493
198.5149504389484
194.49256141106346
188.46615716730278
179.75048725410534
172.8370068821655
165.83087602524822
161.03299900416795
156.65713310190318
148.60052965938064
144.52690776132002
140.6984675886996
140.0104987499946
139.6258075636474
139.60376763858125
139.33218487122463
139.93292839330704
139.98464577354173
