3
1
a
204.89247516732456
204.74383723099635
204.95463400260118
205.39340596194117
203.95571911848188
205.25677144301545
205.7345933698137
204.40946615728902
197.85195457406405
189.45126184063727
176.39576830739844
167.71709534525232
156.34801742581092
145.1958179976333
135.03714660010877
119.00218691303148
107.4055210697866
98.122865327649
97.47079696915263
96.64973033243113
99.39466061449785
102.52890986086152
109.14159488555843
114.58579470452278
119.73989490224098
121.89228155118901
123.3860321908443
125.28097143198106
126.23418686633049
128.2768609753124
128.43851393461503
128.1690729424716
128.9233654729773
128.59564147983954
129.0750756617814
129.31128487977605
129.62735109407566
131.0618556812136
131.02407942317504
131.99466797859841
133.92122415055613
133.70466168072602
133.89162584794656
134.97489544866278
133.7240558667957
133.3010027608665
133.25997334720776
134.29042947961705
132.5787198140064
133.26963405076114
132.51903053119685
132.26951097939775
133.5520599512688
132.9710986979042
133.31715667919983
133.41347043077207
133.0629807998972
133.39103809752797
134.1584551087909
131.92041134591875
133.03277366394315
133.1139729487043
132.11721377023292
131.56648801815913
130.62199947004052
129.93960100612068
129.72140744879675
129.7836672738597
131.53793130609256
135.81080162702537
141.84708601625056
145.8825903800511
149.46626348133523
156.456035297019
161.3731392450942
167.58156322976035
167.97418546838176
169.25788889270993
169.81977547716394
169.29869694254444
169.19137657180394
169.56270092778806
169.43194461717698
168.2009551275828
169.0924686657197
170.79446231607207
169.21214505657795
169.01681344246077
170.01232487582496
169.66091080391078
170.09505053181257
171.30307206728853
172.8948540662837
176.3354506643458
187.33561167062246
197.91392938126094
212.88924172412024
222.3131466709045
232.21766137729531
246.53754501514996
257.50934359471177
264.94369258308456
266.8114695407704
267.2835323736206
266.0814507000683
261.7091283626883
259.922672600117
256.07475464882197
252.5256638959536
252.80444146038064
252.57114574635085
253.99806171322692
255.30898582250842
255.1828449543052
255.7286630217464
255.35256522278476
253.5728256086513
249.50900478786636
246.35170093474392
243.41621399109573
239.63231344918358
235.7741435390237
233.2952618879876
229.2997473443657
224.28718210267527
222.73009355234873
221.21544849115787
221.46744670330705
221.3888668349621
224.13309630414088
224.20606436077216
224.90137063665608
226.45655573250755
226.20002732724998
225.4117876341379
224.58236029051585
223.8325774506784
222.7606625603428
222.46364806804556
221.04742727474806
224.2627566794038
230.00883026741766
236.26142766039686
240.39327091060804
246.3141460737304
252.36382870960006
256.55865475158987
264.29034103740497
270.3925164808268
275.0274795201386
276.3097850592398
275.99347140505137
272.3341186437548
268.52846634882223
260.62134855852076
255.3588765512193
249.48611234438752
244.2357944908767
239.98543937275707
233.3372023819655
228.69698762122013
224.09992597012183
222.24435587391514
223.44790503735433
226.28465824231216
232.1457575751064
239.47994588530491
246.34458909363354
251.46023849122122
257.27217098811974
260.64432163399744
265.4851700922659
268.7250058157581
272.37170344334885
275.0131854200891
276.6868015770307
280.3136995241143
284.922721089947
287.6680033503008
290.7158367804986
295.7932602216135
301.17016148548447
307.9567535345466
316.57666302715535
322.66019972978745
327.8379846017355
328.4643164978346
328.91386312620097
325.82434867579326
323.5538652979359
318.85402719038166
316.37201523123036
312.03558639146496
310.6121517505117
308.36413847532054
305.3928940303204
302.9114805657567
299.5921609474433
300.4338441227429
300.0384757317147
303.0855537399183
307.62536537557116
312.94439816105864
316.7589917409547
322.11371715102086
327.14981622400217
331.1882895604312
336.09697195874986
342.1500005799376
344.6592605597295
345.18346243749085
345.6435484042394
345.3131698249521
342.6446717564562
339.98180405326775
337.9285012861355
336.3414201655067
335.7474785011792
335.1564131444295
335.1810879908071
335.0441447488832
335.72561918669595
334.30942637949676
334.51999772847364
331.3255822601508
329.31498617476734
322.5224591246243
319.4051387602944
312.5471131906955
304.9551099355345
300.1284396863331
292.988012477067
290.2185077407964
289.1654725194357
288.7447933267521
288.1907369189183
287.0331205687342
287.22795722220997
287.0944863027604
286.86447343870054
285.81363174408744
284.3771891357489
282.9718380430876
280.6769734086945
279.94461579354453
278.75430657192334
278.4706814619733
277.9346076683921
276.8972111491691
275.7913211403435
275.24913084038633
273.67630825649513
272.9847706286966
271.15993547593274
269.18234536504553
267.22423603097167
263.5170348740937
263.8748165166456
263.56152105696606
263.1775741138211
264.11616104173163
263.68260529000986
265.14575329054213
265.8086865623027
266.35748609117786
266.7134008686868
266.4653735838877
267.2934037280765
268.51026737071226
269.8794739155393
269.94950616606866
270.4028012977009
268.28888934621966
262.48913286274745
255.89009561879007
251.5975953689419
244.86966538887276
240.64904271160125
235.89587328410119
230.3552247135155
224.67771171155675
222.35566998009253
221.31375202576538
221.13137025647234
221.2008167637379
221.22571978418307
221.4334855521197
221.314878528821
