4
11
b
120.28851181926672
120.03708448525158
120.0213111773579
119.40141771799703
119.66382985618058
120.74207890169649
120.33692622290002
118.8395147715113
115.01669704757686
109.21017193634192
101.27762343634905
95.22838569926554
89.00348016318526
81.47503177728477
74.17924884472019
63.803213794792086
56.795044906760225
50.71826489901308
48.9643977672979
49.366094306278896
51.018293908931234
53.90753411851306
56.854585242253336
58.32088039764388
62.57209193867742
61.64154772403698
62.34848702813113
63.150007450016524
64.14464215576724
63.07567772326874
63.66571412540605
63.97466473247288
64.6475716382274
65.41829246787485
66.39249597418755
67.93813500054408
67.97016400045575
68.82859784086058
69.99222465818129
71.46835464488373
71.45397659017773
72.65568761997288
73.88708811615614
73.36699872023182
73.74741407097049
72.02599419855571
71.57397765513672
70.46366857172688
69.59508303605527
69.06132998269855
69.43589812322145
68.44864517095158
69.35004095251138
68.4177257892272
67.28226844324189
68.94199783564082
67.39979625110529
66.4449702650015
66.07191121809802
65.99797903071118
66.67062759699697
64.78222770076701
64.85013475950304
62.7459039688277
61.768949159783375
60.13107880559082
59.940360015272404
59.155758075319774
63.127238937433994
66.9452094242168
73.77909880776039
78.9141814607336
83.98708770480445
88.39697376153103
90.88670734468977
95.66784044120553
99.49664888084959
102.65013583349584
104.27855320798827
107.54258571449927
111.5760432039707
116.83731024443229
121.64136424380185
125.86839587353514
132.02527002590082
139.34736410773323
146.15780248000388
155.76544983605544
162.87837427258137
169.1199217494145
169.66723057974755
170.78774424583335
168.59654225643058
166.48838034897045
163.10554434853526
160.7811064495914
157.54834180949186
158.79666488730103
158.0281671554478
157.5105783796668
158.37824549115828
158.5125156802269
157.30259238276943
156.97489418168902
156.06200122965598
154.83725533022118
148.642622114824
141.6334225742463
134.34221880591124
129.65031227298584
122.64630093225513
114.97075588126569
108.87116029342548
103.1372274912318
103.9976803934056
103.47759284966148
105.03039189025023
107.35090232183748
109.60752496809587
112.7669102378872
116.32383410246939
117.7278352947115
117.52365358558977
118.88415057503065
120.0219579754212
121.09831314516276
121.07145588002962
120.65035655997782
121.97072617852456
121.72354754672162
122.36375872391004
121.16010959666976
121.94143602653922
122.76020688703169
122.09488381451092
121.8797048071007
122.90301067026196
121.84850626995781
122.79657633215753
123.73164928836326
124.50302391504142
126.29192312793093
129.80811449398854
131.77086783592475
135.32743152207618
139.46266321033323
141.4264074408999
145.44077711819045
149.28854661976047
152.57528920523654
151.62172723566323
152.2894593749807
151.44641314437257
151.14661868009705
149.98290440704469
148.44438187259513
148.2734409804493
147.8175642967004
146.75026199971433
146.41168631799547
146.01252226371903
144.4057952704359
144.33020733901907
145.02094570266266
147.78630650343027
151.31077909801712
156.487195430828
161.24707931593187
166.4721094663542
170.8135290398207
175.7828290320424
180.57146139480108
186.39795832980673
190.22946149925875
190.78181444448887
190.0104386800568
189.0109159910689
187.70469175217286
185.19890948348376
184.46978074551538
181.6367399453635
181.53918906847986
181.56427755620842
180.91477763579067
180.76679039722654
179.7380542094637
179.37008489759884
179.98631145877968
178.63519817648702
177.85037118590265
177.9680398247261
176.26699134063603
175.92975978597792
175.6201127560542
174.1774323144239
174.85644476659058
172.83334649510195
174.3940893382032
172.43525095017392
171.0897871690539
169.96648505948787
169.51404129196862
164.91980710521597
164.86954463206212
162.24770659558712
159.28812344948082
156.54211942325733
150.94593283432502
148.1335546691693
145.30444489573313
144.68936910424242
144.71790718755275
148.96440189103188
153.92433308255715
159.04805720962844
164.43184062324892
169.30368517211076
175.2445307309557
178.7058585429335
186.2006945735758
191.7565192881751
195.63753706274832
197.62838346164924
196.28106437379958
194.57071500673217
190.1550221970611
185.02587861746215
181.04021789035775
176.06931499279676
172.7906986001995
170.0704512703268
167.91148141438572
164.943032388211
163.04276231092803
161.43639668684312
160.37676300487968
160.4899169443294
159.4436804723443
157.0381682206392
155.79916266788436
153.69927837149527
150.33173388692433
149.23906929613915
146.4841705810436
144.47374554716424
143.10262077628218
141.53689988417048
142.26679307562193
140.9416091206586
140.75691582657885
139.77730764439758
138.51246771928743
138.25689957260767
136.16443913612235
134.88434004391564
131.3425912513934
130.11957603875206
127.73733681531192
126.59662560235846
127.99159437662554
130.0714496378053
132.9067837141288
136.92213174582
139.4565534389656
143.20739451386285
146.3353837253277
150.95697377070425
154.49145001874223
158.80920161367345
162.3915165190451
163.09513468128645
163.86151989391092
160.5888313119374
156.0498840224808
149.53975818736728
144.8790197821768
141.0099449374645
135.7675765266268
131.66076337172177
128.18844459863686
123.91493903048017
120.79291948113949
119.94612047275652
120.03921732120038
120.17274514382687
120.48168862415785
120.35346154761238
119.14419535383266
