0
4
a
70.35485003923378
71.23059326172589
70.84038806281401
72.13908168011794
71.40627521872085
70.47147503255219
71.16947468771195
69.9797871726243
67.56301887612806
64.14266422229178
58.07948487242747
54.22821015392838
50.09865991265616
40.91110154784544
36.21128047354768
28.514333529137005
28.760648690242235
29.50520455082939
28.980356723504617
28.30478655399872
27.910901501220465
28.30665452556894
27.95222229567795
27.963324404177413
28.00055573370779
27.453350550601037
26.057095885497635
25.824731281640442
24.475142895079237
23.668619383206153
23.222872909119765
23.81562737001566
24.368805197624837
24.14209631219863
23.897416749602232
25.04970267663014
24.761391258482774
25.572402441794523
24.97987768237104
25.063244901377455
25.30654104025006
26.494461841180463
26.54510184457463
26.53298664721199
25.59462552275881
24.07034386828644
20.853940282362153
18.556748702072888
16.6766413773467
14.924572273469058
12.561879728773064
9.733955224374343
6.2803071959719725
4.732011015578852
4.9133296891326275
4.660424337889563
6.217488828362929
9.089016998702125
12.559809621547757
14.863002562151193
18.800110563617842
20.617637726136657
23.834687153048595
26.801073473417794
29.31636426750695
31.717504591465303
31.74440512095167
31.299909114772053
30.21126662896041
29.18293335635781
27.945620385517607
27.435019371156088
26.57843926649341
26.542057354612947
24.837118701028547
24.338483895453802
24.281478398268394
23.5908511774765
23.599219017376278
24.50179268557993
24.2669744561319
25.288781953505435
26.254992602861545
26.35286275119543
27.887758361183383
27.870333963580812
28.482999599332103
29.024376893156813
29.33085536044497
30.464051985712608
30.298004137089876
31.835849744062305
31.777152386723454
33.24320230600777
36.18691311731881
37.28940954294966
38.95383467092106
39.69201927647824
42.73691696350044
45.65223203977945
47.273670532960594
49.11007867428985
49.28653049028927
49.607257452185834
49.216871472047494
47.738593582613845
46.22317726907252
44.80798336645437
43.03658780435674
43.24476676153998
42.02066990250022
39.43325356722416
39.522405209531506
39.353523692029064
39.50457239961116
39.04492770216958
39.565832995491405
40.35242429091112
40.37704862447489
41.436349893703564
42.10447418845041
41.10936029576514
43.292785289116324
42.88691013068364
42.41960330634804
41.38539705733218
42.275278177472586
43.04343929286549
43.70660814238543
45.08058548073234
49.066220673203944
51.624119135502575
54.95242857402735
59.353629318486554
63.25612196258837
66.4894178528173
68.78213139293187
70.1000436647547
70.08439442948071
70.64013683471443
72.29928536571693
72.40471289112914
72.9344637121549
73.25574837932842
75.15444757996153
74.41974561443058
76.04180594680624
76.28889269875395
76.31347068489043
77.51492124829822
78.5059673663339
80.15890125595364
82.51802852267183
85.86997421219803
95.50814988646202
100.81083488397526
110.09668291914909
117.42377141546008
125.42220152916971
136.61747452855553
145.1794433025712
151.28414050050748
152.97748285698154
153.95660380968212
148.9503471800524
143.94332288659191
135.4386126531572
127.70395001593049
120.16244712328393
110.81372492405382
103.23401469063835
97.25238851825401
99.29173575479513
100.25954582376853
99.84575737321455
99.59041189194653
100.00992284463055
100.83074143717941
100.08134582323261
100.23589592878739
100.58088927933667
100.78491798113423
99.98937153967002
97.76137876258281
96.5177205992386
95.69490609263231
95.47411366566575
95.21570076327079
98.71365082888451
101.40190418072633
106.73044094832659
110.56922112937079
114.88943663042677
119.39998846559051
122.34047258990306
125.06408592120597
128.28131712476315
131.44045380380655
131.67487477191557
133.90444893520024
135.4617925050555
137.65028959140355
139.7081819612653
141.81464904030935
144.79584945412915
147.76382049893184
151.9704443678995
158.77236958463084
164.9180571922165
167.60793998388178
167.50500613188487
167.60111204699817
164.04522701191888
157.5082761383612
147.36179675495504
139.96443801182426
131.0871124399418
124.85036806014233
118.6592795271926
111.80694078840646
106.25216279555326
102.3226448231569
100.34719128287213
99.16205626828551
97.10766682343323
94.34631780894846
92.36554695900016
91.22889243325369
88.44401534567616
83.81763886962558
80.75855412480955
74.06794422151386
69.349130557611
66.12348681977959
64.3910269568535
65.27655031791468
66.43908032856706
67.84063849837574
69.70171181642336
70.8021830675837
73.25929501207668
72.79548612437016
74.36264457669718
74.95802109362492
75.06071413098009
75.87808395594104
77.20134327287538
76.955837917145
75.116950297465
74.61189692356051
70.52577035691368
68.11519654890664
66.72017464468237
65.16811221995748
62.43797387401616
60.58970834505545
58.229977154260204
57.20349301485782
57.172263317651364
56.476939013578054
56.014417469662504
55.95405481217009
55.70096606909821
55.384875085778795
54.17799116412086
52.14378664623113
52.29253195177172
49.38808379775887
47.592603691049035
47.46487351232457
47.736692069569386
47.101543617337505
47.290132176890964
50.24646313398904
51.91532186453238
54.8117961142497
57.14126436691541
59.450477000897145
61.0409843739489
63.30461795692612
64.97479716229033
67.32184490543338
67.50644124983008
66.09248487663432
67.53447192035696
66.71238539404487
66.82467225851745
66.46047864673059
