7
8
b
108.46153562136463
108.04545190129537
108.07792768959511
107.364799457753
107.01166582426522
107.89663555511844
108.14158393774777
107.80573024778884
103.0652611055883
97.8050677022482
88.22229112240068
84.2218717015949
76.28168943136988
62.58973625442755
54.54450073798136
44.52020469183837
43.13406127592469
42.4094585023139
44.036034488952396
43.17707640919645
42.86019880672564
42.24729216451112
42.843669558580174
43.51170450716923
43.142388774596306
41.5128118625223
40.57281352943285
39.198319784009406
37.757048288898744
36.06472100936903
35.54206648552556
37.18712764005685
37.094088452543716
36.03255706811178
36.18199700453647
37.9867238609918
37.91655305256276
37.984547574506216
38.639130207679514
39.13282078733501
38.921925863209836
41.12260190838372
41.463490800430144
40.519730998486104
38.872662340279575
35.475173672066994
32.27819405031268
30.28891023935919
25.420338020811162
23.015286694688267
19.587165088175595
15.400663277929446
10.881576972931912
8.74991234597645
7.29585615041636
7.098562774588108
9.77622060996178
14.143501144378028
19.49202505271826
23.19863653838775
28.798950519148825
31.714300962686732
36.1852729782674
40.95686070476262
44.45889556060412
47.5439941079558
48.589719912902304
48.511791521401484
47.15112693010971
46.309624761158524
43.266714498872666
41.62599264454266
39.453921148790016
39.51066081138644
39.004720327547524
37.25001171951291
37.13619763299985
36.45949500694129
36.497389013300875
35.76752189221941
36.97630006283549
37.67248147141316
40.45310142913356
41.904897251838086
43.51474759860856
43.56109425405654
44.10314095872768
45.43355031932584
45.621676788037455
46.132954788797534
46.68294072191611
47.884185734556944
49.46910037936962
50.38286072255297
54.86218766455897
57.53042626063772
59.420159076710306
62.14988742592246
65.7433590923617
69.97096768360949
73.53430959494457
76.71918940764596
77.06387509610076
75.67307642925059
75.91555859747139
73.25522870451547
70.83444705174018
68.18580640874535
65.74847797319218
66.2529136643506
64.18907222143926
62.19835677833075
60.30500752132277
60.095112828289636
59.732728003383016
59.177105823430246
60.15740840486945
61.95013755714274
62.68385064497015
63.01995028426224
63.92955198018782
64.67971937393422
64.33600177834333
63.722797232195546
64.0055563109992
65.1113959896629
65.32665490953595
64.98888645765166
68.04419942275993
67.59348634637162
74.51847118485952
78.33144830412111
84.93746111627452
91.39693304949525
95.22188899478988
101.74177395161354
105.14435769349645
107.16236393239627
107.15989571148924
109.64105364487693
110.02137913484289
110.07210509083993
111.86174213636275
113.2295692552535
114.79995847957248
116.22191792171108
117.18499743831725
115.83714498224437
117.09911448477234
118.51214714386845
120.54978411694438
121.3742846255114
125.94091960243645
131.20056474031634
145.28133580975583
155.80994265530043
168.16339511905784
179.45472503038914
191.31910991732758
208.99569569198428
223.50539069249564
233.1723847492868
235.2620521405675
234.93530826343715
230.0454003295656
219.90023298908164
206.23716460818983
196.26915112808697
185.44028897333249
170.7499938662528
159.5571684392857
149.61310475361728
151.3589358933385
152.9766427458385
153.56251137232593
155.0303221534567
153.9175686104737
153.74946795748872
154.3198424179118
154.09170424351782
155.17235965382537
152.88010885666958
152.0610503956445
149.24947303204723
148.3111064594656
147.73961793601734
147.09499835046628
146.26410683556844
149.9016804860561
155.61673305169717
163.48420707271748
168.51728991736357
175.885011351418
182.26371186236577
185.73198909679678
192.31501966827793
196.19580509628204
201.76329136325174
204.30871261178115
204.85632044345564
207.9398216523218
210.40620619622837
214.91995379878017
217.30986887549017
221.94705278935774
227.04818907087068
233.3661167619242
243.38649022735842
250.6619039946084
256.25514892127404
258.5074080418505
257.01283543974625
251.36490418137444
240.44454774638547
225.84325854081888
214.14511182456164
202.49729061323004
190.28933489971806
181.3788991323907
170.78290520160505
162.15996942769473
155.73644590255773
153.427227349243
151.98163740566395
148.52920113707984
145.34625424446685
141.92208039827628
139.18578979965588
135.1043651984074
129.60855155713318
122.53932531766418
112.93561536930771
105.9990821298566
101.73712799053224
100.35986195952555
99.92894886799138
101.59274834419995
102.96940889525068
106.27145820514829
108.78377224850864
111.84188396397084
112.37964455054922
113.21195264774512
114.23621962331156
116.64432856736025
116.6156557938543
117.86260321625174
118.04095419784188
115.45369913730063
111.9884644300388
108.03699399378539
106.12790564028293
101.9881985148569
98.45225516581071
96.02993686682653
92.92401661307441
90.99931904476566
89.12395670008607
88.21974709874779
87.84381300961682
86.04430088044556
85.19861043546149
84.75049357264254
82.98979245869126
82.87137986736309
80.89414608980213
78.68685131823095
75.99122061394694
72.87920683142512
70.36944914975905
70.27624623842223
71.61579438398623
72.96662479186739
76.58823048071537
80.04440632422659
84.62980361220363
87.33594320283075
91.11551285246786
94.2963945926742
97.69383312341742
99.9964518608617
101.96810116458146
102.9209836561949
103.52125826721513
103.24285297968974
103.50046628038281
103.1278648185656
102.5503954402752
