1
3
c
42.217572923614625
42.408381259042365
42.971910632408914
43.12833622496275
42.92096428616394
43.27919546204866
42.133446234255416
42.80066031648788
39.76611347677929
36.57127911381695
31.622300456358694
28.647999887018287
26.01089253221634
22.341334936605943
19.07152164329585
12.98374407142446
8.831599304585945
6.462560831482671
5.437092855235487
5.389430252394073
6.2789414288199925
6.812218679221727
8.172746518399892
10.36785070782604
10.847443303107116
10.071672948822139
10.938333310454757
10.150453269724721
10.483029719634706
9.481616797323545
9.994510525045873
10.134687448771755
9.513673927948119
11.609432598881051
13.913518011002067
13.089721498277301
14.941452006741335
15.676546193751747
16.101938344649128
19.042885677515898
19.299336095531192
20.801077712275585
20.767114807753085
19.565295740571482
19.628925956256996
19.071565726242387
19.21648810981627
18.401574206862104
17.099779936125806
17.665158342401252
16.172316983795
15.031735763666447
14.276375536247205
13.010258758899893
11.22631802799024
11.874137702362232
15.695120283311928
19.832379673018742
25.694267269099043
30.092365216216873
34.576726832015886
42.28816339851887
48.69377454083232
56.53375255341263
56.202025758012546
57.216614397153805
56.43965496627825
56.830699234523124
57.4331789448905
58.23445123983843
58.49868579687339
58.15388262927077
58.30469076413633
58.23766368489325
59.128206470023805
60.67022676069111
60.74835042683623
60.09780238080782
61.96934332087781
62.60675499171412
63.436620353000016
66.0532215398267
67.38904001190474
69.28293860731665
71.5523015330728
73.61610818722467
76.26514027573823
80.07205132361803
81.42642696969855
83.96462135798873
84.94436880547005
84.10125278087075
83.96557390552728
83.42796869675999
83.18588127342842
82.52253605211766
79.84988485709597
81.51699616424268
80.84582653236039
80.84294714957511
80.43657137328051
79.13830168051959
79.68422514377951
80.054265752678
80.64143279118113
82.55216389700821
84.43575525054115
85.26456724175277
86.75342232085198
87.7553345909574
88.27802336441921
91.0241184037621
93.50558109060054
94.25401767809177
95.83637309411492
94.47205412099872
93.78758150127943
92.31644758743519
90.18968799548797
87.74824911466052
86.076815599246
85.5815530924262
82.68658924799335
81.14454462077815
79.3485531795233
77.46369684813259
78.2109376640622
76.80979327049083
77.85134176249593
81.30854872201103
83.98906267185386
86.63410972661242
88.55680880609941
93.271180365616
95.77707033698563
97.64537727788405
98.28855621957784
98.45302450060498
98.3364839557995
98.36382194097395
98.38192471989144
98.56996869024701
97.84325629666534
98.77672940552686
98.82958595791732
99.58592450084453
98.65090570249009
98.29460820592766
98.67826124525541
98.32473480343434
99.4346952023981
99.69130700733857
100.46802397689689
101.22863811607921
103.50213643426913
105.99071602393444
109.13885445552971
111.91323358665143
114.34226276939255
118.13725342305756
119.4279761380318
120.12675090483525
120.42000110652246
120.32745153409644
122.10262960708143
121.37821061668274
122.78861676770876
122.82969676093047
122.83218717551236
123.79880169748728
124.01965841440652
123.83504284368013
126.01081252984069
126.46511422601583
126.21485439097285
127.4546032839838
128.52409745671014
130.43854460846137
131.35230557403796
132.40658274621362
134.58041834239785
137.51260105307702
138.37185484073294
142.88151840204307
143.47720143480598
145.77415015755963
146.04610970777878
146.351342207261
145.94289725721555
145.69105669588592
143.19030380875168
143.11493332430774
141.59481364655718
141.91340702969418
140.9032423117768
140.1874378128388
139.2517935864882
140.80915418845564
140.23050796949636
138.87814309978089
140.27962870080168
139.8493464470211
140.3899087107159
140.3548697812659
140.20196349923955
141.07255060780702
140.60489498495895
140.3361006336381
141.4743757613828
141.67234683227323
142.14198527523507
140.4247909578291
140.00651909000067
138.5309271395208
136.92695610310588
136.32967700193151
134.31001521679056
133.8455245357789
133.78946346471767
133.67870441155958
132.48662372357984
132.54174022750573
130.14410211295012
129.71767501581945
128.1926979854245
124.52665221065517
119.44954524164227
116.16753856089593
111.22903743818453
105.05646767990048
98.35123432096978
91.03522183067943
89.92679652633655
88.05826040788112
88.46664823298097
87.62839267658157
86.92966935782547
86.74646859067086
88.07222318595416
87.39578969034733
86.00781083412343
84.91284319127467
82.72668879621823
81.21114616228039
79.5921536312492
78.28615306535451
78.52105510331089
77.65508731170223
80.22169012704106
80.0096952536114
80.53498823152478
82.46752627142939
84.33776730873564
84.1860709649677
84.99255223462808
86.34068557069409
87.0753009525472
88.29812326218706
87.93787792992457
88.08231953879188
87.18443310091625
86.27095910267559
83.61994798224029
82.56426720293271
81.42615686796455
79.37765808783715
78.61003963559085
75.82322683872212
75.70051111053769
74.14700967333061
76.43316069835781
74.4128236854828
73.88782577508223
73.13896587212187
74.23767480670863
73.14427920006013
72.943619952042
72.5121656422764
71.30650675322644
71.26627516938929
69.42519645506417
69.61117103176498
69.97324316355103
69.50916139551416
68.58368318739825
70.10511220244106
68.61544668457267
69.96127042607104
