6
0
b
86.17011035698228
85.75734049960366
86.72096566691194
86.68563974937416
86.26975650929835
85.8798611174548
86.74872671198446
86.37248940737551
80.9099254986269
75.55909085884072
65.29391698891637
60.40062167448365
52.70277379380143
44.717874099749736
37.203057959056046
28.38741729429883
17.80347672752189
11.380455562393253
10.985675925837558
11.322231944588452
12.22219721225932
14.530648118307642
16.434869662297086
19.529792393165785
21.35613281800334
22.214186198665605
21.78582314195827
21.087171048051726
21.653262720402953
20.59580932811547
20.1637475086221
20.3039300688286
21.472765754421292
23.27962504053633
25.401084743184484
27.44857055629182
29.650198527058574
32.917964478224
35.075767388676745
37.39218652709128
38.877943189741295
41.782867291256025
41.991741759946045
42.43307964126353
41.97417560647506
40.028064184763515
37.95021734309617
37.420919340406606
36.11345718936772
33.8212843372706
32.62578972148686
30.457673285689395
27.81905489228795
24.084657655842953
25.214404685887494
24.489788249537323
30.087900915320642
38.264424289103246
53.04628191454039
61.63824416381767
71.46636470581034
86.96191675528708
98.60134179251543
113.46637535550346
114.3939220620072
115.79982187911232
115.90964337742743
117.16730149686975
118.14042080395988
117.0532059850041
117.30321370031258
118.19199379201012
117.72396023793432
119.97232586549056
120.88089345476659
121.9535963664784
122.62397672347868
125.22231357180908
126.04208130524151
126.03704092091334
130.24696236710565
132.58716309526835
137.7260781093602
141.29465481056374
145.8821364363925
150.55158590234333
154.7789896495513
162.1046783691604
167.59480147437375
171.39004512398387
172.12521318744527
171.56765155592532
170.88746207749864
168.5630924438682
168.47860968274034
167.1856803619691
165.35797012425263
164.91743995703658
163.58085709388448
163.8419875583119
163.25025594100887
163.5473631172156
163.41445452721243
162.97945521522908
163.978525199724
167.60569901906973
170.44546551590477
172.2823700919864
175.93763209282318
179.13428452353529
180.98469840680025
185.5138679785563
190.1074925242159
192.84878810633379
192.08151122835608
193.3180222373996
190.60474946632092
186.880203937833
183.122827769163
179.14697626012452
175.9481851854598
173.3134776390741
170.35325942386547
165.23359449845248
160.85493814830858
157.9927595486299
158.26456964131177
158.01468793160464
161.49683634687045
165.94689716945985
171.59433745548486
176.56866482460177
180.72119251125213
188.11709451700548
193.16652420314338
200.53281234485863
200.01753193161113
200.16698199935917
200.12458621961773
200.79816832712643
200.4575372620902
200.21961834743627
200.20692958362403
201.36980742592363
201.31138491750517
201.16183960420335
201.30743430674008
201.73453678834693
200.87012426370666
202.09077441922216
202.7030382333156
202.341256582402
204.13969333554266
207.4534971656563
211.80254781092907
215.7989573957592
221.6795702432953
228.2916623869207
233.13175255961067
240.10189698637436
243.33630400829088
244.6659796282353
245.58561791173307
245.6010957057592
247.618143686427
248.055648876075
247.9800912184829
249.6511141136087
250.3092625878296
251.98590118991316
252.9174011380355
254.9764424632274
254.79032290277513
257.72666076212727
257.4283463754595
259.78758123583236
262.18421116583045
264.1014099526588
269.5668157443506
271.30135492510817
275.8542271484402
278.80976746743187
283.1788840493627
289.5190889210142
293.8484260599618
296.90547883410767
298.3638801578911
297.5151912324591
296.62292931157657
294.85496054399414
293.10444917296434
290.1678489434078
288.5624881519013
288.4307745351886
288.01266688460106
285.70231800615767
285.95690881393494
285.10627880808335
285.2403012704052
283.62115265913116
285.22923824755543
285.7494214568662
285.96108155140786
284.99239299956685
285.5245445909615
286.54791768747214
286.4023802567653
286.748087258704
287.6209155795522
287.17708097680276
288.33775286835817
288.01404163022227
285.8828118112978
284.55470816374196
280.48533785143354
278.2602778589834
274.58280533933174
273.7265741807883
272.12393864639006
271.21267520533263
269.92547229020784
267.24216554295
266.15688252895455
265.0262669165823
259.7257349317261
253.88255726585567
244.09371180611222
235.8445227219593
224.54407909713515
211.03441593629344
201.7701787685423
187.40323500917245
183.16573185873756
180.20337301828948
180.69414665133883
178.04629238128953
177.2663754462314
177.25665782155636
177.3439098845349
176.7591110357438
176.07359983605895
173.5787589060074
169.3148467698992
165.07400346837187
162.95171726665518
160.35078963188556
159.10436512643966
160.05695174495034
161.62252743809404
164.00699415959008
166.11598901600485
168.72523308036872
171.29159607080672
171.9919844370144
173.04338191859426
176.054967429755
178.09188177196143
179.48685779762081
180.48582642921883
180.46963089264213
177.92186685838462
175.4683593636839
171.08621785420604
168.94883243000297
164.76534079438923
161.41745358891376
158.98799512448028
154.89069056734397
153.7884775946992
152.38687273840077
151.38252956205497
151.3032571084619
150.6917034791489
150.6128620181913
149.3311585684572
149.13744020546486
148.86073055609583
147.695620442167
145.32806379605407
144.55288236362037
142.17033154471264
142.20879049457727
141.5684349330729
142.47443603011106
141.47312319958246
142.21355067784427
142.20883748684747
141.63451568910742
