8
2
d
62.299591740926594
60.62960102754107
60.945777865175636
61.242750679672945
61.21372430535641
61.343084549517144
61.636752834738566
61.1784148305087
58.66401789789429
56.315661900254504
50.66725429454867
47.35733030556654
43.82951217488868
36.05591639728361
29.84854219591253
25.028407644824927
25.20680948146832
24.497127742735398
24.422525762700392
24.43451771835852
24.056355262539622
24.57224251314986
24.322847625747492
24.123382705495878
23.38776120785262
24.106854973889373
23.257473160865203
21.664661785494022
21.463180324107075
19.75825448198265
20.697003662753914
20.69122424174378
20.01862053061542
22.086326364788594
21.00014910072472
21.054816194046296
21.949194755310497
21.861184362293297
21.995051273181005
22.68350100647434
23.356732136037834
22.42073177599166
22.829277483088244
22.49447809256505
22.40655769194924
20.232086077513664
18.512484853535092
16.18235038132383
14.506031172533815
12.990117574254054
11.966867207786127
8.39165314629951
6.8128750176444015
3.974385327695355
4.086683920687313
4.077170967144446
5.939781079897238
8.493194862236178
10.711061503397454
13.55719255750916
16.21323180414038
18.289564736315764
20.211856452544225
23.105754446579176
25.085446443920418
27.18972976388529
27.090613114425594
27.107969040167653
26.07364582588575
26.10922863986494
25.54764177002029
24.447827867242875
23.33229073055119
21.963823267674826
22.061855028964597
21.31485732774446
21.083750170632918
20.90254601722211
20.232180734329262
20.443047598251855
20.721855927673385
21.30762759335256
23.144971003948143
23.821026560704198
23.909351411773283
24.927306209669762
24.77556970985695
24.961631458511828
26.229127858652983
25.90216080738784
26.833659292266105
26.243118557807726
28.243242205726403
29.457548948265476
31.581848330279698
32.240791134834325
33.573721255530245
36.13495927034672
36.77075502765286
40.689260455011905
41.41065084099714
44.123702649920645
43.57836984567698
43.920055654412494
43.53583754206212
42.112979107831315
40.19455091834027
38.84632789061408
37.26321250348627
37.03587596028006
36.21429394689174
34.90391645835889
34.97217203882482
34.12167020084907
33.468478006237994
33.173278331854824
33.965672771543886
35.15072780590357
35.844337689602256
36.50236754386259
37.065742761153224
36.28744634052746
36.66057916962058
36.378040827841936
36.623961709908855
37.59598155238602
35.88452022197567
37.09113323438205
37.60790982518538
38.45703404967222
42.92999540138328
45.04341757363033
48.068176811670405
51.241639282075695
54.981437453585606
57.593314289030786
59.31508586809279
60.851001347876
61.97460308872893
61.87427540961294
61.94302328710287
64.11011881929781
63.93848708150817
63.66282638797725
65.08795045911995
64.90682003001564
66.2338783311227
65.60785896102004
66.02122021875304
67.00577497415512
68.88588785634158
69.00335641929786
71.57064003499642
74.85592570996751
82.6561858152751
87.70788226359957
94.68085504789285
102.98110487122581
108.77885282223352
119.7280433098692
126.45989316931653
132.8666763528878
133.42229368037545
134.22267799737304
129.51983884363017
125.59791565710408
117.65273914635398
111.56358064992624
105.1716960786208
97.26985473574635
90.18468136182621
86.02138614925927
86.5735772262775
86.3961452837786
87.68600059649512
87.35528450459346
88.51001552350294
87.43149858674028
87.67191437672022
87.34908272918852
87.34543867897764
86.56257707330946
86.53236524342168
85.24808406353793
84.68946933924973
83.19188195843508
83.52002147067863
82.75438492399513
84.75231883926857
87.50780500693948
92.51462084875419
95.99426666808863
100.52426321279297
103.15019729662147
106.52012535904916
109.01652482168994
112.11310287431107
114.88257681743754
114.8046710062399
116.16603060106351
118.17095748639858
119.76982331921063
122.85452226818906
122.66881629170868
125.2374348434962
128.51603032785175
132.98616991763387
137.75063210749366
141.7405423019426
145.77035245517052
146.90833897314724
146.95363519677613
142.46114106287683
137.57546691291583
129.16189473835044
121.8997853543507
114.50689619604417
108.20260384280036
102.68834943808244
97.44746150614681
91.99094301642138
87.62439071551513
87.40930472787936
87.18040348377566
84.53591046893985
82.99884339876375
81.17302479817586
79.46904276109973
77.44873843235361
72.673186525231
69.57681841581245
64.33409042747586
59.39711041551863
57.142739573620005
57.31226917329532
56.29405437236232
56.936628293034765
59.112633268005865
60.4249138680476
61.34496316967475
63.30247611696566
64.91656587609523
64.37868734130998
64.87205615471767
65.81138393319478
67.27541858443358
67.18244575529081
67.03054147568459
65.3677915852252
63.934228138034975
61.75051966190154
60.45561595007505
58.5332100629511
56.52854648614674
54.601201203984296
52.92134946125303
50.623656760341284
50.42686540297887
50.17144167666164
49.52766243628967
48.89854719953489
49.723039019468665
48.0720932770483
48.13268056939656
48.38852294446758
45.894575307679766
44.2371086473632
43.316888012536644
41.425630892248414
40.78481466253684
40.5304568401305
40.53636032340107
42.3466696215336
44.40197432866954
46.21349260654037
47.689900288054375
50.0896717217837
51.7594257486711
53.99796849140438
55.88235257132955
56.76185699785753
58.14106292313299
58.09452314807009
57.92395418191778
57.838754156771856
58.30170170608189
58.0183442872845
58.05380382572034
