1
6
b
80.21255885509127
81.0464190740761
81.49169716328758
80.93309876293749
80.48505635826155
80.90586186243668
81.17712853289446
80.11035478635849
76.16023940716453
70.87700766839463
62.397777852258365
56.298670789229604
47.853470945626
41.48980995622712
35.13888053662863
24.989496371377196
15.90561135904872
12.03724527080782
11.290834406159124
9.855637764535812
12.074206944922556
13.254145573455009
16.780164787212804
18.55003953696137
20.251028100218555
20.19519594194793
20.468479063137256
19.59812418091767
18.717930750310973
18.795439364746418
19.677297096690854
19.117520440843034
19.48562892758811
21.746990331796177
24.164302270656414
26.227559584655726
27.9718665817629
30.440156128011775
33.05331496603726
35.29847162257326
37.287930883701186
39.53144536743054
38.62224932994219
40.13111023060194
39.179885540083596
37.36334411229724
35.924357635116486
34.53392908099774
33.30612917397561
33.2438030270495
30.850523251328056
27.925470598691206
25.718558148703796
24.142145784390667
22.86180175209093
23.175451046423625
27.979395211802537
36.187681670681634
48.4217999488799
56.720579953254756
66.54632582234993
81.2964055499792
93.18475575819646
107.22337301082518
107.097350106612
108.22356044324827
109.6915809625193
109.70773478348437
110.5215869604245
110.6987565541067
110.61492254307197
111.21935249010527
110.16900784359093
112.1557321496555
113.06645432113564
115.43732526688257
114.68360830286757
116.70505588362589
117.0489522535255
119.13678139180809
121.59355207352687
123.88364175697266
129.34955315614081
132.45234463481458
136.41832391765658
141.06275710260167
145.17642193585615
151.68709864843186
156.36772282930235
159.94454030319346
160.80806109248422
161.14678201208923
160.1543029918077
158.8555501249821
156.6556166641839
155.37673674324628
154.6133380048497
154.1101793854604
154.0553066590627
153.8923890339335
153.4208624829981
152.210562295187
152.94483877695038
152.61612146141238
154.08175082490112
156.44259009800814
159.3454872071111
163.16904515020275
164.45802992694752
167.7113758260426
170.19742295509226
174.62272508245948
177.81371566222734
179.8910417904626
180.55422576961564
180.70308446230197
178.31299948570492
175.49290585437848
172.06439454275403
167.85219363548376
164.80191041050543
161.9283427813795
158.96562104725592
154.1609001544434
151.65518692689926
148.2376377724328
147.72384243522558
147.14885122871004
151.1582834198642
154.38880786893978
160.27677407973695
164.80703972080465
169.89758537167262
177.17578527250856
181.95057478251397
188.07860614265522
187.9268167737061
187.54294593657647
187.33173709443295
188.7877283380211
187.84305247042704
187.68293717128788
187.67130409814672
187.4127437299116
187.81332992943857
188.03917357209096
188.45148667014118
187.98406736444528
188.5396497323357
188.5745709859811
188.93855621165162
189.54225437424165
191.1234061952412
191.62551098324676
198.07770119780568
202.40762557623847
209.28843441027814
214.4546962710554
218.87378497300796
223.48051535048592
227.55810371048116
229.36329025584834
230.4357420976549
229.83173169347126
232.25570797012972
231.90215862032753
232.8467756114541
233.77393956152102
235.10551189461526
235.3649217250049
236.9440003014024
238.26665399718385
239.3215393166832
240.2514626012375
242.5230263149238
243.22127834496646
245.98417758267377
247.05974772581678
252.55266882798642
254.91327947350834
257.73549098110874
261.6837124585279
265.59696740685985
270.75718287800026
275.0416976205643
278.59968967302734
278.9914721500527
279.66994408753715
277.2001821706296
275.8122655170311
275.40506725004195
272.1028974773594
270.38870713443447
269.76256740029436
269.60558225739123
267.95087699411755
267.43562850710094
267.08482433704353
266.7326647971097
268.8070486121079
267.6057789666398
267.65797024554934
266.96938839066195
267.4052684895499
268.7788625717606
267.6411501678631
268.9943184871658
269.7619250887934
269.51614573602154
269.78728563218226
270.04847928413244
270.45980191976236
268.7918578173624
265.95911973731484
263.04577944744784
260.52211475099114
258.2211102144204
255.77569949537641
254.67757783864568
253.83308613593243
252.36918955636912
250.88102999604817
250.34757674786383
247.01389124963038
243.96577573247234
238.55229446127535
228.98566947531154
220.7448679290441
211.56794064463134
197.81680664257075
189.32382425612948
175.3313506365783
171.74448815518963
168.8598435029903
168.91525758668013
167.72060356628154
166.9073359740821
165.96374931972142
165.4545121393611
165.78671197062954
164.65165101720996
162.328493452767
160.34186288367587
155.1844963521129
153.1630689214184
150.335663083504
150.29760852508352
150.92048083516673
151.29259452599214
152.26918252835407
155.46073028589646
157.7542782656446
159.7370306331604
160.52873430627963
162.67963075348098
165.46306158161866
166.66991420014008
167.54476550860628
169.45544520850268
168.39196238528154
166.1307765626154
164.25735482791907
160.61381346246833
157.50675999050614
154.5115392721061
150.96585373227455
149.65208906610656
145.98294204789076
143.33398765436505
143.04440535954717
142.9139787901059
142.3175585215532
141.16533720368068
140.41101928654567
140.60620372528876
139.52279116133437
138.31870383787106
137.07717253763053
136.3967989656615
133.89968346315277
133.02054106107622
134.14158044492405
132.40726132471602
133.16513122772704
133.46900405401385
132.99200235465554
132.20896817929642
133.6487457567932
