7
3
b
160.29461613278647
160.12638892293214
160.2503490375861
159.74458459994472
160.43397591541816
160.2763031439433
160.38977258400024
159.2024375390816
154.9013513718792
147.6407979419238
138.1697578173189
130.2357874473421
121.75666894181666
113.43303141180945
105.2803857779663
93.23140354613395
83.34144290556789
76.39998244052167
74.54391749557688
75.6050044437692
77.68022878433933
81.33156575759502
85.72310028076637
89.79195176343923
93.09515264295305
95.57640048299106
96.81261573966343
97.0463669055343
98.15557939923973
99.3537335462694
100.26367025583026
98.95331988167993
100.024076767847
100.71587284429764
101.05560338730082
100.18020974129378
101.5400056125218
102.28853774007283
102.9394961258489
102.93191999271208
104.27487589353913
105.16575342686025
105.75607869700445
105.42016853101252
104.4322762585166
104.53556242668333
103.87540073472508
103.31460893523088
104.38759644082758
104.35698775659591
103.9750395023543
102.96014128199486
103.80141593526574
105.09476333223908
104.31776158360219
103.7574711187039
104.6593719246332
104.04571310763075
103.60009950389286
104.78700059919002
103.90512779074825
104.15826611480514
102.43199486426525
102.02419734174326
102.56238961396014
101.6939101214745
102.29020272625291
101.28546541397706
102.25025823184411
106.34049809770843
110.8086177800795
113.18465739304878
117.61226965008122
122.08450886835628
126.45660260564566
130.94097446790076
131.63141184748542
132.15521590033848
132.83596405651636
131.5605647210933
132.13503964807526
132.80702020131355
132.32684265069045
131.5495277969034
131.6218835413678
132.65779056060066
132.23504625305742
132.78412178156935
132.6265582297684
131.56478961977038
132.90537742729896
133.3385517248505
135.22698922559286
137.64680383003116
146.9642070022373
155.16760983988226
166.62563089129387
174.4924664018838
182.19749321272548
192.6572335441244
201.815809040004
207.91615981782235
209.08527139857273
208.00839832269952
207.4864913345333
205.35762270936857
202.45911352184478
200.17138023554622
198.09535953036445
198.40127120089062
197.24738641990342
198.12564952496348
198.95934530808813
199.75857417431612
199.48943960794207
199.66443106195626
198.68579331272866
196.46612003945944
191.85425681523088
189.91793564780647
187.0501039694687
185.16377134388506
182.20891040243953
178.2808705554692
174.18529235655012
172.198844896335
173.149400202069
174.37315861355728
173.5891806586019
174.9669366550005
175.38128825232602
176.04305582258567
176.2306108402882
176.85696128078877
175.87572338744658
176.15032908277618
174.60219078560945
172.96449320922358
173.95516856651503
173.91668612942019
176.20797173854086
179.3053063317798
184.53820477377806
188.17610038672368
192.38337878311404
196.00195036801315
201.1768946205275
205.84368645735276
210.9048943456559
214.19567548404507
215.733980426025
215.64914792829907
213.74998017017487
209.9386474002897
204.13481933591314
199.9141497273944
194.82605351504034
192.03863634569004
187.42906491198647
183.6293412977435
178.2836244222324
175.04841108518306
174.62663376615757
174.45749475332784
177.85458961632997
181.81650417726857
187.8611345975024
191.66739610763494
197.54828076128945
201.32372579884702
203.92234040118268
206.89927982106363
210.324232272716
213.586526601379
215.00508876430993
216.28164658354893
219.71873948419886
222.42130440260823
226.4303661553038
228.00975948180363
230.73364447857432
236.593230626057
240.7825549683454
247.09383612713168
251.89746530807022
256.2335592361056
256.3726652397273
257.14315404027997
255.30772468437544
252.03325648473148
248.50468992408213
247.16918481882476
244.23623683536994
242.85326035188174
241.14009202403204
239.26445383091774
236.6456288017583
234.5803913734504
234.4241932645082
234.5689039163608
237.7592492444117
239.96765946271975
245.00007005891788
248.17631762136782
251.91432914423766
256.066641767149
258.91285178049674
263.2717451446307
267.13778415988673
269.1865760686884
269.69914610567866
270.5200424443032
268.898314544605
267.4157354095326
265.8987752469406
264.8227373971691
263.11516180239647
262.4484256557554
262.381980079001
261.83669072163315
261.8490230678435
262.1564681340662
261.4445168002824
260.67186437071416
258.8849673085775
257.9302987872045
252.97153246781716
248.97911963823182
243.29623754581647
238.87670708735413
235.1695902495844
229.23631176643036
227.49877139397745
225.2769119842564
226.15130400983776
225.9368790408838
225.4171903065832
225.25072679820028
224.24955489859812
223.89528168102177
222.94281804939362
221.8052267771609
221.25518660464041
220.24422939972257
218.87845784516944
217.86790845234702
217.97917110609092
216.55832277227128
216.39017762349982
215.8908432249801
214.49492313234285
214.70723860210305
213.4835807833677
212.7625480769333
210.24736860254208
209.04822589694484
207.58722835614248
205.2068598225528
205.60803850783734
205.9928513336844
206.44487880537332
205.85712213493593
207.8468633059578
206.64357723465898
207.62472539306364
207.3400561191354
207.99006527500734
208.57447786424265
210.57882836716465
210.99275393182288
211.87829648908362
210.0844204645672
208.45259995998646
206.04941029364974
200.56685635898788
196.94319034821726
191.64468124089996
188.55681804229081
183.83523893682317
180.48152995013083
176.1701691730505
174.39927261651792
173.2898346982765
172.3354377380821
172.9740815129352
172.63831071908882
172.52146551841764
172.77352906172482
