8
10
c
158.40622606179724
157.9083357562494
158.34468042026432
157.79165958739736
157.44241669405375
158.04101195367824
158.9812298118873
157.87789744991724
153.00633096029418
145.6841354091789
133.6765322770957
127.25303132231436
117.67080732392
106.72352905866533
97.84034018880283
85.21142540877678
74.79856853125303
67.55761102382054
65.97101911317041
65.48101921443117
67.35821581191672
71.44995583048197
75.22474001174541
78.82516997775664
82.25777035592681
82.46244125080716
83.29376939693049
83.69842886285491
83.58341792728646
84.40549172272866
84.12040158669544
85.11730838943285
85.47929598563908
86.87282019325359
87.5886137523124
89.10506418300602
90.11679485384315
91.56438909130394
92.695808663458
96.42344527358048
96.33696667772807
97.00852768115912
97.76185361071596
98.52098642961897
97.49455301808165
96.35325515884045
94.38774134318668
94.69733730932089
93.10104393439154
91.71250899536169
90.1158863287021
91.25121631997338
90.03526836556051
90.402495262619
89.75806462453693
89.10355843380988
89.18618114291023
88.60621630002726
88.57973335189818
87.85495046944123
87.84749190416397
86.32922672825651
85.11864088846126
82.54741148061868
80.26648198858594
79.48768508532217
78.7822403716891
78.93934818968003
83.47554488114628
88.55030985545858
97.30194481295173
103.43377571209261
111.02292365536057
117.32584084038072
120.54405368102617
127.3075689804273
132.05070221389633
136.01339507890276
139.29962856386172
142.03523318995408
147.92122211349664
154.80604484878018
162.54274652301055
167.6443250481604
175.21642626612757
183.3958846691932
191.92738829411647
206.65879896335142
216.85987123249842
224.1154628370094
225.24496331126733
224.6805934964008
223.13527804470553
220.1192748697549
216.0799643081572
213.2062055860419
209.64228643961275
209.40510156351294
210.0871397656231
209.49347877792488
208.57645046038783
208.1489220492278
208.4927937053544
208.57952431373752
205.5656416676946
204.60880316224197
195.9076398704369
188.51428077106948
177.88046892760562
169.80114349157188
163.3252176366279
151.94980444268745
143.8893865177166
138.74485696445842
137.7730739534044
136.9206410460325
139.5300653357541
142.41010164312002
146.42968728171732
150.40993354496553
153.9167818604221
154.82834955483102
157.24723741019065
157.4113024889748
158.64866077090733
159.83657852838613
160.49236362184254
159.35716258827847
160.51534251969147
159.99481161743796
161.89689368772946
161.59095404662364
161.53457972361983
161.39467360432678
162.33037310042093
162.78989809476454
162.62512480191842
162.05686234529588
163.44097512786476
163.27353221564738
165.48019320280684
167.66216092331192
171.2315036898866
174.90285053618393
180.24257601901786
184.10992730348178
188.27783811198887
194.31462901708082
197.7599501576683
201.98692382252327
201.91417409104562
200.89764458438475
201.12681787933204
200.35707950820685
198.06698451658343
196.87614377035504
196.45744088604982
196.4322458303283
195.51531966867483
194.22792135694164
193.86589998757466
192.7722875943073
190.90455657990233
191.8095945086129
194.41633416090065
200.27427167316145
207.69696188781185
214.02767956221004
220.19978390185028
224.56913108733306
232.06570927723791
240.987829492642
246.69383735285768
250.77160317468756
252.09567849953896
251.98069813001678
252.01128127129903
249.8646517538106
246.11189245156308
243.9823518989893
241.18192828501395
241.48140697609176
240.4090762196765
240.0166320898975
239.60735948534787
239.13570490855233
238.58425982619568
237.54232770906827
237.34125986610488
237.89244517096736
235.36189043691195
234.41939112728244
233.21932105331408
232.5438333040798
230.83560380448174
231.25090345664455
229.8861710639235
229.05780086145379
227.52605367201298
227.7533111308735
225.54155900688207
224.13223886343482
220.59788785218632
217.77927927631555
214.4215615148424
211.1809419372834
207.19973364007205
201.0936651878097
195.59242777614057
193.1964627006531
191.59847786043215
192.89108989984055
195.6763910978474
202.02208838372624
211.41122844663863
218.47484916394728
225.49170097217328
231.17003837011885
237.89449598713756
246.87370022263568
254.12899816449476
259.1528778238444
260.3905097921133
260.49518327412784
257.27863445206725
252.77785715622707
244.2379608800023
239.39294398544632
232.9828838644487
228.57469575679664
225.9311772979787
222.1531911537779
219.1660821377446
215.73108436690035
213.7566140974393
213.59421898634085
212.11643184201967
209.6064608519094
207.8186841835241
206.18075068403397
204.10208343342396
200.3228186288957
197.6752976687634
194.79875410374436
190.91987986675218
189.49786837206776
187.626945763747
187.6472219894041
186.9095527521418
186.1950678671651
185.8946033663777
184.49869408787586
182.33653626945124
180.37951917090203
178.05000104926188
174.34912651584827
172.9577003654142
169.64228066545962
168.41244222938286
168.51340361685456
171.36894480985143
175.55188153456265
181.74111130894252
184.3732281198617
190.67920143493984
194.8838401549411
199.05837320168087
205.56571514216301
210.78162568457995
215.60795812900236
216.86485372425452
216.49821793453063
211.51202145715112
207.38273252631646
199.25944928198976
192.80474323794084
186.25895923442937
179.84509129142515
173.57852026947967
168.10865057130542
164.21532053203748
160.62746376123684
159.755517988206
159.14457379674315
158.62806853770664
159.47312865067954
160.09310818186762
159.1910942647917
