10
5
a
72.57177233323613
72.46355485945294
73.40062800026226
72.79347589863274
72.85592917988807
73.20822393748811
74.82971988762041
72.95621125323221
68.60604630800546
65.53327121637228
59.23303774047698
53.94218309509971
50.08297742413808
41.08662282619305
33.932073200283185
27.066169351922476
25.662489304611974
24.625468383513685
23.943148161343412
24.399147329603785
23.98882305074758
24.156930309354944
23.507242087213886
24.070362298396194
23.442700758895395
22.351653217001157
21.05785419933146
19.86229589602337
18.618161226738955
17.26815859337358
16.604673703695926
16.546895591641725
17.721905496397856
17.297202064305864
18.873057122918983
19.205904642913943
20.689652444651315
21.928167189073072
21.71022136029614
21.323218413313306
22.94320689287075
22.952575434799435
22.337994527371215
23.57025931795159
25.43991581525039
25.4161668809454
26.293504852330663
28.5567105714883
31.26058919326359
32.19246806528971
32.67188545790483
34.4467856451306
34.535834809743434
35.88715753942275
36.78872444524071
37.87509429502042
40.13526000620084
43.19074306314433
48.675509175910214
52.03548755018243
55.563465787212095
63.2316526332499
67.54792575190129
73.30576283888092
76.94921589806805
77.52819363221636
79.03841850405833
79.43585180755768
80.35981737578683
80.72257020133658
80.65536809207943
81.95150013705127
82.31380851933979
83.06725957373096
84.47007354210278
85.49333407019438
85.49250611298315
86.8272576150541
89.10041045867378
89.45956895556886
92.48720839817746
95.0074700934722
100.20082574259807
103.21570207796276
108.37192106862153
116.41687326517494
123.59516131498097
129.89489676422022
130.19950589985993
129.4720879032085
129.1990900027684
128.36174795436912
129.83505681267047
128.88317898992238
128.9464861070247
128.9885988408962
128.6076242112203
128.7591660340852
129.90837479133492
130.4146121170178
129.71460854428562
130.90265417373223
130.5243376087681
131.3943048557377
131.485416313097
133.64849820229554
136.64123255033218
138.86178789093884
141.20289436404195
143.62211333023026
145.50381524836342
150.1711121333687
151.0078621423639
154.00320515392886
154.2982450588381
154.07430812993576
153.9076073805524
152.74872055902884
150.67022833211317
149.14916086576437
148.0814781859872
147.43586557273053
147.04946847330524
146.8970163277145
146.49192353984893
145.58145223264938
145.4323186671426
144.70207431834322
144.19110257592553
144.33152918101538
142.74430288036567
141.62894496346973
140.84650150384402
139.21315836045957
138.31452268472498
135.47333373163843
133.70074272702516
133.66671319500117
132.4961778722685
132.25906931501578
133.8700191878919
137.09826971544854
141.6220114245459
144.5853871430482
147.96998580853713
150.9416624043846
152.2673182337004
153.8730370625887
156.05662379974734
158.52087785544538
160.41085388036907
161.3718092429362
164.8335407258853
167.87120932637788
173.72559550775904
175.85423784711796
180.60324694389462
185.58765486902735
191.33352945387125
199.3287037458206
204.28377797821392
209.05659381899292
210.32484415428362
209.49697680732282
208.91879255858726
206.50720682572026
204.6772720439399
202.47328868733248
199.374930119905
198.97555098552888
198.66013042001896
197.99126017039436
196.0373492203646
196.71779992962342
196.46126140134766
195.55407874140124
195.77482978193848
197.0089586672776
197.6121597180273
198.59796263370723
199.60550193218714
201.54279829412474
200.6027292128222
201.80695046143185
202.7935654738367
203.57632929332811
203.35725726378547
203.3047717745255
203.3184359914921
201.85482912650298
202.16144084533016
199.54415730679125
200.0378630474664
198.8837688705825
197.58613380020367
195.82214510906522
194.64876247065786
193.3897589955205
191.7874656799474
192.60353519066555
195.65724812799692
200.16223021788934
206.0350732036881
210.6149319918432
215.45283227796904
222.45880944363583
226.23941263960447
235.21849292311603
243.5881194778503
248.2915994470625
250.049628947801
249.89427903096205
243.01883392556098
232.15543435820015
216.38426254739286
205.43520815572688
193.55952624415832
169.04601938164745
153.3837622486084
139.50994402349323
142.46467452753393
145.06596674946638
145.65131630870232
145.79379203939203
147.74641727127693
146.99891579100617
146.0491320741147
147.03771586694756
147.15300534235718
147.0625171886814
147.38026304022785
146.20156533212258
146.89559880622986
147.1439632319227
145.81449177856385
146.67854865448314
145.19954338695462
144.11769595682708
141.38057905966224
139.02307764112635
135.72051162422454
133.03011260574618
129.77515139496862
126.18820176916071
125.60186815251275
126.07888944921748
124.89858117451178
125.37530258622571
125.26007649626276
124.8617486898985
124.3363688890017
124.7372517297944
124.9356908325936
123.38634621065131
124.2143586178442
123.2905294385275
123.72494378278506
123.6816861566494
122.49267334491879
122.10407323721832
121.33925298997241
121.46706237694129
117.98321478053796
115.03611483970948
112.71945902062922
110.7680610646456
108.14984824218268
106.07691041268913
104.53466560523431
102.2407089975697
102.28906687281808
101.30857646631846
100.14994551913571
99.50148999548628
96.33872915756129
95.92205626752475
94.00501030174642
92.14701418848922
89.10745984825863
87.0360016546858
84.67162827949187
82.36568292273992
82.21625005781496
82.16100029009726
82.07265628347598
81.84790768901229
81.99272220494983
82.6463275673457
