2
9
d
100.8007092535711
102.01392114413281
101.67413264565647
100.78873024328595
101.5517276709998
101.18823512487879
101.91815652332656
101.37764802305058
96.73980039963172
92.13919687547006
83.02317718551235
78.99601655286408
71.11616321996041
60.78928687249451
50.496888388988545
40.45929129915068
40.94835224441793
40.71120608323398
39.86532141735737
40.35332003391119
40.17979305452007
40.411996909620086
39.925371784057184
40.10618227918945
41.011168207550824
39.54720102935797
37.52179887249076
36.25030405884239
34.92423576460935
33.860800026522064
33.78297471207054
34.1881542401952
33.965167279839065
33.500428132972885
34.85483013509714
35.1963148261716
36.25562511893639
36.039384630806346
36.675456850721595
36.581943308208416
36.38103826659765
37.27406924443082
38.153088594627114
38.210943947654
36.25186977391759
34.14364502200078
29.617573957794
27.2749076048492
25.164901876109933
21.103302301026662
18.333176745996184
14.036247983067915
10.636636529701798
7.61546293418464
7.206807675462103
6.389903039761611
8.22409645717724
12.547963647605291
18.67754747857515
22.17273378586531
26.4819124665372
29.645738662421238
33.108654416702464
38.32621651542331
43.25298339307069
45.03692809559504
45.524858189903
45.616320185360244
43.61516964381835
43.71653607750876
41.42409764076318
39.405006469972236
37.8925352814872
37.54474824404001
36.5249322029221
35.88574857299472
34.741490385480965
34.45200757927005
34.55975869576056
34.438145108732115
34.01272111598891
36.08840834041832
38.0876423735771
38.838191263401015
39.66967659672503
40.63304802981271
42.61233679600102
42.31444027789614
42.50379215553724
43.57423108479473
43.86825958195969
44.22109552453835
46.26499882654056
49.11074443378435
50.8007362530662
53.19500116409653
56.113244678930904
58.57708923064246
61.298937043019976
64.62776594688472
68.1994776496405
70.92771011789404
71.44049065552227
71.36015477513683
71.10351929492825
68.27568959408377
66.23372602651378
64.42438912296943
61.85648250920862
61.07449337098707
60.30188779759811
58.768773475136165
57.235899884939776
56.20147251055877
55.57953837094122
56.12665043620088
55.54960679895477
57.670644338313274
58.496249277852435
59.8842177070383
59.61287336227163
59.67242131090033
60.32105237215679
60.65664377251028
60.6819557557266
60.668683658574025
61.3962386267792
62.09946982678099
63.105190048915944
63.543949624826126
70.04498667519861
74.47115812145293
80.0798806459287
84.6982452467036
89.7918948233504
94.5836787908119
98.4402732451104
100.64927998895996
101.33595409657791
101.51098107530612
102.21443076303083
103.18070090289213
105.5454512075327
106.56999067832466
106.43773357056477
107.32836856401272
109.35881032633513
108.64133199793423
109.74750961359429
111.12827875106643
112.6552492979216
114.88711795667929
118.43799444568559
124.335139824037
136.29260442447523
145.8157159970983
158.2082322403905
169.1377351241468
179.76349442428972
195.43046029732722
209.4648606567256
217.470197644895
220.56868585579366
219.79145442123027
215.4350578309023
205.84516843198284
193.48098953513394
184.46490676617952
173.15984286880115
159.9561046243346
149.6141468600116
140.16278074479013
142.00943701237878
143.81146996964816
144.7442669453454
144.01009023027964
144.4928147034475
144.3508377197206
143.6232377879372
144.78434632483518
144.85376928412353
143.43665555799828
142.34303153196743
140.0150317041474
138.67619872943817
137.90593188570205
137.03943666321047
136.65173454112727
140.71347878085646
146.16359667022837
153.3991895760488
158.78456348941702
164.78763805652503
170.99931544909896
174.0914402871128
180.25197536487423
185.02245053018453
188.82438655082805
190.22010427456493
191.49838405521956
194.4504160007874
197.2776245181643
200.9747199556565
203.38420718766898
206.09010124374973
212.07419134319505
217.8504892446909
226.73007468918678
235.15398932528484
239.96956657144128
241.4783622516411
241.43484468150203
234.5628288019378
225.9987810285046
211.56872047906074
200.78935303991955
189.4936186815028
179.05867991942142
170.6304987240526
159.6911274680397
152.15053114917438
146.4074605881861
144.53973368421308
142.73086412178364
139.50926340017807
135.91676986084963
133.5894302797616
130.3123694338727
127.27115528388742
120.3430339131069
115.41157029668037
105.84065807642031
99.23856403308395
93.88566795535992
93.54837890245486
92.44171146075553
93.7557545601477
95.86726833090451
100.4493726545028
101.62308224327613
104.28205803880395
105.2858959964709
105.97609736943546
106.80376728838687
109.16867245772849
109.087405569757
109.68329877191691
109.28345505034578
107.88092836874733
105.17124750286229
101.5886819429427
98.8653167569665
95.37080925015475
92.57952825351315
90.95515960683665
85.98848889987494
84.69453711043757
82.87232487760558
82.17965273324218
82.1820066198327
81.54991962881454
80.62834361861631
79.19434553215078
78.82462570731974
76.97979908081346
75.79394305485475
73.94337670494023
71.20643424180325
68.8501900874478
67.77423940979305
67.13121230494929
66.75578513841107
68.481015089632
70.93418311186916
76.39300982456153
78.67299813799674
82.8574433133438
85.47974782984971
86.51716675593092
90.59353864423065
93.34640413546886
95.99693009698784
96.6007624583776
96.07869499518443
96.14382865438397
95.62747597504693
96.06055860431312
96.08573073063442
