2
8
d
59.43514583467674
59.380835998651875
59.458657658132694
59.117382401792675
59.83399133724735
59.19825212272682
59.68666270951106
60.09634590599066
59.297313331036165
58.898176844251076
58.2371964721998
57.392133530736956
56.051954669442466
54.349461349966354
54.475039506870026
52.281644294195324
51.716383198459845
51.60578646064707
50.145132940483656
50.85298454080432
51.02570700254864
52.8701439216221
54.152137369668644
55.62819333707395
55.69329134290389
57.20322937272369
58.26945315653544
59.42550242143012
62.07017617682631
63.09749795138298
64.18112688127064
63.855603412995706
61.04657756252526
56.55793723248007
52.858377932389324
46.5820617582146
43.490430658797074
37.86565724536679
34.1999271072197
27.61344882134141
23.576489262870467
19.62961670533408
19.464558075292185
19.04036414316041
21.240161943464578
23.435126197232936
26.6898796540766
30.29531167438126
32.57507524913807
33.016802566790254
34.04087756425622
34.627575822566556
34.555529800289904
35.051978375570194
36.358266140562314
38.39565977988463
41.65368944683474
46.379638822647706
57.43977039692312
66.61119838397393
80.1214661051893
88.9306831538392
99.34613391335792
112.79494399527199
123.93797295301697
130.38910858967017
133.1764367570223
133.40229252249998
130.74581268092115
128.16963886984814
124.87192936843249
122.25769391363846
118.13912474716432
118.89594613352651
116.97310647709352
117.02484167374507
115.35684357429153
115.11879026628539
113.58021987288424
113.2058297766612
118.33480849683231
124.00501456802172
132.03172199027463
137.968382827006
145.81475538580148
152.325556124611
157.19602977447758
164.1745470624398
168.59312509728008
173.94846363620843
176.200481848934
178.2963616503859
181.05984734218785
184.41345943290813
187.51336679513952
190.90607953369934
195.21699446894576
200.9519943341285
207.1227942922382
217.37765352883082
224.42895114404405
231.14908484724563
232.29065145471642
232.57880584445704
226.5054484517472
217.70920111759017
205.20779252222343
195.96676094876693
185.30926550320393
176.0520153389277
166.88574194016584
153.15540970204972
144.07699074767197
136.3909136394205
134.9511247080879
134.96996219845465
140.4404192800188
148.74040650813444
161.54473013996193
169.551422886993
181.9009557080742
188.3829096500504
195.68394341796864
206.9290861023772
213.78685646851625
220.83320656357444
222.57064688420155
221.55700705573773
220.87841757173987
218.506643647005
215.45445480474578
213.6730691298382
210.8701343591607
211.44097601234878
212.1031306185735
211.75638779530084
212.0338824807722
211.69084290256518
212.61057619928667
212.05542677089844
210.69658081025887
209.41100006201958
207.696043029598
205.97742992550192
203.62990589604834
203.19956219017718
199.8361556479053
194.8290038514002
191.9667635455421
188.7635445390698
187.94195299287838
187.8171242411557
194.33931506358846
203.49530249835976
216.3312947718464
227.25367210678763
236.6001731937102
248.24024878924425
258.96093590090743
274.1949068430821
288.02822589627243
296.9445555623989
299.7500273227766
299.5959274692104
291.2312106108369
278.6468022900795
261.3992776645407
249.17232059584853
233.48013677009553
223.61869110137076
212.5832780477969
197.23042180001616
184.67739165796158
176.55913511907173
173.9748767058054
174.70675154083125
177.95833569561748
182.28606197990413
188.98390438213227
196.24119411534411
201.07594284520695
203.78471274036792
206.79476825463834
210.6444160150961
214.2498505360521
216.9621206248551
217.09102961955563
216.00386966410187
214.80161676119022
211.79785630818714
207.8514292457219
204.47253187444454
201.26872715737892
197.1555502661795
193.1918623851479
186.73403915804334
179.8572325798129
175.4125466684
174.35450872572346
173.90588395833714
185.0938234508377
200.67816758077075
225.598561330244
243.2430978050397
263.6851614201563
283.07111709400937
302.7486442761992
332.33408956026636
354.9445532522208
372.46610032471784
377.3555320898323
377.9696762391358
363.0683325987274
341.45747506057177
310.58681673987564
287.3441345218987
261.2351406864871
240.2055110594903
220.12455776234796
190.63355548094455
166.85777855383014
149.40929898367534
144.1227505576205
143.47759953366977
158.13073359620182
178.6740924681575
208.3750246550406
229.4792548618724
253.90584173495037
272.1330182723562
289.29148894918956
317.9103798100198
338.936763008822
355.46509386260084
359.43500988054524
358.99661350612723
347.37134699354107
330.5534934913402
306.91626856428684
287.6046030320089
267.02919031322153
252.05995044426913
240.08631144219873
225.16256347167877
212.47593246264438
203.95556055534686
201.1962120109295
198.11215800475543
192.67193564095106
187.9249948888297
183.0703424126681
178.02147341034936
171.81262332955612
160.6193546467272
151.98407304104563
136.0433445316088
124.33889519739984
115.6506203253099
113.20868572304802
113.46505948115771
119.1722879090389
125.60576580184414
137.4168717439611
144.8758842437955
155.05052363422533
161.30971664954708
167.57091735997602
176.52095648003416
182.44704642841558
188.66568931822644
190.22277084406366
189.97909550457726
186.6147309717335
180.55886291536123
171.62577813716467
165.76736717854772
158.52829431096575
153.06281871800388
148.42928080857598
143.01399643878898
138.1964836744177
135.20990538746705
133.66681514388247
133.3790799719191
132.7448900703774
133.6289273623517
133.26234687866378
134.29540425738
