5
11
c
54.57669480131342
54.71644094522931
54.68065292660446
54.80728915748786
54.39900407557548
54.95380883783448
55.29095394766053
54.236799654775126
51.63406491856881
48.45456914044378
45.19077296492019
40.8032808295854
36.56074562205264
30.031950370435165
24.863227647518617
19.433405465113875
19.142999661668444
18.080739990180486
17.80872195038003
18.633410842752806
17.372464417729685
17.630109789736938
17.02645327636923
17.922048777138162
17.37344071746451
16.601189012411123
15.095801979164264
14.506538544518959
14.051060965978415
12.457512413053534
12.474651740625017
12.786186296947086
13.386398574896171
12.971043495213962
14.961963529646036
14.952594980907637
16.132673462143686
15.600976873641784
17.163114475859853
16.505251950714793
17.40832764998105
16.65673933564198
17.16887110731266
17.42611103099243
18.741138592832243
19.140810938304803
19.4054964925703
21.17599085003451
21.898606292255508
23.483142951833774
24.72554889399089
24.623605356448955
25.648214492988128
26.228274793882203
26.71178470593183
28.54391020192248
30.355659816360088
33.106835148402865
35.74488167103057
38.96132019794283
41.262473834359994
47.77373822829089
50.45198658530854
55.27274329662492
57.49800041443103
58.86657150053632
58.871484700493326
59.82229497080663
59.82438587373071
59.599634009336015
60.385933471649444
61.95101547689672
60.82994699918064
61.904310170449314
63.121151236702765
63.88657586819043
64.09047638259746
65.71488859239504
65.05132037994535
67.00557621098271
67.72854449757364
71.70134711714493
74.3810361759969
77.55035933671908
80.24002589155084
86.6502105114827
92.55986650611983
96.57075329918003
96.169069601731
96.62644158488854
96.50811945982383
96.23693288179462
96.03710812174907
95.02225273479935
96.64225213833194
96.36344523767126
96.03289436400807
96.21752358584547
96.69944434239488
96.50224162921897
96.91531581641975
96.98384283667056
97.94861560013852
98.24966899388906
97.72937493564464
99.31373716275381
101.40077776599938
103.14915844609365
105.06009901496748
106.63813833330886
107.8231869450512
111.70773019404311
112.39744225615546
113.94421635465167
114.4399973517944
115.02470753196607
113.20978775078451
112.74564617616308
112.13542735402025
110.98867423706885
110.84301158757775
110.2128326099325
109.35887346380666
108.65716174813697
109.15799046536057
108.40192087618306
108.87186913760222
108.89215510586057
108.30183366832479
107.73428322522594
107.9739676807227
105.30856873705422
104.93931827826923
104.43373284805817
102.42266700227388
100.91693228950967
99.78745275813415
99.31036385119144
98.44448620077893
98.82600882264663
100.027064659565
102.91575871782443
105.6827957028754
108.03473023285463
109.21836270951229
111.73706144432909
113.76049688854614
114.41545572455202
116.80632979187679
117.43656059417775
120.13958517938518
119.99000814217636
122.81978883966352
125.62529595162142
129.1862297815624
131.48402557718364
135.16744769482455
138.40746168871883
142.71471748224775
148.5037775305188
152.0422153478788
155.55245595769176
156.51075559259246
156.90253490198535
155.21923020872742
154.702897404886
152.22264462876976
150.08970606214442
148.7386558201663
148.32719892491147
147.2724164229318
146.79237087743925
147.1080534585511
146.1062272517562
145.38374504888955
146.20981921437985
147.06196806565643
146.7379013518972
147.5971059897688
148.16591196817978
148.5660329290617
149.4963160285902
149.12947261574064
150.52608590635444
151.394924385991
151.94311447524245
151.44768266868584
152.2657686507856
151.52111766369794
150.320931710954
149.93612953043495
149.45923719161573
148.93479918331093
147.54670786043565
146.69874713826067
146.02480275356913
145.28273991074857
143.84582925381534
144.18220166120372
143.59361546006144
146.1766944566043
149.33067565722573
153.08482331746455
157.60737042529695
160.6263611971102
163.71606550748987
169.54724180592783
175.609726089144
180.96292321166166
185.59821419203627
186.39814748462487
186.32356534798643
179.83771970847465
172.84977705028462
161.57467931046463
152.99083705269
143.91758437779455
127.16829898841164
114.88223609872668
105.31965585013165
105.20084903715781
109.02616240444361
108.42920291535391
108.83804635830504
109.49143105317688
109.97423477495765
108.95417745684425
110.24749918716601
109.29078483927594
109.91557373099089
110.03371389987923
109.34334966974738
110.08074777436337
109.45342744804124
108.42263255804504
108.47216866649671
107.40544579609
107.58414810532123
105.07194248858694
103.32788448202786
102.87365800413528
98.71372823821041
95.7401963608115
93.94464046454968
94.38104719914747
94.37336650081012
93.19334879442917
93.62794638939395
93.37067385618745
94.2971081363306
92.74234746543769
93.65131901369777
92.59986025345994
92.87330601105889
92.04402891762508
92.05446778675962
91.22219527627655
91.55808907626479
91.18330837290878
89.92492711768537
90.99266343343481
89.74905267646568
87.70485975115837
85.92338798962221
83.51902317209263
81.59672003635448
81.53680082136799
79.48569765631947
78.07987502531351
76.57283242569403
76.92562932998648
75.42422912450047
74.05395664061373
73.22838315300127
71.80355878246937
70.82401979499276
70.29014072799293
67.67737828887415
66.35428852907678
64.84646939782246
62.21837896155016
61.82922737701114
61.15460608118555
61.52376886115201
61.7752613880064
60.93519276843611
61.8709104430369
61.34585764809858
