6
3
c
112.69893604702388
112.31490456521325
112.91713108053341
112.98007834763398
112.2072521077867
112.23086301268107
112.70884531860777
112.73046635028135
108.75104135720333
104.16330205215698
97.13240956435513
92.431921136577
85.7935753068558
79.86219788907572
73.77670652144405
64.93650959218928
59.05175138852194
54.2938755806607
52.979617992593305
53.12085593843382
54.2318210799952
56.80830840119133
59.05576982008548
63.08019342179267
65.88803720928718
67.1465556805281
67.37813173708516
68.19432472872634
69.50941717027347
70.46834992454404
70.23674065645125
69.6239540684618
70.33378910914429
71.07719425904084
69.5591449420956
71.01714036948327
71.21257088177794
71.69872878191993
71.18598461696601
72.98768298069452
72.56333385187916
73.16305921468468
73.43184971702414
74.04181251528667
73.45862858281778
73.49566334603298
72.80185717663664
72.32224080813283
72.46118882039443
73.24494824699687
73.0465811728402
72.33883305133465
73.08145023355003
73.39072062938921
72.20172949954247
72.69472132876179
73.03931876049663
72.05131045041898
72.97549725686989
73.33826520661249
73.40250597581363
73.2305452288635
72.43999584750091
71.94584671085576
71.93621213439462
71.2780802765876
71.11450139925071
70.76276221672035
72.62492919413273
74.76109287936704
77.70606766129615
79.65287476827598
82.85795031771109
85.29869996082998
88.84346787970492
92.37777203254988
93.26617951973394
92.82193055314724
92.69125989663304
93.07374076687631
93.10644175579178
93.52770195332458
92.45336021185548
92.44398680733315
94.19025106087278
92.62599268085256
93.54481032152532
93.5128617998633
93.29962586058137
92.81211146685229
94.01572173054385
93.94118834089694
94.4105977481176
95.67366280712976
102.1809019010038
109.325051435205
116.89731012689113
122.09491846653191
127.67305104844039
135.0414475445201
141.25329129375055
146.11075350229703
146.07278357797767
146.46167019016792
145.763035457336
143.48894657678295
143.41636519684272
140.97807367173425
138.68796781197793
138.73767826881692
139.31353466551352
139.09174661808993
140.37307867541787
139.2584507475875
139.85454940164445
140.6566473245678
138.91874491540221
137.21899760620508
134.87723890468374
133.13226839458466
130.8685084334409
129.41172993965003
128.66059255932208
126.41570665623968
123.06568305797478
122.2738411677539
121.87111649176083
121.42118332048821
121.81443229060778
122.12598339866791
123.10508322773134
124.00865608609101
124.81356633586996
123.34426152198198
123.37871756088175
122.94181682694278
122.83060886014502
122.1166673892055
122.02560976865274
122.42246279882757
123.14951422089685
126.20652685567322
129.35970737427957
131.8282205961284
135.25418307431497
137.85238130165058
140.59067196717237
145.43200782289264
148.3174784157298
151.53688922808928
151.81616752456222
150.72129104536432
149.96964030967263
147.17702152824754
142.9699763270867
139.79152451200682
137.18747917246438
134.91572956339283
131.57937255234043
128.7574346062269
125.00704315011818
123.72015227268479
123.31323074325044
122.8534266148414
125.36971130846797
127.5904190133845
131.14962198991415
134.91433835248222
139.13958309458525
141.12307965220927
142.94066748036892
145.1704678514582
147.94047424981187
149.7663065116172
151.24180302639377
152.09006403873389
153.2000215059944
156.5255196142861
157.57197585312778
159.61038798553525
162.2793666185638
165.6253708146178
168.8230034865882
173.4737628863633
176.82213392750614
180.48025232082333
180.29458666191226
179.67170079943637
179.35460015712266
177.46618060450274
175.59096870986636
174.79850807960992
171.93067324556276
170.75393704135953
170.1171332339832
167.5638126323347
166.73581961081356
164.8975798270136
163.9740706805869
164.15702770765355
166.9199886545052
169.05122901865658
172.29527049178705
174.38353462242156
176.8226782813888
178.6060347700131
180.99033670723398
186.0838676322015
187.25866500948007
188.85468297025892
189.9504523931608
189.68820982098205
189.10475308166934
188.29541716459298
186.8284945208411
185.5024963547228
184.15459885916607
184.85374350718953
182.8015409741895
184.3915683950931
184.6160227348696
183.37186449082245
183.12057638072818
183.4193634458577
181.2303898452932
181.37479503355323
177.08445852516266
176.28854247690336
171.2561551546518
167.29192524325524
164.77555215809548
160.6611174600926
160.0299253774793
159.18725793001164
158.84433347274717
157.63960709128537
157.81079603951977
157.74875715876846
157.48193064006702
156.03909320487492
157.30747177103552
156.52398332874182
155.42545621192593
154.4237335767869
153.5390957895272
152.84168989916728
153.10040226947004
152.45694959371048
151.79042426425474
150.81453727747862
150.63507388761263
150.43023143477797
149.85711408462694
149.73280885099499
147.50076658203116
146.39621819083524
146.19690437334611
144.19875526439668
144.54622518251603
144.83238736996006
145.2553729660117
145.1903231104496
145.2061628676606
146.13220370540932
145.54181060207472
146.79804618160344
145.774982855603
147.15167381109953
147.40912633277986
147.66908925149184
148.1857607756207
148.29057636551687
146.06023000188497
144.25544626162232
140.60092836924724
137.9784412539413
135.37652422048174
131.47952787526762
128.9217470659335
126.31934496634648
124.92632140306064
121.75771346681029
121.05036861604718
120.92750669752883
121.10137679672137
122.39352712060112
121.56395027293546
121.2662468989792
