10
2
c
135.5147302171888
135.88730356996402
134.65074786664056
135.2465737008118
135.20738817535124
135.617428384593
134.94129261871538
134.49234358767205
131.00641418025052
122.94673953618934
112.22255745932806
104.8217277637984
95.50719750164401
78.76268488492214
67.20763610849372
55.88976059760708
53.78815107167668
54.09303404638653
53.98527999816884
53.38808837615348
53.5304534700097
53.01425071866967
54.2538007389354
53.858254357303956
53.72055704885923
51.845103168137115
50.24363793023949
48.79864685600041
46.59403090994512
45.655047646540396
44.77280596065927
45.35203544561835
46.25072374418719
46.52793269710171
46.952941203457186
47.068010125647575
47.83034106954118
46.801511397364365
47.958222743708866
49.17605802688889
49.141913969924396
49.87657332381007
51.130009893396625
50.31377772365312
48.552656033904235
44.69821881646954
40.668785665594605
37.083165812439006
32.08040852556787
29.20626116712797
24.225094108961905
19.36195056307346
13.675724159578149
10.116743381759248
8.494000099245802
9.333516871800114
11.990915404913556
19.124710184533583
23.687622656406056
29.333505777659852
36.239136000565956
40.536756688700834
44.14024786309826
51.03323951238338
55.30519035054471
59.51351520506746
60.19291325049679
60.83252617440753
59.547989824611385
57.147475009801134
55.23564825515688
53.25949880307835
51.396544585143594
50.356725511865264
48.73931481546605
46.824712723198736
46.2299797963369
45.525736443061255
45.737336352301895
45.823153486769215
46.48017922517544
47.67866239799643
50.180951447391166
50.54594994693478
53.73518300248661
54.87315694993247
55.543952695532404
56.7782819392495
55.98895591091724
57.924953468433756
58.40112838322476
59.69076797536104
61.23092089205505
64.7176920810485
67.78436335293483
71.27088687367853
73.90306536654815
78.09139801244577
82.44888577200865
88.23788894083917
91.83664727414859
94.81267914857735
96.57948562270835
95.63653719474398
94.6443456715788
91.48481203181308
87.86143877573996
86.18561245799343
82.92910960049882
81.52941446151553
80.46602704488858
77.59756643546167
76.00838267578654
75.04687047849326
75.15274177882932
73.71532934206442
75.95470563466075
75.8328146227985
77.53156765237586
79.09325665286202
80.32324936907766
80.30024079235962
80.24078337788053
81.0148354451326
81.0327385473476
81.40868755823848
82.5226798717964
81.75449808961179
84.31748752635939
86.22822531474935
93.21187889035053
99.3170188481137
106.04378354565222
114.08566128108305
119.8830507792875
126.67015110440501
131.09655646553716
135.41644259527746
135.263996076683
137.24153783244628
139.0167337310257
138.83113428444466
141.47670652025613
141.79682518839851
142.53439115848485
143.97302651081637
145.4715018278696
145.67181883880434
146.52300609412157
149.3850366341927
150.65516082587976
153.29763655352636
158.6731480367644
164.8586145964132
182.78738553032713
195.8414281715275
210.75323218557355
225.40976671292287
240.1810305568816
263.0347625333481
278.6084502082229
291.6677419227832
294.57774878474197
294.94125418144193
287.1282496718308
275.93190770715813
258.8001221313508
245.8181500739248
232.0064969081194
213.96334415267404
199.65053534460216
188.06169920517695
189.45120936757633
191.5526785586965
192.0936206555846
192.94252610001826
192.37320880621036
193.3502487986751
193.2574112507439
192.91085531995998
193.3216445738494
192.61106325307492
190.12702527355927
187.9280965038811
185.62357993115117
184.534867051483
184.57871321428007
184.5569585906785
188.01302715935182
195.35500734066272
204.5557148711773
211.70030928319008
220.49464200462594
227.50623771859867
233.30115388253054
241.75356002376583
245.93729861034387
252.2372443965901
254.50554305099664
256.6921193698213
261.88753451441244
263.76653330230357
268.2193120639482
272.5667497380285
277.1805507890553
284.36712739515787
291.3131296440677
304.0307726995263
312.7481893313506
321.4920263764798
324.0146727102506
323.67426538848923
314.79130224704414
301.0676523963282
281.8018843011097
268.4088025717936
253.1555079283748
238.92349791910704
227.90020501273375
213.17994324724546
202.4194039897103
195.38486491242415
193.58964438780401
190.60112272934765
186.24374286431345
182.3342915984742
178.22847069330822
174.72156278411043
168.70572746391997
161.27326403599292
153.87544375171674
141.2334837442754
132.21852574392753
125.62914189410189
123.7038926892028
123.59192836244331
126.44974322547958
129.29511473786232
133.12402365420377
137.16682572030578
139.6791752648988
140.63605061552695
141.73325708290054
144.24508032333375
144.32756626179597
145.9992823680992
147.0282717737301
146.25427860362845
144.8881604617563
141.20701688078688
136.89874625459134
131.84350963325238
128.1141649454208
123.32801411903256
119.32597258458446
115.8934007773042
112.91533357952544
109.99053291883844
110.60145178727323
109.14761436767338
108.2160702083793
107.37607698966929
105.46381816483371
104.92570473173167
105.1338622735093
101.76558492696407
98.8094765424938
95.15756220218704
91.26188430994678
89.25473252460964
89.01022655637317
88.79498453882265
91.69775016364903
95.70028580257718
101.27843358870597
105.56299762057212
110.298039331482
113.41011604034362
117.14082500667264
121.29307155671597
125.63291968009041
127.41947912053284
128.73451685565297
128.02814128218964
128.10345317357596
128.3127889981193
128.99356106896752
128.5933781328545
