4
9
c
226.43560601168807
225.69252491244157
225.163708074798
226.05350935068577
226.50706808430292
224.99502292085495
226.2189929400824
225.2237989702987
221.03566880870397
215.3212092528586
207.98188204219608
202.85871914245777
196.9385619962515
187.5435127770109
181.86025492585446
172.349228061519
167.57168959612417
165.46306938358396
165.0955395229716
163.49750474992928
162.68465428475614
160.5712124641467
159.61984467592092
158.8724523462312
157.95965162170913
155.0311125347217
152.43046276115848
150.29352697312012
147.6956393017386
145.30603777642992
143.69751930568933
144.6299303962571
142.38685869437586
140.59061545814816
138.65810439375153
137.10711935277638
134.96566702346175
131.52761154344174
128.9876998735688
123.63313557213168
121.34343584885258
119.0576419816114
118.85235957772056
119.10694066405031
118.87806430023653
120.86628481789587
121.53200185959291
124.77002502107054
125.12524740816656
126.98428351971761
126.85340595517316
127.75933349511708
127.44794423162696
128.27847125786357
129.4029241722998
128.91552713712403
130.35233170552274
130.4345623204276
132.55578189597634
133.87025378917622
134.32596704524047
134.94835694758743
135.72176892357234
137.50974265364323
138.5647250960411
140.02976590304618
140.89928564275561
141.0403768025149
141.8315487274254
145.4512597258021
147.59737936245486
150.03191206956384
151.58066467843304
153.96594306771695
156.57571366822478
157.97300135980677
159.66291099760443
163.0709273589899
164.08144021134748
164.78095088752647
167.69468236358858
171.92546573075086
176.32342259797494
180.6046655442693
184.66416933240427
189.75742753599556
192.42092709807224
197.54569967208727
201.53924476229608
204.5733110950162
206.61964898312368
209.93407604058893
212.3745343071208
215.26548391226402
220.23837115301453
223.92965373846954
227.59449268972153
234.71410325270088
238.76057356099867
245.31558480234213
249.96074635250545
254.33459649476475
255.23655447201295
256.6439391622907
259.55635750502654
262.5259570561066
264.4318697168878
266.36191599320955
268.37764860078505
274.915190670046
279.7860793330426
285.40636625037416
288.1176013533046
289.84056820109646
289.56394207067643
290.1129797826473
290.3079910082982
291.6990489728342
291.5149943127267
292.02576433737323
292.6266813339086
293.2837045212222
295.6367839395097
297.8359893395284
299.4139632443038
301.2787806143266
302.08227461609226
300.75950921129964
299.7332900596955
299.1667671461192
297.30490081882874
297.2679666674038
295.07159867942164
294.0644788221316
293.6642830096412
291.67419306544554
291.6078975752098
289.2049877702459
289.9436542884711
290.2317615000788
290.67494697842244
294.05429415242065
295.80289860922164
298.2217402672436
301.5098171247101
303.52948048083596
305.7297950340769
308.4298646529375
310.1640433242314
313.2672651720481
313.37402528813334
312.7138136920374
312.7639365464215
312.25348852888243
311.332396269392
310.8399820047889
309.5411925618482
309.4016448867519
310.62361520809384
309.8326674715188
310.607017633068
310.3854642972175
310.68083264744706
310.73586259242575
310.5033166175481
310.1656986758918
308.55975289362163
307.9136934739359
307.0802063680099
306.26176409461425
306.55209764067274
306.2688481767353
306.1356648340738
305.16762738892123
305.2001139725742
304.27303676608693
303.0739588393827
302.7745995893965
300.77298890624076
299.1026957024048
297.7517300732062
295.94610400676254
296.31302016385655
293.4446705112446
291.64666357134354
291.3076077539119
290.83912845757726
290.1433364064199
291.1362504307927
290.5040985196304
290.29652006701434
289.6084688724743
290.05239109705184
289.34822460865706
288.65059819201684
287.0680487831979
288.0471011794314
286.83643311825114
285.40672014227965
286.059165550099
285.6740556109953
285.24101455210547
284.904153745993
283.68895664961576
283.6945794264756
283.6522811392547
281.8813800555977
281.3621085769159
279.23311060475703
279.96881769333663
279.29652952809937
280.30415208988
280.1804695461922
280.0393558405049
280.9517540151593
281.9171708171462
283.9267065658543
284.48280589933097
285.4316549264936
285.5279746106788
286.89368569777236
287.3014207475574
287.6054979121915
287.0665069075158
287.57951627202027
286.226635041905
286.99770069843
286.828755354358
286.1809804506698
286.2516623734093
286.09195268681447
285.91805746023084
284.972704994907
283.8260180416088
284.1070833226812
284.02291107488264
285.8290276087812
289.1195378364572
292.7780977833823
295.3886418595721
298.5398084228808
303.2181444011488
306.88470662134796
311.33485532567926
311.4327914062234
310.9132534748332
312.786371979624
312.2996591234591
311.9366607515606
313.271191516373
312.852203907097
312.8875671144327
313.162942246539
313.9584391423796
314.7231549503043
316.5802658442212
316.6475682391997
317.8892092781059
317.78104511381247
317.6744829690861
317.16272767348187
315.6285795421864
313.41336973375155
311.36070149620724
309.3066540638362
308.7790597384083
308.5085617929841
307.0060452782858
307.3918240043106
306.04942627994325
305.28418969586284
303.25749280581505
301.65632025128457
300.0862091029261
295.27065244731216
290.7355027863427
286.48124462545746
282.0877933310912
279.0828283599389
272.6809691770308
269.1497720878278
266.1349853411911
265.2213656289239
265.12109614713444
265.3372048684733
265.0218199218261
264.7019957593494
265.48411834471904
