9
8
d
217.9958783624628
218.12879209608118
218.35851157799573
218.76523853002323
218.29993924129295
217.20814497198015
218.4641324819192
216.8139946545
210.5336456527879
200.00301010691294
184.18689389848382
174.3143765762828
161.37937645325687
148.4013290731871
135.31880637331253
116.81418143862291
103.47820627613547
93.61716039883285
89.82056552611306
91.05170085278445
94.12773614330628
98.35245872120633
104.02983964607033
107.7757155082542
113.31820568216114
113.30030887018425
113.56644329437351
115.66964358045448
115.33771767866872
116.36375834911782
116.883393862992
117.58089716452051
118.51920895643075
119.39628132475916
121.13984909003908
121.58594434521467
124.03088290789978
125.79345164161604
128.04850510336158
130.35641367552557
133.0695482515613
134.82538483225895
134.74860512247574
134.68869016868402
133.75774078392308
132.6497282144342
130.71086674035845
130.02720530003594
128.6683135317211
127.22058533156887
125.96549948391527
124.37417328531792
125.47025486018879
123.13739463840207
123.09581186028342
123.10373543231609
123.18507349746808
121.18453192092761
120.97351657732364
121.57388213394523
120.71737517634033
118.57683409098797
117.30076625326643
114.6006450127863
111.42337033505277
109.14344025802947
108.03042497553112
108.30858142691856
114.02916126009832
121.20231646550556
134.6737912315037
143.5269342212694
153.67582930147142
161.52071556310804
167.41594530585405
175.83180807236025
181.53183856447507
187.9746963943764
192.07895377872293
196.47443751762364
204.31459602017037
212.34096696841215
222.4784381366705
231.2222544009183
241.0395696261965
253.84546397016996
266.37853617693673
284.02650692234977
297.71777510295647
308.51574372354503
310.63630220379287
310.65206686041546
307.08172642014085
304.81862387727205
298.48256355952446
293.81239888498664
287.522804159557
287.95647212488683
288.5197613817497
288.2880125128803
288.1834360132773
287.6033118113085
287.3114837324445
287.06460220013287
284.51340149033865
282.22673832403365
270.0246441385984
258.3391723749637
245.29506525780164
233.32636815282794
224.71399587494727
209.76940105895292
199.0956437285893
191.39471840853724
188.99030275263314
188.75437458031263
190.91652843591615
195.31627198280364
202.63210513742084
205.86905419048082
211.877741640085
213.83386956000112
215.2236912738137
217.76857081071336
219.6467350988363
220.63934227276715
220.84244334448726
220.2385004155644
221.74775739477533
221.30694561649608
220.67507653881648
223.1417306198307
222.54036752909963
223.75111484767498
222.86752901710923
222.86051330850066
223.35168903543817
225.22044888703644
226.23925144165835
225.08934194885796
226.60584200384292
229.55915762707863
235.4984186196756
241.41765508587
248.36372414548808
254.49939573960296
258.799174921922
267.17643339190084
272.70402274605027
277.64136280271714
277.86438433394443
277.50260895856803
276.4632145502436
275.33710633158745
274.6924586817791
272.7611262584932
269.59634640093714
269.7764166659254
268.53136570475573
267.4124500019972
265.9314158928638
264.29992369640195
263.48536455034764
262.77266326855244
268.90815465583165
276.05635101881603
286.40346555377596
292.9707949891547
302.9190958776697
310.5871844905873
318.33924902517424
331.01801933636466
340.30249269348536
346.56882984401955
348.44858125057334
347.609319744793
346.5143468225171
343.77973789067613
340.13285894553013
336.01493146822145
332.28571722438613
331.9367871501858
331.4370781631435
330.26369284567613
329.81147714939834
329.1083352938386
329.2332325060958
327.6386900570796
327.2056061442401
325.96885897792
322.9711624472363
322.54842439602396
321.65623619033954
320.1965722394394
318.99961855566465
318.3167770272792
317.5825228034506
315.0413027714081
314.3080656684044
312.8362513628372
310.56786652292317
307.0666968188323
303.0250806250755
300.3585541023899
295.6185730042295
290.85328160095094
285.0594300581272
277.2358596115303
270.3885958010017
265.5861211969022
264.2782048219213
264.85787183622386
269.93496513318786
279.44400669575043
290.9827386775468
299.2206662682421
309.58696220006004
318.8873747860728
328.3996220536508
339.5556836800797
349.64325001745266
356.8347245236377
358.42929702060246
359.1448995069087
355.14942996839477
347.8016237665832
337.75091967847385
330.0022265342787
320.63933177015576
316.67757737889434
312.43211115756
305.71924618905666
302.2651125387153
297.3888315580462
296.5254360690519
294.7674899732311
291.84872735037334
288.97936127206805
286.0569482824556
283.5707823327315
281.21287433708835
274.9965052022828
271.94256689028464
266.66470700377556
261.8429692763496
260.44811563600473
258.7613237532375
258.55217359587215
257.85312516704664
256.5742081636291
255.44588493869247
252.19205729899326
251.1865351468755
248.94450099253
245.5517941091473
240.5794229062439
236.34197703836807
233.70528395775838
232.47726930559384
232.87019292230804
236.45125693061
242.3257865527283
251.11623055194974
256.19683594000475
262.16679579110126
267.5471184150215
274.98676898754337
284.5785447471721
290.948940583305
296.67860846457074
298.09137745331856
298.06226014865786
292.2527027169977
284.74384502261273
272.8177285533853
265.9102475202634
255.26021326898243
247.75769073258496
241.2478441308237
231.78772773040188
224.86375363023998
220.94099070273086
219.36198712126648
218.58054404399158
219.81445166337681
219.04829308456027
219.41532802112636
218.3018916282461
