8
11
a
115.93775003629962
115.03055050402095
116.66490136383514
116.17626211654662
116.15904314007992
117.51352716462512
116.68257070689735
115.73932950674906
110.98656260420772
103.4246505269667
93.65251839227956
87.67632575583812
79.49090700747959
64.78669967820687
54.836715501122576
42.153475564827446
41.5023990665379
39.67499970659988
38.106116387814666
38.75119703996328
38.931597013964065
38.39588092491958
38.486547682476
37.69889138131171
37.50190916893179
35.46942383380554
33.66087058103553
31.360028714066775
28.508540728686857
27.01120296363782
26.78018255459132
26.564853960553076
27.932257472027388
29.24671839169767
30.335722150084223
31.367476401735686
34.04202620304771
34.45876744537793
35.1464632552028
34.96851339792537
35.4713796104529
36.83755429564615
36.393258096670415
37.19032183402348
38.612289398107464
40.32595404978134
42.57095774794991
45.43045259991036
48.341888098656554
50.271484953720666
51.583705939096795
53.26611629455617
53.673323185942195
56.80937260943085
58.69130622534925
59.68058825443865
63.699131812886485
68.73745172645795
76.70754795706127
82.01486896011878
90.2494367056214
99.26708009790185
106.93911238333801
116.86482153082612
121.8118684889242
123.93307646608892
124.69835942765106
125.79352229631289
126.46115880460181
128.03797536842103
127.76566690117127
129.0296348746319
129.79342238911346
131.95305315632856
133.73604918979456
134.90508826307033
135.52998359308708
139.29579991146196
140.42800364280737
140.78879759367055
145.92249227024317
150.8868654848531
159.38075341479384
163.5733768971512
171.51749696296426
185.03698512753908
195.4781687199487
205.3206829089289
206.0170161869617
205.54792862196078
205.42494939138277
204.75915335380552
205.73144458609622
204.77634930371033
205.66335622194103
205.25271429733115
205.23142118982585
205.62326357792077
205.40613899193903
206.0607267699017
207.06960554882792
207.1276691217858
208.81180453723627
208.3000310545713
210.31119558618312
212.0648682547251
215.79883461160532
218.9196878905265
223.63582451882965
227.0022355617197
229.95224952935754
236.55249049838713
240.63388921630468
244.23491117731305
244.71816068118386
244.2811970681456
243.2180763830552
242.0625849194135
239.47002796722998
236.29602009037555
234.02487540228643
234.66615489198145
233.72348424185583
232.13908796310892
232.21593008218431
231.93265943625514
231.7047076988609
231.75468291222987
229.04696258819706
228.88018290874982
227.19429110552917
224.96865781901067
223.0344253290375
221.69338221363412
218.68686336103295
215.57572633228145
212.84604100524234
210.8737161308597
209.75290125843804
209.7668556427973
213.37952788924747
216.87869076740364
224.13061945954553
229.18993998958612
234.7994129717634
237.48668680529534
241.01063195057304
243.84300585103244
246.83914511846385
251.5844404484126
252.70753495646932
255.89738795998673
261.37796985916924
267.08507786843694
274.5599149935157
279.80764947627864
286.68467855980253
295.55882609317683
303.30664420221046
315.266186494797
324.8116465055991
331.2093296225136
333.13365993430796
333.41093730244154
331.1022156209825
327.4826274607767
324.71272747749504
320.20230403013943
316.57001291096975
315.76701864826634
314.9868130674256
312.7545110879286
312.5204400913292
311.9430073627989
310.5091161991614
310.40730336051763
311.46713580129153
311.95808235044086
315.018588039567
315.75768215192306
316.60684055637006
317.47169812440717
318.81815519690844
320.4370904026859
321.41815174670154
323.415072534152
320.9920051975045
322.2257193849031
321.58955437764246
320.24044364549707
319.59105188838817
316.8217050917366
317.1797660280626
314.70488479077113
313.12599698923214
310.96161147411067
308.2203471309925
306.94037977950455
305.47346477854313
306.0680266694783
309.9945503623317
317.6321563234175
327.9413653476093
333.4934715887332
342.7086432244526
350.3529818870033
359.9593443120922
374.3209063646181
384.9931941430555
394.2702711363454
396.13804186225053
395.51364008791984
385.16163647950833
368.2989400596809
343.4913415341073
325.6539067008921
305.0841890089798
270.0786579902206
244.44535328433724
222.02566674282573
226.40572271407447
229.97170404867924
231.41566837513872
232.44628215216008
233.0638630536235
233.88208033281649
232.67584848287675
232.44834206335494
233.46154001528234
234.1330610081168
233.62006882019446
233.9682142071448
233.5489684077371
232.96829805431528
232.42869819626358
231.54672716099458
229.54511480514844
227.95662758945167
223.7188640077523
219.15657653066464
215.85546752966513
211.82518680891715
205.71193770501256
199.5546258977564
200.23296129398756
199.32776900120825
198.16594541965563
197.99644126285872
197.79988265094218
197.8568152237588
198.38299461174904
196.57147814594845
197.456668195644
196.97159826497446
196.4095022128242
196.33746709051883
195.79379457989805
195.27879782466644
195.2393302084816
194.24960836927636
192.37453807463407
189.89440320607352
186.11070850690135
182.394221086428
178.69162222623095
175.16916550946308
172.85353005043993
168.57159255864175
166.6564628020532
162.7629081806547
162.27459856495437
160.47730980818758
158.09203412255175
155.7684460704446
153.74090522607338
151.54306737208935
148.0539423915008
145.08338583327304
142.12882056926588
136.79656740978317
133.518965143784
131.66851052711138
129.7696016283983
131.11068417836387
129.83823542903002
130.454964839831
130.82938940812517
130.89053960262007
