10
9
a
106.54688176621855
107.1922739459503
105.06425854870056
106.41000021235462
106.75827660973734
105.10832943367578
106.58880740969569
105.93325962264464
104.63300140897901
101.50022682099922
97.88216477948252
94.58565594489689
92.36230370634486
88.17531392486865
85.74393898259375
81.37302887664296
79.55340767684696
78.04638524656154
76.72607809657937
77.15243968303976
75.86178032414024
76.29518523913434
75.71261116074645
73.81826759518947
73.08159204699636
72.32411042633834
71.31200978601757
70.75981585845744
69.64978303574361
68.51960535312313
67.75127997111534
66.66127612974216
66.51751901025007
65.69892353763375
65.02061194961766
63.95231619753395
63.40873472288502
61.90514675326401
60.369047962241105
59.75279964765996
57.32143263506467
56.030944285517236
55.33332137970542
55.14592717134662
56.227600347991654
56.93460409741157
57.93206411201592
57.43958649575158
58.33143324758921
59.486161644863664
59.82500935666203
60.16048517837445
59.76650418711478
59.89764854639778
60.909282571166855
60.773629988167045
62.41154259042319
61.86530051734007
62.173728973395704
63.134247599044585
63.36689223355058
64.55809492010006
64.03612330832497
64.77303825837446
64.35880490270573
64.88988844289342
66.36017006128804
66.32126073558165
67.85640058900835
68.00938712731016
70.51252765498556
70.27538434308073
71.9858115929569
72.95629486676668
74.36173886569632
74.9447450176208
75.96911007125016
76.5259008846235
76.7919019423599
78.29291691181824
79.30068567098193
80.79494964695924
82.34845384695411
84.93337571943057
86.9469275871333
88.95975879459466
90.71398829744346
93.04851814182709
95.29770479074193
96.3222661263311
97.19089786525427
97.94121348461906
101.26502653308333
101.14240267766549
102.80507421910308
104.72495591565907
107.5833216580659
110.16560422314375
112.57901193901478
115.46990536626997
116.76217025858338
119.75407312669547
119.7542149352461
119.07563285299643
121.8069250170271
123.13654998849464
124.29078667846713
125.7628577312231
126.89729892424089
129.79631178435162
132.0566525158073
135.47016317974573
135.33006079725723
136.61751566939097
137.08848825804364
136.03663435704775
136.84738759854932
136.9748781778965
137.76617651710816
137.54735261717735
137.95148138517348
137.82687524069203
139.16405840717582
140.38476137759207
140.9688705672763
141.52738618628416
140.73337630631787
141.93350132073965
140.76645210662375
140.25824360699244
139.9363947839189
139.4284911396516
138.96970109658534
138.30317584819917
139.7669741433179
137.58616644988516
137.06926563013582
136.49299004241018
136.68761917667138
136.59133110884753
137.33625030782935
138.03879679956316
139.5688507385773
139.91601086491676
141.48380234713213
142.07025880751308
143.5698163862552
145.84601341083896
145.6859464754378
146.95843732252527
146.63035789368558
146.0251521606176
147.16538397321102
146.2750208458562
146.00642297757602
145.96326177711853
145.27515006728873
145.5813421104502
145.2495365471368
145.48941324201493
144.8281351003136
145.21972776452222
145.85553449984644
145.96062401798042
145.83474923141696
144.31860266978202
145.24530693533478
145.95904666514966
144.5557531664625
144.23356554951584
143.82176834838344
143.79464463521825
143.59931762165814
143.34945736897706
143.02001719504904
142.73959460611772
142.18567821710607
141.18484588229344
141.3702806842554
140.63599642818164
139.2773845280226
140.13726063949196
137.9181010931166
138.1161331365949
137.21243242202834
137.0039318850341
136.1973243428234
136.27786930091173
136.6827888000469
136.65749829864228
136.55085294584134
136.0790134233768
135.9543131729729
135.36679933981472
135.43563906382906
135.1050918242882
134.86529901938215
134.25120312928266
133.69138943219625
134.6243624073268
134.50425646765132
133.82938146905846
133.87063483831727
134.06949575346758
134.19721245331775
132.70543938821012
133.0059558979458
132.6887572912169
131.12590412175814
130.9966692292808
131.0543444267774
131.3015252202947
131.35314090656595
132.79014115574833
132.6019307470128
132.15292989048652
134.11690119651576
134.14676834403687
134.19624170993774
135.14176620955703
134.86958693909614
135.44041823776615
135.1735493090312
134.85030851627752
134.6922929279858
135.32697700904134
134.1155201943906
134.97479309406228
134.42873673493057
135.21309285117553
134.60482587016983
134.29391195110975
133.61123640140858
133.46548410685645
133.60645352362073
133.0786469534093
134.51176200738996
135.4452482631622
137.38558314733973
138.65180356705105
139.85534227650254
142.69530066233858
143.52135100373025
145.62223115368099
146.33240317335006
146.43285729426796
147.3000510169449
147.6599532906373
146.78515401763278
146.6998822347034
146.84245488558162
147.03250802648594
147.30141781568938
147.28436961188956
146.9944013412479
148.79875438989768
148.95559068896642
149.46275186583222
150.356268965311
149.7941039576636
149.16852405130618
148.5583166747885
147.51998145786587
146.16899556393253
145.66122592899106
145.3236903161302
145.10557825170858
143.96873174037628
143.4008159454192
143.79932116908614
143.04320823442882
143.4230924157195
141.70151663916002
139.82131069353122
138.05426670152193
136.3899932914671
134.6293216752269
133.16149969021842
130.30381968660058
128.03732845590542
126.71487471269228
124.67531277227381
124.57245645826336
125.08463987594986
124.63654830054766
124.75938010359347
124.17081577833753
124.7274185275967
