3
0
a
113.03937846179637
112.47231544085467
112.89823018199733
113.09123666849139
112.00086756100889
112.73806180767006
112.84881277194614
113.00911393232113
108.13085995472635
104.34502074999186
96.7909937471735
92.0939025261273
86.38037138683495
79.3256403873702
73.38762755061668
65.00322444777328
58.72576002326375
53.623778164538194
52.15886367896156
52.65576787669275
55.03958122234635
56.87234765545761
60.55202808991986
62.821948410214425
66.48315209912806
66.64573904025184
67.48048070736205
68.89366372511364
68.9470133690893
69.8785146804245
70.14924677541556
69.94814732003661
70.22309508644757
71.03799336141455
71.29335739651765
71.54303189336513
71.54420371638697
70.9607750200394
71.98830657283698
73.05049447771891
72.82555242891924
73.46295867550388
73.64849738537318
73.26877093565814
72.9491141468352
74.28266624261741
73.76630626250201
72.38081331603587
72.70348074383327
72.54105309147393
73.25744612873027
72.15904371100655
73.53231815079988
72.54467879583581
73.38427976484589
73.37833918046569
73.04042806005003
72.29517565374802
72.92651693398922
73.63164775107742
73.23403283805771
73.16925580144974
71.93665565347126
72.24378186205715
71.38687760990219
71.65351715803808
70.415622815481
70.48208881897239
72.11354282843193
74.32774391632204
77.18399106395646
79.68085966414296
82.3687102803588
85.3930225279761
88.82150024552317
92.24848379396954
92.17087732869956
93.02338955582319
92.29626778646399
92.34294097434015
92.47571403995762
93.33682241039814
93.40064320722168
93.13204321748125
93.60924435781439
92.84599053255259
92.92695285191931
93.84173831993496
93.0232872769375
93.46278285577714
93.39102989104315
93.86997621145537
96.50430311473131
96.55850459137662
102.80836364851282
108.91056090274067
117.19540425160775
122.17332673907404
127.49383707095295
135.25015024550558
141.59303536826343
145.35023123017407
146.32173386851588
145.95619932696502
145.30589790341872
143.68611363446863
142.1780909420954
140.59079800346277
137.7440194567917
138.23019242418857
139.78119724702933
139.8511237858816
139.92329899184242
140.2809468578538
140.44804087804803
139.08435245998234
139.3597011684722
137.57156066804868
134.94879662105515
133.46087125974805
131.60960711668332
128.72434221280292
128.5253020784416
124.73113095533441
123.87946582708518
121.72207499554001
121.55440777383225
121.86506728534938
121.89204299045319
121.50010227813424
122.62461337190098
123.8930179510223
123.25179067351614
124.29192094427397
123.6807242489741
123.70338236169862
122.43096182863587
121.15956260463793
121.95121293237386
121.90623452250514
123.310240245602
125.30725946417725
130.7874601925885
131.78823618333763
133.98145957430182
137.04763115801597
140.8225930345513
145.46983515657757
148.12155011753026
151.72221708559096
151.04779459850778
151.88607119669928
149.27704331223796
146.1938968905139
143.62662694939362
140.37889072143034
136.36886384776832
134.61034229178364
132.59030253060416
128.57352356433768
125.98802820690777
123.4254437927533
122.36790659145908
122.96111977319752
124.18812321049033
126.62761770520747
132.12309880336755
135.3858664690132
138.4375175292627
141.6481818782955
142.64042770312346
145.87798896827306
147.2856105136686
149.94623146739423
150.61638125571017
152.32704907885244
153.2922901396458
155.5327516400441
157.93582892297513
159.95777709995602
162.79644700135236
166.07367866713645
168.67548358250073
173.05835372322665
177.6082918710495
178.88128753100662
180.84542269015623
180.51336619644678
180.066499432314
177.70340725175149
175.25022043639655
173.98058938248496
171.52176080143107
170.23099374563796
169.11454188829512
168.12961005034407
166.1823799454151
164.6780300038597
165.24154370820906
164.81486713049458
165.6823719173439
167.91342496134024
172.39891209872545
174.30417100730037
176.76856977155012
178.94698045370157
181.65237620693432
185.05945453332907
186.98254950852098
189.3434518378949
190.04570719234584
190.56490720353435
189.99322924917143
187.90933845280176
186.68983470211498
185.09198104273742
184.4337542806078
184.57374893085566
184.67146619411977
184.43473803881466
183.7191766298348
182.9886746670691
182.90191909033112
182.74206756449215
182.34498229974992
181.03763190705934
177.26004257157172
174.87734664146572
171.09431650641585
167.62698885658713
164.66139275775163
160.51479957213758
159.23337189721823
159.04654090123537
158.1567991588901
158.38220814392537
157.7825210741136
157.18382377660583
157.3283356671063
157.61960314814064
157.87637083722524
155.31914178589446
155.4329606905753
155.17407154536554
154.32100423188038
153.24861943777924
152.70308000496743
152.27869130742
151.71035327202785
151.72146382128128
150.8466471919209
150.01380347729105
149.457128065492
148.69687433256507
147.29801485247904
146.57568810146245
145.50992392497062
144.48291094785816
144.6627953889387
143.88732275633467
145.79897193761062
145.0641550388635
145.95863530981686
145.37866270771673
146.04490894128628
145.8890431796986
147.3426974339884
147.47926442360819
147.37013294469318
147.48680797925581
148.24105324399804
147.78941496470196
145.64526000718877
144.46979085351933
140.06400451952493
138.19600946898998
135.31862666719366
132.1321737594324
130.33479986466634
126.39574816204185
124.1511132965307
121.8971939448514
121.8490337498959
120.91719743096907
121.84055108384008
121.37410860777346
121.27449328966424
121.16316381607342
