7
10
d
71.41596994528052
71.62093700527701
72.03457408235691
71.86778274339687
71.71002992576528
71.8633457522732
70.62239636959066
70.9328526003816
69.14818554087012
64.22534707274023
57.84590939337368
53.72358968066648
47.67177898496883
39.41973532192453
33.547037873842314
26.081756059041133
25.272731551706183
24.725655568216553
25.047063559424604
25.236470502965677
22.931082050397837
24.045272018201178
23.134586532037158
23.147136183643052
22.533561583345556
22.637651698591466
20.116014388525272
19.14422850381783
17.752745960620533
15.455037080742938
15.104733791662944
16.46077455491268
16.860534465661207
17.709352155175733
18.515160572437683
20.200460087448764
20.877166094207887
21.195381705405392
21.479973264098405
21.988379925266926
21.59202608439591
22.151654900022514
23.007669516457756
23.04651484837892
23.830549006874566
24.940840349277178
27.089643522597566
29.915969799993757
30.072625250676275
31.619773160276985
31.234488251276648
33.053623400445
34.15678948569628
35.55808966418502
36.07656419085879
37.11821856842758
39.54224970170543
43.552832379720364
46.97392459452396
50.42520016172536
55.62220152676308
62.2137070599541
66.3454224501103
72.69335348480797
74.7586806995812
76.86662605905295
77.56725769188013
77.72566844173096
77.98866095330156
78.40918816517303
79.47190901199929
79.4464729450257
79.67704030460962
81.75579659401582
82.95062717399274
83.80943878934967
84.28728156361453
86.14919806863846
85.50961493960232
88.16018387637827
90.30549381688849
92.61346661349823
97.82043966248472
100.88355731131192
105.43208851990872
114.68107098549426
120.94850685871994
127.47327263389077
126.83423742805651
126.80831477926873
128.27012866403234
125.78526077883454
125.83232976133272
126.45744241150855
126.74367584262471
126.87319956115833
126.58168128217424
127.3869006932724
127.20605564625698
127.26456053312782
127.60651596559389
128.1479041012702
128.8332671823848
128.04143851922885
130.36834571130487
130.90642807000253
133.95079680381068
134.97314066256433
138.5836261051329
139.47195412348054
141.399303899035
145.49060749275014
148.26336008313646
151.17110443091133
149.96909304125293
150.5536057666505
150.0694138160565
149.00713476208924
147.0371612888236
145.71200656729505
144.2255376732906
144.6451453899656
144.29721469945287
142.81488733173134
143.10698149921004
141.40061936601887
142.84725427615757
142.16303727279646
141.30484651947188
141.105652290671
140.2090021967554
138.82596040733392
137.27369956525206
137.4694227202297
135.60458957358577
133.61278375405706
130.56081518277458
128.60375944159637
130.02079202741984
129.12004217276638
132.38210858670305
134.89500246055445
137.8987251139061
141.47187617798656
145.0770130251052
147.2473548628556
149.7467393367696
150.0512672671475
152.73355465650826
154.54320924258073
156.65031829453636
156.69973348302582
161.55741413348156
164.3657595385582
169.0056842259397
172.68962410118291
177.33796428363166
182.68454781078327
187.61663822509516
195.36643481266162
201.61434960605786
204.58554554557827
205.46934999995432
205.9630862727163
204.0162355353477
203.02053084100703
199.92898933826558
197.04800187931002
195.52456050524853
194.70235689330934
194.22410551684993
192.82849156691142
192.69565454386841
192.88126546350867
191.63040666526334
192.03266345870452
192.02335131780373
194.13213830342653
194.27983189011078
194.0562336624712
195.1546324319395
195.8432877633915
197.15682524580185
197.58326243019283
198.79772432819345
199.25256537784995
199.11446142361098
198.93917405635804
198.16603690500176
197.06841875006901
196.91454536871348
196.42367458627794
196.08586492093477
194.40263778433962
193.86839618220256
192.7985910623354
189.6706638606421
189.68100887252072
188.65871466238565
187.91491415059537
191.93227224271712
196.15825703894106
202.81903248323027
206.24843042180134
211.30716850158322
216.76025363040657
223.47953383309746
231.33268417334685
237.4266165678956
242.58850016958496
244.73172438320367
245.14066057426666
237.16930916412807
227.27610195646355
212.1270383951364
200.74617055599057
188.57190503995722
167.70045455481542
150.3778107862468
136.57861135905918
140.57428893109702
141.71589689918406
141.9239774349731
143.6180917482008
144.71314167464786
143.79653642078455
144.20762450778653
143.6083116761474
143.12128220775256
143.75476991241987
144.0708499984237
143.73551102842558
143.94410171191512
143.00169463725615
143.07915083430723
143.65173471355348
142.095488439709
140.80946632508702
138.68392267188915
137.10162495163138
133.1972535270264
130.3858889310786
127.04093238491782
124.39213939681126
123.07806491457363
122.57936743006903
122.08857953226027
121.7479932223392
122.24587645685095
122.12074475247202
121.82189350379502
122.14167072670105
121.2974851839615
122.06424777250079
121.18787476115871
122.90284983240979
121.07790395164949
119.43548866207601
120.67874659395684
120.07390813164803
118.857191237656
116.9395064569776
115.37621186801655
112.79666314493208
109.46882910630138
108.41717449597726
106.90790871934378
105.12326408476592
101.4750662772739
100.42232611130343
99.82996045770841
99.01957364873316
97.81047976512868
96.65828575501054
94.7897488050498
94.2928837771464
91.55055364484994
89.1468072861104
87.27955851086014
84.90266590427755
82.1014601085948
80.46161888961467
79.66909347784805
79.63478797828766
80.84425897344916
80.34836422216874
79.87815721774527
80.87468625813433
