6
3
b
113.56918123438885
114.52769249305574
115.01609249314394
114.21165353469173
114.7477982659677
114.42543877453464
114.73442964158876
112.80750443589402
107.76344834114961
100.2436553646554
89.03927377075848
80.03953632300812
69.14167146485137
58.64659547694216
51.089613223719
35.93132754906582
24.435526875497118
17.201940604769916
14.580068104344548
15.33610142348703
16.69509359377129
19.96009955119034
22.62548037172914
26.099556307651717
29.60231528918042
28.80088910450725
28.934132552809647
27.85947575565299
27.29697077913187
26.936722597468904
26.108875828701592
26.075076338411804
28.385947634635407
31.389295721929916
35.02687654368575
36.642916952797904
40.276944260912
42.75565272906074
45.583902208887224
49.91612036697105
53.472400287282255
55.6430214852902
56.165952269346455
55.16385322111973
54.26139385880384
53.51031015784068
51.322493665726064
49.13553241880749
47.37430694660832
45.63419029420951
44.20870119853397
40.38211668232633
36.044225786542185
33.70634209568147
32.63741566107605
31.77222789312806
40.991438292146604
52.30456753813096
67.4641221027498
79.68856822772577
94.82149255669209
115.63133806219551
129.72295524323687
150.5954938033081
152.5844345678147
154.83765459764078
155.19724026432021
154.41043481602537
156.36696469473867
156.65815226410808
155.64988224043674
156.8821265927245
157.4346039510219
159.3095543545348
160.27444763063886
161.66022335495788
162.96299321153978
164.91750674262312
166.8927095273754
168.74722769488594
172.43545992706635
176.8976928407823
183.0029469390947
187.89144632597976
193.10209220852659
200.52409853546
205.7192079996878
216.28310207033934
221.45061885069194
226.31987367694643
227.61356140168118
227.5949206942848
226.83572079171765
225.6846012915679
223.2380337083725
220.8825476217378
219.77300961724808
219.16335344378209
218.7527382789931
217.92832716278525
215.6102506837101
216.09396007327913
216.3496666973107
216.63200763479784
218.4015549624564
221.53049289436365
225.16375289479896
230.1228923704148
233.41698220562208
237.13773130345967
241.7154792976667
247.5347476955053
251.3849309583544
254.23573580366485
256.07740820122905
255.84021159045008
254.37264331492793
248.63156363916073
243.07344489859395
238.91438548968856
233.9499511326693
229.25030156739973
225.5706937219348
219.26291889889424
214.64865681576077
210.53772935926506
209.63989622069425
209.88260417994573
213.90521416699687
218.77173422597863
227.8902345306713
233.4724842191926
240.47211435484388
250.60553231706353
256.8815817514576
265.6448788017306
266.7114048129834
265.65532447365575
266.55085732188365
265.729669623485
266.24951532497425
266.0161271629948
266.6532309363483
266.20843951246155
266.03470900604185
266.84430526318624
267.19314871955385
268.0058732535129
267.05291477788177
267.3332025173643
268.34571988054716
268.393147401031
271.48761501395177
273.2366829131904
280.53564632532607
286.52354704244175
295.53151563221684
303.7250864232213
310.27682673785455
317.8216328717341
323.26253972950633
325.0707418827995
327.1424068625036
327.06848793823644
328.61418791485727
328.7761003487149
330.54817327988167
331.20431977030034
332.4881492373532
335.15897023992204
335.2332130568141
337.0704406532144
338.87082965558244
341.3935493092749
342.7861522243687
343.95628536659314
346.96825576434344
351.950950685292
356.0297818318361
360.36172747124766
365.08024570938255
370.1809797484485
376.93120297158856
383.6412026729414
389.90331708715837
394.2771235589751
395.71569538095724
396.1232576370405
393.7678270318518
391.6067008193886
388.2252569554153
386.28481640790216
383.2249044445852
382.79922158640426
381.9786569663653
380.06048825096565
379.3270375471683
378.2628056399263
378.8784112394487
377.4095106722487
378.41518653017386
378.6866167258565
379.1372600966349
379.17064060431045
379.49754736337627
380.41460900218857
380.4150423967667
380.2144212169337
382.21954018358724
382.3530424304997
382.0853217164482
382.5574113915442
379.7772802095681
376.9742699420725
372.76804665302143
369.91656204304024
365.4866835232915
363.10893548149807
361.2020535098855
359.5622129897457
357.75599665815975
354.8133808351058
353.42616511810303
351.5171866614979
345.4935911499101
337.8302455331743
323.9321596744013
312.71473074913354
298.382266974362
281.4106696236315
267.5442365383804
248.33655331532572
243.0516682884081
239.50258664887903
238.8537110965207
238.67054777793115
237.07170497166965
236.10800998969546
236.0362376782035
234.6303298364286
233.12412139889733
229.8593118671782
226.3471794557219
220.01906922450593
216.3862909195964
213.66042317555392
212.13219914794527
212.00818705032532
214.09995272536676
216.49240180999428
220.5831794675114
223.30244466711756
225.96750938677937
228.99083083915252
230.41480926061112
232.79525291050624
236.78796163566687
237.7620227340315
238.64309250829493
239.62973811110868
236.6524530048145
232.46494332142558
227.5150036124347
223.76714798001325
219.8188247685085
214.67022549260233
211.34501899444766
206.84783932094123
203.24300115235724
202.64623288160217
201.16200233589163
200.97316212631947
200.19978058001647
199.53521100699203
198.87034798250028
198.59306201373158
197.91522344268802
194.29715069374495
193.52595986483854
190.98230478568374
189.01947646016566
188.9535328628179
188.16567570240807
187.58118096668827
188.68755151393287
188.20416709969825
188.24699799632802
187.46933160633108
