3
5
c
14.745555734145167
15.739899203667274
16.06655336209863
14.850328226849582
14.73643663340412
15.59396063556746
14.755854853429087
17.0134166021001
13.426757573896152
13.722726962802676
11.539983856418987
11.359736092913813
8.504839009239596
6.136386999912358
4.1421500658323325
0.3995591579916704
0.37240058702980444
0.0
0.0
0.0
0.0
3.934952673031986
10.390386068235735
15.838035397745182
23.092988344418064
30.28738211015656
35.04077805794312
43.423573079443855
49.88136168487661
54.459457420814104
56.003223781853144
56.890784508524
52.54681408314863
45.87019208507152
37.3754772307261
31.275361635730683
20.84317456559387
16.478900409772514
10.781704707235903
2.837003416698057
0.20018433947735653
0.24965081583229154
0.19223596983569324
0.0
0.0
0.0
0.0
1.2847760553488081
2.218725741556235
4.290500407957326
3.5607054103259124
3.721814903716214
4.944712492619832
5.210763587664168
5.499428786314293
6.079383223818386
8.76750581818394
10.507409106758399
17.769817381710734
22.67125801095291
30.093502828312914
32.97120825397202
35.59706738210981
38.715648549781456
41.64412353001488
44.38262051130109
48.419856322181296
52.14663134622317
60.941859794345014
70.82674125494232
89.55927651061083
102.27238923984251
118.94994343274695
136.7986765653055
155.25464292152043
181.72150163566167
204.76249273610506
220.12306061112332
223.59337983667078
224.1288805054084
210.0010959413569
190.2720132650314
160.92382508437973
140.33307711603462
115.60552488031489
96.87223812264472
80.0628910729309
54.09790393484849
34.56893481593958
19.592843803622326
16.14784608974722
15.403659518913793
21.95714933348247
30.67294033490924
42.39688975229108
52.892198340449376
63.87690046889144
67.47353644122678
72.7706157789384
78.58149970169902
84.64210198637342
87.36737259373466
87.92759851099413
87.41290121809155
87.92430002962178
86.53726722245014
85.13595743324576
83.5450838045934
82.41863120517564
80.39857522502753
77.2732480663031
72.64594223395059
66.94419830987097
62.2284652877724
60.26345294130832
58.636209434968094
77.13294194593813
101.28389472956495
138.07623301623013
162.86016911241995
193.3439183350354
230.59626448031602
259.9997620660507
297.99059897064024
315.285362072069
323.9658490087884
326.1510180300081
329.7394104766657
333.8687270772891
336.94135825687886
339.4766178711337
342.3095702985627
346.72743836742075
358.0706330656517
368.878454878461
386.4934661309107
400.74331495409626
410.8472985982383
415.32238593090705
414.82806361592645
403.67291817585027
386.64151221601503
359.66644332867855
341.4800392669336
320.2723219564978
301.10618209954447
284.73555324034976
264.77398931459226
249.60919855315436
243.4345125329711
240.26704009293553
238.00195079659957
232.2801237852848
230.44070975907928
227.78265668443785
224.84707028485883
219.73788132779742
210.27019508014658
203.99678969480206
194.01612573216886
186.9386791150336
182.482162161116
179.89596171899797
178.18459480724445
175.43854890475427
172.68209865590168
170.0912987743986
167.0960946928044
163.664830839531
157.91047646686695
150.18442206948458
139.85828230125964
131.67793384726951
125.25966693258394
123.11110484230151
121.55383281516137
132.36666109650602
146.2359778949923
165.98549730464225
180.01726745709846
197.3642488246025
214.05531982215206
227.2607371177319
253.45209808137275
271.3347577073771
286.1615993907857
291.14933851423797
290.6809238185882
275.0140934031278
251.4037581600926
217.0800443318916
191.90123440946243
163.53785344198224
140.83495672232453
119.03990276204813
84.58126963958503
58.39549371159056
39.54177598684533
35.082074576744795
34.1072657695151
45.198307331570675
59.96612671826634
80.2565486077008
97.50433190607674
115.64832482098353
126.34715619921427
136.14564547773568
153.55535343972164
164.90598863815828
175.53509063518487
178.01220304149155
176.94092392619453
170.05195989800842
160.8321378278986
147.01457091566192
135.9329123809337
122.8793927034463
113.42960110305768
100.71726897938818
83.82875154809717
70.63225379020551
58.46055640104217
54.9640728533717
55.08672127190091
73.52291807981761
100.01857192041423
140.24983589740916
167.8328521274434
201.15162734251786
228.58127724663933
258.17024723626884
298.5437444827656
331.0085789771452
354.55501123263485
359.5357019171657
359.47208404104674
350.04629116593935
333.07009052840556
311.2277373974677
294.78487356283557
275.28413759644724
270.2168169698559
264.3798763424321
260.5380607939586
256.26553226856447
248.81048889296096
243.39497391615478
237.62881113037895
224.95617576226633
208.0386458252474
181.50384803382636
162.1030679917171
137.95740088127388
113.3716347639222
89.50262785306789
51.165553242569935
26.614486901244234
7.07717397421845
1.7606832322855475
1.7661215951828708
6.293359815802554
12.619237922869935
21.55585347953699
30.299124909953722
37.67431079458077
37.107668898126526
36.960499343056775
36.92102523034855
36.967797966429956
35.59925054152338
37.56394632414905
35.93675413102128
36.402267022717865
38.47159089920065
39.253933548284714
40.173826400991864
39.964449906664136
41.24030629383986
41.743117132611054
43.42968812504291
44.48926979690599
45.36941626439925
44.98697378659269
45.558987042124414
46.45557323683653
45.229160190793664
45.008742532326465
45.891005304516014
