0
3
b
79.09449299202964
80.44433943280573
79.92079543952637
79.51493273918192
80.364589072772
80.34959195294573
80.55258764199452
79.78470719124012
75.20286979066017
69.65465401037861
61.952524968133766
56.093403565015144
49.082166015021215
41.46364742772785
35.17630214291939
25.349611006486818
17.192440084691498
11.20382501023671
10.700839259671106
11.230499452633227
11.281887640132442
13.360613826402037
15.937206774832607
17.830874099330277
19.759650942449767
20.653036499046713
19.923585914298314
19.23400295475533
19.84758348791
18.62364672978013
18.28646054892757
19.255542495076043
20.282654083529014
20.53736374072738
24.15229753656261
25.26701545701488
27.944550306132093
30.71151963567511
32.20133300224537
35.027512192001
36.46421935000741
38.69912075102879
38.72309292637254
38.62035734558774
38.80579057053401
37.07792284368531
36.68040806598576
34.92827205005521
32.695725432809525
32.12829908878757
30.07412320667521
27.617298868088923
25.682371307020876
23.137475790706787
21.69150374069021
22.693613975346842
28.456214847082634
36.29149423804951
48.930955745850405
56.386170314302454
65.8886933423737
80.90773188343735
90.25496109846108
105.03570632675442
105.85359496287818
108.1478376257671
109.02453051487399
109.065923616978
109.01093026286767
108.69134508650279
109.12095862668
109.29991466904752
110.03425206358533
110.48802373618449
112.51602646663383
112.3625851904646
113.98515913349759
116.65134868733018
117.16231320387188
118.83695771455955
120.37574167487791
123.68283887360822
127.97971751855134
131.2016830037674
136.10118728365325
139.7285084724299
142.84471547441643
150.19494073776713
154.78576165261447
158.55355555260843
158.8360838799891
159.05998763101172
158.5538768137429
156.64941726693633
155.41763629132916
154.82639210774946
152.79364388247507
152.91398125881514
152.46693042179382
152.87464957042255
152.46429573691066
151.6426419353275
150.63021992047058
151.02667776616755
152.58033204286428
154.90953190426944
158.21089293236048
160.67877346079794
164.09264134708638
166.45227362106303
168.6778607051837
172.9401318529096
177.02100165593666
178.2152293585696
178.78962748616954
178.43183543679794
176.6836783579934
173.83519535523973
169.67789770113671
167.42203206507517
162.89030401014685
159.70058605766656
158.67274477299065
153.5299578342141
149.84726768424238
147.01406163761337
146.5891599507773
146.16402178917363
148.79198166842056
152.75923641972233
158.57319130765006
163.81324331184717
168.46523231508615
174.95074211770722
179.3744525872207
185.58008160826398
184.72814223421145
185.02516254707976
186.1063977563857
186.91793966203804
186.59051986816436
186.19168900742133
185.44034280422508
185.88655180289058
186.34482430775662
185.50750129002515
185.57268974728382
187.11750967156544
186.73784814351737
186.71024415496325
187.5264690368952
187.98163280084296
190.08279968257764
190.90654215131798
196.8824554650283
201.00612138178087
205.84387058359087
211.96146832187057
216.52144278965667
222.0225057205703
226.6214299736972
227.7706057932872
227.53537485666672
228.62438604510925
228.67599114666064
229.15954452909543
231.25222345248258
230.76456086868342
232.11579475072438
233.10277608126205
235.13126860191747
236.2843716955547
237.3876001989533
237.78480326751253
239.6751116515597
240.3893316671127
242.40829523756565
245.0954716454358
250.0627033407503
250.73259062239117
254.51071559491632
258.95808262979654
262.0256104944135
267.72139472312415
273.0544979667835
275.84120179731207
276.70713201716006
276.10800411586274
276.03381887011574
274.5307391098802
270.8455396049815
268.8616015992873
266.91873227003083
267.669422692443
266.2489771030056
266.4833166031082
265.0338188696672
264.59749174899343
264.5529789641836
264.0011342055019
264.99861561688317
264.58865606215625
265.535230585651
264.88940317726946
265.4325851076412
264.23609246995494
265.15322923581704
266.3739208473602
266.3316737619863
267.3342247213225
267.1394536200667
267.2182619623856
264.77096295952924
263.6501043505967
260.4207934582841
257.8675125073678
255.21645836172183
253.85853718774564
252.39857857790315
251.56769766978826
249.88581449906167
247.7788397744308
247.67016399334977
245.33669927850175
239.98678032966902
235.58701060424215
224.8710470864909
218.54748514496026
208.72943307230972
196.23981101940345
186.06547693731912
173.40261294150378
169.30852878224306
167.67029251355143
166.69750335556034
165.92062334431566
164.6544317241265
166.00505788653552
164.46639180001617
164.18454160013087
162.95345359328428
160.54358837098533
158.10573272849115
154.20739844610543
151.06114343630682
149.26914269879586
148.1791211070451
149.0990552177018
149.74968056968854
151.45279598852326
153.88934295690666
154.52096609177326
159.0750963678539
159.1165932922782
160.45665958062273
162.75000995775125
164.82134160805123
166.38536789405745
167.47835521269468
166.73247017288767
164.9439747315244
161.96228345674757
159.70299725576973
156.28981909109018
152.5597840802017
149.8366168556166
147.04754300131643
144.45266042438934
142.31353204642
141.83730051639773
141.08340757228189
140.23631785032742
140.03736223638086
139.64634446816817
138.60658717352513
138.11479074021054
137.81358583113845
136.81010913863707
135.41483082623083
133.17183892591916
132.57225599318676
131.30557041739223
132.1583828952489
132.07345260617393
131.52643396485325
131.66933802365017
130.74324184013312
130.44433931690065
