7
4
e
217.58346746938483
216.69640314237554
217.25920434042112
217.91472458843776
217.4959809191083
217.3181766571378
218.4152178479041
216.7375625205153
209.9537589338537
200.04127303045377
187.24387827882677
178.48169436916132
167.11713005922422
154.6725604581319
143.65121614798105
125.65912893337337
114.66882556349522
103.6045835666987
102.64650347202114
102.86842380633931
104.47014359983245
109.64324615475938
115.24664294414137
122.58384945320564
126.18568409467052
128.6988808265596
131.05856456974053
132.21537495232994
134.23809308555732
135.87682458394403
134.78543258471302
136.061983922072
135.44282143971438
136.67892983414066
137.21397916721673
137.19851849996786
137.28614390402595
137.27015720754306
138.85610935298388
140.3393750923155
141.0169742224729
142.35766967188005
143.18290737713943
141.41611381256715
142.00976787322122
142.1309477912913
141.36203128975433
141.21781645447848
141.87656972472251
140.90340485197635
140.64811150299175
140.66916598184815
140.99075870209913
141.22013760838556
140.61000055386825
141.32440005986288
141.05217030615117
140.5765452495457
141.55319159353132
141.36655936861877
141.58256035148506
141.040578260179
141.11330620302982
138.87075305249215
138.19003580068733
137.891537207535
137.98951707948413
138.0711859708881
139.8688164190577
143.2441762012322
150.0485479645212
153.73437005555212
158.56337525383483
165.24244248393737
171.93559166882406
178.16678440246812
178.43713645481375
178.88991851790934
180.3510962150166
180.52320638433972
178.65770632965325
179.77377289794092
179.7397062770606
179.7989403289149
179.6045349588633
180.64448696116023
179.8646014640342
180.12314478601766
179.58593525170062
180.36230376520083
181.10500216425078
181.09227188118476
183.22939137631673
186.85709448679532
198.1107699224207
210.2335887794711
225.30212628685265
236.51727076582168
246.3912743590735
261.49482417478544
272.7778918817435
280.6356027097382
282.07318654486124
283.91738025479555
281.52605653993777
279.2182241232291
274.91650177794577
270.8773059647618
267.99358511468785
267.6061611129322
268.7836401075745
269.1865479125112
270.58319767265647
269.27911536075305
269.45438997575343
270.8649031744184
268.67367803378494
265.81084563338493
259.96164002821797
257.1158289086796
253.3061204453836
250.64823938001513
246.6524128419007
241.3142880266682
237.77155170757163
235.66246006780813
234.894107720881
234.50398468122043
235.7940193791746
236.71898031624556
237.90581339487053
238.06528069133046
239.48898423216107
240.1232034499828
239.8016108906748
237.971917097847
237.72791806902453
235.40611738310108
235.0251424478244
235.61599707603528
238.8590588415573
243.20511465905523
250.1023088452523
255.8094617257551
260.21258623354595
265.75884366077395
272.25272100992777
280.98330301392434
286.58107465432045
291.64998995058244
293.28110548185526
293.08744812825046
288.95322282353396
284.8175486720153
276.1189877304824
270.7474168798409
263.7069609281154
260.1511932510339
255.22177390881993
247.88551860619182
243.10429645518334
237.28652990285696
236.75643682147708
237.13756586340605
240.6115028155684
245.60373437073937
254.3243261315137
260.25463001480585
267.22811603835663
272.08340985805125
276.8774926106432
281.51651506853955
284.76719267632734
289.017833768944
291.3484082311736
293.43139833702156
298.0717204634938
300.70780656288287
305.4091047945309
309.2107496761209
314.2285921014235
319.8275755400273
325.4301087771807
335.68736214951343
342.53436108331147
347.41519870844724
348.2056840480939
348.71655516269914
347.4977519039125
343.5609897606776
339.47103854225736
334.7317029932705
330.74836434295435
329.1938653642668
327.01817895460124
323.1569255737717
320.7611210278953
318.78416559518155
318.04307998254626
318.31434238636837
321.20608483543015
325.5584613500447
331.02995021885954
336.0349799067599
342.15339920777274
346.878928761326
351.04955328653114
358.00076076490075
361.5186227018885
365.03920226326454
366.7228943279197
365.93038291824104
365.56092249890656
364.3037445854755
360.1547749901497
358.288552072187
356.11170260407613
355.84563191981783
355.3243000881745
355.2061353137674
354.30328554543934
354.7853715805681
353.8591524387047
353.1939440126748
351.1478450695946
349.33805630380766
343.12245268525857
338.3811498146906
331.06106750817105
324.09015872756476
318.2141851427954
310.96941188393413
308.64820632718533
307.06750480342015
306.4328449369212
306.4719418120408
303.97271064331426
304.30762979605043
303.75828020679216
303.4696654930538
303.4821831719261
301.2222899438405
300.81550417703835
298.68736614728437
295.9430182208572
295.83901421872196
295.3049844702096
294.33601857346355
294.2666491445133
291.6776543232652
291.34670792156913
289.94385189418915
289.05259388098466
286.6595136984146
285.500722433305
282.95696835336787
281.67872551903
279.0884256033666
278.8063211338554
278.6430999418319
280.27766881357127
280.9981402366163
281.5830526764618
282.1075046893247
281.473734936733
282.4745903183639
283.4204094179846
283.7016571430333
286.0444130846311
286.83186529741533
285.9435375282091
285.9461914948417
282.8968385415162
277.9938047923125
271.4666285849607
267.26011767035953
259.8441662302694
256.3468359286612
251.06083259727356
243.4452225403525
240.19530701726794
234.93109175351316
234.51631015720193
235.0748837079655
233.54116340804003
234.7522257792394
234.33631752022694
233.89097678830925
