3
8
b
150.6730347731432
152.70185995423432
151.48650234527616
151.90103898450587
151.42000434542564
151.88776722274312
152.63022772680975
151.2812525687544
144.84246474040046
138.09262446507287
125.60896227367802
117.19452197656747
106.90999291363713
89.44399141115393
75.49488909103546
60.632736108393956
60.285374764052825
60.91524773703974
59.87053044669627
60.091899196680835
60.7225069487908
59.893974052830515
60.809466724012495
59.36305827935121
58.56715091208091
56.95500349037075
55.50717209869077
54.169372686119715
52.31638070889839
51.10528980018099
50.797057729448845
51.43772137542598
50.857640897855966
50.88740871444611
51.54848363065865
51.99125249461969
52.38161184454355
53.06786297485031
54.08282703801579
53.49748862668312
55.530059007029145
56.02802189547472
55.93320957401813
56.803041967555956
53.69290141123702
50.462238692621135
43.97894407864545
41.819879700575065
35.5237061356898
31.920297285001865
28.3652105381217
21.97154500828846
15.968606483396455
11.069957855671896
10.654581124075188
9.942866782431258
13.46556268818666
20.376111367318476
27.2632332709237
32.6627857384819
40.35107108842033
44.28802269182857
48.84168602836189
57.401963036033244
62.70649923078232
65.82856651214111
67.16357795758101
67.39205794857145
66.36431196698351
63.937898595617554
61.35445334553182
59.35162543607029
54.97690522650674
56.40943433596183
54.298485616067886
53.82301596962401
52.174857057990685
51.00465874023644
50.88351546314399
51.40841155244678
51.78036737434735
53.94394028200663
55.713198241802885
58.84777026606642
60.02798547746284
61.54509407691284
62.11766745650173
62.77562616510474
63.572983088942934
64.3080169847394
66.3876861523413
66.4520615211123
69.34269470298206
72.30979133187687
75.19586012011013
79.25554140243206
83.42702164669706
87.49082689901802
91.09154220166849
97.76772168542703
102.87461387411408
105.9571144671025
107.49704693981136
105.86643983904057
105.2019067122519
101.62332052610967
98.51664530899887
96.85015962208323
93.4119683122516
91.08578711120889
89.55456407664293
86.86094550752327
85.66742623266691
84.50978107111177
84.08128832543389
83.52736427526521
84.40143866559876
85.06135874781246
87.62914384728894
87.871013465342
90.90669880250204
89.46423920573402
90.57697754256117
90.50765825013238
89.48720649525654
90.42303814075821
91.42857355531419
90.78460309626665
94.02470914693504
97.14458005911084
103.54955471226492
110.6957038664805
120.21679318886164
128.15855676952583
133.92520559253552
142.5995304298935
147.99964794804433
150.06829767495063
151.08364178052332
152.6331560332884
154.5244522356183
155.23090155935887
156.7408849927888
158.06253913995494
160.37614445948626
161.2724956122099
161.64120276013938
162.3339022689246
163.58732413501855
166.548199919846
169.1100104237943
170.4294892372107
177.11426111404828
185.2991516103906
203.46463657194874
218.18413267214856
236.32651978635235
252.34375329277876
267.89460480358224
293.26102605013193
311.46375641114855
325.64096490072376
329.3347312918305
328.65623331288623
321.0776204908198
307.83691997600874
288.95758195776324
274.89310515623526
258.55561293642006
238.2636815645703
223.2627467963648
209.87564385057095
211.83891556729046
213.78267607121748
214.54898884249616
215.35725461938205
215.74228356545623
216.29812368488402
216.12428294674461
215.66205447916437
215.8329553117897
214.1944129037498
212.58592725822493
210.51607694568932
208.14309567002434
206.0555556202484
204.09002364804246
205.12851575988887
210.5644066916877
218.87712126689814
228.4191648321187
236.51236536596363
246.11024363567213
254.85376424783104
260.859821260762
269.26832787405493
275.7064099023789
282.32016526536455
285.2730233962033
286.94688088445156
291.71546031672653
294.9889309054584
299.849129102966
304.5772254497913
309.02870616720526
316.68114098578167
325.5414134805481
339.9799609853125
350.4119993711197
357.8880288890967
360.57392808317667
360.99748442896686
350.90526639719343
337.1142107678278
315.1547961653153
301.0716155644111
281.807791773864
267.8042170151726
255.20577379147826
239.27606429377204
227.30329267997288
218.9259278405253
215.56881589136586
212.21263515305188
207.92543237794845
202.59007848430122
198.18573981324198
195.46314097148425
190.3805895143385
179.71568375185882
171.2002301817256
158.89042665507057
147.6429168601403
140.57404450876896
139.61535575890255
139.8953756044121
142.1424608510537
144.68356283973299
148.5653120563978
151.33945940699013
155.70016960443843
156.33724398949394
158.28996139929086
160.28395461243477
162.50016641295812
164.2723593652491
164.58701579006822
163.46678057761716
161.7682301842832
158.15361085461123
151.84443274170096
148.8892708451193
142.1300016908245
137.56648760279379
134.90934842409447
129.3592957565336
126.35661956934297
123.69997340933841
123.57523596495363
123.25922079000617
121.86549576057396
120.73266477025268
118.73591049064639
117.73731331865481
116.06424311630435
112.97444563005776
110.65928172436682
106.45680679098223
103.44627838702232
99.70678231688866
100.80311435367679
99.8380160050742
103.10129803325623
106.74535345767568
112.51890358787344
117.3897326375872
123.0743416055131
127.7722472058053
131.5164413409242
136.012344720917
140.0996908231541
141.86570993755183
142.94858807681697
143.94087047375737
143.87457102312956
143.50784312395527
143.75130793149162
143.5734252187383
