0
11
b
59.287341307705056
58.68553212791013
57.58175812215577
60.124243422416114
59.29483184576185
59.27384695405599
58.56056242348705
59.07207959764611
58.31411621751335
57.192366054841926
57.273878500263585
56.488486831976815
55.158165425093294
54.250903927636905
53.524348160542694
52.075563854890355
51.100513225053646
50.08114562161368
50.72537017538062
49.95379984942275
50.527450395603715
51.08779772213994
53.70518242536889
54.04589410270173
55.72303265891977
56.204956676571186
58.176363435559274
59.03819762432916
60.86573486377099
63.813494340822835
63.54648691268059
63.0767275912222
60.65169979077758
56.58817203482983
50.84881281278122
46.68408843799773
42.82135878101352
38.7925741161326
35.322006047063574
27.544944703764497
22.966815608252606
19.00262545852722
19.065235290501523
18.983736358313976
19.75431847715543
23.39340535460447
26.71876968250912
29.321534697112458
32.005625080794935
33.05085662528465
33.556827219565584
33.089935790660135
34.75179120590883
35.33515742165029
36.427470584427155
37.087851617780274
41.21468000917394
44.654648838541945
57.01989858419349
65.90748747650163
77.64253036450324
88.52576848201615
97.37491675767663
111.06488942905649
121.63369947745667
128.78235138955282
130.26478835797164
130.5119067392892
128.5484886340453
125.9332744080087
123.24523596347092
119.9201895649289
116.57044508209682
117.7174840562577
116.52573843326391
114.22168296187446
113.27516044587607
112.84702518933568
112.9182376245977
111.41350958434957
115.99473363930089
121.15759996091478
130.01662598925648
137.0414322969004
142.92872983051657
148.75668502085867
155.10868457784724
160.45599500201155
166.59896289820654
171.65887917544873
172.4204319109886
174.53616612831308
178.93135452219332
181.63247607767278
185.02866424510094
187.85411756618157
191.68362272345243
197.3886935814777
203.7289430075053
214.36025405830853
221.66336847556693
227.28965227941345
228.97471171894222
228.6196624947063
223.62568706829322
214.70825598601573
201.6120738026969
193.17507876097488
182.5618820445997
174.08874718793902
164.95956745618244
151.6978100728451
141.30862815879686
133.94197535965947
133.38577786387773
133.12323264162126
137.1647786666598
146.98414351480443
158.81340570007126
167.64499675169338
179.47100171299888
185.6580035441389
193.32431182376953
203.99097429005064
211.46093104412896
217.45870752429772
217.5068099889033
217.82861094230168
216.33178131764
214.60484144469257
212.15270911302886
210.38261960872518
207.43141700135112
208.41473293133473
208.27973409259184
208.21869327154658
209.39239392139447
209.1526030524666
208.7477837344675
209.57064483699577
208.58374450855666
206.2503982362356
204.63724606382053
204.53255939366645
201.00986603922163
198.97465701618887
196.47334753094844
192.91742120444337
187.7287369248199
187.21381260767578
185.82004079790815
184.97770181588385
191.24498991202893
200.34834446501503
213.56240199435325
222.35681844373502
234.2433685151579
244.83809085444838
255.3341520907672
269.5272506149157
283.2138750842975
292.61479171809884
295.64116792623173
294.832359024438
287.7593563474976
275.3552493874245
257.2855244980954
245.46230952722533
230.77733036996145
219.38205951180328
210.60643437426177
193.40590492276442
183.2820281365788
173.8433777245311
171.86058605754968
171.9781903180639
174.0408404094263
179.72654514473209
185.85548008715705
192.41644430299195
198.59274117388836
200.18106053453369
203.78330061048985
207.1089767663457
210.84899264822747
212.0594208946111
212.68239791946627
212.87279364615515
211.4463861622927
208.77200302747855
203.90240816455787
201.2029904671913
198.06987760829028
194.4106409104956
190.4788021086438
184.08229526631328
177.64163032173977
173.15930204597487
171.63951327183077
170.41623533639637
181.08395295752942
198.97745770563333
223.09746606489773
239.54796937487998
259.74755508949494
278.79865129069174
297.39713032780503
327.1061123724058
349.1571901018655
367.1731905644116
371.97184780479625
372.07716617321563
357.11899400776065
335.3502667016537
304.63014985704086
282.9026368303589
256.8258160832046
238.10434177891875
217.53713266305905
186.85668046603172
164.89618253741133
146.93605580137677
141.54031293537406
141.84363222489773
155.04050573213237
175.53361572516167
204.374329557976
225.89424518302948
250.32051412389814
267.5121578422189
285.69216095142303
313.002597495426
334.8481043763085
349.4637128909378
354.4566156804212
353.44056270389484
341.6267069888262
325.90076727492294
301.91146696095274
283.661173960128
262.5163356390564
249.1924412773721
236.34536878389173
221.4089963403406
210.26521522423263
200.8224939252775
197.9870848118123
195.46803601414499
189.1322449417791
184.8635025188242
179.88093722859523
174.35888165460457
169.73363210772814
158.76187370260072
148.3818109765718
133.80496276942546
122.55844068261855
114.40643850484989
111.87188892062498
112.06405585345237
116.7007318706787
125.70991775100059
135.51930716139572
143.96886048155002
152.68189361599968
158.1318364479423
164.8883757911802
174.2134850022839
180.4375749403506
186.20165992395184
187.09508898785498
189.01468832651773
183.95231804919663
177.66897811076478
169.3264621608955
162.50596881775212
155.9507227508607
150.38746350844428
146.88416384826985
140.57628093167202
136.74811603098482
132.80673619121666
131.93765281044216
131.76932680536353
131.52186340716972
131.72482189226943
132.59603043242785
131.93885567680422
