11
5
b
43.833095562065914
44.225924223883645
44.8666735265366
42.834575751249005
44.08281036295775
43.601827817459395
44.43691458223199
43.47256667948121
41.0573350414683
38.83201869332861
34.70084589756916
31.031408511267923
26.73499982888126
22.775379147910193
19.019017226530554
12.881861983628053
9.62291871647991
5.963131400140109
6.23739473298153
5.781965174520755
6.086088534747984
7.874381040260247
9.16811682183126
9.304001462023544
10.907338681996281
10.98998043404124
11.470487846388162
11.152745266027239
10.629543271118456
10.53745233892573
9.556746651697894
10.727019333773983
10.527415509056985
11.866430812391016
13.7527502437262
14.7734519779624
15.740120027007748
16.33478770248058
16.80012323292881
19.4979428456456
20.392538319794657
21.400958930527967
21.952055472783666
20.98486882654212
21.96330715124937
21.075818813861893
19.15711511851016
19.117598435672154
17.3882322999195
17.726092906818035
16.63858391538564
15.412059615021917
12.735409638121768
12.345694863311182
12.753736723646412
13.36104931831482
16.00908256161172
20.615680226003835
26.36380119068099
31.1371203404813
36.0854252681021
43.972387434125096
49.75568452126373
57.87974044988381
58.41068339248989
59.09142911118187
59.15759098360041
59.26157434308406
60.43293919984946
59.64396869789393
60.720083306594084
60.665865775284814
60.37914146030668
61.032221860557144
61.77398035113276
62.1214453614273
62.77423532299416
63.51375247813061
64.91340281279453
65.08023662168436
65.88930059307249
67.32556540273602
70.00994548163631
72.46080520935502
73.31807441936579
77.76653403190437
79.21743772424743
82.18921515555051
85.67120199627789
87.15538023124603
86.92888560085441
87.2278553682809
87.15634894189888
86.54427486624543
85.2025931040206
84.89813436797382
84.07191444325004
83.41931861597055
83.98639808098869
84.47098047802228
83.30931842480956
83.73582876217577
82.81310137628509
83.4986957788236
83.93511167142978
85.19165487045377
86.80220216542061
88.28345743468532
90.43240569708088
91.37029781941484
92.71613791682121
95.30450789648891
96.1938892715855
97.78871265920444
97.33007953865156
98.65454186738951
97.07915484949682
95.67274934145142
92.67726115498898
90.81956506244904
88.84373843840935
87.6807295980356
86.86692577859327
84.56214372517113
82.12549628916425
80.25963496896257
80.84148592626988
79.24107977715654
82.06844438020083
83.52722558145139
87.19373533290631
89.64985606402516
92.56481853716902
96.10610696885297
98.292691358147
103.1550904518703
101.61605330990483
102.57040613155743
101.86397423144521
102.00564228925117
102.49490658312328
102.25053006625579
102.7023492389748
101.86072404432991
101.88427645241015
102.95594975522907
102.07491400198688
102.29908601897401
102.09176469918269
102.41341183939299
103.39017098326768
104.1347210274215
104.9136066329034
104.6711905920483
108.83371760761686
109.51759643981539
113.57572566589229
116.21504177630172
119.27488397831404
121.98595808839836
123.39170024378578
124.64809828206705
125.69000300836741
125.70461141742052
126.38798548025581
126.0485185324214
127.02453275324697
127.27486254275446
126.1924933047087
128.0273616038697
128.92934113536543
128.97481160610735
130.22926840634318
131.88120702038094
131.07553002547542
132.11067928155407
133.4856775063224
134.95976451440634
136.55823139035786
137.78098040050278
139.59701895113201
142.97119106580743
144.27306682663644
147.5610588195774
149.37964830872446
151.74594385058185
150.86432715700175
151.14057483170228
151.32177047315955
150.61396483134274
149.56920564401685
147.35688461413935
147.13928056228286
146.17207268333152
147.40979793237244
145.45964905024033
145.01526004356614
145.73520941985666
145.52403423042867
145.04742275659132
145.44934829870124
144.87057665965415
145.4990291707833
145.45817809770014
144.5655929377227
144.96295346506236
145.61060876301278
146.11599473755322
146.38407260443373
146.79775942512316
145.41695930945914
146.47389124957118
145.706480118968
144.36957561799244
143.1995876951961
141.70387987591573
139.6924498470945
139.1929043293132
139.08590485200742
138.3866212578574
137.71202165267607
135.87076994352773
134.7338878086574
135.2778191305906
132.31445331132312
129.21512432131615
123.91979300806574
120.80641592169297
115.40289881279328
107.29005621225235
102.22891762589227
96.17383411949251
94.0968563578826
92.35643460279698
91.6721108525542
91.26235262633492
91.94187751773549
90.86380632996106
89.7857118737645
89.95268023587603
90.38693424062043
89.05735480224158
86.0629248213323
84.59931201808551
83.32651703247925
80.17626507792797
82.23166605309
81.45039476450623
81.30666398048785
83.51795681547188
83.42334402339874
85.4689166627381
85.99411339688653
87.99203098299786
88.24863602981955
90.20781983073815
90.48617035830183
92.01632363257453
91.11854704725188
91.3538001794282
90.49097937375889
88.89329431405454
87.56786529444125
86.46423958655902
83.47101788129723
82.8239445494197
80.19235764821515
79.34588505950097
77.10775369078807
77.54934514527834
76.96396927984007
76.63783689614348
76.64261829745351
75.71588128261986
75.34547414338839
75.95958903530034
76.59645000668219
74.01903592126628
73.28792530531591
73.29995091302999
73.65078751603329
72.19270474364095
72.02018796095568
71.453242256647
72.84697203721278
72.35691624099351
72.15353621857093
72.26990856322831
