3
7
e
60.027758648997384
60.88285645487883
60.71168739421354
60.43305739180291
60.162228774758574
61.02577505367785
60.89535851093577
60.48506228798556
57.60832809079913
53.813480529111764
48.74258778959276
44.85768652300842
41.44314603763763
34.49516329740255
29.181507763158685
21.934208191202043
21.72906673639972
20.348446017529817
21.293590679516086
19.938159087529247
20.30779723306138
18.952499665361973
19.176500851007784
19.926884810226884
19.060118928866427
18.545600010003703
17.84759018000049
15.214336590137393
14.754706145425825
14.65238609448777
13.64101230511628
12.968817707439845
13.65856294763403
15.624680414097922
16.193281180448626
16.82822294374369
16.95878273580823
17.88929225266162
19.507205676968297
17.839103098540875
18.87874486636468
19.20887640039834
18.998661332524204
19.72498421056115
20.68406529269463
21.815339498655376
23.066191932767435
23.731529884756743
25.804415281106863
27.433099258752218
27.136938556323464
29.09569810135414
29.002480237584777
29.6483448827072
30.957264508429194
31.043511176096455
33.06959990806539
35.224696190412146
40.41547065804895
43.39449296076499
46.59185397460482
50.98502490418681
55.36144008523618
61.183308998906774
64.1746497603675
64.17794018071143
66.58433132598242
65.31401728220074
66.75437554628922
67.15445486988696
67.05035642657485
67.63891664856887
68.4551313639159
68.68703238465876
69.40993111170705
71.77158796954728
72.06275462907973
73.29285011348512
73.30655991781991
74.81212781945716
76.74720470173358
78.93433088878784
83.18224985479301
86.38151256613837
89.73158231494118
97.84459071275954
102.46980100220983
108.33127578926157
108.67234632493643
107.25499305526483
107.5766840027554
106.63020813487564
107.8258930330162
107.81385942551402
107.84666978677016
107.41785175466794
107.10523286407683
107.1353972554841
108.40781496965593
107.34679754629657
107.70254576474336
108.13127099455127
108.75874686609693
108.62876805455181
109.36086402740726
110.59176634921695
113.240693432874
114.57703855864759
117.25757882474691
118.8754680173872
120.61581673884699
123.81665893222213
125.48087454332088
127.7561753288816
127.29747895895505
128.28376385027616
126.75748972053829
125.88081659320335
125.00863178529532
124.24194151028337
121.89914129609276
122.37728448201075
121.19338130475776
122.4634020085858
121.30446416622353
122.12804443950354
121.17398137344841
120.87005323800909
120.33990842165248
118.58842519585043
118.95204816003582
117.75978848023406
116.95236360205222
116.38310597384336
115.4518842523198
112.44424756216152
111.87269322057222
110.1049004883573
110.43095730489581
109.89586425368951
110.27507751994804
114.09733263007168
117.48115373389128
119.65457236113897
123.02630562938332
125.55621760145239
126.3015122007224
128.07775002300895
128.7708259728549
130.92794248962608
133.6826609652561
134.3878557855697
136.18807889200505
139.56107939356303
143.60333320481283
146.37087469702894
151.6876342742321
154.3696949692763
158.4125374138406
165.56351950504802
170.20605980841677
174.302263317019
174.4119859573536
174.9704470512823
173.1024226153568
171.34540876992924
169.56394517440603
166.1133426225763
165.77607636698198
166.18183306174018
163.6895854238495
164.80208774110608
162.70331737829903
164.0915132472557
162.80721922865177
162.35350125082684
163.28154648306528
162.78064399542882
164.84730392156217
164.94055984951044
165.4543796717355
165.82856206026352
166.8454419018794
167.8396704233268
168.19852067828037
168.22072782066272
168.41747417153388
168.69809227699574
168.96322007057853
168.1872493913632
166.58788694708548
166.94798431495647
165.40558747240792
165.77074481412575
164.50306258218882
162.8484383546684
160.87503838868096
160.699279288748
160.76944510317196
159.3806607606669
162.29192239286655
166.3151447645547
172.01680404453194
174.39247485257218
180.2924413192711
183.7272897572615
188.45446729654358
195.4255969639329
201.40241644520788
205.2031987919366
207.9513690830326
207.8073130044801
201.1810971811897
193.1511553997288
179.8492236532654
170.9551497533198
160.77336761816153
141.60960041866403
127.59872655103517
115.64637950522365
118.48408222144622
120.45629298811993
121.37638714844252
121.97747588581657
122.2483462846496
121.32838457488168
122.06578014610444
121.64497568545417
122.43591057994978
123.02233678920084
122.58339310689637
121.74818542953747
122.71537112928277
122.02127199496995
120.61859331215446
121.10348047220452
119.97794074123904
120.3215664432724
117.17646183592504
116.09726239109297
112.6998608965853
110.32638840616578
108.85221993237259
104.99181073639367
104.44651733779004
104.58189737195322
104.1333397706248
104.73216938607617
104.19340050603857
103.86059442794581
104.41272747140815
103.8480478720085
103.48303530901491
103.40774146748709
102.6035705127108
102.2835770711985
102.15042881001835
101.75224034437693
101.54689597237275
101.97355245717418
100.65498829084784
100.08482957711239
97.44570770353948
95.59913831954822
94.41639367399881
91.37397749500947
90.19413685979805
88.62029986439381
87.04184047666752
84.90214205097689
84.24974583745868
83.83040818770736
82.45474173624248
81.24763010980816
79.97393382116776
79.52266152015626
77.59002534288885
75.75838407338964
74.04807741897993
71.97154492079054
69.44329794282116
68.10103806121451
67.64817661686683
67.85541257203448
68.1718721433755
67.33192811310599
68.56603356274563
68.42231982337113
