0
2
e
11.38764749072764
11.459068641158124
10.748098056818666
9.853618760182286
9.593389298420599
11.625779648897772
11.108546975613647
10.43841180655894
9.894393102048936
9.071623561129128
7.914692232083763
7.5472977155043415
4.573490252845766
4.1708216834351175
3.2290740712710706
0.0
0.0
0.23990334284484827
0.2871046155119912
0.0
0.44845238428690776
4.348333411825001
6.628774517368275
10.778909964228818
15.743176477035506
19.540092242066468
23.350569703977502
29.463602388455254
32.73961877127322
37.10664187485626
37.577722823587045
37.12038330156838
35.06359803316993
30.452113392904337
24.855433680262912
20.8352680576693
14.711002661888156
10.164341206301238
6.644224810443742
1.7088590667566694
0.1954845315857315
0.21091706435076912
0.7872416728523773
0.6404427470180528
0.0
0.0
0.6108063048401816
0.0
1.9558063551402196
2.515513172173653
2.558108988952641
3.3543037170454038
3.2835844675857238
3.773647568009229
3.3195101418831685
4.60399465784947
5.259083957220007
7.541308467641131
12.070637651910099
16.009522890762042
20.568865443562643
21.826740146001956
25.28814455929351
25.55376454393291
27.836903215677683
30.692853902724693
32.244997564974376
34.95986790620313
40.89941498404365
47.47362626563905
59.02943318260251
67.33407585769623
78.75600888856766
90.18747081844985
103.13758671611738
120.57615269546123
135.00253886474246
145.58800572902848
149.81368074256898
150.2610684336234
139.51971547438575
126.10639740707958
106.80795731298551
92.71254782390633
77.16335836966493
64.83285942139453
53.734558919345105
36.279685527114836
23.02905654052695
12.72609266247875
10.86332746337422
10.29627796897041
15.118583012873916
20.068142534418687
28.667417392044456
35.281610379674234
41.642443104529846
45.62867833556289
48.505943699006124
52.450268759163315
56.42902420657527
57.86531618083883
57.66186953231472
58.66346574907035
58.717741766701586
57.89219209560946
56.85102577030215
55.780722560568435
54.26952610402988
53.57752756826646
50.37351489240045
47.203116322736
44.05330418483707
42.14989925092022
39.766762882142366
39.909353259014885
51.67125844419604
67.22930610546791
93.12082672796748
109.34558708768832
128.770188047253
152.7454260757501
171.80036870332083
198.5116457273462
209.3944080214962
214.95198885592464
217.5457367105656
218.67350993323706
222.161533744297
223.85421891027812
224.08478155995547
227.53282483382338
229.7098438480911
238.49081421110225
244.6749275506703
257.77775876480536
266.5315921838401
273.4745465994142
276.5879607177242
275.3607045861752
268.5666369341122
255.71017825664805
238.914169567676
227.64771644248276
212.20159369725272
199.6567324920291
188.41480877208207
175.10737211706476
166.1550511750486
162.1990315953002
159.94950006110176
158.40636449728427
155.08399798840992
152.73819853703634
151.17288113095117
149.11583295243707
146.25916218025606
139.95207629549614
134.1598235190477
128.42644005103904
125.1506471194164
120.52791223853077
119.7111602297001
119.07257729453896
117.14912738816179
114.5152625176574
112.67784110701606
111.30085208032794
108.85994856237171
104.67146974700793
100.19206650396741
92.86445909377778
86.4035218463245
83.34723804054744
80.28665691542962
81.72439907785481
87.65694819994593
97.00369445884533
110.85751365883513
119.23873113709776
131.49824257024747
140.89060722467144
151.68156941690006
168.04368405891668
180.2152840662345
190.1649978016464
192.77739329871574
192.97275132396896
183.16790626219276
166.43576236678967
145.09552122708914
127.71058123600623
109.20858550415248
93.63984882554689
78.90064237841574
55.55803443212835
38.852517222252644
25.977712191874897
23.524437562268236
22.332433780207218
30.810172912889595
40.542285936635544
53.91713499892015
64.58114965988702
76.34856240662894
83.84378093112305
91.23219499873414
102.01512125349218
110.53508360314474
117.21688501633471
118.26600969178477
117.76691970921642
114.13294883155982
106.06128374979852
96.43612592450077
90.21918749437705
81.79679868320346
74.82122325866008
67.650824581248
57.09494092139963
45.994134664136354
39.190908157633196
37.25420204355533
37.065617386697454
49.238114924146544
66.88536859022062
93.4614371517611
111.3860439804737
133.72205232729644
152.4872319604682
171.37924164055767
199.3327050888326
219.42280307307058
236.12571504939262
239.9394516081103
238.2375273108414
232.4839587310624
221.98554177243906
206.7870981246871
196.35664140169175
181.98927957029198
178.10692968223876
176.11779798746812
173.5827874014008
169.59337785330067
165.6103643352577
161.73137948477597
158.0004619491385
148.90748516458365
137.52061570641573
120.27677374939034
107.75000707653099
91.50189679076948
73.98928374319561
58.51500802109645
35.04622051310548
17.393999914987713
4.154516687389952
2.067085807746266
0.41527104837219775
4.5953749534385855
8.18501614438875
13.835007319715084
19.637889488369492
25.03462231220035
25.61077970539159
24.60022658758291
24.604878929708764
24.966336840022706
24.392725833657586
24.456980154805663
23.322762352930663
25.290605578877862
24.81559913547704
25.97129564620559
26.799196751238316
28.283399741424997
26.989468747592927
29.19134155456936
29.398727802447233
29.78845130103905
29.684624016388636
29.457650224078858
29.830763826985486
29.476215074793828
29.954024247399165
30.3753953094248
30.18335739625559
