7
8
a
48.2691542271245
49.07763590906896
48.541498322538814
49.09651590406386
48.661168234840666
47.68624244905797
49.40286721310323
49.09604672046812
46.12858676589716
44.26999088285081
39.63192472535664
36.51696117758024
33.51942094228618
27.78262982566794
22.86652989047142
18.110671665651417
17.166883198443145
16.839522299827117
16.699495617958632
16.682389218930364
16.492001811676793
15.57179039217682
15.85217666117153
15.644913356759684
15.518414081510137
15.33459454431281
13.463772419687398
13.2274976204427
12.58767609671751
10.866995939380795
11.91106196209702
10.680255977714232
11.786489246959855
12.155304255399216
12.900540498980323
13.559920212376676
14.729930297394132
14.984629856147233
14.23924163652547
14.056877643847864
14.867660423291008
15.575914126195746
14.852046058786218
15.86368385770335
15.61019846203327
17.7429793876291
18.38441449447407
19.455279516116192
21.054377908192986
21.21852906160331
22.390712449641743
22.239534717751688
23.62250735623602
22.941066331400968
25.193893237533967
25.93138022440508
27.552720283845808
29.117819102777215
32.09950703285899
34.56022208180394
37.573107095820276
41.97571706161067
46.00019734002287
50.42036492420633
51.3474540495868
52.814752740534246
52.809952665064806
53.757320109694696
54.168640271218955
54.11067928928788
54.42948643678367
55.77449630953336
54.829904626868434
55.85606171431351
57.69442835229167
56.16608272017732
57.783547642522755
59.35069017372995
59.08357578033794
60.153611110837105
60.23012977174453
63.75812011143155
66.40305484552998
69.58328134928688
72.52722778032674
77.63820037399023
83.09433441821652
86.99843944898456
86.83378363359232
87.56032046679404
87.36059471743917
87.84198050845927
87.43226484339048
86.43592722462263
87.12291676218805
86.68964509978736
86.68478595056176
86.99550860211482
87.33801885697301
85.44406904769392
87.33687141328782
88.51122485808268
88.14737630938441
87.97390946576847
88.32869134168038
89.84119474970187
91.18079075677682
93.21598155353712
94.01753576368925
96.08663809364371
97.77425777248521
99.87053822606754
101.93254838158902
102.86618351926035
102.03958477896158
103.11489178777155
102.37758694665412
101.81304707181773
102.36140421653448
99.76948701422812
98.256023100579
99.25808461326746
98.23141733666161
98.3243350354249
97.57163868529038
97.10897213394044
98.4090777781015
97.34739426054888
96.36064935857937
97.16215921756798
94.61898457118666
94.82846554783247
93.71800045737157
94.04857631004698
91.88211439179442
91.50544825813851
90.04960098365882
89.41441482724186
88.86501250505277
88.67626336195592
90.22987929927402
92.10966264094148
94.50733335445413
96.74192464339984
99.13101478331122
100.98752111700861
102.12971573402115
104.23763815445167
104.74322054449881
106.50039122094348
107.1846834899683
108.24670197283724
110.91410165946158
113.01630059078657
115.32730536549025
118.03946398637207
122.04990432739342
125.6869631370764
127.45085132113604
132.88002885739215
136.49723564342847
139.6356793495936
140.50865122561785
140.83953058670397
140.2924978461374
138.37095216138363
136.28062453085923
135.1584400876441
134.05921344928552
133.14921428033256
132.86718062176146
133.11580137498254
131.35541326178554
131.96043634240922
130.54545598940248
131.26973820371884
131.88883820086653
131.941263959386
132.9252021931126
133.86276441083623
133.51113139400329
134.21185446585554
134.3897112406457
135.57467840060238
135.07679819339995
136.5024923517627
135.7881794271944
136.98592824320886
136.2610283027616
135.7187246518587
134.95457707050872
133.94095330944273
132.83149620985307
133.30637273481443
132.34275606347194
132.1333101025935
130.59880231336234
128.9944093439758
129.83938583097486
128.29800751935028
131.6100435793933
135.06617696959597
138.6227270516913
141.02630462776966
144.68679456285867
148.403960446901
152.3988593518862
158.31706085289457
162.93931115193976
166.96160485877027
167.84034676835125
167.81339926046863
162.5867894167229
155.545130124933
145.36116368419667
138.7604385260761
129.01400160919079
114.67921443248376
103.28033325000696
93.75865923171693
95.44791977059329
97.95510365168722
97.7865898958562
98.15354224004382
98.33233154910496
98.14687491003744
98.0460661407721
98.1416713308377
97.77169532922247
99.12414670035916
98.70054309210346
98.25228038861411
99.48263393989208
97.95967836350063
98.6298152697548
98.28345599478472
97.25350906117399
96.77861118285398
94.942637092567
92.84014029426287
91.11947812388503
89.05182949654298
87.03801113121881
84.12575450844427
84.50262757182192
83.94884380127547
83.72169246511447
84.32782555533296
83.6191460835657
82.31921589327409
83.37032537300904
84.31526262903253
83.69187614126797
82.98757366530913
82.8921678454541
83.69843700064912
83.11912269827319
83.25363519989682
81.92535955054775
82.7887976099802
80.99864623733406
80.53823830321201
78.22775033728523
77.4330658223167
75.87204164395015
74.08269729120528
73.279552723894
71.75901969061324
70.02804701470733
68.62145732311207
67.51531147535633
67.22642447386902
66.53119837910228
64.92831045724084
66.24224383781352
63.905771455568086
61.98475966190181
61.21676736273935
60.24810874755491
58.504661559903504
56.31616164688985
54.88767431817771
55.15013709478471
54.83208321179943
55.48607156339658
55.846936177232045
54.890949243670185
54.91022493703726
