7
11
e
74.68388413478144
75.38274806547467
75.47822974095541
75.07580408286579
76.0924359065565
74.5989916999883
75.25521872679143
74.77631943231435
71.65648387599698
68.70034912948574
61.759358716300376
59.70379716566023
54.00599535631049
44.290149696897124
37.265107112518045
30.410991089807194
30.255245822527076
29.811189462252635
29.401809998869567
29.46718880440836
29.364660606196733
29.793500266772934
30.24831098756899
30.102996936236078
29.370373864666036
28.900197282169547
28.396437366367973
27.44075989715015
26.719521163413553
25.746633669888528
25.01872194340753
23.90280516187396
26.52871371386215
25.69371148586493
26.045868829203197
26.258758611783648
26.637012747328388
26.697606637307608
27.98508406540776
26.947172116090233
26.91330500179167
28.139100443294577
27.953732323789627
27.315366887512578
26.069854933279462
24.712103050561094
21.598148050717285
20.806933549155865
17.909025199071422
16.045475678226893
14.427586795154479
10.882746660159054
7.525141364316096
6.352638037220606
5.125182423543085
3.709677559869302
7.588195563395446
9.600438171068493
13.802400315963784
15.821262667598178
19.618796855496775
22.313723874128655
25.145133507849728
28.981433235224756
30.539827063649852
32.51796836184906
33.002564045229356
34.38249247067323
32.77706477937203
30.6824357970349
29.522287138981763
29.577536209967047
27.90997503188231
28.48586828421152
27.33859382642482
27.50863768827907
25.71224610089434
24.836563222333474
25.31601835720999
24.924072086041917
25.04332929029553
26.2147118879037
27.303285808022043
29.288384299182887
29.35272765959699
31.143687032670854
30.689304453258494
31.35706472229624
31.623404118728843
32.530343214999604
32.70558627616944
32.927838161748895
34.59387688362277
35.0247230113703
38.51112583672513
38.55215959872558
41.029143560149095
43.88096910971271
44.443748283624444
48.51979786573669
50.17101467405853
51.61132301219822
53.023435498326194
52.6283156095985
52.5244158201867
51.01821634179364
49.263660831642014
48.57884956382669
47.09357475029923
44.932982870679645
44.44553694176823
43.14935644043478
42.37804402206011
41.37973572895121
42.19310244327041
41.161061707109965
41.843910140335204
41.961322681897975
42.474049468717205
45.034274153202055
44.659177222683084
45.48664075509522
44.137670054035546
43.94596040718621
44.26576808432585
45.24021111404471
44.99180406174275
45.820429177000086
46.51117869380476
47.66217070519967
51.15489816739835
54.623695443425774
58.824661851473444
62.528987353409526
67.85964564794463
70.37899740513791
73.45266901682564
73.61175136410446
74.43188253840098
75.15084103990091
75.96836947346587
76.88531898457103
77.44720180007737
78.61501502013749
79.44157303436384
79.99852477567272
80.94163246935393
81.66855935682328
81.29774245798295
82.18062705864067
83.68329015148738
83.60300153346859
86.40524804127007
91.83982891839142
101.16271421878908
106.98963439970801
117.44088552786025
125.56581633479306
133.17659147274756
144.88713156995746
154.73903903801477
161.08066038535986
164.19990296250333
163.5530353631893
159.7637945655019
152.49040226010115
143.30010553674575
135.86918250430935
128.25714037735509
118.67060619533653
110.6646199135689
104.44276522443145
105.12852574088787
105.82186088748125
106.94281807081298
107.72227993338224
108.18275102516779
106.80955550748494
107.03018733439254
107.2682477377584
107.30174119005261
107.00869212917772
106.06304512424408
104.77010152172102
103.72425071426125
102.86800405280724
102.85233007089946
101.67428489490105
104.15910132805473
107.48406951212972
114.10027626578348
116.88212974642391
122.1466647092466
126.21038964345797
129.4446943455567
132.86828802478124
136.51487554210726
140.68866568859738
141.50279418330237
143.44275148142248
144.5513069227944
147.4706276031636
149.48647114996723
151.227320295062
153.73902282568935
157.7450344656186
162.37020625060887
168.55855826496872
174.18774628326975
178.3607809849253
179.2273174111796
178.90746532280838
173.43357204708232
166.03923940490333
156.0282438319068
149.13870816967787
140.440416274426
133.44081920894988
126.99814443425822
118.67087368951258
112.16043310370998
109.01921671959435
107.0447420483373
105.52733422672786
103.06783379482582
100.72357979614684
98.86766231629329
96.83588052239787
93.64906985516264
89.1858736875891
85.08836736538245
78.46592410904061
74.03278621683332
69.02157686903668
70.36211561077792
69.4493111800409
69.90515781856006
72.62217534590675
73.58480331125227
75.98368034518542
77.56768108245232
78.76643161591407
79.30606409674736
79.95005548508227
80.63544279679466
80.64948717485542
81.44548510197843
81.26750613672523
79.68724671831262
78.28801379241492
75.0448854909267
73.03275308258921
70.50665794390173
68.90639367222916
66.88677606172632
64.58160088460878
62.43140951258872
61.78471552736934
60.33793512934024
61.047769695465
59.74002705002587
59.64702368724405
59.532577388193445
58.18082177042657
57.246943496440366
56.978686909279645
54.541424085149075
52.79685790320688
51.34653851469205
50.22774907910741
49.277614262921766
49.02707128461877
51.11870215461969
53.333466509513336
56.1597553275557
58.65066528492139
60.50773999690503
63.357008597221764
65.15728948158372
68.21028456390613
69.77006907468395
71.05929537503435
71.46030750336594
71.52527610122613
71.4515937843478
71.58915223338613
71.27556788818228
71.48188463939644
