10
8
c
7.0439167161295355
5.888455086348352
6.4450291379405895
6.17597001724524
5.882448189725889
6.724707405821372
6.331979601376306
7.5198985817096355
6.146834904166119
6.372875255424462
5.100457068271485
3.3519527348781324
2.546605125881583
1.9263726264397398
2.291588614227696
0.8226223423121912
0.0
0.8263133670565358
0.3807715073777301
0.26141021543808857
0.12018234404520015
1.8131098084325457
4.771180598243195
6.273638648410168
9.182196524666555
11.603773316426894
14.782376074348951
17.014708187477584
19.013458326829586
21.794106993523712
22.268825263293987
21.38013632095161
20.582742477093593
17.832164550323153
15.532699810620786
11.399483926907699
9.042270154477906
5.70991891238706
4.1960479544993685
1.1416526670724916
0.4268133989241058
0.0
0.3803364043151074
0.49685284132889845
0.0
0.10534548523717355
0.0
0.5151124809238357
0.9163479389583591
1.5616548080214283
1.6666276555955695
2.5026217304675304
1.849234017010203
1.7888613889932512
3.1884311348556267
2.9210559487955456
3.8984060524031965
4.645614128563558
6.92014516087583
8.966715386774913
12.220070178005553
13.206585276091927
13.519545122275696
15.224647897082622
15.787845298930488
17.202118396579724
19.378414241595813
20.54834531730114
24.047872579235445
28.849705334679776
34.940887572442854
41.36433118784669
47.373272164874685
54.718682933199865
60.896115079781865
71.9546566841764
80.34927241564756
86.94043073358314
88.5109718130749
88.79152556361797
82.49628516853265
75.31154560025742
64.35902538126395
54.634618665919334
45.48550820915795
38.45162193774916
31.99436044934634
21.803945034699918
13.738112781030216
6.669367684607508
5.560161309632068
6.2810864184079715
8.654511566060668
12.926893655997656
17.124573833975948
20.749362759277147
24.477151570512778
25.839381804949166
28.90051016186742
31.863899777609248
32.5034408686132
33.89915536881422
34.74895001437066
34.753608004518135
34.547351115587624
34.390347657141895
32.94597775354688
33.05920988235313
33.24580597829495
31.717922248278143
30.500656002779618
28.10669252143779
27.51063899608267
24.837796646714
23.416485776287885
23.420024306029358
30.061184825361842
39.94223180620359
54.12258978453815
64.88843514297189
77.13784336372903
91.86834540167047
103.04227863388472
118.28460572932816
124.30619862879693
127.55954889949273
129.79683342079667
131.06386029847334
132.45825840847743
133.26336530660387
134.7705354651588
135.88662972228468
137.59293292877075
141.54103208417425
146.8257792895238
154.1784303893771
159.1766450208565
163.2286372414984
163.70713490573223
164.72527909057467
159.96408694876905
152.59659871058616
142.5499740987851
136.29876366876798
127.02777813300642
118.20339506254297
112.28687087670026
104.07961683172758
98.99868611951106
96.24292560432595
94.57891885216705
93.96728597945742
92.83608059453209
91.24456137055859
89.20857954424969
88.41503914867378
87.44443436098882
83.43401831656263
80.6012502686608
76.56824890480031
74.68441399599848
71.72133188565432
70.73563619918703
71.48072342296355
69.31416143114929
68.48153157008795
67.51066007761219
66.88041142614456
64.35179344517081
62.057949416346034
59.17926347225749
55.88387746944337
51.74508954739833
48.93033098389004
48.47341478887495
48.67677489944866
52.09761968587541
57.22243702811732
66.74740036170861
71.63712294538259
78.19481643725179
84.45663030973381
90.96369930352954
100.70396474096273
106.60809546222131
113.47849347105259
115.02450721062546
115.14481787294713
108.76004071057245
98.63236220149012
85.82535425037648
76.70857524404533
65.01547580932949
55.76701945057708
47.06511719493498
33.139568138667755
22.698101214884137
16.329307052060482
14.172131464700945
15.358234772427341
17.758273935322894
23.026511296991885
32.31917313716321
38.04869405698875
46.1349914260928
49.54509477252174
54.041651077300784
60.32120416633792
65.0909067681949
68.7572885687861
70.58579325534008
69.7742606161339
68.1911552304402
63.81661723669059
57.77343355175587
53.036577330282846
48.80769926540251
44.59415788964853
40.41150200786945
33.09124029208048
27.96086776553864
23.936206129941027
21.916478891482328
21.745200930123715
29.837833131309768
39.8020113620004
56.003298592969465
67.10435379827535
80.22966146385855
91.61166883685314
102.40165977502103
119.04728461805496
130.05265804371098
140.58697503994077
143.3401624044962
142.01471588091366
138.24505637927498
132.9824559384959
123.38257968663537
117.84596535213241
109.028941789361
107.32491237341824
104.75225562770936
102.74975827511453
101.20627357099326
98.49735964387955
95.79570160926963
94.27390838056557
89.4160146272181
81.6725530352104
71.28815355557295
64.86291411996547
55.10479146690262
44.63579745222022
35.862118012618765
20.50345704687428
10.292618126921948
2.2334440330943015
0.8275055537509859
0.8946648300693674
1.7974375766829378
4.740499682999569
8.109816619400785
11.374413846605881
13.963163044462458
14.22872252559687
14.195986367854953
15.037906894942282
14.714866678652784
14.291560208885995
14.203412605317066
14.777559981678204
14.11200093433121
14.839869052236198
16.21287527513329
15.890009252948413
16.245772356181927
16.381750748889782
17.226967992012586
17.677267295658908
17.099032501749708
18.26254312452009
17.221226275674457
18.154064316027288
18.44062122968795
17.59986760414378
17.880587271568796
17.71530750427398
