10
1
d
79.56023463944177
78.68653551246734
78.36352437933049
79.13747778556106
78.77980216734858
77.60430464637653
78.421832703679
78.54140988383811
74.9483641125077
70.56215035411053
63.15177843773529
59.26390406019785
52.47359168124928
43.02928203876192
37.8081318242771
28.551299845944072
27.525188285621454
25.817022162492627
26.21143335295977
26.91458220646279
26.03119230768707
25.22094203701852
25.320802764769972
25.414387974789214
24.927002999899358
24.42954159916382
22.951685722675723
21.37392001483562
19.615681677439127
19.28071082875097
17.920041000738117
17.938815799365596
17.583122135097337
19.256440109674788
21.078712719793895
22.116981870818947
21.80078590573988
23.449040275512356
23.725738269957464
24.381529170661103
23.886640491769565
24.014971150672736
25.060787677941658
25.806394788935645
26.193641026221762
28.113779130692823
29.621711379278686
31.15750474163618
32.69157742221346
34.362381404465516
36.16532809823142
35.45096385195714
37.16155289938375
38.977864560110575
38.80853862810562
40.326027519652364
43.61826048093825
47.7828836999943
51.48358313703184
56.529108719850434
60.88272862538923
67.88934290598728
71.33558013155688
79.81817301050552
81.6681874326731
84.44865794814575
85.04862419270195
85.36052019809058
86.26994656665438
87.21527075124517
87.06327694638094
87.43011502210413
88.43345358943091
89.50769516453414
90.70152611504074
91.537359863353
92.79298189498438
94.34166641497028
95.0908632144474
96.21739569504453
99.28595502721059
102.64657859700196
107.88306658302753
111.25399333477402
116.06903527726669
125.19189873895056
133.0401807167061
140.2459389439737
140.1022106625376
139.58952355162228
138.7349084229363
138.7296993021328
138.9119201120542
138.55708441797813
139.11428456465856
138.2310371725089
139.26498759812122
139.21431359322943
138.9599612167555
140.2507023257213
139.17978173597487
140.51200785121253
140.3844249943436
141.78968995967907
142.84416956834826
143.10384948670784
146.63552032832152
148.81882577584665
151.95478623805855
154.30753405332862
157.5349934819993
160.07773968181442
163.3912318107881
164.5165099965108
166.25400912169505
165.7010299399225
164.86065144847552
163.5032008397758
161.9789295819343
161.03851043358873
158.75862775160087
158.48844644577207
158.18991930638947
157.7130334473556
157.34926431318127
157.41856125015445
156.28204670162881
155.94094352844309
155.4141065883191
154.63901501070075
153.67701461406892
152.17956974523972
151.969937234941
149.30712260568365
148.96106985427798
146.68348039215525
144.34125129439985
141.94599273231339
142.5238821092823
143.51829439766013
144.3932132217362
147.9730990442576
151.5530604431662
155.01846284823964
159.12396237224803
161.70696389303095
163.40560072364022
166.49416171599051
167.41588432473634
169.7987551806332
171.0949286615485
172.52513772009846
176.56652601600945
181.15511584356787
186.0963726967847
189.397400392919
194.25347226088832
199.81672848689746
205.68907125660618
214.29796577465382
220.0087206284234
224.45024921037148
225.90343787671463
225.64360396461106
223.85708343743886
221.61539430363035
219.04774883471805
216.87028094629477
215.50387671022355
213.4783482972571
213.0954500138429
212.2204531247755
212.42291537501637
210.96429460725057
209.8645802924622
211.28873991281174
210.69985000072472
211.57975717065582
212.1168018274766
214.26019774616515
215.166513979831
214.99514619615593
216.63344856448379
216.8121308688004
217.84810040706796
218.66174402451853
218.3134110681581
218.14887741061003
217.29898111295824
216.67261754088315
215.23905332918724
215.3913700790134
214.46526464772404
213.8161856540839
212.56282698724354
210.88803437080125
208.2641405255229
207.60397729652425
207.7450197904012
207.92295248400043
210.2672885240544
215.62271398409658
222.554014279147
226.62312533813326
232.06092160676863
238.03866549848874
244.90512732747757
253.73965667914246
260.76907236369124
267.3623063385474
268.47569542029726
268.80473548503664
260.07903248530135
249.5773466963124
232.14154923929456
221.60659499497615
207.67456962324889
183.56550895085974
165.349878508926
151.79109716685642
152.8988344006145
155.9124313887744
156.69645127708975
157.63818173342145
158.88138975704626
158.27223988201573
157.88889856007918
157.7212871800846
158.21788899423157
158.40169382867023
159.11107951507938
157.821228878864
157.9714815857846
158.0182223906585
157.24783942862027
156.8535291039194
154.85800008768928
154.7409000787859
152.5691591280155
149.61821402474655
146.78347731199813
143.18991634120724
139.45036426240296
136.3811577517967
135.59536460739272
134.9329938023877
134.48820665491107
134.1529114278478
134.0609354767689
134.33055583828477
133.6039673069441
133.9661750672911
133.70041445416425
133.44733929354948
132.83500219773157
132.51022053277126
131.9906204742648
132.25748804210986
132.37438412753417
131.79285678337104
129.88530369212947
128.88268426716485
126.12216654216218
123.55400982817538
120.73822185815126
118.4404438671414
116.93959815792945
115.24963520542863
113.73973074239069
110.57821927495593
109.00577437254917
108.55146890572613
107.54440046108242
105.45165600770785
103.80705405894619
102.44668332605018
101.04912140789078
98.352211524443
96.1823910605629
92.73053105625615
90.90403639466207
88.73359161940031
88.02845266759665
88.33110950729774
88.99731074779064
87.91725651996461
88.36098291111863
87.9819928288502
