5
8
d
229.13068614564966
230.3158340052116
229.06986609538126
229.41623213271436
229.28198122193623
229.43648116008123
229.81606535025736
228.95201858574572
222.01593526109988
212.41655953870114
198.37880797998616
188.09536181405218
176.10915551354424
162.00106652082692
151.69430453175602
133.31793198489612
120.06825957308244
110.73330593545857
108.06709554502335
107.36383791562696
111.12215503729884
116.33572271900262
122.79659013380969
127.77641248899452
133.77926446439062
135.3906020731967
138.22300685279228
140.91078673952072
142.31805268812215
142.30200001482473
143.66312948872158
142.7058420038959
144.2750012757639
144.52006587178005
145.42751715925806
143.50375022972614
144.84356282167326
146.23968694860997
147.82659127750904
148.55076174278318
149.4079001140248
149.70306523422153
149.9401426445723
150.4587384684218
150.55705116430764
149.7871685510484
150.84218476610235
150.11502243203714
148.74212270048818
149.11887335413005
148.67331460436372
149.36353904088094
149.99633410764963
148.33899653762987
149.00955891092008
149.3434899789012
148.48254407643262
149.44394012097416
149.07313704017295
149.91150475122114
148.83432374020356
148.94594065290445
148.285202526308
147.44423014227254
146.4868450320334
145.10927509781558
146.0983126126664
145.0878710818656
146.65587772184193
152.2525332946659
157.5303345778971
161.88383617263335
167.92051130962258
174.27026156747885
180.36701041205978
187.10937965508387
188.8899820556254
188.68361994389315
189.1935023964405
188.6975116752846
190.09168818716557
189.8131393201435
189.71195463410683
189.905782246297
189.81683773216724
189.77676333048407
190.38539298221522
189.41225516291448
189.76902813614618
190.6800497708945
191.11871496095733
191.55274164655418
194.15563186592908
196.86921110001703
209.23474917394574
222.05747535308743
238.3592379381433
248.8487189797752
259.79152066691887
276.9926219648611
288.2097142586092
297.48217235136104
298.43559780586514
297.45706117080636
297.4187139915164
294.08439209508015
289.92925575562356
287.048355370178
283.67906007132336
282.7465287484561
283.5304725013882
284.96028446309657
285.6069105747224
286.3040154105926
285.6862867549761
286.4562488878214
284.6526276388159
279.6352350963559
275.88055693395376
271.95081255872293
268.1991838632974
263.91008847203074
261.7192216232702
255.73379381850125
251.30236673631995
249.6175077784101
247.7650188711203
247.43070600793513
247.7428205017404
249.24896882240822
250.15399696258473
251.89821972119944
252.9227034091095
252.9721576619406
252.69375054085543
251.24258991467048
250.62449819316663
249.95629022991073
249.48504986838597
248.839159533895
251.6483055466004
257.2613012118755
264.91291242137714
269.296988330199
275.898531713289
281.4543944592098
287.473481580638
296.5439547770958
303.2389712347031
307.7327816150178
309.8318174412648
309.26285647274864
305.1071296292606
300.2672300514718
292.39215289351216
286.6977802725064
279.3293274481368
274.0167372439074
269.135351534042
262.74213222997696
256.03730333958197
251.01596058098067
250.06593944899856
249.53541005383738
254.0551208081593
259.89066773139893
269.25076834673496
276.64603758274353
283.52093703609233
289.0989742650758
292.7158919447799
296.58242630994954
301.0906694535758
305.72928577227776
308.39265066933785
309.56714427383713
314.0288061781412
319.0614807043104
322.42378597835415
326.6201065321415
331.794712373328
338.3517405374126
343.590641035973
354.71664871919825
361.5969920872923
365.7981094083942
367.71114948188125
368.0426155504004
366.1181828532708
362.61834113279144
358.9445956121483
354.44787400029065
350.14393011697223
347.48446990552975
346.00171022890413
342.22926097662776
339.95229539458035
337.0454325315877
336.7249117182411
336.43551233074345
339.50254306688555
344.15866340926334
350.77314865408357
356.15894999416304
360.8140368898373
366.4612978332026
370.79676263322847
377.3317107095963
382.0155532869572
386.47554652326306
387.51758041514285
387.09824533065074
385.7577241789892
383.88760575962846
381.8735040081121
378.947616074015
376.94231371892914
375.67244504205325
374.6871579041328
375.64688432374146
375.7231173275206
374.6542074465781
373.3512088698094
373.70061706723476
372.04314353076694
369.30529525077935
362.8391372718283
356.57103152836777
350.83763083839915
342.63874364431075
336.2183514721857
328.6865861012733
325.62758519235126
324.68567643221974
323.7895569237817
323.1019253033824
322.89730614647266
321.6927874829105
321.0622186997142
321.027502942101
320.8320758481894
318.53343207506686
317.131774169431
315.3333308124288
313.3609447800215
313.0250006451109
311.3916947360562
311.4254657304366
309.9072738137995
309.72504718630574
307.7596562510259
306.3673704054253
305.30645489834006
303.15763567556263
301.75763327886006
299.0094695783776
296.9779505330855
295.29740834605457
295.7344349587854
295.2890860772801
295.8795716236926
295.8311957640504
296.91648391148107
297.32033817429453
297.7174637612684
297.75853434834085
298.67782461079116
299.8771866762401
300.35902818497294
302.0082175577808
302.66650152978747
302.8349303476797
298.54723086874475
293.61348313691997
286.1273929085829
281.63620839803065
275.6436421212821
269.8971563852168
264.4807979182785
257.5214007628486
253.10651556779283
248.96760553037677
247.09508770662578
248.0119171705606
246.3197148535894
247.64682598918012
247.56225720486776
247.30347165096023
