0
2
b
53.37843866277143
53.8921103492232
54.71043567299116
53.41237826527174
54.00660167657642
53.158857323167986
53.98410498856479
53.445847528378714
52.745052774626835
52.49136048804746
51.803168827579746
51.831695508447865
50.89733859429413
49.65702331733875
48.829431611174975
48.45461763372374
46.95517542392068
45.69836096883358
45.712101394316925
45.3154292346221
47.44974968101835
47.704275035027166
48.33938568811221
49.859368986640504
50.551457720443864
51.07847985782886
52.85833963062685
55.03805120496118
55.98232751498691
57.43880529627524
58.068990906231356
57.311250263187354
55.158986781948485
52.204548078017005
46.6349856651899
43.192678103346495
38.11751823227809
34.427045796464284
30.588168233666234
25.23397926770587
20.722176073681812
18.899379713318833
16.537097831728033
17.071011527772722
18.256599244387882
21.66514334175286
24.73343009778325
27.31026437430964
29.79149256897231
29.90995894472069
30.42639499000558
30.282689254943094
30.258110893227084
32.64417066782455
34.18433074915756
33.7730288728713
37.76195153787327
40.4629729591458
52.15314633611727
60.22418032703142
71.03490753294322
80.46875621474278
88.96756058089815
101.74092957411533
111.43269271649201
117.91086502698398
119.18504177030658
119.62748388213205
117.58406376626203
116.26125101711776
113.05117752024353
110.17513483832775
107.4030414775543
107.03984028533718
106.5389243807094
104.70756887469801
103.40982667326773
103.24182193020987
102.78065488762219
103.42800498076868
105.80549972835702
110.59662424748733
118.68098142617674
123.70946754515437
131.50655656108142
136.45264727154188
141.30167006734214
148.10981128406843
152.389111543789
157.4885523908802
159.12651370565968
160.92475693284058
162.47258314925642
166.52287508947992
168.97197673791305
171.5921575739296
174.70729209495357
181.3305141990369
186.9307769617518
195.98130596050464
203.2410676143543
208.47572780160849
208.59839386374813
209.65936099600037
205.35289073089484
196.6397994165464
184.21591989973896
176.11410275884916
166.41554838346522
157.8027942548716
150.95675214974625
139.61697759455976
129.23693832800205
123.74223971054609
121.46766696595878
121.22778889620584
125.6905663044573
133.70414443757758
145.3630532272879
152.85057137439443
164.0621734290282
171.3290855564868
177.44446322255519
186.56807529610668
193.97025125448175
198.22049438904557
198.936655788593
200.67810972373698
199.1136919867407
196.22573573416702
194.6727159816355
192.20364815020503
190.584291486701
190.68796489391508
191.0101641658254
190.8577434751514
190.10520997938028
191.61033396564702
191.5994563353298
191.1158411703547
191.12215329100286
190.5710057392761
186.5241962172206
185.6741183513153
183.9915091095537
182.61303386854337
180.16056314955594
176.56137052023215
173.10084690569911
170.36938758781457
169.7634887262759
169.0194507405038
174.4766106053023
184.04470755294895
196.7531559841901
203.42171661557413
214.032202646611
223.75549308573443
232.26359817268246
248.72428575786157
259.10824529071135
267.95462073327434
269.7404669682079
272.0356201291574
262.9357067836794
251.7521460431798
235.62985574629784
224.7010462713199
210.58077714991688
201.0502966885479
192.31256104619965
177.39267318160387
166.32762345109197
158.80357699477912
157.1395630641502
157.76208513469973
159.17091935001278
164.9177200578942
171.46979903678823
175.6002265205728
180.92424674313665
183.29055348734695
186.78620332697116
189.85279907002672
192.94191499447018
194.9383747705615
195.53260792293577
194.88238209748664
193.37379645894714
191.11372514227529
187.04494226132223
183.97600273962675
180.5474018031473
178.51473899419477
174.43826901787884
167.86797576715256
161.68691497881875
158.15805723104683
157.01848168632893
155.4245028990644
166.8353189427233
181.27824411688144
204.1490395199402
219.70090905278803
238.81849408295244
255.0757841288754
273.26437546124305
299.3353833523564
320.3070788486561
335.17178549225355
340.668025502046
339.96859419407093
327.8917123061953
307.37998395292215
279.79955890532545
258.9486997199849
235.69413927693552
215.90888514523928
198.88611082818315
171.8585454412451
150.1862838901538
134.37443717742465
131.031143098694
131.6220827264676
141.56613534406375
161.1391288696914
187.31428334245942
206.17238042134036
228.44280779534643
245.04082657409643
260.8550593292299
286.9010370686408
304.75827873149615
319.539630461779
323.46124440907397
322.8753166630683
313.23454675636367
297.9405531105105
276.0221104963846
260.0993081968774
241.30565542227347
227.1674930922517
216.7782832625826
203.15923725234313
192.71907109022854
184.29681339789533
183.11600987655063
179.0485158890864
173.2537590847675
168.8263965878079
164.86137324021047
159.84281790725538
154.80309971849888
145.66209743536214
136.6514736224561
122.36781983719021
111.22590521797335
104.61337357080245
101.68048320359169
101.74127425505361
106.82988695121088
113.68343384135812
124.04201536426169
131.7990694981018
139.86585580296264
145.4682214400231
151.31951963706607
159.44700317672863
164.24535418828265
170.93472725352916
171.96211515941906
170.93097721301254
168.1031881046569
163.39052772082903
154.89110593601396
149.52653813581873
143.00993810513083
138.35444970439278
134.7320797968962
128.75088436965757
125.28609117457397
121.61101494639321
119.18183623204754
120.84722541882185
119.68324377487019
121.08865566258454
120.56877313227665
120.7666476303366
