10
7
a
212.38198568056768
213.0987161694546
212.40119654520709
213.25927489879683
212.29241061233836
212.37672315176155
213.19491980764437
212.22911295876173
205.49730176409858
196.65674855775447
183.48247579682254
173.62794936948112
162.68823698179975
151.5095408346999
138.69890437806248
123.36530267248921
111.21913818443787
102.53289439175146
101.72347077034291
100.04172817674029
102.84191065177906
107.37136765075309
113.70598801645559
118.98505064443671
123.3328104396534
127.31318188639077
127.92815992843269
130.10583711710825
131.26356075483702
132.52165253547034
133.1102018012589
133.4939336631927
132.7953918023918
132.66567586970774
133.2512976301188
133.1176791833341
133.92071193729507
135.2558621323964
136.41263415340399
137.40802442741435
138.45884553586643
138.72577856706062
140.1961350165413
139.26034767077678
139.01597036922954
138.62763527273307
138.733019402529
138.98523395261543
137.46946666516666
137.09786822690404
138.8530655116397
138.50092505317264
138.41703446502126
137.7893480519829
137.7972576251602
137.79850429980203
137.41791545514434
138.32483301952826
138.5365593333001
137.88205771330112
138.53945357442717
138.27460180506182
137.46237931637617
136.11257594163177
136.21795153504715
136.2786378253778
134.00056478604137
134.74585359831346
137.46387253500222
141.25084537203097
146.5729929722476
149.54757377109115
154.93634278297918
162.24824724645163
168.15046128405734
173.81585683324084
174.59828419276192
175.1441413399372
175.64035079361994
175.6666676395929
175.2036949570466
175.50285479385636
175.49271126329774
176.00820164845302
175.28108877895824
175.93517604526585
175.9952521784295
175.93240212669312
175.53996303504357
176.71024955702336
177.00798064249466
177.11012125453743
179.35651973977488
182.6574169864816
194.49844042041047
205.9451451675168
220.36189825583287
231.4105516840776
241.03517286980187
256.32408664016043
267.1201355021741
274.98293920174535
277.0710011869775
276.4002844340786
274.662615777864
272.3771226981416
269.3255399650222
266.6820968417957
262.5410421553449
262.8058450431403
263.1939665433739
263.58556900890113
263.6314702026744
264.7066557611162
265.0649999580017
265.26399595610076
263.1612136471881
259.67393364646233
254.42918632454288
252.01774079269472
248.53234996042403
244.9169754424679
241.6726414429732
236.73353535792188
232.36798146891425
230.84256330176646
230.35317338999647
230.15878914704032
230.03541223764708
231.22233033315086
232.57989838034666
233.77598338044197
235.45818250988384
233.85393430842757
233.96430335480375
232.70476859437187
231.9905237051973
231.44256628750367
230.59025384315763
230.2911775926327
233.89502378397682
237.9626559280674
244.4478168994589
250.1329110881128
255.7907986237546
261.49202246424255
266.0018205388216
274.24362023297226
280.4246592902827
286.26368649244876
286.04700543868967
285.5419951782821
283.39741409300694
278.93675659841045
269.8392468177383
264.70181976179913
258.19810705280304
253.5459820845578
249.44787519126115
242.7299171375998
237.45970367647897
231.48756158143448
230.4293592423756
231.82589396881633
234.86724452111315
240.38467975986947
249.85127273256205
255.7712082165029
262.1307737855323
266.8678101145341
270.779852086134
275.4183933209512
278.2915134441984
283.9432102537653
285.39054969178403
286.96277253984556
290.52311980611404
294.0049221244867
298.7031626189387
302.7701172461037
306.2133825512898
313.252255513269
319.6881529497806
328.4867715109679
335.2327546924502
340.06944038093764
341.30054732720663
340.9558301893762
338.04484479044623
336.0213108309476
331.155296726371
328.21377151428
324.37383204157493
322.37629786812624
321.61207583302473
316.84845493907267
314.4210392326929
311.55655473710146
311.6054409767359
311.7957466934659
314.79976398475617
319.0352773278712
325.2963192918849
329.0515368736256
335.0028883684251
339.34777560830537
343.58613419506014
349.9189521758537
354.1485138912838
357.95439546994277
358.493935836253
358.5979515174573
357.3629969470332
355.9881009121542
351.8655040747608
350.95213761433905
348.847126592872
348.93338668468056
347.20410565338716
348.9227399004663
348.22041845299384
346.5335632556613
346.3048944660909
345.00992254052704
344.01120900787106
341.97736681146455
335.5781310881293
332.3688701190291
324.0296295177786
318.464295139564
311.4520236425612
304.4002100958691
301.8931514328163
300.68078634251015
299.2786089326079
297.8899193987599
297.7473642546764
297.11621632939784
298.40138522930596
296.8696661154854
295.7042305980316
294.5041613538509
293.6621590756843
291.6149775638256
290.83317182327903
289.4971591244643
288.32945153037394
288.41940063547
287.58738560775987
286.4498737832334
284.77474277979445
282.8457059389755
283.5587225485708
281.2667244030927
279.015424846567
277.3065907432663
275.22341870682965
273.0018938561501
274.4661520734659
273.9499592665412
273.77961002876276
273.38735229139166
275.5068201500225
275.3776868043669
276.2471464373328
276.08639342994314
277.03684543541726
277.6014650908215
278.2253498917087
279.752601359804
279.8655865051929
279.8634483984821
277.59671715106975
271.13706815476695
265.8429512512161
260.79914959152325
255.64436099477538
249.64003421156627
244.5677771200778
238.8871813410168
234.18674592585904
230.28039363323245
229.36608420141562
229.71864842210584
228.54238122042386
228.9930964814028
231.27895961978885
229.84360820263643
