6
9
d
112.60593193806278
113.0553048461241
112.96212241954065
113.05799788395386
113.42417219371951
112.37062784456126
112.78300813343195
112.48431242064309
106.82481744226921
99.16642393796674
86.00018811182707
79.331553451711
68.79787567939961
57.553687091178
49.022721088507325
35.06626060032321
23.873532808635392
16.00536860188027
14.633285576800937
13.644322799982909
16.491374283164486
19.142077083814456
22.469859179849603
25.84285720248743
29.328763509594477
28.549534906087807
28.600615433890344
27.4083652441044
27.345112039669136
26.885366479765953
26.47601740540466
26.996330493357483
28.637183536872925
31.40330823605468
34.10920397868059
36.25543526265052
38.81277212479426
42.90032385582157
45.22589410679897
49.050810436900754
51.88935804415287
55.167327405911415
55.74504975013764
54.61711168912701
54.54132939521209
53.203203092740196
49.83967459927116
48.209323207351595
46.731622841949374
45.11873046949199
43.01891666127637
38.97662559637917
36.455670179764184
33.428754865762976
31.97931571752053
31.904459878212972
39.2323086263221
52.200251285657096
68.71656410954827
79.30724113682112
93.86844904898574
112.0134882140766
128.48427988002388
147.85207216452093
150.63468940106117
151.75317971905858
152.2534294038054
152.62391717744563
153.65024937237683
153.14116384273976
153.1046378930323
154.46281182872377
155.00310133154142
156.96042904557817
159.240733675626
160.38590511496898
161.46288380356555
163.72732041105098
164.6054226846188
166.62876557601427
168.86192178402783
173.51709926670344
180.63167337026366
185.04068096838986
190.65953659304483
196.7040642316721
203.08971976688312
212.45619190488503
218.69545980698354
223.0426757085346
225.38471276380452
225.55541445575096
222.3531305266696
222.1049112412056
220.37549555339177
217.381957501415
215.9373508531074
216.6690772767161
215.18766166577373
215.07754447592072
213.79546211628738
212.86287373897403
213.25007134474177
212.5724021726916
214.26809611897497
219.18020291374597
224.05928855546497
227.11609358111795
230.70785058188812
234.7526847266698
238.16951963389013
244.214995385099
248.63343154604254
251.8421984838346
252.85590585125013
252.2564401418042
250.11300987651776
245.43973393243076
239.7449194134176
235.63779864519597
231.12090997982497
226.35977903000162
221.9220531510576
215.89066528295405
211.22953001460482
207.74970873018225
206.40032340176703
207.3274967176854
210.41726144331804
216.50227905982877
223.7218249514179
231.11975403594596
237.87848258425794
246.5033048493072
253.99765714725788
262.6688494866597
263.0207469184495
262.7116541724495
262.4255024106391
262.09383521768325
263.89034222499674
261.73054690714594
263.5434944689226
262.99443866711385
262.3248718296831
262.1793598711139
263.04033762322877
261.9654014586279
263.16983183830195
264.494962817479
264.7315130741409
265.9311284286054
266.90907121007444
269.8878807697141
276.60284550840083
283.70517112278816
291.43494264082744
299.43163124363144
304.44898296483495
314.36860809406176
318.40418970058863
321.42269695279276
321.18328237415005
322.3746605009434
323.8183856750152
325.8277318482037
326.4930694492552
327.63252723314537
327.04368781633735
328.40581530924123
331.0927895461085
332.5067963824277
335.42941619310153
336.69173215713204
338.2614505421958
338.90659156842844
342.5752253237353
346.31496378422133
349.87482787602835
355.43113111386106
359.6715123934051
365.5902098026075
371.0189860201473
379.10293543129154
385.1486825825581
388.7588359902645
389.25193266890864
390.52267781757035
388.438380167132
385.5687081637752
382.93230047260926
381.0138215615133
378.96391914012787
376.86402785417664
376.797922584592
374.5371051357869
373.85992506325584
373.2061662016188
373.05406004242826
373.0350091964532
374.16836890560046
373.9572724849871
373.9692586332526
373.9575907079821
374.85696055779664
374.3483928627067
375.0291733615831
375.63018789167256
377.752812210184
376.8326731465781
377.0724724392401
377.38541747186105
375.29975690178367
371.619848434022
366.79745937932177
363.00520405117186
359.613916062858
357.8825245378199
356.0379415720938
355.17323499375107
353.5422194743944
350.97092320313936
348.84343174507705
346.6306645376773
339.88971213618754
332.3961313589265
319.73844845991744
308.7981228304597
295.616629735274
276.84654894390957
263.3324647550836
244.12282948869046
239.69203721375777
235.93712271097783
236.0525445109081
233.99358337414
233.36632280007757
232.13720607437278
231.78985268803055
230.8620315919546
229.38825657264465
227.13412874297563
223.39694712466485
217.66856352818766
213.67071923138948
209.19782184628778
209.29953653709688
209.81558180329188
210.61151392328364
213.70669110839353
217.04598257217336
220.56802051248144
223.6575041210873
225.44957747369864
227.83093189186886
230.92858415186018
234.52196088039625
234.70654773421538
236.3913382575797
235.48358881871766
233.67712086355152
229.4986312597092
223.9601707297532
220.70509357383895
215.70671279759483
210.62355285375958
208.7842692910529
204.26077550522012
201.30573040096823
199.5895617726085
198.39318894906077
197.93765276729775
197.63238326041062
196.25777825756322
195.8597262749937
194.77763275798276
194.3660742134205
191.49585389062656
190.51704445426074
188.60824879760156
186.61907583452697
185.79354284180945
186.27167842456342
184.68826320169723
184.2592187830473
185.31260666097072
186.1123047678551
184.89329482704318
