11
5
d
260.879725511198
259.77482495302235
261.21129909463826
260.44785849266384
260.4511213210917
259.96752473966563
260.5993134378148
259.91611388825015
255.24316332465492
249.28347044521686
240.29614153885257
233.91999547511998
227.18846737696984
216.8059407725454
209.057161987206
199.19148006743
193.7981484452767
190.82003690045053
190.26735601309736
188.28948374737726
188.01612574980714
186.3670027770814
184.90593449129727
183.54214777945157
182.59692277118097
178.5616333933073
176.6469969158882
172.9174038724246
170.6695304919644
167.2357703448808
165.9886050846077
166.0483288761305
164.6548019426871
161.07405468909374
160.52518888716938
157.24525025770177
155.30876770085413
151.52794207101655
149.35010384399638
143.9145100312737
139.19278786193996
136.7981055433396
135.99559204090056
137.21277065952685
137.6391074331205
138.20523193923938
141.85234888714922
142.91144150904537
145.26128908951188
145.2678379031875
146.21637359125538
147.04019025715306
147.4246704902301
148.16018550447333
148.47975014988026
149.31073915624646
150.33103790880654
151.63768908219382
152.8875916343874
153.5272623652257
154.92057610104135
155.83692245597373
157.24423048808518
158.16613459883138
159.3768460045788
161.70569279072043
162.01956242612704
162.4010132955618
165.1043132006259
166.75414485394276
169.77020458173754
171.57572851308385
174.82220690473312
178.69823688982
181.23467535448532
182.5774738516748
185.49105930076604
187.06962845765148
188.81627568033988
190.37035593206872
193.67246181964538
199.4609484837175
204.40707988093766
207.65503935679507
212.4464272943763
217.11235665672243
222.1354703771451
227.7143153748599
232.02242992967697
236.17310537292803
239.58459943601605
241.2229797591954
245.56142592056773
249.28046866639642
254.51310191111628
257.833629178425
263.8360172881529
269.7171687401324
275.8076425874226
282.3523013346517
289.25974744053775
294.1778421946259
295.433999864341
296.81693965212673
299.20503371620083
301.08583707928807
305.3790137149757
307.0144027603255
309.90408455580365
317.35574828185435
322.81358249982236
329.54037352904425
333.1815808660615
334.3090436569205
334.2742391829365
335.0509696026294
335.61725859262566
335.88489721993875
335.78305881194353
337.23221690861516
336.5931265534763
340.0733052948305
340.7046904316176
343.49486383564334
345.2908718239982
346.12308887511625
346.59964704622524
347.0802250672456
345.86120379555075
344.12407523083266
343.4445524178138
342.93903409161527
340.76494203121047
339.41914881509257
338.5430743427576
337.0454245637369
335.56535942846
334.3889003249992
334.3185384116134
334.0588072572696
336.37407234338104
338.26236102911105
341.89132866285865
344.1079188587126
348.2203720147949
350.044916984591
353.4537083192919
355.9519038183725
360.2428239856923
361.3601856240305
361.40031237090426
361.5614621106275
360.4647335776503
360.7715666545302
358.7938761583077
357.90245113385504
358.0129146771076
358.12810066435725
358.39152158163165
358.35957955370804
358.0571024100868
359.06509621744766
359.04665989035067
358.8074442705388
358.133461375905
356.7483536855663
356.1573441644565
355.6857607860034
355.38737159335864
354.6665992612375
353.22220188752675
352.2231148075335
352.33256509782393
352.2565531102842
350.68453658468457
350.28153342789915
350.3618461159617
348.62463307107765
347.19016238113426
345.5175314717782
344.57728879799214
342.9084455600185
340.44686848936095
338.69285032081564
336.93069183605945
336.01819903009203
336.7880964558067
335.5867827275411
335.27185873571693
335.25271201131693
334.46441576077916
333.7721254082136
333.6861640125292
333.0638222682252
332.3217344685023
332.1622776934323
330.7875722722171
330.0883843219879
330.4736712660219
329.38569734801797
329.6986530535942
328.3770715048809
328.8468082351846
328.93121676379604
327.65493889684603
326.6809519242518
325.40826363994506
323.9548111321472
322.4241936762232
323.36064971770224
322.22446339399687
321.81942487900676
322.6997999885305
323.79085820319443
325.1454189134457
326.00451916682897
327.4080209633286
328.8928342290825
329.5495667131636
329.5790484222954
331.43664176200787
331.5217445436865
332.20546127006764
331.8725097496234
330.95696818510663
331.5708608910407
331.56364049085994
330.782965423074
330.9476952349106
330.38185787891945
330.46281340467056
330.0389499657707
328.04867059466943
329.22300972850854
327.8994524829421
327.77159961342636
330.1090058509448
332.4670510529229
337.52064329640626
340.0711457513783
344.1279807802812
349.80410575299686
353.9119065799896
358.6693045225812
358.51368670296824
359.87511156362956
359.22211053520914
359.11264589166205
360.2191341287474
359.9943241039227
360.60357361061904
359.9419085336651
361.1355448760521
362.15616781550636
363.6846773773349
364.02127691200263
366.8710090172479
367.2101006960503
366.66255204007655
366.54275372276436
365.7418559471054
364.34705780687403
360.97313753427363
359.89331673174297
357.9200143920377
356.75895885269705
356.3592616024042
355.5016054087604
353.8740872137021
351.639992060667
351.80273511804637
351.4616986857823
347.89571371570077
345.046718944584
339.16632590467844
335.3940197508422
331.17116435142907
325.97110453287013
320.4566523603188
314.2516245920313
310.0903823273052
307.3808967155893
305.4104666412816
306.1532650059298
305.1612539949933
305.20680284660307
305.69617391355564
305.70688864542456
