4
2
d
6.775898339632995
7.076966357559603
6.983263944872814
7.219061118514915
6.645452969702172
7.032376907869372
7.717938604520973
7.679917338563218
7.050707369587135
5.911455941492605
5.547595602154999
4.677998028559112
4.007956286580705
2.846658944489808
2.0727702821395915
0.16260780730151364
0.0
0.7381001009834701
0.0
0.9834714146016118
0.3516512035516392
2.7575883866041764
4.975543549317859
7.017393246659414
11.240700919591323
13.833342517143409
16.516524315099534
19.65016519643347
23.836462003101072
24.812996166582796
25.604107798784057
26.17772077326305
24.883463498604154
21.675683315845152
17.28599598204103
14.859757502699466
9.30688667511025
7.11485986283431
5.046717461503683
0.9774667845603959
0.0
0.6645786082074646
0.0
0.0
0.6645203842394873
1.0609960685525892
0.0
0.0
1.0186983954414406
2.5727921636220126
2.9054693280809443
1.516330707476644
1.7386346811621334
2.46303910314626
2.945988609701081
4.015524182076041
3.7964122922541748
4.864387165125235
8.922605562634466
11.629231055659089
14.009589984363085
15.392621559065036
17.16391942035379
17.90601932315667
18.24426126474164
20.888008982041345
22.536416154974557
24.107758578035448
27.5959698329054
32.9413765658186
41.17200852404841
47.60025756544163
54.528953759144116
63.57100717580135
71.35915986748334
83.79444316773683
94.20760523951247
102.02466186762182
103.74329399508561
103.16568479691632
97.2897494819889
88.06228166570612
74.63513344376545
64.18337879508967
53.75952328262138
44.878072960053224
37.11627379101276
24.463570394785435
16.159437929186257
9.325479948352314
7.637629363000821
7.767784374434464
9.967696228059534
14.295946719388038
20.2743882336422
24.880794213425933
28.304908141526482
31.6194115544418
33.68442223059458
36.35083173394124
38.52273622774889
40.57285646465488
41.27009909408021
41.97764563445762
39.98493121587513
40.55917006319997
38.945623311495076
38.11039161275152
38.641400439325224
36.74189562255239
35.644047234115426
32.98725146555538
30.507119575875503
28.593754893665345
27.241043121781217
27.408920534537156
35.71462774146358
47.37198478308783
63.767847552345316
75.54571761528335
89.88694598670898
106.71720504180557
119.62888057675869
138.3232532229991
145.07730700955656
149.72085533087161
150.35699253330077
152.24195413934166
154.78288924983693
155.6325443134824
156.7243403063586
158.969709327861
160.70713010766616
165.06326284489444
170.81438772761794
178.9592527118974
185.72895469732615
190.67923820185644
191.89973369559627
192.01485169567331
187.04242213198776
179.41956953858968
167.45422397244536
158.2481808849722
148.70193719700714
139.28135184501582
132.5259366610016
123.33112327373888
115.19382305788298
112.5372006518938
111.1978641522439
109.10424143793368
107.52750737053843
106.4166117291746
105.01212945826566
102.99338298117685
101.75005635139793
97.49531059258267
94.53728156100237
89.50518397825628
86.3540805872444
84.96686787066908
83.17273623312846
81.98664563111242
81.81898482153738
80.59383187050696
79.2312016349035
77.54857460376047
75.46828212347329
72.97757129397918
69.58134533240933
64.91080631683027
60.06369267193301
57.99915969797188
57.50138782682596
56.92507455198295
60.159634032948325
67.6740957323304
76.7587363795305
83.6241762345927
91.86417906572812
98.792537222337
105.65162722141389
117.72824810343684
125.69144357158817
132.70408402485214
134.9210870909062
135.1790425608291
127.50901736530507
115.95096324908167
101.47648883912292
89.7696326667789
76.49004427333286
64.84507346229228
54.39603350879447
38.094728069118545
26.83910727109452
18.89769009912394
15.96880794072463
15.59915673228058
21.440496504215787
26.761137074367053
36.94204587248619
44.50601440022705
53.74837501534867
58.34427171477599
62.41377954180299
71.19882583076185
76.37147213296572
80.94738910493716
82.19558160547125
81.90754353418585
78.8111966198429
74.34318698911316
67.79408982359104
62.57264137665657
56.908311226790715
52.281099206126584
47.30273431731439
39.041488052172625
32.53866502886436
28.062388381142586
25.918017924827556
24.839761189628636
34.452311763508234
46.71933895657637
65.01913192907475
78.77519218642702
92.93643189052075
106.71086313752095
118.33963686142837
138.75537394307474
153.48334182843928
163.55414001198116
166.1406893570709
166.2347458951536
162.16538630200117
155.07138427890524
144.11160747820261
136.82310671993426
127.59177499729913
124.26049612450893
121.60882605894327
119.93651528994444
118.80368514767707
115.0177516541833
112.88107459966245
109.81595304107084
104.49965203986609
96.1600857108724
84.61201509653438
75.5764385850039
64.0447468264022
51.883891504312885
40.77133529275704
23.416955389897495
11.630978830566754
3.084635549548732
1.4000380103110968
1.0262801373782173
2.4416596771835466
5.195721243964541
9.811392891104948
14.115647458292841
17.850113294864496
17.474392592759315
16.234284308486693
16.729965167595573
17.22826343438816
16.658136667505897
16.565849181093128
17.41133118818306
16.233820825032193
17.129263730489004
18.192335724167844
18.44330607365834
20.182759300330193
19.242382571681897
20.704182054378975
20.005894751396657
20.68675398666717
21.587575121660386
21.922009719252973
21.914021370624745
21.009014718048014
20.492140010735206
20.77223509353595
20.99396977721833
