1
3
a
91.53747162132044
91.8546033537263
90.61591742940152
90.89887775979965
90.52826886591734
91.03403239212746
90.8078499401931
90.86397565385654
86.75967817642928
79.64784584638295
69.82708176696599
64.57108598630484
55.507097324236724
46.96092636223952
39.50244735547588
28.758905643034897
19.335266080587846
13.172214536760697
12.124140148938741
11.263023709548088
13.776480610032035
15.916416225436173
17.866557193214156
20.557640904930043
22.6377036908817
23.930047226883612
22.391196312130244
21.77301040136442
22.273144145799826
22.143204904774883
21.257965484907132
21.886008668077228
23.036021651424154
24.054328401948005
26.83967145461973
29.498666323196293
31.553600127741714
34.2178646987506
35.65112310702455
39.998346463628025
42.494842966430184
43.65114431161076
43.49753080335236
43.866454420949545
42.83340658152998
42.06152448265002
40.011283175121015
38.69293291449632
37.45663179761742
36.614786900468445
34.384874033514485
31.597005325449796
28.912569837486632
26.616151525711174
25.512626269261517
25.481930492076902
32.51085583778066
40.846802986274106
55.69151594615835
64.50725789881372
74.60037645310796
91.27288990405556
104.23699228131538
119.76642520003655
120.16589958923171
122.58016045025683
123.66901396582018
123.4194255227824
123.97831536366157
124.06784528512355
123.98839043004
124.10882864661346
124.15486329615945
126.32028893496287
127.34988123538596
128.15257591876576
130.51958488616572
131.62250908058584
132.04715382152568
134.0599759699539
136.03380031393954
140.03701722168236
145.63727478888757
149.6190235178318
153.04742924154897
159.18639444759972
164.1909778327545
171.3968731926906
176.13776833354063
181.15703510512557
181.69121897618024
182.16044126114068
180.6377000709013
178.73185250531137
176.45059327458608
176.366222334389
175.3760196140305
174.0763953096472
173.04079942475298
172.18762277262843
172.36488483916173
172.6038421170969
172.63021017140008
171.26397675344666
172.28256085167473
176.74331849168505
180.69720143338623
181.92897114912566
185.04976029221567
188.16020052046002
191.80284922258073
196.67472720996048
200.42694360041628
203.11239257078074
204.06935474117077
204.2437300584467
201.85167962826443
198.42577601502498
193.84062822735703
189.6378823498309
184.882117974118
183.08426802011635
179.53613019154466
174.05628353400374
170.45324148268702
167.75850051642294
165.65618659435722
166.39311194771778
169.60229802127137
173.6304320225424
180.89179232927344
185.9869156059481
190.95742508711749
199.16425707456824
205.1512011896426
210.38071019678907
210.5852093374415
211.9883456421227
212.18200012922716
211.98146474042818
212.5473910267082
211.52091382759713
211.81857080428486
211.31848650610047
211.15863352035834
211.6070220133618
212.0289591482261
212.39073150368725
213.05835468876236
212.62027943871243
212.5411263402396
214.11559807195738
214.69614257901839
216.17547490661
222.64648764017176
228.72269799135643
236.07801179956647
241.707304269415
245.91130443592974
252.76182296922246
257.22332157248576
258.21267838546754
258.89565291975714
259.66948777277554
260.6118137210238
261.8650649859516
262.3210059809085
262.67388267414924
264.0264076771137
265.42223869076213
267.1751508226833
268.61566262087564
269.6830554511248
270.95586483443384
271.9324554571485
273.9575340566989
275.8417920124687
278.99135094096846
283.1742162020275
285.4781749078462
289.783221263108
294.1889503788486
298.1969144823037
305.0790875822011
309.28738123342566
313.27098573972285
313.61187073412384
314.22366511753114
313.2107368758578
311.0675771112144
309.0675605800896
306.5364492464154
304.24591182659276
304.08027642139814
303.4498538752001
301.346190405785
300.9902948656593
300.63741586060866
301.1221198396212
301.177056837806
299.3953927139015
301.00832105563677
301.29706135150207
301.7595609102432
301.0271761987227
301.9044908242238
301.5831009233745
302.85801500577287
302.650321455841
303.58588009284233
303.99633220669347
303.6950193385378
302.66800793468644
299.58319539975815
295.3955785906693
292.90654294327106
289.95437193279207
287.1956085215727
286.7202902793855
285.01653957891426
285.1349337711383
282.52649526589283
280.3305274339663
279.26860802960095
273.61587990618824
268.26373312578494
257.10589308268
248.1356852371509
237.3858972328728
223.62990978265495
211.5840479575996
196.41107860877932
193.43022056843083
191.64855866747644
190.43164909583257
188.99752795952242
188.720086642933
187.43475590900417
187.42960531859347
186.60400027262557
185.1575066451712
183.33378958628936
179.60092107748295
174.55500732774524
171.4316981133771
168.9260435155569
168.37296194173814
169.43604087337266
170.50622713887338
172.12504702042116
174.76622538008402
177.41081668886804
178.9762318389889
181.8801912471104
183.45681254806513
186.0166486551958
187.91387329308765
189.5229169521783
189.97555505037286
189.87071818939435
188.8546530567098
184.56351478449014
180.50838301638012
177.45822923234914
174.26297770578915
169.9056017585463
167.47789953462333
164.69774343849377
162.24456369514343
161.13393962636238
160.34455824160574
160.3094783396397
159.64496006711917
158.62022895198254
157.98092090359293
156.61612621072302
156.99784695892288
155.16697901434293
153.695067442567
151.89599214498406
150.99548837884134
149.81165649374753
149.64020575873974
149.56606436426276
148.88317039688437
149.28532511036582
149.1022384792787
150.16288326343053
