10
2
c
189.22617278847684
189.07198277233485
189.73716947376553
188.25787121151245
188.91772860964224
189.5118081356925
190.62248039992136
189.08238500904386
183.00229197112793
175.97924096729707
163.97735222358287
155.12341361438806
145.27625018217822
134.842270483941
124.57694393496115
110.61700606119517
99.06687380714718
91.24630064319071
89.602073686906
89.43562732380035
92.5185487992831
97.19350677887194
101.58920897880607
105.73095090189759
111.09419264970644
112.18961316419099
113.69168779775187
115.8812179177445
117.27445530461075
117.45642280111372
118.44610594230328
117.23505862092871
118.7941842829307
118.84026860629541
118.85598653378524
119.51304476628293
118.81844066317335
120.67719741916596
121.55506335880209
121.7410420882852
123.11884952733939
124.57209510608875
124.08028038580485
123.93925352284266
123.8020392486797
123.80735240322625
123.16424007370863
123.49501983560675
122.9830548531666
123.41310281144396
123.18141105047854
123.38504131914783
122.98211371142656
122.4372451348541
123.01386558319638
123.0100808053314
122.27185354394041
122.86541148060313
122.34831691368956
121.95659945946825
123.47885191969866
122.59090782477745
121.20062155206674
121.131208855901
120.41320519502948
119.30766970738915
120.59750774361189
120.18771878388205
121.91518416787707
125.87126463875212
131.47025645465536
134.2972043584093
138.5928498280129
144.32134327184824
149.37630923278311
155.80515720022174
155.90297012467656
156.3031387469595
156.0636183892006
156.21132331132873
155.99075750421184
156.31132083737356
156.74981340949358
157.09804830508423
157.22947716761382
157.2029923988571
156.159242961088
156.50148414755205
157.33587980181696
157.4827460216359
157.0608820400536
157.93005991161596
159.9061760913534
161.99323265924107
172.62702983861678
183.77533624142063
196.9649321545689
207.23628960849257
213.5435027939781
228.06756082396507
238.0446656387537
245.46876819131325
247.56367384979774
246.67830188061654
245.7124105387611
242.91252204857446
239.9257319728133
236.73786741799103
234.01592279973502
233.05668292922678
233.92580703508617
234.34552123872828
235.44580840413104
236.84877496547278
236.15040881112546
234.954978697392
234.159985926428
231.99470969750533
227.65580882359643
225.77165547429956
221.80325710074973
217.88631503328227
215.26332146336875
210.49216832461178
207.30289104093202
205.02739756053182
204.60694841590401
204.24471098803434
206.07955822861075
205.60044231744718
206.97636112159125
208.80810613010036
208.44675913726272
208.51071016272422
207.54407038053483
207.57979599154106
206.3805910872226
205.23884252167088
205.11378949972632
205.3374040127103
208.01394758160555
212.80890965522417
218.49131716223593
222.73169135373948
227.27766915860374
233.38550662583222
237.03680043306963
244.52972225542158
250.89064334511426
253.95567211074732
255.71606395569083
255.94798910748057
252.55618624284847
247.54884471005474
241.47834533888252
236.44194395143887
229.69794883975388
227.05895572426076
222.5422970338133
215.7199480119672
211.02396228803718
207.7553211240741
205.90654400413382
205.2052036812862
209.68501440093723
214.83302553500818
222.1430132879982
227.34018126593523
234.11119594716266
237.42269764994265
241.57498825825877
245.8689433419181
248.7566220203007
252.59008775637562
253.8080074159181
255.9734692372842
259.56227590819657
262.1564018831392
266.4559353418583
270.2743205494071
273.6433639805238
278.86352650278957
284.5526859677337
292.46214452496423
298.7373726838815
303.58450748211203
304.7079071490122
303.808857536324
301.86058437178656
298.97301338731904
295.4781004459306
291.7421871481297
287.34204584938607
287.96472398052515
285.88759744708557
282.3281386266271
280.13917592268547
278.7862752992436
278.3232014522036
277.83406693011256
280.2964944449941
284.6997020930349
289.50951571187676
293.9471402042651
298.3785099362621
302.88805749711673
306.07237320922343
311.1670167444756
315.91933912195805
318.3721528703319
319.7079525085971
319.68382931689956
318.42669707585196
316.39621631458004
314.40770945312795
312.4341172005032
310.13791738573667
309.35531605547334
310.8911615853083
309.827117619545
309.6015181942831
309.34228383886153
309.1451632062563
309.25586698182747
306.5485907049263
304.13901083718906
298.75128993289104
294.63317192971647
290.05050326872487
283.631977459044
277.77162341353454
270.96243451341854
269.33039525299046
268.16379129839476
267.80427373722983
267.13883707258685
267.21890349398154
265.90648968653755
265.03267563795055
264.7055023329906
264.48853314467743
262.14912303443293
261.95830997595255
260.96654034471584
259.3950271893964
257.55276410172087
257.3304808518569
257.4921260171808
255.37986627057043
254.67683652059955
254.13744949512247
253.67211202116525
252.43772490537276
249.92290314013366
249.23927301885354
246.2462460933722
244.85375330895818
243.96963275491407
243.5482263456417
244.37136848859862
244.52841056018488
244.95482625733612
244.03525898099903
245.24823657369987
246.22670810269918
245.92848071333282
246.44743254129634
248.14509440255787
248.3934539126952
249.74845711251925
250.48736682777158
249.84471102808658
246.44409134009007
242.8054304588126
235.6576688379991
232.65994117478672
227.12719903990157
223.19480900525917
217.6841842697119
213.0582745304557
208.68078017109067
205.92241762819754
204.27870272811617
204.50740431951314
204.37672501194538
204.98889158649004
203.92217969898303
203.75292190415573
