2
3
a
11.545039155951557
11.772235337366599
10.65987991849393
10.909107284988453
10.903155951875105
10.867214048595281
10.879106432682626
11.499774390169007
9.864037681233931
10.194583366448718
7.89903552549071
6.9373041753789515
6.64238195310635
4.011596248254704
3.3996238218899695
0.35675273505475413
0.0
0.33544330030039576
0.3339789257148733
0.3558755525430789
0.06335564062340121
3.023811926989367
7.8877332695075415
11.49034073897644
15.268651529056688
21.05863685808519
24.04363916870787
30.40981941828973
35.902420560197854
38.03153296588526
39.10582092461414
38.82254884685343
36.79045454729456
32.44500604106471
26.906704964206728
21.99515104523625
15.424345180249208
10.965655300349296
7.1976951349075105
1.9275107688431476
0.1752150862815171
0.27618426004722096
0.799176165050679
0.0
0.0
0.0
0.0
0.0
1.488968542219896
3.3952967869190362
2.696925152160537
2.148656065986024
2.6963119394805224
3.6390964051213315
4.8734479421698715
4.235269088291154
6.364987499648268
8.514111673179828
12.366344399619752
16.46499468277794
21.92615885488183
23.71434573671017
25.33923350151053
26.63538084789914
28.7583729113368
31.875847415283964
33.13821701484105
35.78058492555989
42.53587917433389
49.17484917095777
62.112272873003654
70.70215766323065
83.69818603110713
94.3648116313263
107.18178189025635
126.78041520939361
142.76830104900043
152.6974506031165
156.12714169607904
155.7634620417
147.7114407467786
132.21916772940114
112.63082017303283
97.95087382453113
80.53871605284463
67.89793849945418
56.305852058917196
37.65481736082164
23.51241475407007
13.624657955906168
10.661325660580452
11.907955578532977
14.741448505726934
20.6160686376306
30.722968843110404
37.364695619915985
42.98377042364622
47.08818389382468
50.184737458178944
56.37089309474024
58.47222600945464
61.45332512484464
61.471410597818505
61.09347908406592
61.462925279284974
60.284432095851315
59.39625271058116
58.828905658550944
57.024154028686745
56.9634904405817
53.99492739771698
50.79821999675619
46.5454347164763
43.668010426139936
41.86919513823283
41.74318577219208
52.607211602088405
71.02197613327267
96.311754177251
113.90692602165679
135.25126895576773
160.47055420848733
180.16872028239905
207.64430212034776
220.4953400507883
226.3456888924798
227.81879830908113
229.83914912746832
233.2788622052594
234.6033805237547
236.94594415766252
239.3877691395309
242.09405354225208
249.42912484388268
257.125127552034
270.0115108920528
279.2920965440203
287.78456720558086
289.49469784124193
290.3440606770213
282.20936689277164
268.614603767548
251.51990839228816
238.15165982454968
223.58825029753962
210.10217290612317
198.20560245512067
185.21232264250003
174.8601311852156
169.4880228274459
168.5129840289257
166.3321105043938
162.86547998371063
160.7401319699078
158.18850906563483
156.54617014267362
153.32215901862187
147.7006356319337
142.16670924773535
134.89630537595872
130.5816194232243
126.72398047320958
125.79306692486551
124.11035048640576
122.76337509668424
121.8098189633898
119.1930782706642
117.343499394735
114.45230487310852
110.12838845199472
105.55805537816782
97.77225952815472
92.47323462651165
86.15841713150675
85.2318002937223
85.46190412213181
92.08789564131844
101.63234806213765
115.584543650985
125.76711744436973
137.92929607208927
147.9302238995581
159.63721594833927
176.78890958162367
189.60783426056054
200.52328232260544
203.9308579722946
202.85332006804538
192.49405072222945
175.05403328601687
150.45949927855003
134.1349983838152
115.40033575117441
98.7028932152933
83.54984098745007
58.03245457214971
41.226607985334134
27.687431631540964
24.654284653209324
24.81473946193301
31.427403812651647
41.761706741590885
57.15113661595676
67.38462526849696
80.80505615156032
87.7416837735095
94.64411857751287
107.26724116768978
116.58873261034783
121.37980431685078
123.61388364199756
124.23464355380513
119.15599315110047
111.90034971674484
101.2320649182579
94.30721887291992
85.62737983073148
78.931968999362
70.3879563780887
58.684047087745604
49.46671053910876
41.99269325609236
38.611556082484455
38.84860918719993
51.17493691836986
70.41173198373052
98.48056802518512
117.5498391491587
140.79842363090052
160.79141887362684
178.92548093574217
209.35351798666173
230.76955053746644
246.37770823458936
249.63348410270993
250.95755239802185
243.46336673362694
233.76263371518922
216.63792028486915
206.38020671671038
191.98416051704365
188.42298139483776
184.0552514183079
182.5253312597091
177.56752474542986
174.28676821343618
168.68186754209196
167.03786581625076
157.8542033173236
145.31197621618176
127.10750740192081
112.2311281219166
95.71635094131143
78.11093733038241
61.75936046203486
36.21993913670783
18.17599176247006
4.189236785892588
2.0891636687397295
0.5460057679632578
3.3842331393248393
8.735424651926678
15.84314095536344
20.813871865802763
25.047114803757328
25.908766195101016
25.664099594855816
26.349505934547686
25.586632476083206
25.134418438919877
25.03376278168852
24.9626727459149
25.180884404680445
25.888276289472564
26.50747446322353
28.069155906168053
28.740524405671405
30.185661609977082
29.569058754072746
30.87743765053385
30.81694525200709
31.171437221697644
31.60554168977235
31.5861945958424
31.305417927424042
32.333936730822565
32.95819309912311
31.483677285431376
