2
8
a
125.55217597557917
124.85388651136827
125.90479881847077
125.39160756873304
126.09144452788732
125.61248129175539
125.2164169295359
125.68616064457763
120.20672741023837
115.34537128253535
107.07242361794205
100.15159876519628
92.83726503509338
85.57856184568618
77.32661800341634
66.86499919446833
58.56919906018152
53.26437023416299
52.375134411933516
52.036620351194
53.706341381780504
56.301647237418976
59.63133690215726
61.930920571145116
64.81455416557358
64.89275770359401
65.54571011648018
66.59504097217933
66.12565295804204
66.30812056105556
66.7438478183734
67.50272677385018
67.15945940403518
68.418076881711
70.29421499555615
70.70323222117275
71.58696358647116
72.16420184132107
72.94945020183536
74.84883218303246
75.81581252691568
76.7993089421322
77.39580224332069
77.83056216431423
77.01899590772852
76.85209287757438
75.39292028992035
74.76042751759856
72.77239060864902
72.82750392552761
72.70925691351368
72.4518487845716
72.09008733716995
71.18885581248173
70.97575863512427
70.97456054453367
71.01648081336768
70.27882168863175
70.6585082537865
70.25039716987744
70.18561297199341
67.2308685354632
66.9707379211234
65.64790577640814
63.81517257487084
62.45816034183384
61.31571076111689
62.123648431894324
64.9060487349325
69.91313633696605
77.1107209866743
82.3604043344244
88.51156347640847
92.30196719423286
96.19731660607059
100.73645647719722
104.73063000494682
108.35999120491476
111.27258894468379
112.13755751213368
117.8076833857763
121.77035014949362
128.13640456023685
133.37149307095834
138.1513663495796
145.76207625289672
152.4962354705012
163.8421424159466
172.4429741996562
177.68952194968315
179.49149342234975
178.90877808018905
177.78118257228965
174.89731289162538
171.186984171618
167.81435544286566
166.33953929626642
166.5928235681391
165.1762872809182
165.87737194782562
165.7578077699063
164.50480570056385
164.4106103545614
164.23703963456072
163.35961436079236
161.86150285622912
154.99407349803312
149.31956334438482
140.55310402160833
134.40854584985172
130.47465238259778
119.75216088854017
114.23907010306168
109.63507114295496
108.49809685934827
108.12507212495899
109.78928963260985
112.83640141821034
115.51973556738986
118.31155115004782
122.81856452692567
122.14083095161249
124.90699591234043
126.43815296404892
127.12579792222488
126.98086009633563
126.36702486937266
126.35026418425643
127.15126419855591
127.50009355657451
127.83856025562434
127.69014705815438
128.5918137789328
128.09689241401097
128.65614782524034
129.06491619289068
128.05630480202458
129.0643635990209
129.85865763722447
130.29351353913205
130.76849431364104
132.1729441912014
134.68025406104408
139.02986607418106
142.9673773852218
145.51042550489188
149.03676989037595
152.6821348722423
157.50783813722745
159.32274367826201
161.11971881709798
159.13098341501632
159.96416744185902
158.4051068992103
157.0114033166605
156.14915479465924
155.61337160980014
154.71773076435352
154.0645236015017
154.43919370923095
153.42240010508706
152.03599593715091
151.11822483596578
151.15222413611403
155.24174466161278
159.8977491117748
163.93066941369491
170.09740341396207
174.8550171867263
179.4579131680566
183.12572946629857
189.22466746393565
195.90167056458307
199.1134265004655
200.07211962690056
200.65222710199032
198.50863544444255
197.26037752207637
194.49814335581823
193.5528144932074
191.2090133897195
189.56164476101065
190.3927791663496
189.6367689527207
189.18795287838964
189.2035398752744
188.5482816939138
188.27861772834297
187.66495339955424
188.40146242824505
186.55538701198478
185.3570860686857
185.26611231369085
183.97254911179328
184.42614141493686
182.4195816477671
182.85215750167708
181.9524813026614
181.57333525684496
180.1327338157502
179.98970671498165
177.26710565211653
175.36800111545662
172.54710282692963
169.50118623346629
166.97610881562224
164.5955589433106
159.4940070591898
156.25301391328944
152.90813309511935
151.736936570139
151.89230925476554
156.00777603800205
159.7927050716875
168.25220489704273
172.19273097216603
178.45772217895893
183.86641286864065
188.75835985156766
195.39557833976633
200.74655672263097
205.71818777159316
206.1747867127596
207.07660773372294
203.26943642950246
199.64880648025087
193.37215692228855
189.79872384885374
184.7032424835134
181.55595283707225
178.9464964880497
176.1685255792736
173.31318278257683
169.90577822088966
170.2688113303054
169.0862865551394
167.52280729537463
166.83484651755867
164.89378437008477
163.4204567761142
161.77602697378856
159.1301641523928
156.48128419864898
152.88120897511754
150.91094413317498
148.94251628760915
148.9958059558423
148.41336057037094
146.7656679816713
147.17912473212124
146.64036408498092
145.41208054247002
144.72351937994355
143.4638164905596
141.8655421936137
138.52600346346105
136.6537634843091
134.51567514068373
133.38258956695054
133.7508119297105
135.37980468949473
138.5123778250116
143.46664293868486
148.22644255434238
150.56245558608674
154.611510134338
157.77758156370388
163.27536284061216
167.10226715286618
170.9824626355535
171.09580972571047
170.67881356242302
167.94995645052393
163.68622260236867
157.97223709532372
152.21564199651007
147.1912296241278
142.92917491704208
139.2629797804693
133.50684760996654
129.1153962052952
126.69245280883226
126.47003630877715
126.61736506698166
124.8493301496223
125.96727289605525
125.55887224655814
126.55488278523866
