0
8
e
52.417218165313706
52.023924081724
52.85407016631969
52.71044740075284
51.527841733265404
52.843318105431074
51.720133882713085
52.685533771204945
52.15156063739768
51.585912883179304
50.363910087826724
49.98030428205294
49.19608141265952
48.88408356094507
46.51949678020216
47.04396207661971
45.17008098033588
44.38657487451777
44.59926490926678
44.53530085629
44.78697658388266
46.211401193791275
46.641116486564876
48.532447517542174
48.94895456794977
49.70061945325223
50.85284510651261
52.358361705107185
54.60608643705642
55.053590039981685
55.770185460854506
54.67589317583891
52.75349618532761
50.02336323752746
44.941345434062065
40.88423019059606
37.78815866798914
33.254650323540595
30.728585071409466
24.89181216043722
20.184589111866096
17.51739737109735
16.43509558795231
16.017255257558414
17.49873673874658
19.6188592338492
24.07915555657932
25.94047906532363
28.841155246930846
29.191719896416714
29.406504707844213
29.766172939251383
29.296018819726193
31.057121979154683
32.288421069555454
33.78997631627858
36.53620057751184
39.9180639923061
49.40744944556477
58.31748602998054
69.5049632628476
77.958583957867
86.45402717501737
98.55774716975563
108.50431598828932
113.81694900611411
116.97429239089878
115.73551359959215
115.2859468760358
111.3885652656832
108.67766262129585
106.35652232391854
103.3410985533702
102.25854884903583
101.57156383069918
100.27255391028618
99.95226767262925
99.25867522815278
98.88551327924871
98.41797990209197
102.16937767431787
107.32056713761814
113.91638262658262
119.75663829349216
127.34951248048687
132.6279332551346
136.40423410953326
142.3857519348472
146.72494342584574
151.3331267611077
154.07679659161488
155.61584307882737
157.53138215075415
160.4080296533039
164.1393045651063
166.42177903658006
170.10480195192815
175.1435169607604
179.97702478577938
189.24223284830742
195.545091606514
201.05503012980216
202.31636588863591
203.239999318685
197.3774061512537
189.59740248887323
178.7882026707887
171.13299972954425
161.1970760594302
153.99629169931978
145.7042957228922
133.9483392528144
124.87386374046902
117.63805011329818
115.82731383003173
116.8353730980899
122.52857967732669
129.80110084016573
141.02540289351592
148.91831191841018
157.83830585461791
164.73678466327146
170.38116617316743
180.06930188178
186.5914737546257
191.8886195238045
193.1183843590868
193.08269988755796
191.80824640554664
190.74137490762564
188.77242178016988
185.6158493416472
184.13329585521424
184.22440160164624
185.45552008330117
184.30318143780312
184.20008145750182
185.0484345324003
184.98480937315543
185.3448525103162
184.08057224860943
181.94516318185072
180.5479958868048
180.25797098709748
177.4991256933713
176.57041655625204
173.8816366729981
170.67161364332537
166.5113441391862
165.28620077372798
162.85020065673865
163.92819746004892
169.14759390805773
176.8615237380865
189.14036302749233
197.22443791877177
206.45658728651293
216.4363910137816
225.4767529381659
239.87306205213233
249.83970366706026
258.1463827742989
261.023629927659
260.40908381666026
253.30968217792906
243.4649640829324
226.74269781543833
216.6858974933788
204.83410269309556
194.1317074080661
185.37206142190098
171.78697418867452
161.25504147080164
153.01033653590042
152.42777863605298
150.93993899099078
155.7064580983288
160.4760306688774
165.0504844826458
169.8076315796799
176.12366585226843
178.6740633136192
179.97883111624972
183.05839529511908
186.5848531574612
187.43789200994613
188.74684653155185
188.19184807651763
187.51723031678887
184.77437055663265
180.66249234657604
178.91045833825123
174.90498641894047
171.76866640625025
168.58103259001828
161.77217297501576
156.87556151682227
152.5878878527932
151.74958113106408
151.6698732102422
160.37179977149785
175.79419141013332
196.64341057285742
211.98106168658003
230.13235621160234
246.51037505934198
263.1870543893439
289.6969236695022
309.36760723294145
323.9801404928412
328.8993840284668
328.05855422649574
316.67667835281685
296.93248448155526
270.2010290256951
248.81339456334453
226.81174182446472
210.7925876819345
192.33140411177874
166.16587905980376
144.70626937064054
129.84204577567147
124.77819071883394
124.71626953146429
137.39600247619606
154.07042039922186
180.98412525329337
198.52388852474255
221.81366106445694
237.37841745193563
253.1698802708098
276.1440191901886
294.9622390492686
309.0837266508592
313.0021249458208
312.26537274780003
302.8465484249386
287.24789845347846
266.0880523236218
251.33702723813366
233.0335686869166
220.0106369139813
209.35627789564634
196.4862333333873
185.89784785969346
177.97071581716975
174.41021925091027
172.0174961116217
167.44507213802493
163.72446709174991
159.5148014857081
154.27693531974552
149.05582287889885
139.78882172808537
132.34626112668346
118.33823947396174
108.30250437198788
101.03732493527055
98.14225638182097
99.62245363839105
102.61714063417536
109.62738407673125
119.23936239117349
126.58573528784999
135.2152627359507
139.65628252247487
146.69065461632914
153.60082267808673
160.37886651118876
164.79775170510865
165.90570036374348
165.27790371007725
162.24483554772584
157.47383456709093
149.8148007024683
144.78226827707
137.84444115819372
133.5939471385264
128.9688961109166
123.32324335617551
120.01473739519504
117.48568053583305
115.88684268410167
116.72548921907978
116.73828046453617
116.54605927415255
116.0753979949566
116.73985970610039
