2
3
e
7.927125131310804
7.140214227625879
6.9385440576012885
7.787200716568746
6.173378831172676
7.990602294920588
8.092931965917035
6.089157105616266
6.140857212927851
6.234256086149043
5.8110102127401
5.669658312342831
3.794808346949443
2.7457049650888625
0.9991358814577876
0.0
0.0
0.2591706527071559
0.0
0.5001620758132698
0.001869927756197119
1.5827231053516968
5.375768658123538
7.66607338214813
9.864209967888879
14.328191043066335
16.17641736234463
20.045711952757962
23.48708363527761
25.225013490409584
26.564481156290977
25.967624328300687
24.359213603376443
21.80541433775413
17.338707846524457
14.782682272459901
9.482311614065129
6.610289825103626
5.149549001537512
1.1587047792923346
0.03870419048490247
0.6055470534948119
0.0
0.011053211589597338
0.0
0.8463421736435438
0.1551040170220793
0.16231590378109345
1.1330033485113211
3.0216752526072534
2.167651897613019
2.6586194572150785
1.490760597673888
2.396791575334077
1.0802744924477037
2.0899003255115156
3.9834072702539025
5.027023087738783
7.98224602408326
11.112761332989809
13.49595048048554
16.01018709831206
16.361314272337477
17.831599082935533
18.69261813866054
21.012143036153255
22.544074185192578
23.217590517797312
27.69665363022304
33.41989867138829
40.2908252383916
46.9429427893477
55.334451273352535
63.394065430751546
71.65628705888815
85.23827351443137
94.36151935940211
101.14267008945312
103.49325179543712
103.75545766066193
96.97855300449255
87.18257611319635
74.66649007837592
64.6537546628418
53.3057120208064
45.973895490914806
37.77345779332419
25.733289703479482
16.210238149258984
9.55346136491751
7.779221163282731
6.928101013531413
9.453511598352195
13.982664834860184
20.34097954734652
24.622125286112365
30.048179186180064
31.18506874889654
33.826328840638126
36.10908231419518
39.48437029225872
41.44625007953541
41.14185261173298
40.718105518427166
41.21557852042616
40.191133364199395
39.334823579190754
38.30779261205252
37.98333852722243
37.61721250230875
35.6777224565401
33.554647562396916
30.405912483167516
28.21832814723601
27.28865926893553
25.930218512588613
35.31136245339885
47.14188342268368
63.486478322899615
75.72636488525889
89.79134458979155
106.70965667469555
119.534206306252
138.0373341654716
146.58117903749044
150.0777229626628
150.93372158207768
152.33817198544511
154.53354647205555
155.65011018438864
157.66770875079987
158.32351193356791
160.42451449396938
165.51951051429228
170.66108415698795
179.09817880525128
185.69621152603145
191.07152113672447
192.15507186452425
191.94296199012703
187.46650797409757
179.16804066748892
166.38373507215178
158.09497025743497
147.99606451604902
138.38799494733462
132.09570466945547
122.11024857533006
115.01702936894168
112.67140607445995
111.48365560909205
109.92470073280279
108.50308672824778
106.27286285192902
104.53435701111938
104.0780056617957
102.11340064892327
98.29177804584454
94.57713306593374
90.62834216719016
87.2594963831496
84.26283271791837
83.37301652322319
83.66898372271628
80.56828464751435
80.05166111364147
78.89273721944065
77.56601683120901
75.97627620484015
73.40379327998089
69.50431136787886
64.37711347084208
60.19243222281017
58.19924064425157
56.65753492653267
55.932409125720625
60.86097291452563
66.67527971301476
76.51589742397277
82.49117955511367
91.29086452346209
98.03813145595848
106.53921503924542
117.05621114028445
125.66886229151326
133.12441944196573
134.2506648619945
134.42149028227084
128.00476794510828
115.81262644283012
100.9781766533214
88.9993844720675
76.76240328541068
65.92213454354987
53.68260860629998
39.31876139434421
27.359555554112845
17.81228072416925
15.66468124122567
15.662588651338996
20.271397517969472
28.215188021834418
37.88657278718242
44.27666629880119
54.256173536389795
58.38283083806038
63.34121526830249
70.91236883032043
76.86438545309439
80.60697719425129
82.69232824203897
81.76216823678827
78.83377273379772
73.81391602995686
67.70371849564552
63.55963447016141
57.887876915005435
52.792317516482186
47.851345485448896
38.938431865421634
32.538921819395334
27.701750636863135
25.719451063398427
25.432788370106813
34.475548541147916
46.12842271546524
66.34306761967417
77.51159096528104
92.72952032961338
106.10543960171485
118.31746452986519
139.14726636356593
152.88069284461304
163.8236962926198
166.16742862326905
166.82284373970353
161.91424971750482
154.76132515007168
144.7050401567477
136.28608281296658
128.2903280141668
124.21336648375109
122.81944060954224
119.89254462432076
117.25303882120107
114.98000327844605
112.49914533439508
110.14207109648055
103.95709570834237
95.44461341269505
83.0933584885141
75.38878654102088
63.080886832562186
52.48235145622237
41.605399971302695
25.057641103063617
11.791231462619272
2.914247606327589
1.5989200889149036
0.5298257735333151
3.033942744416679
6.768314352722439
9.998955973907687
13.771916036183283
17.8478104612289
16.36984347621198
16.764156997638736
16.79394398426788
17.09352169006472
16.86409128798526
16.698802515169692
17.490290927991328
15.991645232233365
17.296811585988625
17.974817180430687
18.367857694956953
19.38801762812328
19.181761780499688
18.973569066878895
20.427493532968644
20.45922131966039
21.12560475104032
20.27612875492824
20.881573821392674
20.74823062629055
20.816835791782864
20.77457337688683
21.373926186024935
