2
0
b
64.03868519975164
63.66886407388296
63.71737783054276
63.01740738299825
63.64181477317783
61.9555519598794
62.89971881886441
62.26236806007127
59.91540349384054
57.058073686009045
50.81271508726174
46.833283786454274
42.663612123827725
35.503273630352396
30.029302751726114
23.152403296373237
22.02011600674153
21.975055368800103
21.388101055026425
20.734811829755696
20.639634687979257
19.90882457744217
21.102264754733017
20.429232940141073
19.546060279036475
18.713162498453592
18.411589306064158
17.346440748890128
15.010077963862145
14.406593359251712
14.838838915769522
14.032685598721523
14.233143409730202
16.26344486496727
16.710340568736243
18.000758241446242
17.639504817029838
17.83144123455238
19.05114056697933
19.76136797013344
18.997463557780346
19.75781999030998
19.539925150141663
19.972175791087338
20.737865793950526
21.75338844727075
22.857775650876277
24.57582185346271
26.352492614399537
27.36074297364291
28.9502921468367
28.10838737044739
30.23028478022887
30.738605974992986
32.007110885439445
32.63993088191655
34.57502951571109
37.55059672925191
42.08051446711652
45.03875860531904
48.72153366034393
54.33962275424903
58.859454483662546
64.21254845950561
65.62453335013252
67.87220968349757
67.7731412288049
68.31803156849075
69.23823705003613
69.93697276912518
69.31156984142552
70.11994039731924
71.42344026319188
71.6365803353894
72.79128232744165
73.40339389347841
74.8852788028411
74.55127908263538
76.5991793188499
77.3956075289833
79.00056703588358
82.39724846362569
85.76326819715864
88.8232687386133
93.4908976976918
101.31348053354907
106.55077320929814
112.49756063365503
112.24261493011223
111.69469472717734
111.68839839823292
111.23268004850674
110.38138708123044
111.98332416077245
111.26983652870508
111.21123390777623
112.22635925825817
111.76194477285328
112.3136483969234
111.44589692721689
112.33571366298919
112.5943236483351
112.62849315419153
112.46518651527727
114.04824338416842
115.28130885555802
117.37634641292406
119.63260951361131
121.17425547002189
124.2461162179952
126.38942577623153
128.9310434371697
131.4918745041065
132.5763665029482
132.88963860321343
132.57788041574946
131.61072391478186
130.40815098835446
129.45290998235365
129.2899674192406
128.03053677243906
127.86414449811114
125.99179542720815
127.37212210487438
125.80699321540257
126.48630412981949
125.66175166907968
125.52369080840793
124.59472149191595
123.56554365519361
123.30168230743512
122.84340327411729
120.29248268012046
119.83770765006555
118.86760425253688
116.62111729501662
115.62617831626655
115.01416453234305
113.13783545761719
113.04709492628749
116.00034570497768
117.83033106672305
122.40208607298793
123.37348213121282
127.76725707670708
129.98021094110877
130.88990155354762
132.713140055099
135.1632355661465
136.26388534950365
137.89387490557215
137.69311668824483
141.73432628450183
145.12355872673098
148.28667804539606
152.16410030597442
156.18279038068664
160.55979555006772
165.2275260549202
172.02097327794328
176.98169034328558
180.52818081752392
181.3041862462741
181.5820012883034
180.40604141881062
177.90934892403357
175.4490789585809
173.062329386113
172.59095471260605
171.3643578375572
171.46655623081975
169.80795374698576
169.34655469229435
169.19757589895104
168.2362243427678
168.90032606842325
169.48364487768887
169.4741418841082
171.7454171236953
170.94453270980082
171.4667672659241
171.61378226862496
174.37291878231497
174.12202903752043
174.900132655758
175.63041760696612
174.45841431946448
175.12797122420096
174.90684628629694
174.27765073470584
173.36174468116116
173.3768233496984
172.5660182628667
172.14712292160402
170.15831201480884
168.51287787772458
167.36710005213698
166.13874891651065
166.19036219156547
166.1684932617545
169.03949256081495
172.1347002342478
177.87200406336302
181.20305333214907
185.8115264075427
191.1840729988164
195.34403931822308
202.9544935311994
209.0665902509601
214.31465642411828
215.66074635225942
215.17295350592775
209.53998065275732
199.79297610469615
187.36409617740614
176.83436424689376
166.1901790410592
146.92662873131954
130.77455496272293
120.37998186112677
123.25789640973787
125.00680647864537
126.0062092978635
127.25122368677035
126.3694765804884
127.13995430389815
127.21030489668495
127.05064013993862
126.73074150018303
127.00933974316719
126.45103447401914
127.11555781834144
127.08078540165754
125.89626602259565
126.51534239536903
125.78942281922849
125.50360470330543
124.02302020532267
121.20814585959027
120.45667764427006
116.54502757408453
114.84867404653859
111.82938375364105
108.75599390456132
108.88471751382842
107.87888882614857
107.84150230252894
107.7694201581007
108.11373080548042
108.16082813944197
107.2282781495618
107.17825344210033
107.64736914594401
106.69390723759476
107.1064295432896
106.35845245149392
106.75109256520147
106.24437699891463
105.33290051426309
105.37998121277914
104.71926301075514
103.40596082999117
101.07894723744899
98.67300793372395
97.69855554402044
94.89611026397318
92.79693587876206
91.74585240150326
91.04896088365587
89.12392188599104
87.9308058871741
87.31886778402473
85.92943804527037
84.96168076679608
84.1342809657762
83.05906759223305
81.10567550159753
79.80870349270967
77.17946469061917
74.45649853118712
73.2963748279223
71.4106375749402
72.09443555796321
71.19892451328373
71.70687084874764
70.61227396445216
71.10043962902795
71.9408447803534
