7
10
c
111.15553534403284
111.64991212558282
111.35925268492375
111.9070503508033
112.01144982204771
112.55206737767715
111.40898227555651
112.4071795566038
109.17904223619682
107.41338122535242
102.24772637642963
100.7802402436335
97.85794191849571
92.55145561230654
90.28292081399384
85.47943218518373
83.92965938736691
82.63270954998656
80.85483042521317
79.98900049415569
80.84462904497501
79.77759916706576
79.36818624169707
79.03115450331259
78.40110229712748
76.20636621257319
75.853271887924
75.60826573560473
73.48645331992083
72.38162242003663
71.67535049173102
71.45297063396336
71.37742689629536
68.86169086880226
68.27100341006187
67.4164871977209
66.94032100765325
64.23431141381262
63.91449599180162
61.90751848230613
59.94644618901999
58.85337408075048
58.42877546728304
58.57094194888035
58.07081856878699
60.22829632531891
61.685964146442245
62.16702819298426
62.62121469850479
62.93833263995001
63.55753434861814
62.807059190496915
63.89264050727714
63.49706978749445
63.078801293221666
64.04094194704342
64.35325914348746
64.45935373971
65.49127339829931
66.72357433907538
65.52037117331331
66.98947863319891
67.8433431040585
67.82947526084259
68.35624659528386
69.38406004893669
69.83334440388268
69.3791105874249
71.5592569462712
71.50415926102053
73.48830088684012
73.81844189898213
75.74533660695762
76.20796730177534
77.11809444527178
78.85255080154711
79.1757291605821
80.80484035661235
81.43655315166839
82.73944749076442
83.4478138149844
84.86995059130918
87.98989663464953
89.57508349412089
92.31770473588638
93.73018564418065
95.70424816613317
97.28780103025497
100.04449088183951
102.55419128294712
102.04854431993158
104.19822250384918
105.0304939604793
107.71842397420626
109.92254753267406
111.35042469682027
112.20872690187358
115.55186667983601
118.30315807107222
120.77985577168363
124.04331072046583
126.09848977956386
126.56626223542983
126.86869188496001
128.84980222299723
128.79741334950052
131.14126628192926
132.23429169607812
133.16014401885906
136.5083822639333
139.0617581383057
142.56327185525308
142.4893920833696
143.44895893829687
144.12809381475597
144.035407441549
143.1043046815589
144.3868386711004
144.6305715097362
145.14227802801045
144.1351287532967
145.1443187061127
146.4086233071624
147.68755641339303
149.00127837285277
149.5574269031785
148.97838324796928
149.25955768247005
149.12024847999854
148.4521148052436
147.73115809463056
146.9932435005703
146.64078809788174
145.85594011367684
146.1713143431726
145.18276650814008
144.2084641313101
143.72664505696707
143.78268653993177
143.63666863951917
144.12426060687687
145.2390724604022
146.68809696774437
148.72494129177448
148.95513412183962
151.26687493911948
151.6179702168114
152.65460778475648
154.2560514468513
154.48707148589824
155.73260942307627
154.9668853824458
155.22076401467297
155.10678328757177
153.34756815832532
154.19858939099532
154.29518509701583
153.4737142641945
154.68124562223045
152.5483389941318
154.31560025299572
154.17063662361159
153.6003849579704
153.86601607200893
153.08643159229263
153.054685629744
153.56514584647118
152.45853314233585
152.56062638581034
152.88213988638375
152.30058499567966
151.87272106016417
150.78254017325597
150.85671721506762
152.2763425041536
150.77287779890813
149.80250118281856
149.87861449838792
149.11499272314904
148.0894247325228
147.48925131542626
146.9978080053271
146.62821517359853
145.07930390746438
144.616147130226
144.0535424057188
144.02989165215044
144.03045431664071
144.7723251482798
144.23031296644737
144.52831499085497
143.6444760277524
143.80997136203223
143.51026862108554
142.52453796710213
142.31452535993412
142.49457186665921
142.41213130727834
142.57505367622323
141.14606444984088
142.40345744939268
141.79023391991655
140.40043591916756
140.38354957653007
140.83383302351635
140.1149816236454
140.04307696463235
139.26416085801998
138.3814922054202
138.77514274925255
139.07388703780376
138.2769969893466
137.84949293257236
139.3426245039677
139.66861570839723
140.13684815089732
140.0717999434964
141.04328348882638
141.55358571706498
141.7258246324561
142.10997293789728
142.9457044839121
143.56188086402352
142.24692685277375
142.16914539728944
142.59229714470538
142.45670740527768
142.6491752085644
141.88878012900113
142.41123373106305
142.20435234110624
141.7154713142257
142.27561131904437
141.09852456519064
142.17371643648045
141.9355207311472
141.91459337162846
142.89134472729316
145.21664206257185
146.1252806677017
146.90677743827672
151.56339081244553
151.81955396231552
154.01474493534525
154.3905780713064
154.20686806148035
154.71724665075993
154.65237685067186
155.1650789617886
154.19232312258902
155.2857359177832
154.51984019336425
155.2215298726306
155.64578760669457
156.39229714133205
156.7778659576973
157.47210403039043
157.5409329820338
157.89147286858295
156.75774537722572
157.04672425508164
157.13434951372295
155.57755051977645
154.4920222725666
153.2804215612029
152.48443135050283
153.23132824052527
153.1678906976984
152.2766249022692
151.29919722838846
152.04171863135502
150.39161272416732
149.99927855042517
148.25346917361722
145.98365542716675
143.5996562750794
141.89793429347841
139.45003778286608
138.5317267309048
135.42708901486793
133.41756807227725
130.93332314440704
131.35920159608347
132.19032706363956
131.3676980568562
131.69133473543386
130.79710569845668
131.20144695741402
