11
0
a
95.80251564545856
95.6823523621451
95.70677716516339
96.53361260240445
96.58254808369058
95.63198263476298
95.07561484145332
95.1675434448484
92.50674839203275
88.61922926209209
82.72575606367519
78.3997846728834
74.12307127274326
67.65441927084214
62.431248835475444
55.191119337683475
50.53913669382346
45.73488536291375
45.485842972265345
45.282633563858454
45.479173210653876
48.83949329916864
50.75564758538203
54.74761687668533
55.94177347910156
57.11011922418504
57.41931979131995
58.346972406387344
59.23115901755902
58.90466229927715
59.33508644177154
60.11586455557048
60.11603708662599
59.75469764555314
60.430104360620064
60.56522392779758
60.31776515114196
60.21444893326285
60.28027354335177
61.71748198366907
62.09783795918188
62.517292375985015
62.98315711680422
62.201963677440126
62.2380508720158
62.18038136914846
61.93504997437619
62.2456951793116
62.27850585987454
62.68077147367502
62.28800111661429
62.405366986486115
61.70912132598087
61.86993651905414
62.04983515568152
61.74050020744658
62.4007912281475
61.81491637204614
61.79147597788387
62.144650568425206
61.90828738148846
62.69572315493618
60.86274479344843
60.84133019379333
60.793117841178784
60.650493057507106
60.84442101426969
60.92114778476933
60.83042472978236
62.91918250390859
65.42710054992467
67.11802409000772
70.03031334295768
72.98034597505216
75.4130204383901
77.40313209158131
78.44254982802188
79.81105077262666
78.25935500800287
79.07806349599319
79.67975072326051
78.34608425241805
78.92407842105808
78.347400010749
79.23113274544235
78.07107643085169
79.4942861891504
78.52691770194521
79.63632467267004
79.05417164633462
79.75471150945825
79.31847092779788
80.44188803489185
82.06765365633926
87.40634946257353
92.87412077907929
99.59812382069305
103.97847115539278
108.05124362406475
113.83937964874187
119.95587287362952
123.41056189943956
124.01300491958315
125.27924013149413
124.12204196081599
122.63032702775907
121.06646840542525
117.79806234803
117.8232665119226
117.74739172705277
118.15832907104524
118.53101576661832
118.62928997807177
118.79559993924467
119.92438077595655
119.33181639928208
117.91930657415243
116.63248150393329
115.39586211846492
113.24340826383892
111.08200410424638
110.60537799054151
108.40803647746806
105.53655190136789
105.22104780742941
103.03244355917809
103.53474245575843
102.70039723035019
103.31363324060013
104.21649229629826
103.49073203846176
105.15587086755961
105.32587785916698
104.72983808278693
105.09983857821132
105.32212213270324
104.29382967361576
102.50565707524223
103.77606219373662
103.7305928373163
105.05664185405429
107.45937707099272
109.45788872721647
111.85729303546076
114.51120668486644
116.82000250595028
119.69528658956514
123.40297068055041
125.44824326635448
128.90596045561495
129.02319872075458
128.5436998329573
127.14033915048091
124.68409460227052
122.19898474180148
120.02133805663411
116.67068504994326
114.17674088304061
111.91027597360905
108.66277019964575
106.79766950206829
104.35750079813013
104.2865241490954
103.83033169954699
104.95014522070885
107.56133692679627
111.86922164827284
114.85446928348122
117.80221211437306
120.35823187616091
120.77335139310559
123.51383257383166
125.17114375917517
127.4968781633172
127.67305021273751
128.95591606836123
130.67340261255845
132.1677414134613
133.84283892189873
136.11679961150588
137.51220382828623
140.73568746399158
143.48112282118495
147.80508558541268
149.99316918313286
152.43380493973416
153.7434593188731
153.14764917167733
152.66201265472841
151.12580812704874
148.90675895759028
147.85763357810802
146.27959494461163
144.40920594959067
143.07202910223117
142.77216158084644
140.77286434268396
140.43974010902338
140.55587543252798
139.86882775823022
141.49880476876598
143.51413127366624
147.27348021983678
147.75320385823272
149.99979814330553
152.41494783353804
154.5433611583383
157.27698881563617
158.2768177671102
160.90401771315095
161.0528568914086
161.31951297048138
159.820247283393
159.34747622381477
158.17839089377708
157.5774208888412
156.4686347582847
156.34673107019245
156.18066587335574
156.1482376499135
156.18629782519318
155.61931572571928
155.6536458008001
155.49252069041336
153.7415056085809
153.00568700862112
150.87728984846353
148.66415094919736
145.02074004130233
143.15251065802477
139.39973425374714
135.88155758076067
134.96188331363743
135.51011205212288
134.6613271384437
134.9043216684608
134.60424124104864
133.31502820499486
134.0653052655065
133.58886891978187
133.6409372629533
132.46961765050514
132.4971521123051
130.89512669853062
130.01858531323413
129.93519207329683
130.5754446385583
129.95978914164533
128.83149265535528
127.60767550823059
128.0180145119693
128.46476569339058
127.82393647623297
126.41425809108243
125.89007659712107
124.58801922786579
122.88418195151614
122.6522471149241
122.46667560727495
123.97282192167347
122.88283137996335
123.44810430274843
123.03268912003095
124.50699404650614
124.70272562685513
123.57724237244979
124.0473230081736
124.3530405331443
125.37249962024578
125.05519286327844
124.72401015953892
126.37661996215053
124.90887635374868
122.58128297520162
119.87557636791787
116.73802334944072
114.83301868518694
112.36460792419207
109.0067795020948
106.4080366755113
104.63764623314279
104.28404749695359
102.45630671287098
103.45920477452265
103.0987534931981
102.89694744156259
102.62861345061323
102.83642126276447
