1
10
e
219.21838186006815
219.33290532768407
219.2256454441404
220.4616376009531
219.41178484982578
220.08435671009116
220.3588510490014
219.22438295294012
210.94624491632499
201.72960767058404
185.83721913265938
174.9927845759188
161.94832931560603
149.0367950927289
137.1803144009902
116.64503955634913
103.04172276138065
93.65749285047079
91.23524099798185
90.88418071031624
93.67366545278414
98.23275188631708
104.09092999047348
109.58642560165008
113.47471179639095
115.05939119912038
115.1573874006949
115.50835883418956
115.9141959450575
117.00726570785861
116.2108233530969
117.74697854330853
119.70513539856877
120.05694576937213
121.45247328924101
123.85792510267014
124.41315837981583
126.75894976360466
128.6174033110257
131.92636621473707
133.94351978862863
135.57100194255756
135.89135664740897
135.8464879864541
135.0276365398791
133.96274205402977
131.40234597247533
130.39248246548874
129.7093659443987
128.39442296005498
127.46229847191917
125.59286813073273
125.071525361575
125.25984364293487
124.70139193646628
124.52916487551678
123.41637779330549
123.08971565635262
122.53049898522464
121.57293740532607
121.76348606858997
119.05306694418168
117.1110396639906
114.90359052483828
111.3566673019596
109.52298256235532
108.84208009609253
108.54389720904601
113.68179897752233
122.95129193931969
135.77131475634542
143.6880194478216
155.05361813371462
161.40398885250576
168.8325270883443
175.88140807491294
182.0161339493972
189.9077406424325
192.35751406545614
197.55731815860238
204.9235148889216
214.14924073037952
224.88201737857972
232.0857688897281
242.74084712807857
255.02931502839144
267.2726866719632
286.6002020911741
300.1687126253802
310.3984394028173
312.69980557848936
312.76364753694224
310.11892619737756
306.1004143549486
300.60639610927825
295.873549116876
289.80489588003206
289.6414368903001
290.47533860475716
290.9276701692523
290.90131089941957
289.5479625307599
288.6299539199043
289.0436750547225
285.2982686607197
283.9773369631064
271.34054947109456
261.51001344807884
246.31030131387158
235.43662043472085
225.6277985145368
210.89318741526054
199.77443569509114
191.34810531327923
190.23682587756767
190.46320983093008
192.5993062190766
197.15847491690593
203.21840462290953
207.69088219565373
212.98455018872883
215.15264230084813
217.13334654161415
219.37246289753418
220.32728273362147
221.87938854625853
222.22814117328937
221.80755244411324
222.65751858431355
223.36066995689754
222.3921912882668
223.5009605751919
223.71703215365324
224.31380915669266
225.2280689983052
224.14995599196527
226.00268176366563
225.6331581639282
225.3847562089037
227.0089808403392
228.63332811819924
231.31022103653603
237.1092267631709
242.09135726995518
249.96818586554582
255.15720940027313
260.3875546094595
268.8962758401588
273.8238615372315
278.74373666858645
279.06107057291945
279.73708164922465
279.35588775098216
276.9137815715147
275.9763009306713
274.3232721955868
272.4566422298704
271.64862069470547
270.8429222311757
269.131774636594
267.7003422622836
265.93993604351806
265.274388455223
265.69700275398554
270.2433344351517
277.2645266974749
288.2089898016294
295.96380605938975
304.94578820398465
313.95397528630525
321.8895222194822
333.53007736726494
342.4740502090489
348.4705854483471
350.33748129366296
349.99110790216633
349.0630498205162
344.78709740740373
341.22145697354597
338.63406613546283
334.95343921566763
333.9664774194538
333.6749905099365
332.28965741314454
331.9510766682413
331.332248455184
331.22150758507695
330.62017172544705
328.7741718650587
326.98640367057055
326.42719514850756
325.8041241209351
322.1388217525847
322.65519992956536
320.1186735355888
320.16128027502367
319.65251764306686
317.5642705670818
316.95727709711645
315.7386302987361
313.8962694318023
310.4067956019028
305.97588695783503
302.69958310977313
297.69159336349026
292.74970352494415
288.1333221433278
278.74646250842375
273.1241847911935
267.9829757923828
266.5913623549197
266.48068112595513
270.42854003942614
280.51425755149205
292.7968087870863
301.85400108647536
312.652664625534
320.77196800199414
328.598974359305
342.1190958497943
352.183899909963
359.26948072703493
361.5295898064984
360.89131596790645
356.93404139042605
349.704136546953
339.7237603885478
332.6526184942855
323.0885261038396
317.62078692302185
313.6606400466824
307.93431298413327
303.43631300154505
299.03155089149743
297.7455094399524
296.1440157752807
293.6984165626058
292.4713259790928
288.16980047666243
285.67111419225023
282.7289976299896
278.70925316681104
273.9594125379707
268.31326041429554
264.55262455170873
261.76315606560735
261.2121318077529
260.1266642343834
259.36637171056225
257.29989898227484
256.2423482117863
255.02691353835652
254.07413765531152
251.62004613013718
247.7718157357847
242.98618380746075
238.37703391408087
235.51986757520183
235.2594871240316
234.2325218380007
238.2572732896488
243.47354293310207
251.69894182137506
257.02222637441116
265.16973768239336
270.74657393669895
276.43424530202407
285.6615093948967
293.5119068584193
298.0293978728862
299.9778250084227
300.4532445299848
294.7049012686133
287.45994647493865
274.9837151002005
267.1185098498104
257.73945812506025
249.13497406060873
242.2753949337988
233.2418615184917
227.30396350449735
222.2195783471922
221.17656010444298
220.3715315347949
221.0278894384646
220.58241266348344
219.51654337222763
220.4957030490937
