5
6
d
84.55825909696951
82.68280950541767
82.12760968741738
83.69919145556895
83.05899480822444
83.12963538968842
83.49347670163267
82.12083967627203
79.06519695374554
74.95134187811612
67.98130186508722
62.08282760485843
56.88892374825309
46.54897457183545
38.975109467157054
30.378822643558447
29.825987680578816
28.686042457690334
28.06214128919791
27.901986181693943
27.62081748487394
26.812031027491486
27.59922848036114
26.973434538971254
27.8841903724924
24.57827357363803
24.67423499967637
22.46899404629716
20.532622161274215
19.291425420040923
18.564309762336695
19.378140518147237
19.570196419153906
20.374615542419413
21.71560475313831
22.489946761492455
23.443060904110993
24.875770551473494
24.561847835286134
25.775404280850143
25.465506642872587
25.899440021572023
26.2738137862358
27.435261017467514
28.19394888104521
29.038851206614517
30.720406825721767
32.1397472692304
35.012377166229285
35.801167297336754
37.37551391805451
38.8579827017598
39.21018740639548
40.84200458491835
41.92367930203882
43.0193465282728
45.213547943149365
49.26354763857474
55.22778413046169
59.35409028245902
64.01306526110622
71.06283493544154
76.33813446345812
84.26656829525328
86.9476366447916
88.12780575655898
88.91228217351788
90.72518520644483
90.58267174980374
91.77098122142783
92.61717501942479
92.34462050399128
93.42280834772869
94.35696677321012
95.81556631096345
97.5934805792616
97.48784100411757
99.39371888109676
100.86983559588019
103.17930579273958
105.24672259230226
108.632417164786
113.53518485757142
118.01724105309538
122.63566432287908
133.35178052551743
140.34368012942625
148.7733042567782
148.26037590114507
146.9316371009148
148.409954612829
146.63808133731752
147.31736502781646
147.49301277510926
146.67993792209938
146.2218611772462
147.49603967393523
148.09434241573848
147.4337320113546
147.88405837274536
148.2058921992464
148.29967685161628
148.70017167485963
149.7477545099795
150.96808493074104
151.66975460882622
155.61983083440717
156.72221680574302
160.27097028259828
163.03753286985392
165.510241771793
169.59726963431532
171.9761230653776
175.5827794505909
176.4310196811779
176.24841948401883
174.6738760075142
173.65814843193306
171.84969509170622
170.48495828010093
168.38144220566264
168.39056379485893
167.01562192745342
166.94438267980092
166.24810045669457
166.91110999342436
165.25987855871463
165.54835855820025
164.65689278488927
163.77746310034019
163.6811998332346
161.88812407038756
160.1728517865647
158.90678838617876
157.47642815854482
154.66539272980256
153.0652379135477
150.59463266162476
150.7861352318411
150.80988984816824
153.61907731812042
157.00366350843078
161.34748478307745
165.8667152900669
168.5184447360631
170.714235578211
173.8345953610724
175.1847862725841
178.89705400880865
179.77669740623145
182.73106148482788
183.63317208192277
187.70063427406717
191.50839198155123
197.05546048791592
200.01653067249202
205.61710387515433
212.18947465078492
218.82666837967403
226.66003206336032
233.91227465112732
238.71905861076308
240.07536395017914
238.88553032333172
237.79540599611667
236.02594069179491
232.09385148182307
229.64935597447334
227.0147979520314
226.4488470251738
226.55390815332026
224.3178513416484
224.44394749196357
223.4939446235689
223.77727577571628
223.2220721284761
223.2821392543346
223.31792394047577
225.92775523597828
226.84754930453653
227.27471055544282
229.0062612113685
228.39214540052
228.81992248636703
231.5583783383996
231.1677913621203
231.91485792556048
231.7636906581479
231.28356266757555
230.37398624197397
230.13890863436077
228.80802860600497
227.46237372477106
225.5771537242097
225.26582324805068
223.86837247040606
221.61462813370906
220.33231594057534
219.6999126790138
219.62358801723815
222.52177042617404
227.51916211078827
235.97905635522667
240.4195824523381
245.8725202472511
252.05674617916065
258.2316499020178
268.5634327470291
276.6116852279291
281.80306297425466
284.48835590301013
284.293762743861
275.96550926811204
264.743502289888
246.47637709379512
234.199722781567
220.09202438511863
194.2973311092049
174.18694538004945
160.04342228485726
163.32615757768863
165.02982792545475
165.8749091073019
166.60181541349934
167.67488100114355
166.7814137240301
167.54932193788653
167.2968787580279
167.39391375656965
167.59486786590026
167.76231339007643
167.71867305105152
167.68483205339905
167.1115279544129
167.15392838716357
166.32002369748665
165.22642832510297
163.84505375720414
160.5132227439447
157.75937071398374
154.90869742278042
151.01747651743415
149.11162473175568
144.79536498461715
143.38786841165881
142.5880643522924
141.8839417078789
143.5699829183334
141.96761889594742
142.08827231222924
142.27637890892828
141.04321030592376
141.3370974790014
141.47259244620204
140.47861837794568
140.56239132715044
140.68432649252463
140.19511864430518
140.33341698157165
139.4062244940119
138.1337109412459
136.45988497770742
133.469366459996
131.53291104298123
128.07253052221054
125.79612595254349
123.8153020497672
121.22340218328286
119.03703303185445
116.28812636484606
115.35917470187798
114.92424907773741
113.50523599541202
111.82465904340113
110.17755411707118
109.57819753293484
106.77585996473721
103.97651933352414
101.63134265059168
98.46508583731381
95.18753921796187
93.61138585172438
92.64974337710126
94.29493282795288
93.70932200569462
93.43801945644361
92.91884265162953
94.24979253987586
