11
6
d
69.46185103149872
69.50805005511606
70.08854695290815
70.21031162692108
70.56222282186327
69.8211010627087
69.97587311560265
69.52429413275077
64.75205875796416
61.37041860423735
52.09476993650102
49.10403881770765
42.402530543748085
35.687513646997566
30.383284008782905
21.567719014147027
14.61683259703166
10.847711066396364
8.74317526034815
8.5902813213804
10.401719407831163
11.602355884276507
14.120354637220368
15.425559421331378
18.44898359521242
18.01370999531979
17.90055590310938
17.319286341324318
16.76119011333466
16.868543525311765
15.91916168468727
16.12245517602229
16.977252624999817
19.702047475403226
21.559254655649763
22.81227159854883
23.061446286278937
26.252460042818075
28.05992190655359
30.841599740821966
32.67275378794309
33.63459910127392
33.49957659328403
33.88948208844675
33.93866878601506
31.625376427073466
31.439772648053278
30.042679654617018
29.144067254480277
28.37545782229973
26.068507041128065
23.56359121033953
23.33731184102878
21.589778451360218
19.695393768221674
19.779324910910532
24.65714673223371
31.11867270612881
41.65203796346073
49.898223601533
58.367648712219406
69.42878050274967
78.35529993328363
91.02616624499699
92.47957897990625
92.96607640711787
94.9997153619079
94.06799988645305
94.62440976228397
95.3680240246432
95.80851209926922
95.58676133654812
96.33053941469593
97.38901085714468
97.73819717441891
99.21778829128718
99.88073044730855
100.46960149870299
100.96951279360194
103.06033908974803
105.32797938379733
107.52844497017725
111.40000885021017
114.12320026080862
116.9811887604924
121.59459162120386
125.62917560271168
130.883430542356
134.86876866449737
138.23490259703897
139.37309356811284
138.93318414366277
138.5718950553991
137.08643786343828
136.30853951789675
135.63435503304248
132.99892863895582
132.93448448435538
132.85841001282338
131.76712502030395
132.90264740564982
132.04195914478603
131.24107255355457
131.8549411841622
132.51368998663875
134.91313017883326
138.19606204818558
139.49397527728382
142.17271396280276
144.86126538164456
146.34895904001627
151.78027433162325
153.61700143487982
155.5398735778204
156.2830340594759
156.69651969298042
154.18854012701323
152.13513302113194
148.0716840693909
145.3394353122906
141.7029177390663
140.4634249535032
137.86881673560086
133.62846472451687
130.0253879576524
128.53572162390518
127.29909220549948
128.43957288635198
130.31769132248962
134.1600611758493
138.8681524561113
142.956579173834
147.7933799391238
152.08990103973088
156.8046042478375
162.48675042671235
161.95625240416592
162.28250899648728
161.95571367541467
161.49316701691876
162.55609963635695
163.03511100845327
162.01394384677405
162.8812589196048
161.770294925668
162.15691935617696
163.4214041654667
162.52010847973696
161.71286525443745
163.2701820248176
163.7303545767511
163.44323798553253
165.19754983406963
166.49267746295686
170.89695552176622
174.22343100430496
181.13643909420068
185.48816555293567
189.42920392401768
194.2381022380523
196.8062132307181
197.86879464982465
199.55011928549834
200.09145877624357
199.44596604749316
200.4850176958116
201.22337037280394
201.88352171635302
202.0835457653676
204.17933047092447
205.36010792287794
206.30273969524316
206.94805693322598
207.48325469676908
208.25159739482132
209.89625014883984
211.85629302104087
214.46412538381637
216.36867365874585
218.8468306095528
222.96886154441262
226.5975883460073
229.17872042687233
233.64006361028487
237.7994700205708
241.51630930544687
239.99188273921655
241.6967729661858
239.5354942003613
238.45874511752288
235.6857306129557
234.4004390821252
233.85829866967356
232.83263641409783
233.3536186091038
231.95340997168074
231.1778501815149
230.58001834750127
231.66209378451467
231.07953793078846
229.78439635074741
230.5232858999734
231.57919593398944
231.81565927651454
230.98435116186
230.85213599230525
231.45627511386067
232.77728646544756
232.65762937315486
232.41135707479148
233.6729014874457
233.20704177083786
231.36709448669302
229.87947009098676
227.60746163577056
225.25010373125866
222.59585365807487
220.95477979614253
220.7048292066273
219.80251445108308
218.46317874860856
217.77142498678143
216.95202894231502
214.05882363666285
209.7233937564832
205.56196989493657
196.9502237353166
190.16998992632998
181.92604500013437
171.72514411514882
162.30374146528973
150.64559724478298
148.5793020676661
145.84157459689112
145.08505044561377
144.90917989094018
144.13193391578213
143.61140768769914
143.6414256327637
142.7577469958375
142.42101617209659
139.42078549749343
137.97327815075604
134.41796196444275
132.05612039343347
129.67197560540995
129.8139778283381
128.87235594373618
130.49061923626397
131.23797174036667
134.93144337295203
136.8903891914633
136.9873794423901
139.3799917738713
141.36074617108167
141.53462134669468
144.37633857584987
145.8036595998112
145.34876069027325
145.89428844021765
144.46687471961033
141.56352529376096
138.74920188243712
137.0435885276571
133.6067901079797
131.63904081920361
128.74768688328817
126.79056388715715
124.6123335704893
123.75980143425285
121.74425990866244
122.61219483899868
122.14282659949065
121.51799065308948
120.40543540899674
120.3132308240161
119.8802735159823
118.96124522186145
117.6384734603444
116.760093880264
115.35275678562553
115.43900469033355
113.74671236343517
114.73150653350208
114.43329228907307
113.89931221502533
114.37758369847954
114.3709434429137
