5
9
a
75.77214551927244
74.66983781959209
75.37522516614045
75.35033595574322
75.29426298205226
75.55726241302435
74.93662569128807
75.05273242482795
71.90738803863118
65.30729274857687
58.03055908470415
52.736020138367856
46.51987370060577
38.43817748336143
32.53480909891129
23.904419217233833
16.084748449959577
10.310334924736111
10.059271733111942
9.508188082562867
11.561469561079107
12.583975825755703
14.297934797511909
17.11846864953747
18.988307049693102
19.24157133254047
19.499025359167014
18.785807849930116
18.260775807323903
18.36918636357344
17.85890291248406
17.36771429291038
18.71040275338421
20.921226070349046
22.129666717773798
24.746148487421273
26.474680378007214
28.824228219846653
29.929709732383024
32.487183174604624
33.92367626592628
36.746481529667484
36.60411101593923
36.52590833470644
35.88682354287578
35.54539823807732
32.838010177420166
32.787380093326206
31.000346472310632
30.24643204656433
28.09614120867743
25.56086605176991
24.55559408907097
21.94244487090033
20.55430142650509
21.17683923679754
26.95162556382084
34.00082643953096
45.22839682448828
53.433314281110476
62.19193393409105
75.57443466052783
85.56971948425115
99.23838314674853
99.63202190626609
101.30882754987881
102.30340311064568
101.75999540869142
101.87544610105063
101.91050692135883
103.25065732650134
103.19270384574004
103.41981507018986
104.1728710437752
105.80730953032548
106.4353039161062
108.46098036275988
108.48045968338653
109.53215665307329
110.30707085536842
112.5982539884017
116.68215805804776
120.73520763738492
123.79707520095083
126.81196984000181
130.3621733041005
134.7886846705168
141.64662481027457
145.37068766509296
148.9888559229373
149.3985389937908
149.89265412467464
149.3347602176497
147.5908960457594
146.32572344535805
145.91245242508614
144.01389048022904
143.6873057186403
143.477047761882
142.21402778235347
142.61781401657237
142.65986381022327
142.58115117671568
142.46723238157674
142.9527811492005
145.3956326742448
148.41380716602546
150.53654556939372
153.58563283286338
156.61863736666697
159.23014504265313
163.0752228686176
165.7906766835789
167.27562153477857
167.35385364815141
168.5984108760768
167.43611038436427
163.70419495384965
159.7734720033835
157.8976433834012
153.435169440093
150.8910134702026
148.80790729455535
144.16356754994717
140.94906733974707
139.02308290718074
138.14344438861943
138.14871554858095
139.83035747082897
144.02258023167522
150.52370165878716
152.95165208395647
158.5352831206367
163.4429091634395
169.504146498978
175.6661411803168
173.91035701251297
175.26687164802868
174.65003978699147
174.08847313958546
176.20198123464456
175.79437917984103
175.91699747367946
175.33359442568525
174.7971764032191
174.97327749831297
176.39165020007087
176.25207052475278
175.61380538656334
175.9098423154963
177.32305554385565
176.26347930645633
178.16597305722786
180.10421684078258
185.07350294751478
188.41463284314642
194.03756065977404
200.35550708567754
203.45817478730612
209.50278346752944
212.01202341649974
214.39263247401766
214.15947667670693
215.768146968391
216.24881841360448
215.8128894879736
217.49131651181995
217.07718365232327
218.4277645775369
218.93341394900688
221.37600901182483
221.51630406456837
224.0504513792481
224.80113382112268
224.93907769898695
226.3655899564711
229.12230047564915
231.15231366892158
233.8400849015354
236.49372032493753
239.83158567700832
243.52255688434252
246.79523311341725
252.00126837750946
256.2367831788686
259.6851721145279
260.0130761305699
259.39365535091787
259.9640363192944
258.3095471756869
255.3491013635494
253.1645069384423
251.99483555930317
250.76952160798308
251.4502073908916
249.52767323264672
249.136840448535
249.73829323194414
248.1061307980398
247.7385094638998
249.51578176057635
248.39032171215243
248.80556931982045
250.24387778044954
249.6793674326722
250.1965261640858
250.31098917443785
249.96892618324935
250.50027135003924
250.52048326886003
251.59582950840795
250.48050936328036
249.35755281174582
248.31863079785413
244.45105331360648
242.63304456075775
239.994058813164
239.96884946888883
237.24727781179152
236.00900262421106
234.92530624228607
233.55679326243435
232.5621693727977
230.33770962215505
227.35157533347217
221.667522447234
212.9057313774465
205.92663856085136
196.99732452245385
184.3460420330227
175.88544688178249
161.89359115907487
159.27588113962574
157.2877137730277
156.64942985958464
155.97219521971348
156.84600328616878
154.94064600408277
155.02797922351564
153.852722979131
154.00352502072712
150.5943451597855
149.18977526847596
146.17967569553005
142.30838851622545
139.80484138904862
139.30177969509623
139.54930801377188
140.37274802310156
142.81573656785537
144.92619588410662
146.18766645266248
147.72766785894856
150.47594520700133
151.42887191991517
153.95367029745395
155.70430358407253
157.48243189463423
156.16240413902588
157.36123065298654
155.0334769127555
153.3168142699746
150.31821442358054
147.167161930713
143.67483767383797
140.64270265762173
137.82484687896485
136.21508812597244
133.01195416223325
132.43912485268535
132.31436081583396
132.28452537741518
131.0655445431452
130.7535835047582
131.0112620346015
130.25273358777181
129.71722417003105
127.85245661523788
127.73543396011853
125.26973202134627
125.19641533980105
124.66833077913229
123.52259553083833
123.45574828269727
122.88383759482552
123.15349559471466
123.27179808060559
124.06726224291407
