1
6
c
111.55741055106753
112.04137806185273
111.20956076234765
111.04297121294984
112.22957875898597
111.78041783661357
112.03595469666075
111.52821729057044
106.32051286470616
101.11571860450623
91.80289233426139
86.5533181918052
78.53111491155556
65.73135582011565
55.84285005387503
45.363989786304124
44.83125859601057
45.23678764439414
44.78886822664998
44.36628724426255
43.990088706015385
44.77000104012069
44.26876685256351
44.16990715223202
44.125459678179425
42.660631978921124
41.31181817648737
40.595134509970535
38.87525260608979
37.31312369738745
37.64932510600708
37.55871121801935
37.01581793089937
38.17825371437482
38.3027112420927
39.029163625425575
38.878983513375445
39.03440434781085
40.60545215574372
39.66242456878444
40.93430169185331
42.23250634757153
41.59160960657823
41.650573256468306
39.546625608990084
37.15296570321888
33.537986261379636
30.1876546135433
26.76957956606783
23.672252222166165
19.47555667470336
15.06206139554839
12.7070673420845
7.626206764363327
7.224412257989747
7.6711480720664635
10.129220038129018
13.863472028491366
19.898493439818232
23.84380864746126
28.89420189851736
33.10752450799894
36.96209012665008
41.64624364830358
45.73492225593704
49.446855090833544
49.60916377968171
49.457408475351706
48.649646106043186
46.57002249147933
46.63067211582871
43.101605538609
41.30284476690014
40.907978488394015
40.641724173406914
38.97593662990483
38.43764193617738
36.89004681124458
37.61518937496416
38.108582531996014
38.86371785219199
38.91753809502159
41.35970286563372
42.11324486567318
44.519092211695636
45.474849640049996
45.48335971192348
46.31907281977055
46.51646530523105
47.84684875787129
48.55477965429209
49.09888386344149
51.34406244595733
53.27411830053453
55.582042827460384
58.48545336422038
60.93059011770313
64.59868857171409
67.48221713050853
72.22658259354942
75.50960911398488
77.99965103161918
78.35491518739106
78.76102346593993
78.03188756271457
75.59483322184894
71.49044506865332
70.92099666472711
69.04327604525142
67.95479095120285
65.90737176908618
63.96750793921301
62.3597679998557
61.074091242171605
61.856514652088066
60.38281929744413
61.464302212129084
62.399306373851765
63.76278437340858
65.08720273975973
66.48641543167876
66.31102509270484
65.957874267906
66.48526233613443
66.19315755831755
67.00624953949377
67.6679182888965
68.13038245456225
68.85976348862219
70.61398044456251
75.78435963060691
81.73541294076988
88.29137033446412
93.9634729716963
99.69408550412774
104.6145066078328
108.12939971726865
111.32029608164137
110.55184284767988
113.02430839749192
113.70568374936306
114.78038636519841
115.08409730598069
115.7326437102465
117.68385884942137
118.03251961079839
119.31982308618392
120.66411679301423
120.61127265753383
122.93993262417739
123.629613514963
125.98118640329677
131.75316747677255
136.24811746719013
150.04533129188152
160.26361166267912
174.66424898143993
185.53960332937964
198.66213806176407
216.7145432097923
229.97194979734172
240.22938967278222
242.11142057964736
243.31453551397098
236.48957808885007
226.91798457649517
213.3477767595146
202.65823303496825
190.98226029603407
176.10994477510607
163.81367493417628
154.11076363306313
156.77293360735598
158.37650146018942
158.45717087138368
158.9253297657761
158.60282346103335
159.43738598992232
159.4141780292914
158.19395515552176
159.0756189861351
158.41935172065035
156.1222889808572
154.51118249269126
153.45785828229555
152.5793253375949
151.6407504986202
151.6981122789479
154.6138718746014
159.6915969773453
168.68934118653192
174.28546311193136
180.57042035648936
187.95496401627477
192.39619054532793
197.0591244441688
203.52268865181435
207.77651072201456
209.6920737844931
211.42910104027084
214.4072836437026
217.05083086893418
221.68629159711782
223.9536759486434
228.10891954085656
234.04523015170827
240.135805164523
249.4590597888884
257.9361837435445
265.24441342800696
266.29929261754717
266.26880909308596
258.20882646651995
247.09847901523085
232.78794190998008
221.40579534585305
207.37841963375035
196.48675541590296
187.8063684009322
175.8519299706855
167.98463566336588
160.8297756004145
159.04659979992752
156.76141922158914
153.83135852602564
151.06217355841557
146.28057987145544
144.1579368065431
140.76222699160053
133.53643157209177
126.29332639978146
117.0055952780699
109.22674610919204
104.24771682792799
102.37039365014796
102.49214771678352
103.55299689917005
105.6851093810496
110.096640081623
111.83168668949803
114.9338250400492
115.69530310038314
117.54917629186525
119.31966033800329
119.47702027651827
121.14615694090128
120.03461768126242
121.22428565228844
119.08162357537843
116.4656410945739
112.17103527755447
108.67696296583564
105.41898664429216
101.50090078393356
99.56830123786379
95.52389506932116
93.19108142892779
91.05659890661049
90.56355949546202
90.3273899374791
88.72212553961681
88.4948325105761
87.17924852700308
87.00456373298687
86.83038206261935
83.94284715251898
82.23979894542452
78.23868709195936
75.11099707992841
74.10611811148239
72.67361436579405
72.89230069753565
75.66425637050045
78.81643631549134
83.53670193616423
86.69340544430023
90.6066092306362
93.17646976835486
96.81811498048846
100.89809159301538
103.04196458630173
105.21809982620212
105.80088294786292
105.72688616622692
105.49388463568849
106.86709916057552
106.52770991928601
105.48942223156791
