0
8
c
80.37622536002405
80.63879770497593
80.58145668889192
81.61554118697536
80.64199525886757
81.05595565820488
81.13665614776421
80.75541523368396
76.16796960287756
73.0757137213524
67.2037486759482
62.44988771934888
56.96910863596064
47.14181170372355
40.23727271980112
32.40082772606602
32.55531647015523
32.7058919782281
32.36898575372913
32.38193721493782
31.376643048465525
31.61559686590605
32.00203578546115
31.74817217006099
32.33434046200792
31.32646339807524
30.792230007944568
28.882412326161464
27.480644932398178
27.56884861007709
27.062906488742865
27.13867357527635
26.632147304825985
26.928479783016353
27.725424971559445
28.374707250981984
28.831196786925236
27.834779349811928
28.922086856643016
29.342067121642312
29.89111747503672
29.77717806524701
29.66326537759072
30.32032245981856
29.098512982214114
26.662205852424538
24.639563273265242
22.55009924765534
19.302946679814948
17.77105852853569
15.25671950885279
10.44881232140295
8.140867559629395
5.622414846762365
5.458755917228785
5.680003073726621
7.580654856683867
9.631420834754133
14.754267086965573
18.123035164397713
20.63863346097813
23.536023398773338
26.338655070616117
30.96877563027818
33.790450688316604
35.12778459597244
36.24771636658235
36.28112275094275
35.187584978243166
33.93862226954926
32.81780276974771
31.455510281551415
30.7135073627567
29.22792863296027
30.14896353516278
27.039672416295105
28.20060765991479
27.311864496293538
27.65901398060062
27.530435784937666
28.460866262080774
28.116222726836614
29.354537896589832
31.37241014457092
31.810008087220055
32.900408983754296
32.44635450555456
33.260488420879604
33.64495955837715
34.53677340462182
35.03224626414333
35.87462127456403
37.38227935534826
38.1499500849001
40.3039186337313
41.8714670134053
43.777101316084774
45.96419574706838
49.00943366566674
51.66077308058562
54.82736522061464
56.19156386569798
57.213358771683986
56.9011665079409
55.45211984049329
54.96932244995322
52.96452038487839
51.40432040016085
50.115929387264316
48.23727916421229
48.12718736282055
47.061298862984415
45.90580354574269
44.76289035254356
44.2374784803459
44.168891260818
44.12285412714044
45.3914717861648
46.156869621866264
47.46469679638571
48.143963493929455
47.85220186990373
47.30932964495307
47.88253911307826
47.355760475791776
48.10496544666576
48.83989808512928
49.80682449551513
51.370124990496265
50.55864232627807
55.19198390626303
59.08484919109714
64.57663784802054
68.59673380519925
71.31835819286685
76.59862391440363
78.90467420147593
80.53827940785554
81.36637473188304
80.62582820855992
82.66331003770402
82.9282992181306
83.12013152017155
83.86439104872296
84.5120947263376
86.17208390258524
87.2470427864507
86.97253095306712
87.22489435693753
88.46548417118377
89.14812879107653
90.88861078399577
94.74821541404883
98.23020350005561
107.82430851402428
115.8699675741909
125.89254166323829
134.85741039264008
143.20070628759893
157.0900275817121
167.1497218737695
174.16812671737398
175.71581784847876
174.9832667585029
171.0507158604195
164.61756136471493
154.01532008638756
146.66277349938704
139.3651782885586
128.69077488312135
118.01991881605923
111.7461510271196
113.25913037235678
113.97842033730265
115.71716301187737
115.49221758343357
115.05022337238482
115.05779403550011
114.15123330535562
115.66344411112587
116.24473018049073
114.98964920669795
113.62981944157644
112.25166186553746
110.55681918426215
109.45374484421633
108.61637610746706
109.54330033211215
112.31341638224735
115.56116482307215
122.64425235488885
126.27577609661806
130.9874336141645
136.2343229599435
139.1078120097386
143.30082467580905
147.4150622139434
150.8071301787283
151.66349212450876
153.44482436929658
155.28743279205483
158.21609961472146
160.11465635430648
162.54110110041387
164.6208318141777
169.23679417764723
173.60094166378738
181.3719029837536
186.98710363756283
191.77389799084867
193.04171892104344
193.1195987363226
187.8819524484902
179.2492382628377
168.38062761655945
161.3527982102186
150.3249395535917
143.29708002402427
135.7620218434856
127.94859581189283
121.01071292008324
116.37064855728278
114.93593195731346
112.62544772336189
111.3025047999297
108.04622752657424
106.65872019215008
104.98169286182244
101.67922183358634
96.79499319619269
90.57038021156306
84.23766737341319
78.29161454757515
74.70332090990415
75.02078906685705
75.31973681809868
75.57720076217392
77.68676859806881
79.80242557597663
80.43606387025432
84.5825684506555
84.65391179543026
84.62350767317183
85.19258664674638
86.7805797670975
87.10121387192765
88.50989433912221
87.63541910402104
86.09356889948667
83.95118496749637
81.53290426135214
79.22978451894944
76.13720912822323
74.03638264708334
72.10157197954383
69.51105943021065
67.4997623055837
66.38151998501523
66.44931933442524
66.36102187243303
63.97124081200629
63.99391978314714
63.541534146529955
62.49601788568928
62.365708188039896
60.94694876872415
59.267111975669984
57.007123926903695
54.83139531332544
53.699998440684816
54.51071089617835
52.99764231348187
54.62376254379046
57.93465068197026
59.37066032974202
62.00227170547935
65.41877778492157
66.96797158176066
70.306246938842
73.23732725396694
73.89347652036737
75.83159947700801
76.93749239736353
76.62599213613383
76.00896838158013
77.53819671169812
76.67299868938244
77.27128781438078
