1
7
a
139.7272123148592
139.5309266058689
139.3691673000527
140.31159553753682
140.8201220475613
138.86101007669723
140.50394994904326
139.40827012535993
133.1902275861203
125.82323557138795
115.31341136300182
108.5011992908008
98.68713233075556
82.08736543856851
68.9385429927709
56.06234855587797
55.801211390071
55.940129457973754
56.768727910668225
55.617093058168294
55.04427589711569
54.94432454109198
55.477590751808926
56.405554795686236
55.65476924141603
53.56233617569294
52.42357295733295
50.71993140282767
48.062867056865265
47.492765121992065
46.921925705982574
46.708350498310665
47.752147263055214
47.121090101160945
47.948559696574144
48.67754525086815
48.92352501042056
49.372965004081635
50.059892018594795
51.00660141331025
50.98743730690378
52.38220739846642
52.56594715151813
52.11808182364208
49.92869365289997
46.51989006484102
42.236557314676205
37.98333818681772
34.03180014059583
29.919857851022247
25.375579806769196
19.343119957477835
14.015786976755903
10.679590926411006
8.82802251020783
9.44870936653648
13.107045064666796
18.116155874799365
25.310090893284592
30.043822671441486
36.109053724154826
41.59221428066289
46.06906444985275
52.659548300141196
58.05312154322294
61.21156449537822
62.48918120934306
62.454572421505524
61.51070785431229
59.314588489396236
56.41829138147637
55.28961968888361
53.464178910665964
51.58535831965607
50.65927527390464
48.99996672900329
47.84030523601152
47.645455519769435
46.79045882074093
47.283992736836
47.98482949201146
49.45166053293887
51.329190627499976
52.716594489861414
56.32525374065715
55.440029476109615
56.94417410453066
59.057609323532574
58.33261440992931
60.78882265431731
61.01496189430615
61.49660493914033
64.31404522549857
65.98790949039473
70.11812682569554
73.17437190150032
76.34177064530203
80.66041539382803
84.56347168218994
90.21454986634049
94.08054805655323
98.48188548458359
98.60205445725228
99.2539698049198
98.86621563975973
95.25130361167416
92.22753731260946
89.27888488535427
86.17096889405349
84.66410640275052
83.68699978262552
79.55837282793128
79.74194225243153
77.66531558426591
77.11698328899674
76.94216591017924
78.39478166147393
79.24015666683113
79.99868700331173
82.35309917199933
83.57234432144291
83.79659757956973
83.9628342230835
83.43388009419122
84.15144284070165
84.31264646606452
85.28245471181019
85.31863579886578
86.71410849001987
89.13441409460759
95.66191312891266
102.9126310044754
111.64361524817544
117.64669772429897
123.55292493001843
130.86200393936963
136.92693163485478
139.19882261130303
140.8369613263625
141.41219864429695
142.28614497009733
143.98377247900083
144.96998648520204
146.49962743133315
146.93504701964213
150.12282188652145
150.57271902578412
150.43347890891454
151.67414273911996
154.45122253085222
155.73706608855207
157.42654284614125
164.20838112755587
170.26595628066138
187.6407891354484
200.83248074090747
218.52849689776758
233.24258207325965
248.1402480494877
270.62748603802316
287.98464538355177
301.3389887000909
304.38914641877903
304.50985617055034
296.1238913112859
284.87363359745035
267.22593218151474
254.36249812533399
239.5788404772644
221.17177847992983
204.9031983525827
193.9985783800751
195.84605165052622
197.4337181968266
198.802066494589
199.92239048169836
199.11144798826112
200.81413106963478
199.7103831487188
199.9795533979195
200.1260980721624
198.68235924148374
196.9718212818879
194.83477195421992
192.72593655610288
190.3295871962141
189.76468911048
189.8761548423105
194.08335642532893
200.84435996678297
212.3676465272052
219.38145334257854
226.5722458380551
235.8925992244042
241.21650219704398
249.27491129425292
255.21279241195248
261.307697523375
263.6528123443415
265.0639156917107
269.46977273043507
273.4707697893218
277.25685523290014
280.9505282421155
286.1013812991179
292.9260758101267
302.4197745596985
313.93884981393927
324.49301974979215
330.6136353990482
333.1922881015773
333.360026379771
324.6836795311888
311.154960057817
291.47790336840546
277.3554595741137
261.1637927374828
247.44572001306796
236.00704663986227
220.9348822054842
210.54584997565996
201.40033874350058
199.77505421585104
197.40809928488403
193.3505435643093
188.62802985663149
184.23813870157613
180.17712281481158
175.62248558438336
166.61945007052543
158.3510939124279
146.10835703455194
137.7766525133817
129.77023641690226
129.0784497715347
129.24462558672406
131.05163039378058
134.3611174519345
137.7445755331129
141.45720381494968
144.36812412974564
145.66271697049274
147.39009684506544
148.1281326963725
149.7052266227815
151.4490655349599
151.66000686234042
151.41618077197518
148.46130884410815
146.09919060849703
140.75052895412563
136.90778549254335
132.0462557724493
127.54321926428184
124.42354846543928
119.94073095362846
116.57692608814118
115.43320635315003
115.03958722528924
112.93226487315988
112.07346981578411
110.10189734658351
110.60568019269898
109.3893259174162
106.90101251407415
104.73027287764053
101.93887363805908
98.01070141374261
95.84372248360276
92.80741156012249
91.75007410811254
91.40802352581822
95.1877477010988
98.00810285711067
104.41765936349412
110.0068924113081
113.51520425667707
117.52264440569088
121.52087052993883
126.60182185685981
129.2281036257065
132.28048442670513
132.5750839114778
132.9557802005639
133.0979404816431
133.08463086991657
133.08452556594153
133.74028788634385
