10
1
e
218.32031949333287
218.90649267313808
217.99473483436725
218.05564797092072
218.730049719282
217.4562063332937
217.75572565440197
218.0394959211842
214.91767168437946
208.2875684725898
201.27975464352426
196.34765342640077
189.7908579941572
181.01538082794025
174.5963564422287
166.61698452905742
162.967499213772
158.3727051920923
158.62124979265846
158.58685332606893
157.39443970973153
155.57723655738815
154.39915145223205
153.7871245479601
152.56804407608624
149.5826426856466
147.642289193874
144.8143786882763
142.63543906176284
139.90433069908565
139.79054918140767
138.9890473081488
137.43246363557716
135.32309196234036
132.41546656040717
131.59780895759855
129.23931079951566
127.26550912665405
124.40592536960658
120.35136853303867
116.3311321707355
113.80049473704258
113.81174192746839
114.19217473538949
114.96228254306277
116.53767344752336
117.71769448655887
120.2331667127927
122.46807142332517
122.11525159589702
122.44554969836722
122.55580930034365
122.5091373228066
123.63452079892288
123.03168695526249
124.41408574085615
125.66810666309951
125.8082188980967
127.09859715876117
129.12260406427256
129.54248000416004
132.17854554402476
132.32954247873099
132.39908766376425
133.462988713907
135.14035001593666
135.12083744310414
136.09196187124277
137.8582496977294
140.56922161864057
141.68685058794446
144.24084536115743
147.6014207955592
148.92965423075452
150.58960124731374
153.69722006139443
154.80635847403224
157.08620045335368
158.36560355882403
158.91111092875218
162.1791999015827
165.36078365764038
170.91504038286004
174.0381475608687
177.5129943891306
182.3862220742978
186.819196983926
190.3639587227639
193.69520446002548
198.2721914460247
199.38690738527583
202.38124114950165
205.47588900268622
209.04263689097067
212.0395631480697
216.3384324575005
220.22727402369117
225.45049281169946
230.33789114294964
237.2907242161507
241.09690608566785
245.1360644563038
247.52484950860455
247.65044791343044
250.51261652983638
252.84747708467023
255.86565662433424
256.664285731162
259.76026143039087
264.84891395991036
270.712157631337
276.20958210996906
279.6301736715529
280.0514820108221
279.3442863274298
280.5071978037216
281.80538498949363
282.28654937946976
280.708144239807
281.1876602450375
282.3528947794949
283.5942659984867
284.75535449106764
287.43944135614896
288.4883727140724
290.58976985103095
291.34628829339124
290.77990785202553
290.45408846770624
288.94732516624305
287.8540946815973
286.72221205739896
285.21112786568875
284.15281713588564
283.3174610761223
282.3220000047108
280.8871319738125
280.16002756330545
280.5545963997437
279.8394774197333
281.46753114936286
283.25748618367544
285.66850538951957
287.7671544913398
290.73279523506466
293.3301205697509
294.71509656006737
298.65537226712837
300.81267557185464
301.9374365671586
302.2340924408012
301.8381427204525
302.4676402132601
302.09249408224196
300.7200858152162
299.8703431244634
299.90346561681076
299.08618338782344
300.06983690345754
299.6787126270854
300.0451260376478
299.88076044310355
299.27635862869505
299.9455817715003
300.48185311195124
299.71824652107273
297.3889162663514
297.35068976028776
296.35333984057354
295.17791554285674
295.9511844185544
295.7572398211494
294.04792518468366
294.62975962836504
293.6233114846917
293.7262954439675
292.23766861490435
292.3289735311187
290.38482342552265
290.1892362807509
288.0187367557847
287.7004769229954
284.8248021622367
283.75990336472944
281.808950728209
281.20617376715734
280.711328500925
280.54912665534516
281.35888597829353
280.50843760241776
280.5359401951581
279.71061055594646
280.3529764689749
278.2658447143239
278.85227125913906
278.029662120022
276.5798709414502
277.1304765269358
276.8612766784604
276.17752644315374
276.04408157663516
275.898418933827
274.4183483419033
275.0554254813317
274.251016447674
273.13050804328
272.8344098598605
272.0370137333118
270.76744787333195
269.3618079577473
269.8213201601922
269.0885692089868
270.9877275547528
270.97155353060356
271.6020965210263
272.5947014129364
274.1721625130909
275.51807551658356
274.9990513492318
275.89486872580943
275.6927378062578
277.5530017952816
277.83238645952116
278.5666904596943
278.23389924659784
277.5917338836219
276.62844810560506
276.70694844764176
276.55376841711825
276.7206390032535
277.1328698464263
275.9339117146794
275.55643191611773
275.7866977033332
274.0541283054098
274.961771108067
276.1985102164911
279.1249613366786
281.8125671372351
284.2292308061126
287.3402302884887
291.8710653706539
295.22432212180416
300.49829385991416
301.51251565762095
301.22627629001653
302.4109923043188
301.42743127050653
301.3171007194825
301.8380234401754
302.14216670876147
301.7175566041236
301.9355159560242
302.20754024262556
303.27671739395
304.6875934579046
306.21290867351405
307.2179618482179
306.2778234827475
307.62254308186556
306.83149863912166
304.8899535289422
302.6992188029913
300.7468335512268
299.9331173015265
297.478287114735
297.73960348464425
296.61124584580386
296.59085604102637
295.17686380968695
294.4186595190234
294.5317992532253
291.2142651210398
288.32284222987204
285.05671615250185
280.92265349388975
277.46889569559363
271.9581518088037
269.2999842474093
263.62270109475907
258.64529670394654
256.6773844031899
256.559825132263
256.43272520174526
255.273764327891
255.47990964569894
255.82102694444671
255.8611209356897
