4
0
c
165.51278909017984
165.59684010222725
165.8514605515195
165.2910708536976
165.7711959927843
165.74101614576202
165.70162798466362
165.72345960647002
162.864001789528
159.08304486083094
152.3505080888115
149.03048858042692
144.9006853173042
137.58898657617863
133.7409382342707
126.97307470738573
123.29524583648303
121.10520637351577
121.11971338129075
119.9870612129579
118.17592595172586
119.20230611765412
117.61046093626702
116.8363258397694
116.59594595440309
113.88462891157359
112.71465662079375
110.7957248434878
109.70897035424026
106.66020619335325
106.30002505486058
105.1292647976623
104.83308145750901
103.4708062664499
100.72042930441175
101.12620788293665
99.92035693344242
97.20432587450169
94.48653142464998
91.33895354370375
90.08807532122009
86.89362351852459
87.55618857113963
86.74013226881134
87.66617188832902
88.50366691592102
90.13390185501194
91.05920910165041
92.22910024159474
92.57624145856471
93.43217867287235
93.41621852039286
93.8066532012591
93.99886678909834
94.7630690542014
94.89118298740762
95.94290847877016
97.01912470725445
96.9207120513644
97.31828533520077
99.1355772963054
99.70433594652222
100.72131004741131
101.46285452380988
101.8303221072502
102.14734035414902
102.78105672925875
102.52293087234662
105.0541585434604
106.02413983103256
108.12673628634768
111.1581499244169
111.86343484873753
113.54780142096223
115.76032356159408
116.58574179773473
118.29065703393533
119.04202760835611
119.17476695276615
121.74846323100842
124.63673586335968
126.16416858129075
128.95714999852765
131.3845196625641
135.73485860898487
138.6070005372014
141.01960196163517
145.4104921599086
147.68643265636527
151.31961671281692
152.49227562855003
154.32767927676448
155.8395708408263
157.92782599857097
162.18524339764542
163.6642271319895
168.47097162412624
172.81906644485576
175.9961605569654
181.1208906438781
184.0195276495343
186.81638114019108
188.4516728218752
189.46922897702444
190.53079427311093
192.4968135060453
193.7445960369503
196.05795217464043
198.08176731057
201.96282169367194
205.04509010004895
209.97409718649297
212.06386424434368
213.33588174976003
213.43092232400303
214.16590521324642
213.3231622128608
214.09343005764583
214.74191396457374
214.75393313174007
214.7157368363049
215.45966360268335
217.1537145420163
218.37154640480713
219.56965038016003
221.21814749150641
221.57282226117042
221.12918677298407
219.9359058291225
219.44068638809455
219.42984001070818
217.6752456725997
216.33091698822375
216.77303298940112
216.22127215601148
214.73776099372205
214.14667329343212
212.84890832381913
213.0050184483787
212.31315807837947
214.23830863874838
216.74836137278353
217.23435935875222
219.69582135288357
221.4989476558664
223.0324411625373
224.97416466763678
226.6722944193912
229.08843512813792
230.54143093788548
230.64280216296478
229.55167599334814
228.2839202822523
229.37356137956445
227.98926333154327
228.24771715615813
228.07864268592917
227.82001908406195
228.0598585296726
227.8400225473616
227.98389967281466
229.3632442306624
228.46425795147962
227.36206579802976
228.48907365556852
227.89382330559184
226.28042979465286
226.74990536973536
226.234230431861
225.57801086946805
225.39259603715553
224.6818203638231
224.52240665867882
224.3879199820251
222.65464333575395
224.02058026267287
222.2611513062593
221.73894054432716
221.03896700781945
219.430547802546
219.64187187380205
218.1103723047914
217.43157675547542
215.00126345838348
214.55452686881088
213.9088816280929
214.21982059133018
213.65774589142126
213.26057377184813
214.30355804785393
213.86199262097938
213.03771770794475
212.02151139704907
211.73959160944491
211.66019713803334
211.4277076564593
211.2740395393975
209.95947572771027
211.19240453919812
210.38811737982454
209.80839392571454
209.2896245376131
209.48891050670582
209.06586434505593
208.44349109608385
207.7680994234229
207.81315506440154
207.11660083638668
206.00534813441223
205.52401484153393
204.9737992852966
205.17246746170784
206.2341352126014
205.9123521689582
206.3181036016707
207.6064568952866
208.58971328831217
208.98351210391291
210.53834875405818
210.00146969674574
210.76404317048141
210.4647391933829
212.0505800431131
211.22966045399548
211.21717614500028
211.79354667064268
210.48818948842543
210.9168990257733
211.20980866605407
211.19387157253271
211.0925728982052
209.90875936724055
210.0492187130804
209.15044285605882
208.77858120293877
208.5910242752083
210.24470762851885
212.44532669976377
213.98188529956946
216.0891214945467
218.52811742517838
222.8720093117664
224.55477206481905
228.28691030761462
228.1727419719031
229.70613112160444
228.8505958750905
229.3245382125252
229.20651794867698
230.13643040016905
228.92821993155906
230.84998436244402
229.91184122505922
231.55591994275693
231.01246157155077
233.12763460925072
233.43793425318427
233.8237062568705
233.22718161636453
233.73940475621913
232.99488946507623
232.4353113792618
230.71273585097498
228.45196903113504
227.8290298382138
227.82505043451945
227.31956379154812
225.77009888062017
225.76922124977682
224.5783891288117
225.11088560590068
223.4610384261971
222.5205464052725
220.0390091472044
216.30022212552447
213.69695935019314
210.88761726131673
206.71858031991997
203.1134485402009
200.45259196147575
198.43983166960868
195.11347079365453
194.82541859475685
194.47024531659022
194.27174482698624
194.9179843944444
194.93770753207846
195.06258514935539
