6
11
c
85.88259857513233
85.3023724202813
85.47277128635422
85.66260764844021
84.75695577518967
85.68959472036889
85.11652209333853
84.77257283211894
80.97068162579157
77.69543600227001
70.8976947963589
65.28405989461022
59.7454740080221
49.62231874995889
43.196267169966795
34.65908558172325
34.892472689523615
34.572053260227015
33.81992852486178
34.36715594126248
33.62122522909054
33.82845634384997
34.140605245136165
33.07037473568474
33.85937308454474
33.107291798634556
32.41172387504487
30.6682430019154
30.292574512393344
28.845792327157103
28.470928814865264
29.20129995004595
29.393557846562523
29.239726344711855
29.567708531038377
30.546694274946613
29.487095479158853
30.068775771724084
30.535611602607904
30.630469664637058
31.67746885759429
31.900133273805867
32.6319614392628
31.54869172805465
30.4549899656906
28.61362319926876
25.158537587754953
23.100576551338502
20.22430637961603
17.740964273428766
15.737979566367267
12.176026352335711
9.519751416158515
5.837768042077169
5.595903244144934
5.272087050094223
7.629504136162307
10.561582446803904
15.828266609191088
19.530966827597492
22.05549944426541
25.878684375101397
28.482269870897127
32.437069344132205
35.457417094873215
38.42898117853675
38.320920263252994
38.082702662033405
37.64035789689379
36.23687923029162
35.23015998189775
33.42736713823533
31.69489572650095
31.454941506566012
30.99110505738638
29.755390905031124
30.43557222847681
28.637822482133828
27.817097154001605
27.717103196976513
29.644725176958474
29.501597348338123
30.771330788517535
31.990238493543966
34.95771092420409
33.73242898262405
34.92716074057333
35.79885570964738
35.807193250220664
36.520659614593804
36.59318783158435
37.48552725104625
39.23009507674006
40.273885532646275
43.14968514792418
45.17454387698096
47.02294095399301
49.758465909911834
51.22826556236289
54.62302523914181
57.37438029852942
60.564910764688996
60.25541648512284
60.90530019407615
59.24780769126376
58.416555337824995
55.44532688786489
54.32424561608935
52.138786504411215
51.53961757412548
51.00167265742194
47.93347611541795
48.32970687663422
46.89153075031474
46.78752194825942
46.55770199257613
47.53315851970784
48.72905980021171
48.91292153944478
50.03473811215333
50.69467631065459
51.05584896752506
50.75428799214382
50.90381887325138
51.70608992848459
51.66466446169159
51.533817490405745
51.58300429140225
52.98417564619726
53.567419110254114
59.01805214802969
62.919573003896524
67.26451362549477
72.19964900714356
75.72760594422653
79.71907118147874
83.354337101943
84.66262032229855
85.54337230910319
85.50086138598354
86.60334401672347
88.16221055958151
87.94134206972092
90.30180847454082
90.59929567061414
91.09776890020564
91.17236368403995
92.30296071776613
93.07645910462318
94.47440841644907
95.49454235824665
96.55098173959422
99.50174702577513
104.93573629063032
114.98593330336844
123.28186047936035
133.5642966007912
141.7521571467465
151.6553950367063
165.5611457365035
176.29364506926197
183.95173849190155
185.2844895804771
185.9666407838207
180.56809506915903
173.800863938621
162.11642210234112
155.02245360748805
145.60356974034502
134.6448341596333
125.62321028920167
117.8687010902473
119.53059505359705
120.47696630988095
121.00990498236338
120.75333612515033
121.67554980007269
122.89475895457215
121.68791643248085
121.66471940323005
121.80521518925843
121.13775575844745
119.74515681793451
119.30487885449345
116.76483123644434
116.52552436169553
115.30440401184923
115.3063587621673
118.76641295283
122.5519523547307
129.24099132520664
134.23939316753123
138.97944822844136
142.9254856631956
147.84701878019695
152.62801628964056
155.761269897792
158.99527712657957
160.19934428933414
161.87360750841177
163.75543269811345
166.47415911663202
168.07770721089688
171.02003019820765
173.73940896906026
179.34548788961115
184.21790889812144
191.56645987911256
197.4285349572911
202.4455512454708
203.25044250084588
203.75775404016073
197.71385259630918
190.0908901612131
178.03012851199117
169.1801175433185
160.0573786674262
150.87281453255048
143.9391689374453
134.53441216960567
127.97430905796105
123.58761484723921
120.84548259959261
119.43870569402289
117.32853649018122
115.2635979100125
112.7992035433533
109.77093502660605
106.3608728302189
102.61615014648572
97.2476866288239
88.61384551705856
83.99604464609182
79.6751540705622
78.96174040827141
77.84525771992558
79.1565047105875
82.16996169120925
84.59808299256339
86.01504956474491
88.10630819384522
88.21895231671546
89.48960150374565
90.58112850898011
91.60111820720311
91.72418040621713
92.24299406903398
91.39853172874595
90.9947952417864
87.89530149351417
85.08596965943212
83.0581732026373
79.89106209783961
77.93741633061735
75.51602185445758
73.31605265504233
71.84398423877744
70.43584855014014
69.06378919099373
69.44339596007154
67.99550038674755
66.76799755640525
67.58511334126004
65.98014024409912
66.71070107850053
64.46649536103163
62.87840028994774
59.03469959412759
57.531884495316824
56.27426056830486
56.00409218654509
56.91283787893071
57.43377008985812
59.72679995296548
64.59756411783167
66.27291844134182
69.7582521538134
71.68905252362096
73.32725304191698
76.88031176737718
78.54629698212882
79.92395886221054
81.1901814532965
80.63380989331486
80.9011536411551
80.86780348007213
80.70183469856705
80.50586860778355
