3
5
d
179.06346059298153
178.76591410755134
178.82105369081583
178.06244813705698
179.20721888975285
178.87375210335898
178.63323693120014
178.47854677293446
172.9564292786882
165.41508723431178
153.6411942224577
146.9356120325102
137.15454389525874
127.31128633618852
116.67369675320744
104.15171139963843
93.88437840481906
86.2146964880722
83.81192428823248
84.0689199000889
86.63366353228436
90.3442407562081
95.46745526912329
99.78708535613976
104.91802971773124
106.33068382136962
107.15751237798152
108.93325686771077
110.72127979648926
111.18990030585724
110.96850745891848
111.95902013613997
111.5423936108099
112.70866761442598
113.2035020320343
113.3563765893532
111.99420949780372
112.77341401717003
114.48574372606411
115.74345369395508
116.62736636184525
117.2052593403116
117.60255043225824
117.7804666855803
116.95331513025626
117.13996720019219
115.91149674487446
115.9466995189427
114.83801389627868
116.34862187036687
115.70177806519378
115.46044444556038
116.3742719959147
115.43744964064138
115.51221831111577
115.35486127263385
116.30875701476525
115.9131958817453
115.90828465030368
116.16654972946966
116.9900657194631
116.1246390370707
115.11014313174601
114.74257909725074
114.30326087066483
114.11275467425209
112.37415342120728
113.6668775801975
115.14371380513427
118.5606712901116
123.386484072349
126.86435148493887
130.359170066989
136.67806775951811
141.32249768291078
146.21705437208095
146.1965820837949
146.96590843079105
147.9622796208854
148.10279991736343
147.33791501795227
148.1930285500815
147.75515961334446
147.685157247709
148.19349888164874
147.90048532739277
147.48222065151776
147.79442032313278
148.37169393350266
148.24354850293787
149.03886417290101
149.13860021041344
151.4673088115255
153.09087800127392
162.87334518233632
172.5298282144788
185.47095350169553
194.05259030778907
202.8605967474049
214.4331046456873
224.02882298514055
230.4719013155944
232.86986758989025
233.19959750746384
231.40989149491716
229.43680043019833
226.26304736065777
223.49590792850557
219.59760107757532
219.7495576381429
221.02139697109115
222.22924822283838
221.75471718437888
222.87772118460668
222.92588695356787
222.9281839069329
220.7439384301632
218.4088129494131
214.60986480643956
211.54972563844964
209.15411937972254
206.78724321442297
202.7310747694696
198.4031143042635
196.45568184588825
193.4512158539406
193.26700445563432
192.99018249788725
193.2031113058702
195.2480866755093
195.06310163820876
195.8924922911695
196.73232131476874
197.91508179754646
196.9448819606925
195.3663013351196
194.68885776513991
194.1651493294692
193.76885021519803
193.73295855456624
196.87922252686585
199.4429091931677
206.35384099821098
210.1771574354701
215.3639574000689
219.11755982658283
223.59751482407637
230.5232893851566
236.1222874335718
239.28347002190412
240.8219042860289
240.29859542800622
238.00680280707655
233.60686807212804
227.67297059790943
223.54302349994097
217.6891246118713
213.48121694054728
209.517032225863
203.65321173477386
198.52723683533637
195.60149268871052
194.43550898299716
195.06371683094167
198.44293054806573
202.56632172750014
209.64552756585698
213.30195652543173
219.81562751228157
225.11977287759552
227.33718823790352
229.95105118867863
234.4531262368892
238.08837945360054
240.36687305185862
241.58673831876678
244.84727620786694
246.8709624821884
251.0859967038108
254.2968269132178
257.80426090051685
262.85613124352653
267.45043167496823
275.48534975598153
282.0370841978008
284.9337446370946
285.89940653010393
287.4476762744144
284.6978500299189
282.7438114437126
279.2893113855552
275.473071332343
273.0091499923898
271.24154582618877
268.32795579493563
265.9309446672324
263.7239909132396
261.5790669975177
262.6377359814789
260.5561911776436
264.5748225190134
267.4692610029315
273.4641988789082
275.9417564309499
280.7537182664946
285.905837920753
288.0786508391258
293.87997041565194
297.59098832080866
300.5367533649458
301.64584199100676
301.4929413254588
300.1012309259556
298.6909240462127
295.4120422166788
293.67253288581253
293.22694989712465
292.82094914946435
293.09249663246305
292.540569813405
292.12090644482646
291.8452734240919
290.89986713683226
291.60874152959724
289.2991544887705
287.03108790794784
282.69256958236656
279.38870277755507
272.07724980622703
266.63375841185206
262.3482943743411
255.60904437908306
253.2143713905542
252.7785875093147
251.05527153924052
251.57737013373932
250.39141386503212
250.01789599284257
249.97039017432607
249.84098703550367
249.39731648229355
247.86586873374577
246.44828981795223
245.01021241937815
244.74688568463495
242.77103227155976
242.64823020971897
241.89332971811524
241.78462358309542
241.63973946283488
239.38299941248124
238.3231216686292
237.10622132732323
236.79662852282328
234.50179870832199
232.4115849738442
230.7178717960476
229.4431348947674
231.1316663138794
230.79083305325167
230.28595953080455
229.94755248239952
230.51304331247175
231.26101093958098
232.57446513952402
232.80504567024073
232.49340006952417
234.0057826069061
233.47230145161785
234.77607165105653
234.53003425370494
235.3197889488949
232.44115305863915
228.85393231764635
223.13888244017087
220.10083090392982
214.0268002735095
209.92978050852815
206.1182389811893
201.72514768131893
197.20871302430783
193.29602817569517
193.2585855286145
192.50996142204593
192.78449486378514
193.19188433361307
191.83620056447063
193.29039017998542
