2
10
c
62.880046394554846
61.695358778823774
62.81999953674684
62.32311700098344
63.18194529735867
63.710216990103156
63.191700818426526
63.64146891398352
59.69433505760159
55.445443035501626
48.52301707810202
43.77038952645319
38.81556289784162
32.42501474260316
27.776725445989673
19.351808282124964
13.877307767847828
9.271702725201825
8.229498440629957
7.408829628947771
9.239331530648714
10.687221671533953
12.810103471852925
14.057920409909393
15.675341360515926
15.606837474274531
15.326501362020986
15.929007771014062
15.286443927582422
15.145083187718829
14.432931397912
15.004940194384245
15.587649662672549
17.060117292772443
18.70379500125137
20.24185033483658
21.863681629726354
22.75338550715346
25.368495145541363
27.77458440374591
27.42299180501365
29.62827327327801
30.06055294306887
31.09932659701757
29.7468352788933
29.363161637783072
28.518329744801182
27.17508990946152
25.80575758312457
24.737048826910318
24.103298442671832
21.490265334048345
20.57130128909364
18.710464095868776
17.89958620584747
16.892688896545653
21.575967048951878
28.982869719717556
37.39939007335567
44.32259593350659
52.26257338939909
63.26472844019374
71.05519724190808
84.11732975905178
83.96356416880984
84.40864679121565
84.85494654322497
84.97363822250747
84.7689171454215
86.06178572459831
86.1307713120801
85.30070360984014
86.13066680990795
87.62663116433241
88.04205764909467
88.7381527139296
90.66997184702849
91.6057869842096
91.82849115074437
92.49564087430706
94.65999746391861
96.67782256248401
99.90491791598028
102.10689049852775
106.65356857399229
110.01336465491589
112.97154530316882
117.92583885509325
122.14883508417668
124.6002356778915
123.700088333785
124.79766805196067
124.55227388955878
123.18551806454369
122.26472332461859
120.80761401810798
120.16004935862952
121.16403178912685
119.42383804010234
118.86900108100608
119.26151001479865
119.38161990662387
118.28453321887115
118.75229800199975
119.22980448927044
121.28106210156892
124.68510100158325
125.4649685970534
128.08106787075099
131.60248792468497
132.1507834144512
136.06432627105596
138.6135625990254
140.0681553030413
140.57029881612237
140.16716120983432
139.01978524910783
136.7073321472867
133.36669139415187
131.7518279127981
128.3108981530617
125.50676272950342
123.23705868613592
120.29250288741467
117.54788183735769
114.80680977228788
114.88653026031905
114.3077468617857
116.03281987367153
120.36150535499385
124.69471142449659
128.14937404218935
132.25266719656764
137.9230511889486
140.7412100663002
145.58842238911242
144.97277309116419
145.2205423507533
145.9543215015943
146.45470728720943
145.62897586045094
145.15991163063214
145.8228127837448
146.3695818865656
145.18550896895948
145.91005386872536
146.61433156392613
146.37069568519993
146.17981283056497
146.4834325182574
147.22439211879401
147.4526654417754
148.14947501225015
149.91955090039278
153.60869071756204
157.6957499847681
162.46903120716416
166.4228511023895
169.48338110919659
174.63431568888342
177.25719414706958
177.8728809107158
177.92634776848885
179.22320063628868
180.5980007043069
180.31491426572603
179.80488717966853
181.57010406065478
182.06513192236298
183.02667662238457
184.58074086832838
184.36716902689741
184.92296290226056
186.48352002710465
188.42030856463063
187.87916726486407
190.99936534029027
192.53694307241943
195.0365883325183
197.45746419677366
200.42327150016527
202.75358615475145
205.22407408133603
209.9129920324721
213.23186953978814
215.9973504402553
216.1611097120245
217.6051026956951
215.20964956133332
215.239860467038
212.57158701457632
210.82501904792764
209.7831090987472
208.95173871951212
209.20848327694986
208.89446763512407
207.24919104656684
207.29761924810313
207.19186058952084
206.98133642549917
207.7986549753136
208.21346877094592
208.20519883735057
208.5209668792695
208.27539511267742
208.67544146802985
207.91900387479987
208.65636116378258
209.09819237719202
208.8954906409484
209.40134316408478
210.02916100970927
207.73509262740578
206.89710676089544
203.45890007825264
202.96870796355682
199.68430803486018
199.83181596993006
198.75985785422486
196.76413677012516
196.42123339115855
195.0371478492622
193.2396133259249
192.0817473829785
189.25906360795787
185.2145089063417
177.57175357137083
171.03636850589888
164.0592685159307
154.08011349892854
145.5700450304148
135.57334892871341
132.7975495261779
130.463637411332
131.14317625359712
129.9243594663151
130.23424398792505
129.65155508288225
129.68802935934352
128.96169777490945
128.03882368110408
126.5426650258929
123.76604847508331
120.12224297667971
119.03414311551171
116.5150421343822
116.89188282235568
116.72735388288628
117.35139735795153
118.30078707058742
120.83148808586665
121.95303238444085
122.7342660815176
125.93908187301366
125.16873544899315
128.22779973075765
129.07583685954057
131.0907214625486
130.94279074802228
131.16902329512328
130.35060096256788
128.14531275472584
124.28072442767674
121.66286963312001
120.15852551562593
117.96439224716356
116.63994965039441
113.9164421532016
110.97012704652481
111.37800952734626
110.86150801996747
109.23924441613018
109.42670700166616
109.37406205278484
109.30536270933541
108.13113295912842
108.90335854629072
107.25722230595946
105.60491322414097
104.88691544298848
103.87601065509163
103.44523919682881
103.78503817409121
102.67636573886897
102.81051083082566
102.86816696376765
103.13774999303365
103.32501035183982
