10
0
b
80.79815282492599
80.92642412693665
81.21839728079445
80.62881684190975
80.67090409532318
81.03420547576661
80.64810690556983
81.2878319732386
77.66818770853338
73.00600761504728
65.97342859652574
61.01669066843871
54.59006181390594
45.3564152415864
37.90961668528018
28.90417246295269
28.211742181014834
27.55103594224713
27.27182469795927
27.329805217368836
26.520190113549923
26.993951572289376
26.76596856512572
25.809313658416155
25.59614085814242
24.283604689659448
23.250877606310834
21.620892632688598
19.525847996480792
17.869224285920467
18.156329610729774
18.434093873786082
18.463463223581396
20.127426808870513
21.600284937781073
22.345744308867314
22.859790172896478
24.416508260834394
24.046519467862147
25.409982916233734
23.859127957821695
26.198151557820246
25.888499541554467
26.06697424654793
27.081472919370455
28.37349325338078
30.203839221332995
32.11904123232008
32.150494913337155
35.48673500447433
35.79860462083969
37.19234684861307
38.87069222216112
40.081281250077716
39.624307285631986
41.883299763881475
45.37633399781553
47.25158669782656
53.98506452448244
57.36952235531221
62.903297372557695
68.90229808516516
74.25355234181677
82.0284649051702
84.73613299912415
86.10560910961185
86.60010662760494
87.70116111733422
87.93943258372359
89.04434262472022
89.730135680498
90.45969388220837
91.31902979192182
91.24606307315781
93.30981512462893
94.52532180148954
95.31025310837518
97.48611243180481
97.62057891117672
98.24567506521853
101.48430626365274
105.70359753264539
109.74663940864133
113.61640245987375
119.35665036510305
128.67812098758702
136.14197304386062
143.6866465577218
144.27405473891537
142.6815314747718
143.09055853048434
143.2691728971465
142.3393296092999
143.0854362369791
143.04392007368577
143.3973583085415
143.8508546006865
142.67905200087674
143.25721582879044
143.2085102999816
144.00280688732323
144.1489040500401
145.73175303794434
145.97328677914237
146.0044611723358
147.97163766388906
150.63980757575692
153.39235942459814
155.77425484194515
159.8294834861666
161.3036012044505
165.01422090376863
168.4552749734495
170.09890207035468
170.15569618901725
170.66775718668956
169.46568182480425
167.7545064390254
166.6115919630466
165.82666485454956
163.45923716487843
163.12642179778695
162.54816415143537
162.952629463643
162.27132726552892
161.3474626460399
160.29912951690187
161.6802803885491
160.3442223562132
159.63380485679022
158.01127685732774
157.2345244245536
155.6910345257906
155.7279876814284
152.21258271606737
150.63298078050494
149.28861462289183
146.41761204784564
146.3120473930875
146.87792331310033
147.41767454531274
152.42555604405572
155.86093192875694
159.7293809628092
163.01519437761496
167.6165369559421
168.3523569244232
169.74465413089274
172.83421960658342
174.65051023273108
176.72846538758122
178.1692414449236
182.0693115750497
186.37077869242816
191.29431681564554
195.29301381836441
200.54862360638978
205.80178432253788
211.80485247044388
219.53839634881746
226.67948963475305
232.02938711796858
231.79885290741174
232.00737510492957
230.65295376177377
229.07639551995007
225.7087753395952
223.57592973452643
220.64409719766593
220.4371567879903
220.10437912228554
218.97573643993553
217.29761457368
217.96303218042283
217.56043484489294
217.0504906387192
217.1963116317809
218.0625416838712
218.61473602263544
219.6246160729205
221.16471054387068
221.9768597683765
221.6711788156835
223.2784509855413
225.24428191607925
224.86863950487634
224.98535224209283
225.32978153449363
224.0069217501899
224.4259817909508
222.56366120754055
222.84420505841166
219.66858794331142
219.85992022120854
218.04491610719975
217.85319772931376
215.60289422545705
214.18788796283835
213.57606249690284
212.7382638132348
216.35852575624384
222.00683527137127
228.2460067859051
233.30697506055895
238.77452951507476
244.13615896210516
252.32878503195516
261.0085149172397
268.5286293660359
274.82381595155846
277.7092360120972
276.5967612088852
268.98437833998713
257.63751600686174
239.57564237305206
228.44416915879674
212.9777826125285
189.09822592968936
170.37942096305622
155.8573596140447
158.49347034353912
161.03344808045094
162.06713143819198
162.31208845979785
162.25262026485206
163.14120323927932
161.60978618263712
161.54863678248435
162.98681504846095
163.4388973504728
162.42758704309543
163.34396426059982
162.6309209523338
161.82389924195368
161.79947192733536
161.36658977162503
160.98812254206007
159.0635685827774
156.45669606737962
153.621447460193
151.3803418375574
146.8461780315269
144.71588786454956
140.27706396848478
138.66336119830447
138.58052450811834
139.20189445227325
137.70758599413307
138.37061199143568
138.17990890631228
137.9886571913792
138.77424948431053
138.37235557563793
136.8812021626141
136.8342370493492
137.55433250513832
137.3974925321302
136.28549433804224
135.2233349990111
134.97068575363227
134.86778583422605
132.78768798061876
129.4698687196692
127.2424648797808
124.08552352033935
122.56748281657723
119.93771971877888
117.81574249145014
115.76853296823892
114.80231407069091
113.3251039020428
111.86377217289973
110.34021607664627
109.35350328759473
106.74504971470049
105.78167850321492
104.43708908578999
101.36994036680835
98.52278800195309
95.76743772310658
93.99891775616365
91.675059282752
90.94888673094708
90.85295500551034
91.37437740586694
90.28104049306268
90.77435994377494
91.04069129188096
