5
11
e
221.05389759547262
220.4120152713828
221.087986252281
221.0796560949993
220.2970150940465
221.16453079959052
221.56113963739267
220.21546884739442
212.73846679721962
202.90008620520956
187.72841691399927
176.78967698755855
163.81771977148443
149.72563251127912
137.87003880309715
118.33178296271383
104.28294795020953
93.4461457361182
91.42004484589518
91.86571474648505
94.51682849556092
99.74496358914861
105.3712432559966
109.35488223335462
114.48799503333329
115.10764906252808
115.98095781808051
117.30888669826625
116.03020465877471
118.36990575166436
117.90987545044307
119.88285332667654
120.01473798472158
120.5073876053006
122.18148416779626
124.25688106724078
125.43662731470518
127.0798199802677
129.2265084619098
132.82675474660206
134.52787762031215
137.30781731104577
137.1000739817005
136.26699237183175
135.61442034254313
134.26585495684512
131.9620653466574
130.96214396059557
130.35160459321403
128.41786378134398
128.80208903065156
126.63805812571617
126.69258992668661
125.72923308738119
124.75722702470021
125.27630550986032
124.77939617996519
124.2023539865844
122.50245972447416
122.15629962729311
121.47117379176143
120.38155474868113
119.28749291475077
116.05786375049753
112.40360059035476
110.50787453978633
108.91455247212794
110.70560640262657
114.7619482942354
124.36051566596478
136.77075455692756
145.3668154890923
155.2017752725989
163.47567345296045
168.6306733555828
177.58413887798525
183.4639293335972
190.31387935001155
194.4926705768904
198.9278805321649
207.33026326285338
214.91670518352092
226.6123005118931
233.61267416951964
243.9172984403287
257.3284428204738
269.4631924282999
287.980063932123
302.40049201204516
312.55335814515865
314.3563737671826
315.5940235341183
312.394597160128
308.162772635931
302.49390600150946
297.2244054938132
292.13244335324345
292.71459592360293
291.6391642101136
291.9324771855224
291.7620958999547
291.2710268752127
290.8477731343391
290.2582884211191
288.25685544051896
285.3979445951536
274.04166572880536
262.12351068334084
248.05484922852526
237.58907326887964
227.61250983807054
212.85765358211472
201.6308272126421
193.8679969216001
192.25332048230186
191.60357213304601
193.9910891098672
197.8410089122904
204.3900775634313
209.32687552963569
214.43372526437602
216.43485787853163
218.44439341922185
220.24083960908143
221.47301253945108
222.98993369644958
223.45919120076593
223.99415148869525
223.09418462559435
223.98059381663165
224.61053222107628
224.54205152553007
225.12259905897812
226.0646203389493
226.20581591514667
226.42101305155896
226.69348910455804
227.12393644797604
228.16668166359543
228.5242847611233
230.20287651424474
232.31463461718806
238.56083511007498
245.28326377609213
251.23272982364978
257.55329976042685
261.62856460072896
270.2668540951035
275.8593668460166
280.66700846445997
281.52810324591155
281.7279995795789
281.23685767513865
279.63652543953805
277.9873740006699
275.30222368966105
273.7222890640189
274.0092011344372
272.850434072065
271.4424341733267
269.2670624509235
268.3789680096033
267.41763780611166
267.32196749403425
271.89363104000665
280.51342111022433
290.78509730785845
298.6031176610533
307.2274798614165
315.48971607748007
323.7454997192945
335.7202582660239
344.0565449066588
352.2796383173418
352.90286028362345
352.8769963172753
350.6404546662496
347.494068952622
344.7673667603625
340.08297908238126
336.3254870160947
335.62887440095534
335.14171801083944
334.54342686480936
334.11240524584105
333.7029921485822
332.62356700442604
332.7132751923093
330.9185258445204
330.3916768472636
328.62817851198315
326.62997781261123
326.2284420986945
323.75989802023156
322.97694357425735
322.5801704507337
321.69383429353405
319.7736543858393
318.7856718905888
318.48860444669185
315.9111891797666
312.4249171173506
308.07307567838
304.3064297260112
299.6045034644975
294.45445997768326
289.6159333352836
280.75505783387
274.97904732170167
269.6569769985877
268.11754450000836
267.5479819097331
272.6377309850263
283.3796016227511
295.03550691094864
303.9830436596408
314.6399895332188
322.40055352746737
329.9748022591227
344.45267651292755
355.3467144179712
362.05650349570055
363.3270826605176
363.58286358764286
358.9824741381554
351.22790568657564
342.0320831244909
333.89019832929637
325.33626071447827
318.9949736801905
315.20577437064406
310.27392976140607
306.4688459647649
300.92605372512213
300.12286566482834
297.2994464867899
296.6105392602185
292.8629564735629
290.5924880366829
287.93281413978633
285.7601992205455
279.65761382336757
275.52821167457205
270.3953550400735
265.7749135727131
263.84878299163637
262.23653195863847
262.1057709212314
260.42379533944364
260.21475965984075
259.32621585199007
256.88992056660925
255.34479473231096
251.94425623213587
248.18017697996638
244.0497936036257
239.58328834030277
236.51407360696246
235.10608151837008
235.7519448938497
239.75265771530948
245.43349078805727
252.89269484168193
259.9070682491334
266.42565348623486
273.21542592482604
278.3917269376755
288.1519285414911
294.61015174752924
300.8195548048937
302.41473307683924
301.0667180554072
297.2051177859502
288.643479421103
277.2152468476649
268.66836026627703
257.93428684063184
250.61784045452472
244.67079780766994
234.50039352166675
229.21076352181254
223.9540585621245
221.81449631039422
222.61759760877717
222.23607491959984
221.4851002421709
221.48865270813192
222.5005730897918
