3
10
c
156.0439611280404
156.18938640771702
154.65184792885296
155.9643630590659
154.86770287059048
155.19380815576383
156.74718061551505
154.67840702455564
150.30190987223597
143.5196059862438
134.8015263340071
128.04541238155062
119.09080910158737
109.72684054284193
103.00521676104034
89.4247003898211
81.51462731973537
74.68590496550546
73.31686172438084
73.5801295308407
75.34604585437543
79.44539828850306
83.42233779763382
86.84409317829267
90.50028344246822
92.13166318826208
93.50925654837259
96.14455346662339
96.37069113830563
95.81150701910492
97.4265295946293
96.0920582599401
97.53267528093473
97.50868335397288
96.84236624339806
97.12793487863414
98.91313838943661
98.80986353274164
99.99922369756067
100.28876690304466
101.03340222884881
101.411466883201
101.73245188146741
101.18102900915677
101.44456272967713
101.0450261288235
100.97629558597508
101.58348568771926
101.10827799575583
101.17509546763327
100.64491004096185
101.02218892904243
100.27323645347718
101.18252273314333
101.04740983349656
101.40981865538866
100.63470822317592
102.22899086223232
100.61035315172558
101.8273489227449
100.9915610680624
101.7076378906431
100.0607052017441
99.77768717513277
98.86161323208592
98.77325597404692
97.58659825425435
98.02073144448131
100.20308519339832
102.88989324901965
106.71344547249656
110.59411355476634
113.4759473118003
118.18047099214827
122.12546042089274
127.56695806222983
127.96224844760623
127.99678293563242
127.40303965675479
128.504073866512
128.09805206452856
128.55798803884326
127.85464032073172
128.45197729861482
128.805644550329
129.11019641977558
128.6913246256407
128.6209297807937
128.10130882079548
128.70846252150216
129.6244120998051
129.61543913308037
131.07242937466663
132.50871861482523
141.87820055127344
149.79097662943337
161.56281595961315
168.31279880420502
176.85019625293174
186.66807450503504
195.46005796331679
200.8088025442549
203.27509197335218
201.97403032613488
200.83791930578352
199.6936966225093
196.9308375865195
194.72464447093188
191.6814763676456
192.1187846497405
191.49584195020432
191.98992457708385
193.348550746677
193.22100226732286
194.0309950917014
194.52758949402443
192.09745972987457
190.15455087011546
187.0358200917975
184.74679142995774
181.4015712375263
178.96307899732543
176.9836081574473
174.11244513528004
170.5718897085171
168.76801751243156
169.17761602752296
168.82141103029056
168.4864393860204
169.39986719547517
169.80428197537586
170.80535002374765
172.61406605236593
171.82374566570783
170.12851385577983
170.38346250784537
168.44776925551776
169.69217424766984
168.21470545159977
168.4479609693882
171.57350006308923
174.59253849932108
179.95626932363925
182.27818075626587
187.33571753675804
190.86733921885292
194.3369418186158
201.2456627499769
206.17872877037433
208.35051890306508
210.79881445602314
209.74870808996292
207.2861830999863
202.8399844850303
198.09015544362833
193.95815455111935
189.70281059965038
186.05371594911875
182.81633793045094
177.0346455732393
174.0749113136305
169.80751123576871
168.8782092538355
169.17602747916743
172.48088989988173
176.18221346857652
182.47015900464697
186.54294301602397
192.8151316869095
195.3892000429602
198.04395525723478
200.9280423642112
204.55677079127008
207.59478151812888
208.3957098724411
210.7211563004287
212.11263406360368
215.3316077641221
218.345268540086
222.13322516391972
224.0715403598628
229.0093686264582
233.8227238044546
240.79849822018207
245.22577368351403
248.96327739969018
249.13726307813783
249.50498087204454
248.11526870822766
245.52589972036748
242.71498616383718
240.8827663476616
238.24988493430638
236.44785592338974
234.52340180573506
232.04598087778612
230.68178263834108
228.38180366350502
228.63146392403883
228.35882158559906
230.1712967745135
232.61793884497305
238.516346024085
241.63595826511914
245.08308053889778
248.82716292904155
250.84137684682273
256.1653144702891
260.4674487863092
262.0954701660652
262.73534813951466
263.2356877881416
262.3618077110643
260.4146306741521
257.75440281623463
256.91659412998445
254.49191704269177
254.33857070728732
253.929644262092
254.62637545461283
254.90552585290095
254.62755699695046
253.45208224196375
253.87085760423273
251.62072544294347
249.35962479160597
245.28394634051824
242.08803392161255
237.6693081420151
231.66252376730318
228.3594378769733
222.4607133938274
220.17877740638423
220.09131015572186
219.8911297252855
218.86963712221583
218.76426801328623
218.1848685214685
218.46933165269144
217.78945736770498
216.04773852365915
215.40445558470898
214.29485464292378
213.05587178681932
213.09493380161985
211.93744639031274
211.65829646548616
211.31969309042714
210.13091914750535
209.78237946244585
208.07756945208976
207.59367330107148
206.14329619679935
205.86673809821056
203.59643103910688
202.59114399365205
200.82102886829563
200.05669098636835
200.83087327893062
199.22062936801132
201.17707194480417
200.34569417720706
200.92889970870533
202.28426374985867
201.73906055610072
203.04746143871043
203.07435967037944
203.82284256262983
204.1850884951198
205.68871722476703
205.55300377220996
204.64385883440582
202.57695058002844
198.58810700686024
194.57771203929406
191.38722492241493
186.31097919178345
182.97027966732992
179.0919366205255
175.43033164534384
171.19925172911852
169.63066480468964
167.75011917221923
167.5393291485417
168.06172691165511
167.60866157906796
168.09808009495674
169.2565813760519
