11
8
d
76.07336365829055
76.59474462713604
75.92622468809913
76.56503207045975
75.25818820079705
76.0728503145541
76.21616379746273
76.23963584530937
73.0469006563906
69.78591314517365
64.87607881199776
60.490101881292965
56.40120191150706
52.04359675786367
47.395113042178124
41.543989966673244
35.70054219016162
32.61789887947564
31.775347490903044
31.791176588163424
32.832367670410726
33.867625348237105
35.82576678376012
38.14929400044724
40.59527854632097
40.28116257949102
39.05626184346019
39.953984843031606
40.72832729039093
41.14030857071432
41.02400348717929
41.08573138377969
41.09658920437405
41.187953630678464
42.996191595871416
42.11030898879017
42.71434803452392
43.59905435378987
44.71708417044163
46.037529040090675
46.26450057237901
47.00080335949322
46.97399621247743
47.73381818050188
46.63612760683462
47.449970283358105
46.11919930986368
45.61467616611432
44.82801752434274
44.04346639587908
45.02598303473005
43.34033956168931
43.52533082369401
42.98547247393886
42.42783473714315
42.72700012861967
42.88290243319013
42.498862672193376
42.180405496221226
41.60437767041667
40.923853887106574
41.44062252854275
41.28288564039941
39.87697812819226
38.19138321500045
38.76495249406292
37.29004800949554
37.97464281844877
39.53131220869655
43.41404440940731
46.36175667291509
49.98081004030491
52.244224522058424
56.15499315289793
57.9484734074285
60.5768169376454
63.02220029080375
65.31358705613127
67.32320842202353
68.48872432241564
70.08021620624879
74.26079186877965
77.65823198454324
80.78701775515619
84.18025742982536
89.62353379794068
92.39709716870719
98.39218243078673
103.52701507472977
106.83143642639452
108.513188496779
108.72547153469486
107.05466822737276
106.2680091189746
103.65643350024123
103.01805783387613
101.32415599065315
101.20225922961274
101.23669073132444
100.27252744423981
101.15878572030108
101.12631877504185
100.30804957778103
100.20500617288661
99.23766805767582
98.47996944317676
93.98159972824746
90.12206983574492
85.57906502177467
82.1459634348902
78.05102317355865
72.95248105876382
70.43542913710088
66.94660326710726
66.04147490348144
66.54342111452114
66.14742860231692
68.21623683574983
70.35442369394912
72.42155208784226
74.10178153678329
73.83718032070257
75.71871911865237
76.03361932327437
76.5272098336826
76.33088477388252
76.93183801375268
76.84586419938587
77.6316842535729
78.06541773300754
76.90016536850476
77.43164797485875
78.1932720439135
77.7262926422244
78.24131684829685
78.21082370770633
78.28123952763923
78.56060806242893
79.44455726893119
78.43197734380813
79.63579078136782
80.00958546071834
82.49403183005326
84.46642501764482
86.6111845096586
89.20871724941865
90.95764752230244
93.00751821355684
95.16240279417664
97.06816875734174
97.6651455727103
97.34345764165325
96.86289011640343
96.0910160902613
95.39148104615512
95.40633447950297
94.22511584906765
94.70667304421052
93.84244030216777
92.618206586619
92.83072176205843
92.71470368384115
92.94652978011874
92.25415352780671
93.20143027359107
95.91740449301828
99.99454814330612
101.97012940676962
105.97861119414402
108.50439878595101
110.79601335770168
115.56103288841534
119.66230624041133
121.27242604667917
121.85174988914228
121.01492099265457
122.58808553053218
119.25782270861714
118.5026831022209
118.19658441354306
115.8817694133545
116.54756914546806
116.19925431409416
115.17225997131504
114.81544538935269
115.36786880758666
114.7750731876033
114.85327198394181
114.11988313136861
113.60940649145846
113.58819816276532
111.87556132619038
112.14473903861786
111.8970727609769
112.4764860353679
111.17846175835858
109.92135020027834
109.86194629715771
108.87900274835766
109.11110116454802
108.7757285724362
107.28685807447357
105.93813144790217
104.54846554880912
103.06658071967716
101.50250612796934
99.79432828287773
97.50055235764528
93.00999708067255
92.61564421068944
91.64004559786189
92.04768517575607
93.88491982664992
97.64334792027394
100.94473880297902
104.5007346446326
107.90101884727859
111.87590668963152
114.1426062937198
118.81990530609013
122.2053072852125
124.78969021608857
124.95384342815862
125.95671898260606
124.11832798011832
121.09884074547699
117.4596536702796
115.5693972665681
113.07100618765453
110.03043393905563
108.33248522329188
106.82029035224258
104.86872748391836
103.7603395072288
103.03751824763887
103.07818142194753
101.13526152474947
101.26248355606616
99.66735307330121
99.0115748725749
97.6879108934242
95.91521894981261
93.75166248259335
94.36145163207546
91.22409953833228
91.64819475105894
90.28160331494813
90.99949858111815
90.34076644442241
89.06136433477728
88.72590706806868
88.58063236914096
88.70632717953242
87.20092969053454
85.75680351785937
84.39871644417636
82.44763809215372
80.3264807653389
80.84639065694779
81.38069311289463
82.85003727555767
84.70386567633263
87.46419799978938
89.51098723060855
92.49921052815692
94.47716787446205
96.57482141614024
98.16753587655286
101.7321164397714
103.42661990329199
103.43295250370947
104.2274202955112
102.9728510201672
100.0967203033306
95.93898880591624
92.80412017352242
89.01957941030314
86.44677701724238
84.19266176616415
81.78555142342479
78.84831447537105
77.80779468906815
76.97588894355395
76.82752643284472
76.27022013825959
76.67247329655905
77.3446405734391
76.76855143913384
