6
10
c
69.12527971381239
68.50442684859907
67.94937792316087
68.00418641964501
68.39323454616196
68.07914356444145
68.7399795248413
68.24892161295331
65.44052652093892
61.23849204022347
55.51434926021759
51.96992634516729
46.61991154699219
38.091695905642524
33.30051630355172
25.038922619436782
24.40747480337614
22.86741670462894
24.00143323470278
23.422068823919446
22.85813553368083
21.43155912361548
22.886817118995427
22.282920486755042
22.244831034833133
20.847510220817906
20.173411786528703
18.34894469111326
17.115368484440122
15.92385397214922
16.07193769810955
15.344075934923474
16.86558204949318
17.220562383081198
17.821851326587595
19.26540823044899
20.529415802658367
19.438542037697527
19.98453830366334
20.930844766180094
21.14046525985375
20.601560876955975
21.81056609537873
22.22055858450574
23.48749861180844
23.731275972218008
26.042711918221706
27.631621714057918
28.813083875957997
29.83669070503227
30.129308483324376
31.322309594454126
33.188393459757954
34.10574048263153
34.21288813250205
35.59542903574511
36.94494071472524
41.07993826231426
45.27303848128981
47.85167886718971
53.05010275604631
58.778781052989274
62.89873442246023
68.88054860728985
71.44804643921911
72.75251725096567
73.7594005189592
74.79279351009086
74.95149296277796
75.49127004006658
76.91615670841735
76.95037801667071
77.45895794748269
77.57919485722485
79.06796711073808
79.42665833683712
81.05960792409482
82.33598080971693
81.91560461042253
83.72892336775064
86.41382986040784
89.09047346931631
94.21822296172625
97.06931631739307
100.76163545896397
108.9641547937564
115.66059867936838
122.15732601538534
121.3218594663918
121.17326002401799
121.32592531994979
121.19378148601646
121.55870609067217
121.27954560885642
121.57478002559431
121.09065845072854
121.60774257723354
121.23419917272795
121.78325226500353
122.25800697148432
121.86137080431259
121.82256091580162
123.02903205438147
123.70225074535523
124.7706553225993
124.87591334676588
128.09453575367402
129.33496577468816
132.61759899812373
134.400592486954
136.80467449490234
140.24229658205968
141.7396519616458
143.78660474465212
144.20257868692
144.50186224466364
143.657411152886
141.8557964507988
141.84433471992386
139.92958467494253
139.0760648119338
137.80541485715125
137.9747357950271
137.1206563831356
136.49075558112142
136.2503028857364
137.00034155321214
136.244639248289
136.4332919209696
135.35539367714512
134.4872498503975
133.73555277806165
132.1217587172321
131.22039044977168
129.47448940444662
127.4623436608629
125.64343758806325
123.73418784351139
124.07690143600331
124.42254029359242
125.90629060250419
128.9783875255439
132.03645517542856
134.6359543344639
139.09411781999157
140.82358883046294
141.88270605660236
144.8381402623093
145.80051891394578
148.8122111868341
149.2687728583898
149.9100940924179
154.59271174489965
157.34361291221967
161.2547298964704
164.779268570549
169.39122648884174
173.96328578087474
179.42846406581737
186.97586450031534
190.8993300069577
195.0699126833444
196.39235752065088
196.536300403406
195.0453414365785
193.728558777261
191.7075501432866
188.90830009574017
186.6356512046094
186.21281472945782
184.90030114288217
184.7990171085449
184.19849255610387
183.4445167984939
183.36839868673832
183.9425266236251
184.28714014871483
185.04907542369426
185.66339398552978
185.77536743104886
187.07525280858735
187.98055393471927
187.9212594520466
189.5350244824629
189.53506177177638
190.21621797472983
190.67949752627118
189.8103012350808
190.17603585660615
189.9062124722434
187.0663337241044
188.35742907524926
186.94076755595634
186.08365006683263
184.56745271766155
182.9909743315684
182.27353623668623
181.76003916091489
181.2221661955059
181.27253538785888
183.23069477552735
186.7882656004279
193.9167588770379
197.38758420472297
201.90926454351273
208.101097758455
212.4167744494834
221.22254627592375
226.69667395153132
231.98834447033212
234.7141853758308
234.5617847718036
228.1272018990802
217.6664317789314
203.523085942199
193.01357362104702
180.65391599220618
160.6359769255498
143.79030441707647
131.63932836437476
133.4125836810024
136.71010779091756
136.11497495443587
136.56456035107576
137.81202567945667
138.00192640381886
136.65674619078035
136.89476047933977
137.3384129297848
138.65266050538122
138.79177365618366
138.11100444431972
138.59458551601986
138.24450898704805
135.47519465267067
137.82100160284304
134.99314102573632
134.8754790793332
132.47245176546716
130.47509054829487
126.80210839786913
124.581722366229
122.00429975007648
118.12135537587663
118.20524181173377
117.67750222854315
116.77549515291588
117.42939707714324
117.10114109881293
116.88824025607178
117.1206947394719
117.23592647154412
115.94935302501318
116.38957302923617
116.58224186328363
115.51204518674763
115.58658107043615
115.17029216002494
116.047613695079
114.70528821296497
113.05488269040221
113.18883407866731
109.75929859296939
107.41773318805197
105.73414846555023
103.06717179026475
102.1913135226982
100.38200845878262
98.93206102805954
96.72197592993588
95.30369838736996
94.34624936647569
93.58109572920763
93.03879845828133
91.09221754145042
89.3790102661835
88.09938532126482
85.23015337985458
83.71035165810544
81.02968907173866
79.91945854362376
77.24032547919055
77.02177567365483
76.75992802123986
77.25628758534668
76.29321492613019
77.87223003168192
77.65811856468221
