0
8
e
239.65039349910438
239.24968453689849
238.76219446074617
238.9698887840093
239.4027982180083
239.40901576767496
239.1326623414396
238.74825668048862
234.288139730771
228.65826706218823
220.72650998787051
215.83147993854425
207.74597328172914
199.41985585836727
192.658243970105
182.80887243117516
179.48978134929723
175.82446914168165
174.77637565741688
172.91222213670866
171.32799170456875
171.4959425569319
169.384065539048
169.0097329814954
167.73458351057897
164.81784924585938
162.55013118692497
158.02593906888322
156.53323161327117
153.88227057762197
153.11818652164573
152.2848574505575
150.72535609465143
148.65788950679263
146.49597339567077
144.16737034238415
142.41802565698828
138.75715556812102
137.6171809622759
131.81665012373008
128.9505030280681
126.00362142134679
125.63375879374878
125.23860274201002
126.20165947161445
127.2711179872233
129.8671436533199
130.9717796164821
133.51275874039507
134.37298483472009
133.64839583140315
134.5494691820694
134.86123807631813
136.179034548544
135.89124424956097
137.410939119597
137.8759597048485
137.47260151854456
139.73332077259593
141.0122269940637
143.06121424543784
143.7889754696831
144.18649087035095
146.22737002307784
146.8244211695761
147.21209761841516
148.4400247809952
149.57151392879078
151.92082469812698
153.46597892987347
156.16851942387729
158.43006719430406
161.30192337402943
164.4446110620843
166.32499781615672
167.9191659763962
168.99288469955724
172.5663681463834
174.10614801063116
174.97788562811158
178.65996360810468
182.5738569942029
187.55849773238933
191.7210719395039
195.32953086116106
199.38649520622275
205.50180761499186
208.85858233447172
212.81823778999788
218.17240068418465
218.62353841155104
221.33148340936853
225.0064008058267
229.4265366537829
233.50078628857966
237.32299949072
242.30295208053064
248.34795882204943
253.4715172646142
260.15018532611566
264.5829885852143
270.2408464760954
270.6358260330183
272.31055290558805
275.40182262445893
277.39423425971603
280.87340857941956
281.7311759760818
284.7059345034154
291.10084306290264
296.81499114182736
303.09197637213185
306.80036363977257
306.5683247001202
307.38750750949
307.5674126012622
308.83931466877146
308.3126179149797
309.2304049700538
309.5153039981202
310.2981537268925
311.931424965305
312.9612305626332
316.0270944951842
317.25040075774933
317.3218086590114
317.7880343237888
317.83765462642543
319.0631746904961
317.8516364881631
316.1728018901482
314.233903661259
313.50458689709814
312.0354997288738
311.49509675064314
309.94296298799424
308.1914993274888
307.673107079226
306.34249652543986
307.1183263073159
308.11208066091365
310.93637960538564
314.52699149227533
315.4849885336964
319.46047459408135
321.4416224787503
323.2506651874739
327.03436336954144
329.1500153128511
331.2301589767212
331.9753258268404
331.1985970759455
331.3551684681959
330.73364925506667
330.1072543404194
328.8697711409152
327.9860003652746
328.4630172524949
329.1044902070886
329.2052084221626
328.6436941639715
329.0496894911812
329.3782809400582
329.77002022148054
329.3832465455301
327.18363970185385
326.84423471308526
326.2381123734839
325.4653505193447
324.37072921162843
324.8733607845645
324.23709847980405
323.9817378452662
322.45570304713124
322.25122369896167
321.2953100381186
321.1085978628621
319.84195649600554
319.50956892779715
317.17801400503424
316.2368140861616
314.0237493513127
312.18184745261595
312.38178642910435
309.8099647449592
308.8279382413173
308.51537463918737
308.1921033110335
308.44047383655777
307.830797805206
307.24267096684036
307.3944276002461
306.81409858513626
307.1851097916566
306.44426439562017
304.9552542816889
303.43817260832145
303.5455418388999
303.42842053984583
303.4748284752776
302.48131823430367
302.3045613511785
302.08638257073875
301.97147475122347
300.42029783651356
300.1179500840547
298.8021221662775
297.5805644108634
296.6085470314636
296.07485030106
296.1989813949551
296.5036958534959
296.66921709827534
296.9797477654065
299.35837099067675
299.7041385830673
301.05267245581274
301.5597062345944
302.8280325612177
304.08920412889125
304.07168997575474
304.989811768999
304.7110895414396
305.87886183061227
304.9956710881354
303.8920472245991
303.98720562819784
304.9951455684575
304.6728313394674
303.50784645353014
303.7489052038237
302.33399075764163
301.80720827624134
301.99551320611516
301.2624379091637
302.0325899957521
302.7229649132439
305.2413232304147
309.9059558430375
312.7943021857538
315.9721728160963
320.91249697893073
323.52235313826816
329.09524650502965
329.7452492483205
330.8002341802149
331.39726094416955
330.9865980350396
331.4312388094896
331.333880689697
331.89200212994297
331.3230694159519
331.7478441175368
332.4741915030889
333.21973653549816
334.93422843621323
335.17700956757096
336.39894932965393
337.88038028491366
336.50471458918815
336.78900438102073
334.49554599884857
332.2216840372695
330.88739762447716
328.42695512744126
327.7871037468939
326.86576844292165
326.26306718891215
325.41261225378236
324.15670464334846
323.2672129627475
322.13087204163526
320.27122069589046
317.47085741233104
312.73955610160965
308.374227865202
302.9850489494475
299.2221913987702
294.77627861931677
288.34792545174867
284.8809957906974
281.7959569741056
280.17246300230806
281.05812879376754
280.94964825637805
281.20869432144946
280.1584123806156
280.0691890643263
