10
9
d
63.29531357399086
63.286822743496366
62.219275137089745
62.706824080116604
62.72109084898466
62.011899179419444
62.91441105016626
62.736206229571536
59.468890637892216
56.60132467991785
51.03531052353614
48.192801375161814
43.916515237285616
36.8763905428079
31.766026555960682
23.99670800919823
24.91993618143286
25.14411519863458
25.042312082736707
24.386252529739227
23.855979464063235
24.628109875634916
24.908426730733424
25.149168468409112
23.935079551747844
24.031768631985937
22.339056326513642
22.394939307443146
20.37899872159323
21.3716782775602
20.992593707891736
21.785396630142202
21.750103483105086
22.201083147542825
21.551232384186072
22.244808055370953
22.222995083247792
22.204221094858482
21.89771577033834
22.018429500267313
22.654828246089426
22.83452199329348
23.410665764868572
23.229861277631457
22.069479038491338
20.840692897448942
17.711685455555738
16.329089003680526
15.458732964931944
12.59831853096002
13.026370561473536
9.258352927813661
7.2017363354181025
5.374189736744674
3.840294788877464
4.132285221425547
5.1538848798765144
8.024102762265164
11.4144128193213
13.625409692296222
16.202152728517596
18.480205995649968
20.779432830245185
23.270875442768045
25.73255411887388
28.19259006875031
28.00871994892407
28.718994354873896
27.48844250635992
27.367890564020147
24.802925217499418
23.477705726973433
24.25540599974753
23.139801151294684
22.76071686308319
20.907914572970203
21.20682311627781
20.577999781577066
22.006549486587133
21.171141089310503
21.505785775412143
22.017849399573006
22.790425382720024
24.029851880425237
24.149141304761756
25.017191575953344
25.53537925145017
25.78693527842546
25.957819445957217
26.828251491648395
27.419673377233075
27.37286277131311
28.39842989863391
29.848597376401575
31.80581887268578
33.111725314920626
34.541605472713734
35.11527501004853
37.376915990994206
39.934282464629376
41.821074569018045
43.932269899215584
44.54423629080531
44.43395990262397
43.41950184587491
42.510174410576454
40.849668336211735
39.604989738072106
38.785261134682536
38.24206567263674
36.645201714446216
35.622714812161455
35.88220849103511
34.14739150973843
33.954679354620275
34.19290888633412
34.74428993040857
35.792402735785444
35.76271451120703
36.03963638957566
37.57833128581946
36.972759542960375
36.86598240068072
37.52690280254026
36.81712886638016
37.43572923531716
37.617588463002555
38.157670678629756
38.60529597133786
40.27465582100966
43.01151908721887
45.663596384012564
49.74654702139549
53.579131081528544
55.05668550555103
58.837303395188485
61.10019532649919
62.29811966419192
62.768111288827285
63.67025144020407
64.18615185856763
63.30461383048186
63.948256437891246
65.19274626769003
66.1637011615957
66.50572598612975
68.31552519340642
66.94880502909001
67.60515249594378
68.96035657225333
70.19353574496553
70.32933383528055
73.39720993763251
75.7577442215595
84.25091083804982
89.70669603854704
96.57858881564354
104.24124136684003
109.94137677539233
121.31809965646823
129.65250866147667
135.367476213328
135.9858856052645
136.90187755230332
132.13054784645414
127.02571580487587
119.53425203467091
113.97842094693301
106.7373334983429
98.69541843103683
92.1351608501987
86.98211328690026
87.28506323564937
87.95670883935753
89.08434394670532
88.4449007813754
88.96820311134876
89.26862232713782
88.31410925332685
88.24919594398372
90.3981092368346
89.25079607347863
88.46076784254223
86.5591027814332
87.23054887057049
84.98522473697172
85.62411591622877
84.6221414212942
87.0573042617418
89.8687987906857
96.17349388694203
97.69515152072628
102.71949669859897
104.93319372789664
107.7635801349857
110.5974511982185
114.3173096470196
116.49685050647055
117.68448071020714
118.68487788634238
120.7801109015682
121.50505341800375
124.7086903766421
126.30084957286427
127.47981832533246
131.54740671288354
134.88736594589437
140.39022227212607
144.57727128314028
148.38017678240007
149.04866969630288
149.06808938788578
145.34331357920934
138.70579212026007
131.09532612473603
124.6041794771755
116.91594817880281
110.4252891312431
105.42255179347701
98.24434236785228
93.39949702617183
90.39297816171944
89.50290514030418
87.66831991514894
84.6877156852061
83.83245579132625
81.99966318823766
81.248225121364
78.19603970704543
74.2695927454873
70.73986090379002
65.02638707040806
60.99217840285032
58.157379835003596
56.59024410013324
57.6392347976265
59.544107839114
59.73370511468869
60.7516546912711
63.119300752166474
64.59315396904597
64.51462778119786
65.84886464609527
66.2409354257978
66.63786775256935
68.16388845951462
67.91521620065664
68.44638116017059
66.60908054521677
64.7776918492438
62.019136050534335
61.31520438472005
59.92392578747555
57.40584522673962
55.5939139364197
53.603787240218296
51.84386503118947
51.569638303337605
52.395647050422696
50.07637669466802
50.19950460803515
50.426724411217485
49.417930377728986
48.21538933017089
48.009951962814434
47.2867340021937
46.34616925776042
43.60106413789695
42.25167796872628
40.93128614309861
39.92813330400736
40.94207537283093
41.6860146208147
44.52547824214549
46.90223679648733
49.40579988579599
50.53485820880537
52.397424004093516
54.31994990544195
56.36297452760728
58.06715550624203
58.68966281253383
59.859508818247754
60.489587283174394
59.905997128362465
59.36413127763212
58.8616067746136
59.81650043422143
