11
9
b
162.29659991085583
163.6986026270868
162.70218014056175
161.94275360404094
162.48021542284295
162.4717102485839
162.7896558779802
162.63546789444163
155.84474595685788
147.51068494954842
134.27560090047012
125.79723598714341
116.14081403864287
95.77350048545206
81.71689586753476
66.21354551921756
65.54920964664666
64.36860629283194
64.67804820377154
64.42935707604724
63.90259962251039
64.9407659826559
64.10008442102786
64.90526793012528
64.04847023507887
62.85791110484181
60.12343107805199
58.36148834655099
57.02172822928649
55.268387884933695
55.032420676931025
54.17646272384082
54.24589618362847
55.54739529036492
56.4230023675333
56.76200824356484
56.77145428024708
57.23535729869748
56.70411036008907
58.7359197154718
59.30863757144283
59.97911360459789
61.26074820598517
60.99843092730173
57.14665171213369
53.45586913375073
47.77538503622436
43.34241905008875
39.22554556315406
34.343334385858135
28.449192107684595
22.243228114947147
16.53019940226317
11.413269249134155
11.137718848028843
12.08761718209169
15.081643904351946
20.80267070473569
27.967611002627155
35.42627844460532
42.56947645219324
48.45216572813972
53.66952454169027
62.40385847958409
68.26892662505932
70.77463474833871
73.0810927757276
72.26408058375387
71.47073214772473
69.93083079374405
66.0272554802988
63.4555078062364
60.64386816121485
59.789549319867035
58.36694482239671
57.9178417610092
56.310287857937816
55.30674880493061
54.00228061014636
54.385583916746754
56.09077527380586
57.01437408254859
59.980251086601356
63.07371469078952
65.02543006143873
66.69530728697994
65.82214079644616
68.6363326402233
69.03814403633963
69.10373668507633
70.43594958622616
71.99641348610876
74.00765211403319
77.81347937120647
81.8887107754727
85.20825643810554
90.09920057910503
94.12507767744466
98.04493611785192
104.47016327682182
109.35732884909558
114.21885558590604
114.93848647218456
114.19564415971455
112.95243093718726
110.51638780728499
106.16546574146463
104.03745809153111
100.60970188081201
98.88688320948724
95.87641476330313
93.76195054508379
91.72007249025448
89.93711639334813
89.71052810037932
89.73610074807635
89.94673348962435
91.3663076747735
93.1924825180779
95.50024727346562
96.66858486905465
96.74103644463996
96.52264232790786
97.25861124047917
96.50165346413893
98.19050388651658
98.08954568785872
99.7975046048085
100.17836730021595
102.5469108358692
111.11924276702335
118.98482986510619
128.07863946936726
136.34917551519797
144.1682016286686
151.79943736707088
159.2998498993347
161.52972102320982
162.70131996334885
163.62333535817567
165.3370527151525
166.6373490644665
168.40073133888802
169.67788042041116
172.2917872635868
173.2322396090207
174.7335502577856
175.44564802225267
177.22940313609175
178.34822732064643
181.12621607485872
183.61302244700528
190.5480673653124
198.07172866110264
219.26334408527637
233.85398879241293
254.07374179342025
270.73371833565255
289.08933959651165
315.27266453601146
335.28957399777585
351.07786531279294
354.61106344045436
354.58437705954543
345.71813843458415
331.19757758815996
310.85603820812577
296.02490051251743
278.4638789601096
257.2335732089264
238.70767062034287
226.02978531778012
229.5841500198146
230.6883368491344
230.20636309854316
231.1213336497903
232.40666695219096
233.13011379901113
231.61416906404324
231.4159859061092
232.21202006529083
230.46532093321346
228.84367486346343
226.30189824849475
223.46028410022228
220.58695712375948
220.0967346980888
221.28986587894659
225.49825425319716
233.5664417434788
245.75901842744415
254.40354130489513
264.91236577520306
273.60608504102237
280.48654703301133
289.1419841507044
296.91097218336796
304.44103166343115
305.68574117889244
308.42412284348086
312.6511450350308
317.1049632343428
322.41263346460545
326.1165193609523
332.54725062250094
340.20908215073496
351.1082442318246
365.7999158213306
376.67197271400346
384.38313626544897
387.63563915308004
387.652988560708
378.3362006705556
361.5105486369515
339.1416167164631
323.33567432670753
304.00607627263935
287.16838273827244
273.9677259596952
257.4640157202048
243.6231725439708
234.33748158613034
231.63994958700727
228.63871169962957
223.27226942151248
220.1742998597904
214.36562987440806
208.98594751851056
204.00525396908347
194.33579578384501
185.25110593060523
170.25293296174792
159.76231785143838
151.1445751616745
149.54152870863663
150.33931308598787
152.62313661846244
155.09258310030694
159.7140882760671
163.10411197526133
168.18373157006022
169.3701252653517
171.10383497974695
171.64121843756664
173.3069289799558
176.1736367834138
176.31203028098906
177.65019202908059
173.4240101480263
169.41446143798362
163.92454426806597
159.8169304027574
154.41578619550518
148.795071166415
144.93223803119594
139.45895223324382
135.18299760410764
133.13248143536907
132.38271829557786
132.21343540660786
130.28493468318698
129.10966380884278
128.12390660615304
126.37898908322825
124.69562191237215
121.37422534387659
119.02022448066975
113.84818411322715
110.61508272057245
108.15723098055366
106.09960605491813
106.67342801495192
109.1524533490671
114.69581314373733
121.78663999577898
126.8040532092763
132.20971528262825
137.1205056681683
141.2271410847934
146.9359326764589
151.03907288922127
153.49308128931222
154.15551486105107
153.39056493385544
154.6918072128804
154.47973625095247
153.5304414718061
153.63387733809054
