6
4
b
47.216833808212904
47.243486181196566
46.92250753013983
47.46467767580978
47.52987577529472
47.146611962860824
47.728669096606055
46.836613988738975
45.91198651978165
42.65748312475038
37.552333592524526
34.819424885039204
31.502062714896166
26.93963673274829
22.303944643767178
17.47461357100982
16.929517630818978
15.648517216773808
16.004209536456234
14.90433605254855
15.347421707484727
15.609595388507389
15.08987964100089
15.715594116755335
14.80011814059587
14.521416476770254
13.303079313391994
12.366038789171004
11.410814953524746
11.228231182088251
10.365259427303902
10.606480375311929
11.738719841619677
11.534892961527836
12.460404503679943
13.303915833991196
13.815281127148813
13.545450534931076
14.374722499542434
14.198785131480602
14.269500369460072
15.272217501349637
14.57778598002958
15.50760032635731
16.638812359939948
15.733790809035181
17.66073086420088
18.632433374098245
20.030496713518893
20.488692496390737
21.83237453145765
22.037855443397383
21.65571036515
23.758615000570103
23.468358536932026
24.927553786311474
25.60304007997155
27.751975295476562
31.584691802074627
33.54767194254136
36.891285798840116
39.87637051718363
43.921072439361765
47.66550670029042
49.57530141478299
50.53602603726491
51.12514690477994
51.555295904455434
52.79901224001419
52.796929168960666
51.869166921025645
53.16656948519847
52.668577285522545
53.788137365106394
55.353968426503066
55.38590442270114
56.47435579580647
57.231612093543674
57.38176658910825
58.80635194286689
59.60468815228968
62.73709653279552
64.77380328396364
67.02199403077054
69.75486516606296
74.82620819230664
80.44394502793371
85.11396485289706
84.34065352950023
83.72632116689945
83.7434469050684
83.9500588097415
83.6202342270898
85.26570355376843
83.77797483083226
84.76956483674672
83.98462701213141
84.66653491869918
83.29277179641413
83.95690894832728
84.88775622524435
84.64531813388551
84.57229028423353
84.96632161616428
85.27715896403559
86.40956678390262
89.02097908454513
90.49454208654284
91.15555545237528
94.17612229742062
94.13024468522975
97.20751689929696
98.91141470878802
99.48303801782343
100.74761368141691
99.94954662582249
99.44134375323816
98.83079873058608
97.39657891468681
96.91012894187747
96.17520915444142
95.2219880590285
95.61322263051868
96.00486398756037
95.00133432110489
94.42472238183271
94.79651613264303
94.52893190034482
93.67838375596045
92.99696125677153
92.7552216995125
91.59653148465904
91.62838994839272
90.50787612612714
89.55519931779442
87.85151742343804
87.34284942698902
85.9912608544038
86.39673327859587
85.70427626032205
87.72912904197835
89.04153851321418
92.26852486342774
93.64996330945772
96.3909251142778
97.51342223752664
99.60287561597137
99.59146429527857
100.83145246793498
102.71008325513776
103.78340554248416
104.26148237886224
105.79585579370575
108.6040717285996
112.02933186020942
114.67634726680203
116.69090883368943
121.43072936924108
123.89187487495109
129.1690668413355
133.5455483508671
134.5137494609983
135.74859898772496
136.23447741378212
135.88923207516626
133.81208043197674
132.27574124226078
131.45980339270167
129.0470505533234
129.2934882845107
128.8397899322859
128.34114232413654
127.52227501371434
128.37765726713977
126.94550881953514
127.77277112874857
128.24204391747003
128.67932481112794
128.57851120764917
127.90750292080975
128.573902742352
130.5150085272599
130.61544564978215
130.19801017576452
130.5161357893688
132.56995693840506
132.18170254457394
131.83481151255015
131.71054805874726
131.9416446133521
130.19196150642264
130.21948311799235
128.40440794895036
130.60850774966414
127.87681327548869
127.59822506587938
125.93270337307558
125.72368908526772
125.16486306191153
124.99735671615895
127.08959067009138
129.4181463863456
134.12891411308752
136.09556233954578
140.85844329713268
143.8936020842118
147.41738448689566
153.53428133110893
156.8955519090285
161.59069791845042
162.9526078701317
160.79604167492448
157.3059575870233
150.58987630336702
142.08309639626245
133.22988494911488
123.77066910203989
110.64207133659477
99.64156186998174
90.87827951215814
92.46212128245092
93.70185106023665
94.30892182022417
95.31854654781004
96.55014278223389
94.68280206085791
95.3752490047684
95.65570148581337
95.37740380015256
95.61455615323491
96.05610373578587
95.84236200470693
95.47480119355671
95.02252818799356
94.96050960484543
95.46640880471831
94.80763746258852
93.34206879171543
91.88804832066882
90.85625977010488
87.17838184758186
86.05557857307448
84.12173098680738
81.71230658294242
81.7663937187277
80.88099192732936
80.97343800294584
81.29637430998359
81.69452486056642
81.21656118329555
80.2842877906482
80.9911445190295
81.18165322237782
80.68735029504599
80.40231047561792
80.48911390904577
80.27524424232743
79.37542294903464
79.52796101393345
79.33433494727014
78.91450019743466
77.13002708698696
74.43586025315325
74.95028775849153
73.35328668734985
72.16257174008881
70.54999505590776
69.67270447965318
67.89276105788969
65.8759384343371
66.2908857284751
65.67448863686218
65.20676196877872
63.55886343506998
62.325086762103666
62.73292821945152
60.921870655461454
59.901233303870775
58.41206809598541
55.86259626163788
54.83077698440434
53.63378354188433
54.59412826006397
53.24394368172833
52.204500992352095
54.09433655425187
53.36566806011245
53.50200780920236
