4
7
d
50.61410060274732
50.919916190155725
51.07200072757235
51.23062988629833
51.03667562791984
50.50449997760268
50.89657395003659
50.32823365011634
47.656549382946444
44.661849632347945
38.89580894312784
35.45673284139261
31.317386605150517
27.070874146206965
21.251629428950555
14.450834984334266
11.276729609243542
7.48266554275252
7.583032013300271
6.843782382347847
7.203638377965812
9.219394920196383
10.810614563926485
10.759898273516706
13.437439206280384
13.136881690041827
12.176746463233528
12.406459832658115
12.339912796070175
12.595320455030988
10.914145911329339
11.86824983679294
12.816760353585245
14.492007560449515
15.348255849248964
16.919434505521476
16.952385091381164
20.420471911275154
19.774673917593418
21.34851330407032
23.906490626847308
24.299542548835017
25.45147621286666
25.057028917898954
23.35113251915159
22.94666851558487
22.466783906887542
22.22003669973704
20.57434893293412
21.015035739917604
19.790844201377567
18.262386857125378
15.73362963352542
15.138978555084138
13.806557282654554
14.39747867951932
18.30931389105517
22.67560568814681
30.227320241712412
35.68631745361717
42.25584497541513
50.47789606814932
58.04809533629898
67.24726788034768
67.88388328336552
68.85996326998189
69.08584544228833
68.5328739957407
68.83578709323746
69.36590367176619
70.27942865217048
69.50671152397706
70.12227817406907
70.80918874454292
71.34688469211558
72.73361734369476
73.1347823771462
73.7903824769408
75.09363448435967
74.95215981990108
75.85482049366273
78.77527099364112
80.91645860284419
82.92899423557026
86.11900209864211
89.1244415782002
91.83440219577886
96.14474807874547
99.11241247189707
99.80511079556179
100.82513863408258
102.31396708260345
100.69561946813474
100.21767606654441
99.85131100809942
98.6938314702012
98.22236203267903
98.00036885595803
97.36546180231674
96.18783553040285
96.38347399338065
96.46271797253972
95.9149776118556
96.60993411701035
96.89524619733537
98.60821989936835
101.02908760638178
101.65670200731647
103.98845232039204
105.95337948427053
107.7602963580408
109.05930867207812
112.4491806299999
113.26606113572325
114.3091804055671
114.26115910553905
112.53538683361722
110.9386345676575
107.97101694838378
106.65798546962199
104.59140646039944
102.26109900304522
101.28587156786152
97.22929321618145
96.37101855755526
93.73438044468043
92.99687258451324
93.08567813191124
95.17647922845774
97.95687531519563
101.43488009604144
104.7975382166568
106.847952923217
112.40038044244655
114.18098613808618
117.16949795994644
118.79219909321954
118.57170624686486
119.13193115550038
118.49456469595341
117.22454834844109
118.68541488039028
119.13917570255019
118.96267488211032
118.74595046961167
118.33162171525791
118.78138762455409
118.70898800271524
118.22079574462322
118.97017127585256
119.64883654655551
119.60061849908436
121.13698220171128
122.63007459532888
124.60264320603451
127.87281201993191
131.70723717852792
135.14051682601487
137.87124845862556
141.32166439349797
144.19275421039757
145.2712639924809
145.2134906890973
145.48955694157826
146.4432582456904
146.1036136731907
146.48329845528679
146.60900665277734
148.5183708969211
148.76223056925264
150.30797869408363
150.55799245184724
150.47181757317142
152.18034241523716
151.9389767193477
153.58570719465226
154.70214297838595
156.76792633146593
159.5195117649079
159.66372277746802
161.18150777745234
164.38885321030523
167.56818786244133
170.84357665414097
172.62111273883343
175.3767611560451
176.19837869059614
176.09479552890681
175.66226210169117
174.43089950065968
173.552967538493
172.06165018458523
170.44281497506046
169.73509180347818
169.48121486267067
169.39720045584775
169.02465923498178
168.99768678758932
168.50283100674875
168.8835562779378
167.98146093376818
168.41037750515488
169.34121962500214
169.46023957383278
168.39719222231685
168.8202185880912
169.16924634462217
170.01129062599335
169.51525423068247
170.57224758141118
170.66857552161372
169.0322028022103
170.00248770927618
168.18600701915912
165.6449158309471
165.0324125113698
162.2926083536428
161.52275713833475
160.27515139001284
159.00842816150714
159.8270988195362
158.31270395303451
158.2134928097581
157.0628330877344
154.14519884601205
150.97197988573365
144.21149068249903
139.51207574474128
133.31384973416414
124.39678224333183
118.87995552041006
109.82540193807743
107.91932512693911
106.33814562651338
106.78200600411607
105.86078954187292
104.82039217167747
105.01080829479339
104.81313531962265
104.17612055360665
104.56811618654477
101.74056670871035
100.34534765436497
97.87049667205896
96.1818099316125
94.72745473419255
94.17576815714077
94.24442448949412
95.03567451638379
97.5352666635621
98.21064691475192
99.86368777974417
100.87781326830353
102.22549324374413
102.24459537976742
104.09308187656147
104.63771602722629
105.69156107849935
106.37063198055306
105.68613966929401
105.44486487826428
104.33916074312553
100.46100645315454
100.30151248282766
96.71376622050677
95.18625486053303
92.63579201785753
91.77447179591057
90.45078673995069
89.74878204846215
89.81866685945543
89.82707940396799
89.83468231942392
89.24464982628014
88.4598251182783
87.69991831136193
87.51993019301061
87.61369961007532
86.64955568131585
85.15142005779708
84.82645228047774
84.28823200817182
83.56773750820163
83.79716135880545
83.89648802010615
84.46714395793721
83.54534870691464
84.0656111142439
