5
7
b
177.0618954528128
177.56505568528127
177.5947279189553
177.61934285599185
176.25534583211598
177.69157099808942
177.40655722527882
176.50581409948137
171.44912157747692
163.29807074423175
152.86893710692482
145.5701504357406
136.01536166180938
125.35473372707058
116.69301882339529
102.758302894266
92.92335248043287
84.9158565196998
83.32216337300746
83.73106442162154
85.34979869154367
89.7140766978566
94.82705533101893
100.00470556653013
102.45880075323583
104.60194752723352
106.09718493347854
107.90536253782024
109.7961536032179
111.17550176373244
111.01605902800947
111.36768152202868
110.93432244584031
110.41827776038984
111.16979094365128
112.69798204020339
111.90661591071343
113.39986857322585
115.08329883134292
113.74332482257763
115.3544217872778
115.16881070340276
116.26678365633413
116.91980943167515
116.63682050233938
115.9146709990169
114.88798913631057
115.12579987741799
114.99144755892736
114.84041862593429
115.56132659041916
114.91168988089139
115.19936838972131
115.0050740204514
114.99017460308673
114.78810082082839
115.15118069706571
115.7996379971896
115.07028570427406
114.54272519415413
114.6326162932923
114.48195737005658
114.27263164385617
113.53404488229522
112.40079893962286
111.86283808124777
111.95988827418677
111.54003007692843
114.09677411819014
117.9525796540117
122.03806094641973
125.27960993759088
130.38425403711105
135.31445449931797
139.67967654844162
144.75153283938727
145.87037038520683
145.01907239156102
145.39822764980633
145.56496781071868
146.30674843930845
146.4565095828931
146.45487146555638
147.3150576119947
147.3136590097592
146.96997456847416
146.5973636922572
147.0675100771991
146.2979323531895
146.5453019686177
147.52348267281056
147.10516644320464
150.1300505747916
150.92467033428832
161.80249525039687
172.0724954507294
184.4118927514497
192.16610514107833
200.83274646422657
213.2439836342406
221.7577203166307
229.504653635819
229.92796273989134
230.0716245991669
228.99300888486653
227.32628020227384
223.2206159601012
220.80074959557598
217.8029754820168
220.02649699652073
219.09265700538143
219.6293155299099
220.60450429594394
220.4436013829446
220.280359396902
220.73690031974436
219.90384755212926
215.93030242720926
212.70336058258977
210.20618644152427
206.12930207615352
204.6353375277232
201.3576895940067
196.53768711231461
194.24114467571712
192.44026216960296
191.2916145728679
191.29115371213325
191.2817154891476
192.86611696947134
193.944459798754
194.49692098428247
194.79521486186
195.66888555916628
195.15427651712054
193.9037262280331
193.2077831101891
192.7308926175669
192.1916311302938
192.06315449210877
195.08728921308423
198.09367150146593
204.23792472467517
206.86399744914652
212.661264075543
216.93649059985304
220.74366113499778
228.8991401207108
234.59881387124568
238.6057161066585
238.40610156521407
239.5023905588268
235.41126457040033
231.44344216789915
224.34197551387754
220.80581658223147
216.50529924891566
211.6278380102909
208.46482696807945
202.2572309044677
197.29131104483955
193.81449787047916
192.53291937810036
193.64165761390143
196.46986029342455
200.39993559989966
207.55079320632632
212.0413746124396
218.02095782654902
222.94173321193801
225.8715270412526
228.9857001645636
232.18903709473526
235.17170434469278
237.63963497321865
239.0200897346785
242.35723736239927
244.91296275077303
248.80377174166384
252.03604533949053
255.83590565713172
260.83751061725945
266.2108650275944
273.88478853662497
278.6981683567992
283.69208062122595
284.2520054999146
283.57221889570116
282.39678208162655
279.7486347454588
275.5933570410802
273.5092137531553
270.64288177541385
268.3810528933738
267.3873130412492
264.2284039723608
261.74128160007325
260.21357036760116
259.52782509192514
259.73979922931903
261.96571277992865
265.01992415170906
270.9933847016796
274.6374546562611
278.60957433986147
282.6497641391792
285.41719894448676
291.40091720378325
294.46807572163544
297.9570828944798
299.48325228819635
299.43144412844606
297.83543493236533
296.3159614154254
294.4519933105098
292.74849068013026
290.3135703083361
289.7135508505816
290.0180056634583
289.18120130887775
288.7794106032727
289.5748006562016
288.16004571270923
288.9237053418968
286.7508318560816
285.4608092770889
279.13055619014096
275.4865476852129
270.5511118484814
264.21367149969365
260.65114806178656
253.41230352581044
250.90710421988453
249.9069912389944
250.50856124076464
248.411422200839
248.6473164061372
248.69404743769098
248.39010719420745
248.52880592242482
247.79970929718056
246.04034691863004
244.92038551126942
243.45587883124622
242.2734518941251
241.4653039702761
241.78570752710982
240.7924603332602
239.52662391117488
237.6387602470972
237.9866903365736
237.08225159706353
236.93855571415207
234.06072245878647
233.0012743177881
231.15352124343
229.02062353510175
228.0778538632549
227.82102878450158
228.5572250413569
228.4042339560316
228.62090677854152
228.9015987580157
229.64977731139066
230.65588259407684
230.7605930639593
230.73737677178022
231.60874037273788
232.68431172449988
232.94132794510293
233.1502513716008
232.77954740257783
230.64445982421697
227.14519088130479
221.59101958794582
218.62872804887243
212.81588251663703
207.84460462599824
203.51404595645906
199.48465931340482
194.97749616721396
191.81086543275006
190.86932538979036
192.20534001188884
191.49567213241212
190.85712773427048
191.5707490485964
190.88472242316303
