8
10
e
88.58077304514781
89.13134193714136
88.35854534719691
88.9275263942481
88.56520326571871
88.66532484336675
88.76783197338993
87.76292610077093
84.37279038056826
77.70255626993331
67.45328424566145
61.91121737940612
53.40451954502448
45.418728408157634
38.62718644710649
26.92498182368498
19.26623795775167
13.09247302690575
11.729310116182676
11.394747677763363
12.568713160616637
14.599381252785918
17.582389670919984
19.527237310269445
22.420316690162313
22.16562475951223
22.56564912849124
21.571178317178997
21.447362880625356
21.211932661943962
21.43656495409069
21.480838205401888
22.271231422759172
24.12770219218464
25.836113940160438
28.09237525588246
31.98894676170482
33.256496422556445
36.13571572389137
38.415824281112606
40.942150365234525
41.988530220785734
42.284313870823325
43.137610415285636
42.780595623722725
41.30049800020858
39.148341426556996
37.736113912077066
36.81801962673845
34.749832545697856
34.189056091130126
30.825244172350782
28.429837658911776
25.692779026300514
24.274491369859618
25.605290447300668
30.458112069891982
40.16926956526205
54.39180994137836
63.14192985829311
72.96192093835745
89.01533151951213
100.80314561831587
117.09055396274388
118.30564139183988
117.78591507011646
119.41883889534546
119.51128897132439
120.41400042557885
121.00600966557084
120.69619946805786
120.54397701896025
120.65205289998056
120.98658731355746
124.56075513855261
125.92929297660807
126.30454450649874
127.61984679264957
129.3658351940258
130.01180844919745
132.95804011918625
137.27560079795506
141.04926493563855
144.94324228485186
149.6866268560348
154.82831424065705
159.47507629934546
166.845917468866
172.38509041498125
175.80113221897548
176.13904460652063
176.48942678734588
175.92755792878938
174.63590685092947
173.23149237660743
171.33155109772704
169.37498483926979
168.86832551009527
169.54485789425118
168.20818495323115
167.41429397113853
167.51830851012667
166.2474016843894
167.14731050475027
169.30897184976334
172.14504433985206
175.29922715029593
177.97569734988295
180.1874637646446
183.88796772690392
186.37653562265368
191.8980176766398
194.7302796326969
198.10800809808345
198.33211022071
197.7029312228227
195.78713365681222
192.56225396863226
187.54489371604188
186.0425302343103
180.2430282184246
178.26119002462858
173.87369513956634
169.83655212035896
165.75953673659313
163.18932275968658
162.7454796244896
162.68395747725904
164.55043372171713
169.62410280704046
176.07611406111116
180.9549103668747
185.6283073225113
193.25104983338508
199.06722948147228
205.38059402830388
206.4746643361475
206.38909245210542
205.96669231786035
206.10049132900807
205.91296780571267
206.08228290750526
206.09392058361973
206.66478581701136
206.82533441525476
206.8042028000033
205.86996386909118
206.9104985581517
205.47813915365606
207.01615725365173
208.42532126097888
208.52516384650627
209.4349718520467
211.1216428279976
217.03300174398277
222.702696192759
228.28294294798542
235.85660610987415
239.32882781125983
246.9778324143278
250.5327223202148
252.1099550315849
251.47326371073356
253.16633988155618
253.9587172307072
254.04168308453745
255.35646247665684
256.41900853535367
256.71570496002283
258.4502846549545
260.5456106600706
260.7987994541269
261.95476739017624
263.61473945590797
264.40310100124776
265.3788272707825
268.9011626945122
271.8666886735993
275.3879947431401
279.5940582328953
282.1453325325043
287.2305864558312
291.25597519359525
296.4715408361818
302.18726213420314
305.2028849164468
305.61960503981027
305.9427419621535
304.8526280042484
303.32048954332083
301.2073509740817
298.2652685088403
296.2637406657183
295.5923741153335
295.52507944319854
294.2271651160743
293.6910598468493
293.3830131055943
291.88188961642226
292.8819558401691
292.0852813949069
292.62234274853296
293.8893051678747
293.65715855532966
292.74534450520457
293.6582113443033
293.78913442250126
294.75714943217343
295.5479319349114
295.00477623283393
295.4531147992578
295.58014040465616
294.0716791236256
291.47377070604466
287.5919866701521
285.9498220028552
282.9069684028137
280.7481010756093
278.55579673139334
277.90137693562576
276.9021334285648
274.72970778229575
273.54850019964664
271.37172733091427
267.2158111827547
261.50724027703535
249.4452630895597
242.34729474195055
232.30469132633084
217.68105228378926
205.96361744844674
191.6868541684963
187.31989346049946
185.40259824797425
185.07917845530048
182.99322622747496
182.37419860190755
182.2120267213693
182.8132445012368
181.22741686234934
180.40020832142315
177.54784589940192
174.79714081473514
170.17157284105426
166.5505188121799
164.30008015001124
164.10960652458206
165.01718360860033
165.19231769893094
167.60150025698934
170.23221226475346
171.99167379324462
175.31084515020487
176.6071796633379
178.237736072379
181.52114603561913
183.29993468202306
184.93318237229738
184.27585153846226
184.69424964944423
183.19122598408973
180.09818856015048
175.85060532617157
172.85964044362072
169.85698087976812
166.06009520750086
164.2210341141894
160.07668570878332
157.81169789262978
157.11383340498597
156.28624972676928
156.3165016624743
155.04606799336173
153.38875633880278
154.3918361644502
153.204847614672
152.50901565094745
150.83199920185294
149.14147956052474
146.8544649313939
146.87627774949698
145.8154138915107
145.66273095696064
145.80854346006623
144.26007794595753
145.80446619916336
144.25102177618476
146.1309311898848
