7
6
a
129.97849177893454
131.14885753080992
130.18894109889203
129.97901799345934
129.23402996322736
130.06010271161045
131.4865386102995
129.6302842257063
125.69175848184551
119.29921437986503
109.12911260424502
103.79526592365826
95.7790974649297
87.73712026136936
80.67858702468125
70.51133059939963
62.01647938366962
55.13152415600285
54.31181826091281
53.63932656559126
55.54780391196721
58.985272796774446
62.43904800142468
65.16292593652247
66.42743769106939
67.98176046200946
67.81854598279692
67.71587279887252
70.06187283106118
70.384636771857
69.6742817452989
69.90556483754659
70.84564984564541
70.22896707930921
73.21499712153991
72.64513106081868
73.31973037174147
74.40696689327211
76.35585158873984
78.05831791326348
79.90228277795796
80.09205420127284
80.21798592304141
80.39483685076131
79.4696096420755
79.26550100709493
77.2771579635741
76.5564254661218
75.87592423171944
75.36275370398504
75.80538574381261
75.06443065924316
74.29093348315199
73.3062451838461
73.18701021888016
72.93236714824307
73.66243593486502
72.53161320050695
71.97820295049468
71.76054842095166
71.63436243857676
71.03961303542722
70.28145219030533
67.82408927071538
66.31812007673602
65.12556420805652
64.11100780969447
63.90468793624227
68.04610858769102
73.95820311611207
80.04853127566923
85.41991994666381
92.02381549750271
95.2635638861796
99.7481715766403
104.6135943936901
107.41461600438615
112.4133787291835
114.15521957523998
117.79356935440262
121.03416318377722
127.23692010849226
132.10928729432024
137.4844587792951
143.21531094479283
151.86664901284513
158.62237371320498
169.4955460811324
177.1456986798442
184.83600823056432
185.0271020501405
184.9666016516523
183.89725796939092
181.18572723931388
177.92244748642085
175.60288200136003
172.328940480372
171.32557329139948
171.13965183736096
172.24152548146418
171.9452576447133
171.91290403766206
171.62202362136895
170.51281518484404
169.5598683674096
167.4846301226993
161.23251071263076
154.40882290260407
145.2982762693016
139.99506133188228
134.6436595424283
125.60022418770059
118.83807500311136
113.10677639166418
113.21402845894224
112.98475276180775
114.23965035678563
116.26738087728195
120.09593198120372
123.78739836324681
126.16778138051781
126.84387341490233
129.05404664011022
129.86068132334051
131.3526791552281
131.27764162834984
131.43760561562567
132.06399678782128
131.87676725111012
131.84381475498375
132.25000944123224
132.17751467634005
132.42109013251914
132.795858399524
133.89083896095832
133.36278184665645
133.5825938862398
134.0902141306617
134.27474825571989
134.07732586930854
135.54395734170834
136.8556308936293
140.2505444296931
143.56826451425766
147.61018322079653
151.66540341665484
154.26315020771673
159.70870158161682
163.0465947654995
164.18908634324006
166.37230825734073
165.51923264141126
164.77709206760238
164.69683034531926
162.95764805242666
161.57971148513374
161.52178834919442
160.95429286946526
159.71759796864364
159.5530553019094
157.61654894554965
157.74329474135266
157.0971959334371
156.55870480714057
160.25090720118246
164.21570981848004
170.4097274730917
174.6331810626031
180.8146737772013
185.25769608263587
189.92117433049916
198.28354555597537
202.242417275486
206.13142096463736
207.70461876706233
206.8816852668274
207.40367520967763
205.5656795017265
201.60319934791326
199.61446669554473
198.4867005730804
197.79020648563042
196.69050863342827
197.40387276967047
196.82305372741484
196.44867146098022
195.50302005714948
194.78023713322145
194.72400612896791
194.29632157841368
193.3389192146196
191.55372490229917
191.8450414997131
190.29983217040524
189.52060975863432
190.0130204538454
188.81465577123993
187.35209172586315
187.5851062832118
186.5682752108245
184.87990530843635
183.8840309655014
180.50898842412948
178.28688705050416
175.4202055836515
173.40894545631417
170.2838022168451
164.48537070290323
160.941349667083
158.0584861004314
158.25949676170123
158.6443266016712
161.1022707528635
165.97015379728214
173.34374584113343
178.91610441872703
185.0567200790938
190.51232346678557
195.17872635109399
202.01595663775848
209.14519527540156
211.7305447411884
213.62704649738436
213.57130083055677
211.28342701753596
207.1918912165537
200.29843993265177
196.31804410511066
191.40483397547845
188.5140377662729
185.76232505484177
182.5155181647195
179.53402155190852
177.04176539510354
177.2233092176505
175.1595866110773
173.88444908515504
172.87686357894094
170.79915257026153
169.9119107943587
167.06557071065998
165.1843931931677
162.37543246450426
158.69968676932874
156.00551077230108
154.98128985438368
154.97936006987558
154.66870499213826
152.5283471397303
151.97806411704528
151.72172802842468
150.44731916551086
150.36183899800508
148.0989495543404
146.56721469935138
144.39033548615808
140.94413893936436
138.85420849011282
138.77263482429746
139.32895474137672
140.77145337920828
144.86442667569577
148.69759081561585
152.9472815598719
157.4483634160647
161.11634616730643
163.7710701937521
169.314389028463
173.25696574321935
176.25866348541922
177.78256141947054
177.52378105296057
174.69602527600782
169.4117621073823
163.67283887746947
158.35249882179926
152.24782989370783
147.45303378646844
143.6022124286156
138.47629836590744
134.68698071530645
131.2527462332403
130.24688118651736
130.7032856500406
130.08041694387853
130.34179343218784
130.6803634626597
130.08510437066332
