2
10
b
33.32818198260746
32.398855079274675
33.0846518585417
32.79602141804259
33.19959827744537
33.614311943357244
32.60776438345871
33.26200204207139
32.546197954470074
32.57217543763878
31.108033654891234
31.493984933057504
31.271448428317726
30.81712910835334
29.777080927014673
29.248906854387542
28.588988499445772
28.211436576171863
29.201305302723295
27.94878656847243
28.847541737529422
29.918662406157456
30.032520669186447
30.567665966895056
31.86647346669541
32.139411138909836
32.095950892186394
32.87175431805513
33.89339725687835
34.69433365902594
36.12723967603626
34.51862128059565
33.96784463396527
32.35557917939387
27.31791385256818
26.1799080090821
23.6090620089038
20.24954095529687
19.374874207808887
15.677101979593177
12.987338884686238
11.304720873952231
11.01194440539374
10.216057920483832
11.323965825094408
12.2347222170875
14.238160036838275
17.092740114549215
18.050830504708617
18.44302722378951
18.4652418286479
18.59653314292564
19.467468332251695
20.24066759422343
20.60481288176867
21.460286742084783
22.476385814942873
24.941829642297783
31.995331074276272
37.051028737528576
43.57021834970091
49.03609198541178
53.85356672661469
62.055365100952365
69.17537399323767
72.37593128511072
72.74455198847774
73.85473739138477
72.06157935473409
70.99315595674443
69.2671914325615
67.63947049231969
65.1986384335885
66.11767652263632
65.00738278559854
65.25000235382234
62.985510398488046
63.01150858085589
62.465326070772896
62.762608067534345
65.1041420924458
67.6910268204692
73.0150764936271
76.30482371369996
80.23863929295253
84.4457264702993
87.52146310818681
90.55000746682948
93.19716105307826
97.3751284831971
96.92631301105075
98.27782511021329
99.77784490406688
102.27483717206869
103.2170228697253
105.11143561662885
107.28462345416472
111.28145048391823
114.7260323157444
119.82985982683509
124.27462231255583
127.52624716829799
127.51906738291193
128.6407540402279
125.62250461630349
120.78739774780834
113.47175561091639
108.3396464026054
102.23170010547807
97.71918133406955
92.94882566677127
84.73992974070669
79.09987077442133
75.3176334261561
74.76608151016828
74.86818827565939
77.77743684403235
82.69777047130663
90.18616793894142
94.17391400948216
100.55855844267725
104.12729570037337
108.49765915133592
114.74981930133772
118.89956932659425
121.91039688644908
122.22868763376937
122.59989370375844
121.21367727859982
120.54950084093895
119.89030985126016
118.47086872465108
116.77822393439367
116.59040635033584
116.41215354719941
117.41855247665652
117.85890848589646
116.75554512306168
118.04059773337156
117.75888824650333
117.52532161560309
116.73195239347078
114.76818748430821
114.83044052492832
113.43710289763035
111.5841072203038
111.1924514645125
108.05794927714307
105.87322019996803
104.32907767200696
103.83159171653696
103.96050328027944
107.0268711899198
113.2703235098979
120.72031564241462
124.8659304598964
131.9440371717084
137.47526184590305
142.83907116787725
151.45951508043223
158.36855838163558
164.81240507169622
164.93388274176752
166.67873196030988
161.21268971837793
154.95112352743777
143.69941401423125
138.31067858081477
129.59246594105414
124.04795918942727
117.80821393333073
108.3259295055245
102.37274707134668
97.17147838732998
96.40967187406133
96.54373665355543
98.15825480059186
101.05076657459928
104.88002772610155
107.74111562837743
111.56244754345327
112.55325341367961
114.16197209712828
115.9014163142903
118.63511724973003
119.36094105409572
119.63300762905784
120.18349560740968
119.0466891615739
117.28761378969703
114.638152882705
112.94906667542335
111.12387248788737
109.33505560179987
107.19994902167389
103.25460750037001
99.97932685824358
96.39401977491285
96.30041153076739
95.94876819899962
103.2416443476336
111.5538296792708
125.5727440653042
134.67439679978625
146.00082711095754
156.68118741256976
167.91068830536946
183.24079668453027
197.2266807977591
206.25825136325017
207.61792203855674
208.4575721125707
199.9938711421679
188.78102718449378
170.35930793125246
158.27901094037838
144.05869486887252
134.07764163820613
121.75732401424762
105.05071652453583
92.24682898925819
83.04369046790892
79.32761804728497
80.64720974120382
86.75688182128461
99.10049621441313
115.28887844012064
126.84027802676735
141.15856350675668
149.96458542162904
160.46524996302838
175.43841588532752
186.81525433468113
195.87262974795948
198.70772379490774
198.099793362084
192.02093861137575
182.39727515056956
169.30367978375529
159.2039048187254
146.82027642016808
139.26496364648332
134.11171775230468
124.82400582417957
117.50620828632867
112.65795895649026
110.44790017910185
109.49467324417782
106.00436556863956
103.83236458864745
100.94457849164785
98.30528226258106
93.89062194344123
89.5997378222114
83.81282945549702
74.57299814432326
68.59231842738568
63.78834058009454
63.58497259706741
63.17743677919569
65.40676243254127
69.98179739125358
76.56696614083353
79.71909053711107
85.52352906262168
88.11445220592623
92.33243638852515
96.92107906684559
101.17739744271454
104.0522474053999
106.49311225281768
104.96856185407198
103.69142477775613
99.90284306497291
95.20171024565302
91.47961043303046
87.90540854494786
84.06051867231999
82.39305898995855
78.68541768850618
77.48074846777642
74.6896317618977
74.44970283849871
73.94421604472969
73.09126453848103
74.62782534393364
74.41805118548075
75.66542232509329
