8
4
b
228.26874767847474
228.86586564180365
227.63598126796214
228.32635015993534
227.64326790319322
228.70533517546147
228.4880930661011
227.93750297232646
220.81086716076967
210.32823688653946
196.7001709804134
186.77810688130032
174.41884765987388
161.5263456195826
150.39416545738382
132.81699056396516
119.33335872514124
109.89905675355087
106.77875314701558
107.44997795285397
110.74229051932876
115.63644466345949
122.07694013930403
127.16817170330813
132.50359614117463
135.27076920711002
136.3150762808581
139.14820095541808
140.98644570150074
141.26833088935848
142.3406902699817
142.22382838083115
142.56060236091145
143.26835790837032
143.99535587086413
144.14750560884863
144.56499364844544
145.8699741337291
145.8635072186953
147.36324122745987
149.2182297054231
148.79567031944296
148.9520788192521
149.4658450942756
148.093309340688
148.72033614678801
148.30576353250297
148.5302684979729
148.066098645277
147.9724991465048
147.47990230644797
148.7832065744618
148.5810935193171
147.41330488495487
148.70916166038893
147.8431869694952
147.84314405575017
147.07082306930002
147.44029649277473
147.51325868732698
148.6729608003069
147.65161503110676
147.3549465581321
145.38134169112814
145.69876700435898
143.5686205344501
143.73851143101024
144.22831003700801
146.90520967131852
150.87104092844203
157.76445141998423
161.11781815358174
165.6924263750823
173.5855347179145
180.38299773916413
186.4071515357077
187.31773688040593
187.90078742294457
188.36054357526382
188.38332077143448
188.2793147989937
188.51901825829304
188.72915907445073
189.0103349660355
188.05615682174604
189.189261562551
188.942930942597
187.54247289415426
188.89537805926943
188.6622760752893
189.22593362718243
189.93878826509368
193.57953460518468
196.49502516345117
207.59033162596373
219.83267410284932
235.84305904159717
248.3824440943637
258.0181787030639
274.2452714312626
285.8258778585468
294.63253079001197
297.40835657278143
297.19213198335075
295.2010494410456
291.5435828347734
288.2090579260832
284.553810675821
281.24756059389273
281.3713900294497
281.21527154308626
282.6980607098574
283.62676982122207
283.7145965592315
284.87553497259285
284.65237977967513
282.03912849700174
278.0670952238183
273.19231505479104
269.93023063522185
266.94026597033326
262.8404392912666
259.5670350061508
254.02016560774595
250.15797114710304
246.60323009342915
246.2972536734235
247.56764479234187
246.32315954037946
248.8118434093801
249.76070553212477
250.55774111995012
251.06028899889594
251.26540720825923
251.09085457094855
249.698896927504
249.24333172240222
246.7109300669336
247.27300906925342
247.60214919191824
250.44876200534094
255.61019033940767
261.9629906207471
267.66134328693926
273.74464780148253
279.4976175677282
285.5960249719857
294.1125455479872
301.71547526942663
307.3736914437572
308.3661956448494
308.21714803795214
304.3815562968017
298.36501607502095
289.54842623768826
284.21491659154066
277.44640088149976
271.76107696930063
267.57711550229163
259.7634945112473
255.55409951058914
249.42642186558837
250.08658200981148
248.36715629170033
252.78909693999728
257.6405359196312
267.1278948449619
273.9707895718921
281.7170226487181
286.22267396092536
289.9385501372828
295.2707812026788
299.61590385508384
303.30434316040487
306.1076582465025
308.6069914941857
312.56042349328385
316.1866360999603
320.66189832688696
324.6943757859675
329.845206794228
336.16039071306653
342.69843325487
352.2464850487106
359.97056633865196
364.9385376854751
366.0461644678629
365.55186451871805
364.4674268190077
361.3051006803825
355.81732099257255
351.8833435595758
347.92960106034366
345.02386187103184
343.369696326597
340.08278528330567
336.984006497886
334.3911180093255
333.14645868907803
333.40734778810565
336.8346875213028
341.60735621987084
349.3611133277807
353.76708727418605
359.227467804393
363.2494338043198
368.3885150095724
375.3677191043837
380.4791947495054
383.7736696107407
384.88190952859617
384.96721037675115
383.82890824916257
381.3667166861582
378.8148444662347
376.7610648759004
374.35008046962747
372.8169364141734
373.1138253677721
373.2839650240569
372.2314557684253
371.4384983360238
371.87107454918095
370.97606695827324
368.24406751781095
366.2381568310739
359.49060089410705
355.3150071730978
348.57676054341937
339.6614079747106
334.304635671584
326.9058238480002
322.99761647571216
322.3266740857473
321.89864272787514
322.35639237076396
320.27622527749446
319.8599249177142
318.5111786206475
318.8682492139642
319.0214853411742
316.4106347247394
315.11562477808286
312.523158151688
311.00922290995067
310.098080439561
310.13164268166304
308.9587293407647
308.317427658762
306.68465390687277
305.89823049594196
304.14017656984265
303.9091088915544
300.6759695189881
299.13104578576264
298.3457622900424
294.8166759345281
294.1932690642405
294.56479743632633
293.7460741254118
293.23986020129513
294.4837946407125
293.8979976242265
295.79389305107355
295.78554245958935
296.25635598051605
296.9964308591642
298.2086156415171
299.11646411942826
299.26518661812037
300.245423633391
300.1553319552568
296.37310593462917
292.1861772079042
285.0336270950879
280.4741090599468
273.46305635666516
268.034739358178
262.569861364112
257.2110919776363
250.9037072370414
247.43025468948866
245.86878005352824
246.85713727894162
246.68308675693237
246.41692824598442
246.61998394468668
246.57093464683774
