7
2
a
59.84210022887808
60.09822405223178
60.10471760633153
60.39643388255923
59.90194855613129
59.91143976314941
60.226080957641116
60.58736743221239
57.532315021713046
54.557714267218486
49.44633398533131
46.763936933715954
43.61669251836407
34.39030597424766
30.359656325888253
24.65312758439934
24.236160063134353
24.132417520620827
23.2463187746454
24.3047547539503
24.634820099033785
24.532251029279443
24.181134481771558
24.297139587279666
24.314090539325843
23.189775148175126
22.483637804903065
22.14460386474313
20.60668248154227
19.534792602541934
20.475666829875472
20.530770234064104
19.708403443217712
20.011019806730307
19.611939373737847
21.428891150468047
21.174069012425754
20.844909167028085
21.756090241649783
20.23308469404203
22.383873135383038
22.308543224703623
23.012949621649597
22.6424591395423
21.254909893364207
19.85158355275916
18.485372363222798
15.611731214783605
14.826208706488517
13.165582343912218
10.694815699349252
8.02505241866035
6.32324847120457
4.464806727592256
4.51744906187287
3.918330183648654
5.495930437733601
6.8811040153289875
10.778073906018623
13.68697290271171
16.104956923712788
17.794682130086635
19.071652038411315
22.293375304715507
25.159905253536852
27.047993671167575
26.391785287426153
26.834063837764138
25.981151536968074
25.164465389435986
24.865679478964925
22.552886979700652
23.540931534123693
21.76371643152056
22.45083377910998
20.931757795395775
20.38033355914555
20.54993311909556
19.728682572381665
19.335368100624795
21.41370344340763
21.41426141035851
22.646308218578017
22.593548708434703
24.199308120073926
25.145992270325188
24.528290613412125
24.69450657333987
24.492967437543502
26.31621917689132
25.912280251554076
26.124559606718538
27.348826203290844
28.643021205838455
29.934827838509733
31.46562395946722
33.46025436778311
34.818995697355376
35.851377306896055
39.32946029904158
41.08484636502197
42.404140657723744
41.778328198058425
42.73820940410405
42.204037116807235
41.26102850514069
39.17692411930961
38.61137025831881
37.5520584585541
36.393269828120005
35.72640232371585
35.17738448661074
34.66835390747955
33.462560601496044
33.5078359123474
32.438909285524716
34.11704292799354
34.37075610940324
34.68920088310793
35.46930559557041
35.83328275001458
36.951383093117585
35.671965596712774
35.8055362788116
35.59851449785184
36.274674646958054
36.377129534163664
36.25904276503574
36.81844303457198
39.0359232429401
41.023591120843776
43.46166294105515
48.141984809392326
50.35863743142558
53.46245256066452
56.36497597819199
59.235592139455534
59.64112848370325
60.039164775386666
61.1263742253405
60.75890186949868
61.915352689343486
62.54544351908134
62.54007023430577
63.36309710679136
64.02890649132836
65.13379263601745
64.69104203226163
65.67719548621163
66.42609139287339
66.9391876345653
68.19185795960466
70.00045684942195
73.85449444753726
80.8077311621429
86.12073407358423
94.38211161106328
100.51287597429858
107.99173563993925
117.22462700585533
123.90137364674133
129.99762017568818
131.4780550926208
129.90455070031354
127.83746425603702
123.21530417292327
115.62527066036733
109.61514324676175
102.81188005783065
94.98212478133672
88.63562279217966
83.69272418619444
85.12010476995646
85.85660097260444
85.38796651193218
86.0128239773589
86.35268977257908
86.7447869089227
86.17197285212053
86.22600681005918
85.15594321141582
85.64505631159157
84.73242789396984
83.56355825856714
83.07738729704596
82.06875888075638
80.94191130835785
81.74041674213768
84.35394128128789
87.40672702820704
91.08148420638838
93.77827220707094
98.48912392141142
100.94484634999004
103.40585221969823
106.7689407494287
111.14466574860984
111.67256438155547
112.96405510615133
115.04168293362216
115.76920465727274
116.84965754401202
119.50055914123897
120.4815594035963
124.6222073508844
127.10186116936784
129.59938890432605
135.99497777630413
139.19463777740165
142.56292945895984
143.2633297474654
143.992513757166
140.06057513092787
134.0327409075074
125.29673617752472
119.05149047730431
113.79187028963322
106.40612123953281
101.86514766671452
94.59114248114172
90.4350272538006
87.46816435199293
85.7571391550603
85.89347229953682
83.16310754073972
80.92127853664739
80.26901922670592
76.60534361563637
75.7034232707355
72.8118716465665
68.15665434772
63.542737641426264
58.48537370011683
56.45392155165438
55.776641786499425
56.06492830035867
55.87337706491715
56.97520057469779
58.28045925879714
60.22903337452647
62.47647187241888
63.284929994674265
64.02475267868236
64.34085385499866
64.93118980976503
66.41686213256261
64.89448290425997
65.34836774016861
64.1219787262344
62.68480054672967
59.84982614621864
59.086470645843576
57.379511073413
54.82795109039455
54.13004173907368
51.94997642885784
49.98300899321619
49.37201031135086
49.28986775959701
49.068934072667076
47.64925136267998
48.401076072456696
47.14001784286749
46.50668289403416
46.881587426441136
45.955949404525796
44.357063277604475
41.58274350836228
41.16512137005999
40.052298802326284
38.858921193096656
38.67583367545043
41.71929912364092
43.05334953122809
45.883557710652596
46.714372402230815
49.08610561334479
50.81116261987106
52.18211073083033
53.96562047827765
56.20483239485473
56.775149533025235
57.257364462705524
57.117157301598105
57.686840794661975
57.743035613410335
57.66032591798037
57.289592802669695
