0
10
e
96.53468478327467
97.0981826914172
96.67135140903648
97.07067454048702
96.85672855188955
97.11659472956293
95.74445535998511
95.87566969202307
90.90390617136872
83.67234119884827
74.5624079087524
67.20474861862787
59.52154801190907
50.064926762497684
41.55480428502364
29.708294320426546
20.58737874716728
13.758290051534328
11.995766843408905
13.000073124331715
13.506724026133679
16.705287743855898
19.52403094661512
22.470439202083085
23.55934874599208
24.42684209621059
24.22431975180005
24.022583488382118
23.176396387097547
22.732558164699753
21.795899701516444
21.865715697307223
24.04773915796481
26.173696457317405
28.92151842698526
31.306192434197833
33.035737539642994
36.69456503899415
38.33283264468968
42.336807117510865
44.92135387905155
46.85834767423949
46.733453635583444
46.92326264460798
45.80170894072278
44.9942441644058
43.44327965598546
41.39951738811612
39.23779234799026
38.65790221497755
36.84191822202629
33.737855066919074
30.39085235244083
28.974637628619465
27.666521062426856
27.97474058498459
33.27880913814206
43.119236304359816
57.31797553851364
67.4491543636296
79.86091254811778
96.64217801231663
109.69506104920185
126.4723593423222
128.97575456479848
129.3241709264258
130.85602101878354
130.4545710930414
131.31737337506357
131.15740591308912
130.90047034630715
132.29961499447515
132.3266455130274
133.09313190563464
135.38500782941065
136.80119442980887
137.23079791100696
139.30299549666933
140.31914580236435
141.344234012385
144.5294360214208
149.13205610021907
154.44240331210432
158.4356585684886
162.35616152896836
168.3417251814075
173.819775998916
181.18935365274604
186.4011153409573
190.3322850047321
192.4341467337142
192.33742749106926
191.69308430782345
190.43918346916365
188.56414306683175
185.79638273114122
184.7241457029048
185.63342509790644
183.44714656518406
183.36099842706585
183.3251922096173
182.52601972316597
181.73090072893987
181.97874032423107
184.85984044007506
187.99030465098184
190.23377161106163
194.0586722032808
196.27913383472293
200.02950766212135
203.54252605403948
208.54460559199083
212.24576243592594
214.74967079085985
215.70151137695757
216.46982134753299
212.76730378007585
210.2790920821505
205.69318751547343
201.1995746802242
196.93881209336644
193.0601650695154
189.90369086005236
185.1513708086984
179.9770583577983
177.91091610211404
177.32054645221228
177.20447784232337
179.92368784457037
184.4513175008884
191.50028493693642
197.6662172353664
203.03351114001237
210.58317581223508
217.3268083123621
223.62341456451279
225.01110066391868
224.23365772839264
224.47281160901315
225.03642796352062
224.2270716829187
224.8587187584055
224.62677484602486
224.59187311789705
225.4266955920773
223.95798928777734
224.52313925439003
224.7049413788547
225.419343281117
225.84368825117963
225.81722213591937
227.4960173320853
228.18725682873344
229.80861631767198
237.41177132652703
241.92146184968385
249.38761206704777
255.58131173679882
261.2006248359356
268.3584705965237
271.34973546319264
273.7375527282274
274.4861276651842
276.4217367603031
276.3037500287857
277.70235691661514
277.77213028196513
279.0686766965328
279.6961887809506
281.36055432961246
284.1792524728644
284.7507979267685
285.0630181790922
286.362611477552
288.88741993972707
290.33219159389415
293.12448345019806
296.325357180289
299.57863147716523
303.6759273694215
307.59721631819247
312.056979949119
316.5722175698651
323.8713154928584
327.39734080979565
332.35051384118924
332.81874518673754
333.3366046468798
332.2178292550179
330.43036031817695
326.2617623628343
325.119688726931
323.56496799810486
321.75740629816573
321.79032883978505
319.7067492161366
319.26440566630566
318.7704435632431
318.1099857299314
318.73690834347457
318.58185984358647
318.92338514561254
318.88967754093363
320.22088677335415
318.83735649552875
319.87194444524374
321.2080985841812
320.62540434175116
321.4738500085496
322.02297981713923
322.14714045523664
322.277460306114
320.0823563152074
317.82321366177734
313.7124382029286
310.9855326733891
307.6791814428166
305.1755406995725
303.6828606474167
302.5972085968329
301.2595413146482
299.8835231987901
298.0379533522373
296.1480696233474
290.50884509582534
284.3428186580477
272.5187070783498
263.6381806479834
251.77797570605514
236.96122071634994
224.06560959237711
207.57030420561887
204.12590061040765
201.6534502866271
201.17380821141427
200.4308215477397
199.52307900246726
198.3301989180318
197.81101645835437
197.44499009396355
196.27612070378942
193.29486754591673
190.39719562214478
185.5098479941536
181.68086095911448
179.44902681288167
179.29713791919423
178.64603603919818
180.36418297205466
182.7895766188252
185.29185523998385
188.17710201408033
190.4189512124271
193.0871133231299
194.9828793247949
196.0261705485098
200.0755853745202
200.41110656851043
201.58342096120705
200.53417947259095
199.27532406213254
196.28225924921557
190.48579283895123
188.40717733391537
185.1885958065252
180.77874533759427
178.03038249791513
174.80016498589808
172.21444645191696
170.56909806450176
169.51260377425487
168.70617598444957
168.71328675062614
167.39540157308863
167.74421819445655
167.825872909547
166.33882280449745
164.3397983519236
163.69847984750564
161.7273144596673
159.2653328218091
159.58910352818904
158.34521024704586
158.8896792014345
158.17516683746436
157.3594309223914
158.86379793079567
158.13316068880232
