10
3
e
83.35754565875592
83.26172584009092
83.84641575087363
83.00664139635973
82.92180860051992
83.43345709886215
83.61335177439254
83.339498828925
78.57926501853957
74.80008156053611
67.79937855434378
63.13695374421314
56.61146328786045
45.99700519568727
39.370460038270394
29.682104159812496
28.9355251789351
28.683396339776
28.7497092020324
27.30808176154113
27.398242692778016
26.62952356773533
27.35025317687439
27.061153776835226
27.33649496363051
25.43093269745954
23.1893704946398
21.79416480584571
20.41415906308386
19.73049512321347
18.74828556369542
19.068801001050666
19.810234869044418
20.264408473467405
21.639835322403005
23.438299607412894
24.072877716140614
24.162414125774937
25.386621257683956
25.86983165920445
25.381602378790426
25.344979629967625
26.673537121908296
27.139948260136524
28.090570098269207
29.14862246492958
31.006781485392185
33.23679967037754
34.538591874455186
36.10065112597618
37.193654733355324
37.639342671837
39.78156131652503
41.25592994725388
42.623734514607555
42.58007254120424
46.14979062742481
49.825725326617466
55.59032765009496
59.1978094167457
64.83729777778495
71.62728143102287
76.46843520373841
83.99664071155136
87.23021955413594
89.24412460307926
89.55047059534715
89.81217772074757
91.01737613235711
91.39356523161877
91.69214610885717
92.72825261510035
94.36336918344081
94.77231216947057
96.20002764395706
97.38572919114972
98.11959379830094
99.00509003639102
100.3546750744812
102.08217535518558
104.9337082895528
109.20644815076317
112.76457818278335
117.99666843701387
122.16984228549943
132.17284194122345
141.1542717112825
148.07103561132163
148.9450220061475
148.1702499353387
146.89477520086012
146.55199039891687
147.05603196889572
147.07302478294122
147.66405988240592
147.3642602062655
147.76469598696423
147.310838075726
148.09046840878162
148.16563691806883
147.99706120215185
148.5721640070713
149.4760951439499
149.3857463651195
151.17690467473028
151.83082325368676
155.2600265044667
157.59569717768343
160.81521714885147
162.79341850755935
165.33104043207314
170.2032293226916
172.32775884294819
175.03957538458516
175.5886689971354
175.7599626946481
174.7568138164203
173.0908301743064
171.03490961034407
170.43408896038994
168.9525404382334
167.79253691822348
167.59859362869895
165.7646490403786
166.48126918634009
166.94600298854553
166.15339684066856
165.56839521449953
165.16203594474916
164.44703434811075
163.96291298003612
161.85435883616864
159.65231618651202
159.4278050930251
157.4619848826347
154.2110360976533
153.12323106292652
150.68302162348664
150.60926717717143
150.6727371331622
153.0602759357763
155.70184857469533
161.08212302030205
165.29656060425205
168.42113166762496
170.93439610776412
173.7268082959963
175.8495747378353
177.82978640388836
180.30219066989758
181.41191017429745
183.82878584681487
187.0310548644415
191.10919807927516
196.47251068518884
200.8924151484569
205.89774965251087
211.59635825270777
217.4421648328434
226.27183318813826
233.42452054126258
237.71728269182609
239.2500497326745
238.49173889099896
237.730710560456
234.48876348110838
232.34065051932663
229.715800027963
227.39299232507844
225.6085010661854
225.22724584958902
224.82006579609367
224.73431048210008
223.74651541048314
223.02522161505098
222.81163467502958
224.75519545257623
224.156780920069
226.03227496791828
226.06515985564988
226.3443546155066
228.14318251450308
228.31608189029126
230.24751617959555
230.8784993777037
231.01290807751312
231.33373245642886
231.75202572990472
231.42511816508235
229.74057648678118
230.010062040464
228.9592251937882
227.78394589391914
226.43911421424426
224.36037015824223
224.1354257842726
220.61730297402198
220.19793874053082
219.01561251109462
219.4502283489029
222.2551373916353
227.5355554036586
235.57412621267363
240.01713813991444
246.66996872393057
252.54273856567625
257.8237745694812
267.9009962878681
275.9180100770094
282.64358678895843
283.89256545814914
284.75224195923187
276.76157036335786
265.10916232748673
246.90766120387542
234.89795656186197
219.32112457148648
193.94408047846363
175.3340006845555
159.69775450450953
162.56366070212863
165.61622797557922
165.68142899876992
167.12229120534255
168.07744967277546
168.04955182335274
167.21200052562034
167.07230316864042
166.918383047638
167.85308778494
167.1528633787721
167.16631212805515
166.81928124391234
167.0540222334811
166.96631172122503
166.88743498559285
165.40747626715148
163.27222102204416
160.42022167280618
158.1082824868165
154.89728231359533
150.96986493651923
148.36384969412083
143.5684475467987
144.36255071908155
142.65877877344016
142.4643597525303
142.62394758143986
142.8390182755452
142.0672666860865
141.91262440855058
141.0824212697432
140.94296085269818
141.44361175576495
142.4239869674454
140.17698849210026
140.40138237626235
139.43738761260215
140.41163368167503
138.38414426183735
137.5759769016077
136.29276789748963
133.8422927651548
130.56795055664537
128.1519135323027
125.88843147607656
124.86988962485202
121.1765167228738
118.96693451986204
117.07538116320576
114.97192946766077
116.12793807585872
113.93049427357303
112.49582947856902
111.03421956484202
107.95998647007244
106.60429746220629
104.32802220909764
101.6829134174829
98.07701294181969
96.35857745938081
94.4107913297457
93.81363851052114
92.97950193952924
94.42458495709087
93.80339209256803
93.69507476644436
93.73394082742377
