9
0
d
9.668628831113068
8.986396977729031
9.075583664998716
9.364360621597216
9.343244246167789
9.515608362169127
9.348416179808044
9.834553201710465
8.6098696399523
8.019887879963886
6.831725666772997
6.2588567453432775
4.939184826853301
3.313984555505537
2.0348150246434464
0.06291095991321777
0.0
0.0
0.0
0.5451857212322067
0.4297232590257794
2.565892453699746
6.6435075169315105
9.549610477373246
13.542214475218572
17.255439073776813
20.714831601572847
25.690046360327162
29.36325973714734
32.936214987477626
33.402757051133776
33.6917736333017
30.36799932047553
27.586916157163206
22.242344083975887
18.539269001292677
12.959591248309172
9.600648665506867
5.942127412236153
2.405280101782962
0.19029616211208655
0.026743814061798814
0.0
0.9663172877700595
0.5501964560658724
0.63971158063235
0.1148420760334353
0.0
1.690838390507406
2.1846081300583795
2.4393280892148685
2.892526700778363
3.2343606787129624
2.015630567257971
3.080426338590526
3.797575217109712
5.248970650033813
6.386157052981683
10.455155545592426
13.665207135612249
18.05531526508736
19.092261438149425
20.379561161276996
23.247420367065512
24.971663344837268
27.437458333659674
28.67163430595815
30.602805589491705
35.565386311416574
41.74192241712551
53.343713634836206
59.68378675592851
70.37070767489647
81.15210315018386
91.45558971783022
107.06784223556471
120.25004547909953
129.46253549607897
131.62567419788664
131.89068777788904
124.73602700085412
112.30423307471314
95.10912063815861
81.39708884929422
67.8881360745849
56.33338585068292
47.96363716743942
32.28000231131516
19.281821485084926
10.744203529941249
9.338801188727228
10.110980316267458
13.273850835551736
18.19929392767866
26.01194542057088
31.776913978793445
37.03170268376506
39.36391337867673
42.872155575652656
46.48085248683934
48.86366958823947
51.821500275478236
52.46559209498353
52.35623303535881
52.00225941115568
51.02241019407087
50.322012634523375
48.982882584715036
48.259478226904676
48.0885897529827
45.88084792905965
43.880589134572965
39.51325520157957
36.59379944324932
36.17100355293908
35.2413046721674
45.19163534047475
59.54044372205385
82.39068628614923
95.16414479118232
114.25233068010766
136.06647807937023
153.35925800608115
175.67916645680992
185.61542280804335
191.57803346207163
192.1406286704604
194.17660133753694
197.3554775704422
199.0847146757236
200.56196284695173
202.3761411924345
204.2712697576793
211.43065078138736
218.67536733876113
227.97558461707376
236.01526496557125
243.5809746532402
246.42469163423584
245.51457932644516
238.2199738191216
227.55738182924586
212.75868632907617
201.0354681187722
189.11838339815807
177.2739304046173
168.0012752566511
156.10616193505143
147.19268623857147
143.63079776249202
142.74630096607896
140.3913870135139
138.38118414894825
135.95681690279727
134.81611013557958
131.70952021768045
129.39539883243748
124.28453199851937
121.02153870101955
114.08111697668365
111.12465671146165
108.07452179353085
105.547190930711
105.52921777601705
103.55801603555373
101.34757081057975
101.13960722707927
98.65035327609307
96.54099586534029
92.60554729645591
89.19953509999867
83.77669956633535
78.5150543794633
73.37290773531542
73.54140028045013
73.05787582986846
78.11129760904349
85.79381592458878
98.09460574320023
106.31790933291352
117.36556473032232
125.80365644086922
134.58183563775032
149.41604244633913
160.33217284771905
168.92944171329512
171.42079644529068
171.79952231139006
162.39232375234027
148.80071545704536
128.3129587324285
114.20710136154796
97.18802501340775
81.94899667247563
69.70919943467902
49.40732689904394
35.04680603491866
23.377544407771392
21.600799407736787
20.37619667087961
26.882165834630605
35.45868734156055
47.65651321562207
57.97334358866719
68.19015872031048
74.63375724447258
80.8901107022287
90.47582452321289
98.67056870086492
103.6416903847865
104.92727229357155
105.070089873085
100.72517674537131
95.19752141965223
87.07346214805645
79.13504863246823
72.69953150481987
67.60318870341392
59.60905669410017
50.45277192751751
41.17891029227963
34.163047198376205
31.777575111932975
32.96095295599366
43.12771167249811
60.9646992537442
82.50124976919582
98.86564329569484
118.92207601926147
135.38663448860441
152.03195565715157
177.0413619173787
194.99589219784977
209.4324412409587
213.72175768141273
212.8446442121483
206.16047497903722
197.2345347492676
184.5716770102875
172.94919333757935
162.11024365860146
158.8346169018338
156.57853842390904
153.46446385549694
150.0238556661784
146.3784708164322
143.691010195287
139.92300554033244
132.97826610426262
122.95147504515288
107.04022213918725
96.06689672424675
81.76888641602469
65.93959243398616
52.231850271556134
29.888107797737714
14.717085191503683
2.5449195843323635
0.3324412968389191
1.5099761164285754
3.013581988904921
7.20871003509473
12.936200848655506
16.85479881941135
21.906150120299483
21.12246015404071
21.433020191245188
21.311412336816353
21.778780645652642
22.078381364805107
21.49531390825099
21.775380709763436
21.44205299721252
22.338843463254616
23.096223478814064
23.876688265867408
24.223602954037236
24.946921919857715
25.392606547426176
26.524755319951243
26.24749308494111
25.67246653309777
26.50685139858863
27.206184562921162
27.00124017755617
26.367969030307552
26.959949996137148
27.095011040633995
