7
6
b
14.942648478319574
14.81144155735241
14.995871571109571
15.00928022047295
14.993905697044953
15.575168743191709
15.311992062578549
13.614860796623812
14.330418218674172
12.037153972843235
10.760394922075847
9.106515557212093
6.1494670386275505
5.166930779278944
4.360220328150159
1.101333474018587
0.0
0.0
1.6008695857962114
0.0
0.0
3.9033221672175187
10.961530099975066
15.623229925706106
21.01618080233855
27.326011797699913
32.749338608012756
40.64778546206184
45.56080925092571
51.25491732315088
51.479393759047895
51.60123309760934
47.564850976483
42.15579331152174
34.156745038464955
29.02993087302105
18.47570758446119
14.740610806143657
9.348097004058811
2.393702802280886
0.8358898992619599
0.46300034136568746
0.6408134606930803
0.0
0.0
0.0
0.6833252549340002
0.0
1.8387667769862905
4.698441764739963
3.6277263046937143
4.450859319083325
4.455203677628249
5.657557312374461
4.740096539638495
5.45891308943338
7.5873612008099665
10.017577874204756
16.948255096184813
20.789660176714463
27.186678708813414
31.077570466545325
33.73586463046267
34.04195476000477
39.30089353896043
41.70649174937467
44.46226699356341
48.28783087245474
56.530640583597894
65.4259081361975
82.1390103344775
94.48052803299498
110.52889009649893
125.77481464895062
142.5629957823504
168.9053318440638
188.63352214837047
202.93253608106158
207.01972876968318
207.15224810684418
194.43331641009857
176.4726535194769
149.56127792141032
129.39256620457815
106.38532687175156
89.51589554973394
74.69289026721225
50.108652130444014
32.06220589455813
17.78653183050934
14.481311049130865
14.785237258826143
20.48655529504495
27.800517382622477
40.47533489904125
48.776418120582804
58.60373855166672
63.477679018191075
67.18394049907415
74.24167145775895
77.3684403220687
81.54091775560539
82.80331674097208
82.69645542060633
80.7258367561177
79.32720587469286
79.29192070560406
78.1200676518055
76.69247937133235
74.1221819999089
71.74137622287671
65.95477584223518
61.65435459507305
57.58890414780002
55.17458838883215
55.509208848048985
70.6070894967148
93.06666124477951
127.9847944775184
151.34285724745075
180.01714009092512
213.78508203259102
240.01046968337818
276.5965771114522
292.24832898037215
300.8553242935264
302.82609315290216
306.10258026599973
308.91722722302796
311.6111083185017
314.6686105154715
316.7882114810563
321.1893192632786
330.40003538334264
341.69760556893345
357.8243860033062
370.9745410739805
381.57179337764865
384.5893541172086
385.2587982930429
375.3743780821586
357.7431623888135
333.83128679904416
316.5749386210313
297.0633542633674
277.13901410988325
263.965295243608
244.54846863161393
230.5147469780976
225.38539000117703
222.78792039674627
220.57426721895715
216.08562781767498
213.48550198380775
210.79219184743906
207.6544858657968
203.7856540475785
195.5764802081893
188.84250216422546
181.1416782990948
172.37848722997654
167.35798312344292
166.74937838064102
165.09637477358564
162.23679303873325
160.49364231569118
158.3885588082327
154.52397987417982
151.279791132572
145.7344235585442
139.97192545789093
129.74558249002294
121.80012923466327
114.88012021542475
113.34575680945579
113.55018172214874
122.78569205976106
134.61527953256103
153.51412638419725
167.75994171280905
183.31851590589957
197.06832607227312
212.00312586990248
233.8737445652057
251.46384793583374
265.4844646477786
269.7923541585241
269.7325694321936
254.967377315199
232.87594081772713
200.65666232908225
178.69737068752815
150.80397123382173
131.0081122677403
109.55013613625002
77.48500528678653
54.888434300769134
36.91516797636582
32.59829892942914
32.527108203581044
40.68703645815858
56.306926404513966
75.44453795438517
90.97538265345162
106.34961767195992
116.56171401619905
127.90886488562437
142.28583963722562
153.87683179664273
162.69380459449374
164.07771553477966
164.217114585648
158.50570611537583
149.16110445555717
135.71459536613912
125.44510015194416
113.38992465499972
104.87064800615907
94.76423860430404
78.34485029666239
64.80414800155307
54.32825029549966
51.4092740804496
51.32115070930612
68.91840929866129
93.61698698830006
130.33699595777946
154.48826797182815
186.73211202519659
212.89635444175977
238.45974247343415
277.2436955114521
306.21454157610265
327.2630586463337
332.3273062815488
332.7160252049815
323.7895766284505
308.5020794637695
288.841602913335
272.3763761008052
254.75604086984012
248.68178084211235
245.50557733116062
240.80891459738496
236.8361764992264
230.47736615671138
225.44296436487096
222.1018586589209
206.85261289592088
192.42040371563465
168.89039353842062
150.44938916026473
127.41559693062291
104.92166728875672
82.98998452862158
48.46499239016968
23.781779128054314
5.933160634886112
2.4857041990984117
2.6209048753039434
5.948105048814422
11.752155891333043
19.19652719687327
27.00481947149184
34.83507436625797
34.26016086064187
34.3830161087861
34.9714490512089
33.96764106973575
33.87762189125841
33.82878366381154
34.36761047524767
34.38000825992162
35.913101528885534
35.85369680213745
36.54093594872265
38.114383176498286
38.87430966226889
40.14670650370027
39.881556307219356
41.27977044580863
42.539952369161
42.42498432699231
42.05136425352656
42.55706259028195
43.26479949408314
41.42950906875158
41.72993998639341
