2
7
d
90.25797090087923
89.13749261564668
89.84838343784094
88.82301975563998
89.18108518874654
89.12878068791359
89.70463413777154
89.90786085565865
83.78274082626365
78.07201283468774
69.08230912696341
62.46408262380051
54.02757356205621
46.35316189792378
37.96490972481239
26.414715832778388
19.34040394712662
13.121218161854376
11.697598315883
11.881699350065661
13.288920368321806
15.682839228336526
17.813890285462687
20.29653320150974
22.584701110262046
22.53354856985551
21.835792734002606
22.211757993697308
21.706943627450045
21.28464524483744
21.036972370756008
21.139317632853793
22.164636085057253
24.824001543634846
26.403535585504606
29.823562593832996
31.481825033006466
33.00809436161577
36.0164970915044
38.28598272181792
41.477995512933916
43.24833342145654
42.66775158092284
43.168452422250105
43.131334346759985
41.35420595434707
39.60166217590284
38.165416971583305
38.62681948755729
35.663299660450434
33.62251766652246
30.333049581273706
28.164559229304867
25.531062584442815
25.223029893631804
24.894453812906807
30.836408268510915
40.91059230233566
53.899664479886525
62.675452122743664
74.05618681933869
88.77916654606337
101.50734699350072
117.60624525550827
119.23610503306085
121.27979333368124
120.98965451677101
122.00730290451541
122.04796113720973
122.28311117879458
121.86309177617052
122.30815562178806
121.9945630921354
124.71970135981232
125.4780472173785
126.80937350273409
128.13564205131712
129.5370092465439
129.98088126928806
131.72740985823705
133.92753391203797
137.83106939143943
142.98117904327813
146.5008662611483
150.80299661450266
155.23934553654297
160.51220524682856
167.3513438880393
173.93101233131563
177.32323778342305
179.08747311198843
177.39149891021398
177.13703045437106
175.50288221848868
174.28198721713474
172.84514356971522
171.2167135906636
171.1967760329488
170.16342045840133
170.3599240690912
168.82382572487728
169.01842310750294
168.3353849524041
169.3409785250514
170.09365664346674
173.1142965521817
176.13253777121557
179.98210594727007
183.06748220323075
186.22920964254865
187.85492488830923
192.9573224280142
196.40014759780135
199.1358431846563
200.20444206688762
199.6978220460173
198.3786688887966
194.3342312660855
190.19718045943372
186.1510511971109
182.6925878799064
180.01514501048143
175.85894004976126
171.00717146888525
167.46128141585314
163.4994551732967
163.70255786712184
163.94972548275877
166.84842745577384
170.7390927849559
177.4400798623815
183.09171127427038
188.18703443222427
195.00230891301243
201.37579416654157
207.22202820408984
208.34344931515062
207.77626727220903
207.6029099477174
207.7197478961331
207.83608824543364
206.4636652415919
207.50542514248417
207.40200453795327
208.09017923814775
208.47451924235918
208.72856651297312
207.53032133075945
208.59318300246005
208.5827625218079
209.59728552112895
210.4852125094312
212.1223077559559
213.4892137501282
219.4849957748063
225.29772482031512
230.77228476370462
237.17961067348298
241.36192934788002
248.55513330138623
251.21756085968937
253.66407082575586
254.18834073657175
255.82109170167985
256.80936359298835
257.72529700851226
258.1606551060188
258.7380809366999
259.17659758800113
260.75740151497274
263.590960164749
262.9007563129804
264.71326658048264
266.7473496564812
266.6549852061305
269.3480697171077
272.11142247860533
274.8529490759885
278.4151754056637
281.28487979115596
285.1798010139569
289.5597243248945
294.03992895521867
299.9367325788185
304.1663135386442
307.69306835180413
308.21896186393593
308.8738995510981
308.06000133107085
305.90298596610563
303.46368188792854
301.27055903690314
299.68024470743364
298.3951393480433
298.472600720585
297.05139124166243
295.9425187591841
295.79715004316614
296.58775608423707
296.30730634930427
295.188671397079
295.6294149519133
295.7061539070714
296.2469358387794
296.52471416022536
296.78365173014225
296.61513870202333
296.32207978840864
298.7077635366328
299.2338121670425
299.46902063706034
298.13395460930064
297.79765639744886
294.75761733020903
289.579973275547
288.4775361044713
285.03962877046223
282.50967143307616
282.42845900166515
282.1494430619314
279.56998395726174
277.8171268679077
275.5113608982302
275.56595817687156
269.49516892144345
263.4552745909467
252.56873934566198
244.56448717498853
233.91481069949202
219.53167462227836
208.79172408758848
192.60012770285869
189.08967722477288
186.73775125380743
186.2543644334385
185.94803958255122
184.03578810667216
184.49364417685382
184.2302935764166
182.92871527033995
183.0336832164397
179.7710339454851
177.35096270033506
171.48675179381564
168.37420179054655
166.70200772587347
166.40117989394514
166.31018350390167
167.37489703649678
168.31406525108065
172.77957102627863
173.9360364353404
176.6298933955453
178.6261714302853
179.74071279543148
182.33603079247152
183.2571250490753
186.62606633882936
185.8986480481954
187.13877141561198
184.99955978344957
181.71139820906345
178.33116940659252
174.47217759556818
171.4772299171076
167.3035077018661
164.85902311324125
162.05492208436044
158.87935268588063
158.0503261105113
157.7378055959742
156.72903277186356
157.2758681711499
156.17766832504302
155.0638316165034
155.21537712881954
154.2787803659642
152.67152746535194
152.1548662929322
149.22292805622726
148.45855734485468
147.7810048307669
146.58682411544987
147.26802466528025
145.76055607595418
146.93728675527984
147.35641825915968
147.7005502181144
