5
1
a
178.73982162520073
178.93588280228278
179.38619207049595
178.80069889323397
179.14215033084028
178.413769016
179.74327400791006
179.56037584022118
172.90801936601503
163.82124397495699
152.13462186320865
143.76754318766586
132.7304100212325
120.83833653416954
111.59286855402407
95.85634091042665
85.04120856692396
76.54135837779037
74.64445794470468
74.86490893934636
76.72219579055725
81.10333749651674
84.60464901854354
89.65750287554872
93.52593448869182
94.1524229339078
93.37814182145848
94.79737556197126
94.76777024290185
95.50125483609206
95.14288555450344
96.32078980386217
97.09614362135666
98.62190367821518
99.28953857269398
100.62233722858814
102.49498033047612
102.90536895982319
105.18897010728419
107.4120157845792
109.31254071182298
110.92410323121129
111.01070275457465
111.04335351585149
109.83381861561357
108.80413268371154
107.75203191643227
106.26350249251227
104.66340302426197
104.83046811069417
103.54530109344788
102.4876474968603
102.1067152137221
102.82917119757174
101.50676414299014
101.33712389004401
100.93459067517774
100.50926077201407
100.09891363378118
98.83449754372984
98.28213650616615
96.99643176313234
96.06612695306357
93.15159223810768
92.50947370400272
90.19724325229804
89.81987476640117
88.8366781498236
93.3269056578999
100.87470173236608
111.06333933024551
117.06382875086867
125.82367455097196
132.10651899155587
137.99086346889638
143.58363119910155
149.22175382723532
155.40323131830735
158.3110729695395
160.19913328694204
168.2083691802674
175.16235471085713
183.28487277743244
190.04012196989083
198.00270686796162
208.2552998486618
218.88395675929664
234.16425263452004
244.8753761858118
253.62552105492415
255.33395335663016
255.3587935480731
253.445833715838
249.6928286804487
245.3015537089425
240.01053517578856
237.8891929698871
237.65825503698255
237.46360968991553
237.56123789119238
237.24465300385833
236.23094548637067
236.20096584039672
235.05840008883655
233.9348010320196
231.89979236314588
223.53894805311725
212.9474629777643
201.46596332167957
191.88816371232295
185.21415715815496
173.34442496610512
163.16255411028555
157.03688678101614
155.17752969574485
155.52742374810282
157.2226415614602
161.95104059434559
166.1641882544112
170.52687618903667
174.3080791143232
175.10160255984698
176.8050349427682
179.56368673516525
181.08330572010976
181.09987870663508
181.36644654008714
181.52484100761038
180.81291351502279
182.37642553638838
181.38631184417818
182.6241239122528
182.87889312548643
183.80006282481875
183.42932640685603
184.32458177396566
184.68780620301368
184.06348053749784
185.95335957480845
185.1582579825375
186.85693783167758
188.11070860806885
194.78058243518635
198.26978605259885
203.50706531987436
207.95994826690148
212.10930896896085
218.9791101304383
224.52917199542338
227.08880310258564
227.79967110836608
227.80034068463016
227.64602533474633
225.99021367999578
225.30619850534538
222.51078929641872
223.1943880353348
221.01660374545975
221.1584370574422
218.96347240513674
218.88025251651058
216.22768016069057
215.18447572990192
216.785890326001
220.88281081353864
227.13114251288337
235.35398872856192
242.68237013266486
248.8445692892083
255.59814540894328
261.78726303051366
272.4875634080419
280.1660543806018
284.99547866194314
285.6987734016435
286.1373497768385
284.10893397712175
282.2921487296903
278.32295638077085
275.6255921062881
273.4442594662589
271.3641435605618
272.4312690281281
271.2536395738531
270.42897611043816
270.0547895940652
270.0051540636542
269.80843435618175
268.6986829364923
268.01250554460125
266.25081215132246
266.1730602616342
264.36336438696037
262.5536108368746
261.97326077554845
261.21799793119806
260.2992091821981
259.5021161208285
258.3306608538898
257.66413631288304
254.7050620497362
252.6990746445215
250.29475616565603
246.89324942214637
242.7002661165456
238.86399918669036
233.96148091931587
228.28814837896266
222.27351718141094
218.86023777730807
216.33263275097823
217.98330414228857
220.98872587278672
229.23948332520877
239.3747490023454
246.49797305890368
255.23222554394033
261.9705449371893
269.1027837859166
279.3295554107411
288.19116510326256
293.2436855654034
296.0688529740339
295.2879186565203
290.7851327449369
285.3348955681192
278.29125054384264
271.2339710668398
264.1100900600638
259.2712011028899
256.7716747104121
251.07355461203565
247.3595258412641
244.27243281644974
242.06576102843363
242.2019129415676
239.8151235760214
237.6915797626699
234.92289801554637
233.3806663696514
230.79497395780982
226.58982372865952
223.24503380705892
220.08065382288115
214.73235396964714
213.00211159388905
213.2924237932772
212.3108292255046
211.96211318483492
210.33515791274982
208.92520585250844
208.05850239041712
207.21002509582976
204.8514120513112
201.74616323692103
198.5263279046031
194.43859749711643
192.62625499228423
191.43799767552576
191.11475904861555
194.62526874196314
198.07515049350715
205.04306720296287
210.02459573062387
216.8285638175242
220.0806686319052
225.95157464706637
233.8994951968879
239.60169560699572
244.48086390889432
245.14069271742764
244.77267069689447
241.07375443016352
234.86817086685804
224.4848477271978
217.34018334515855
209.84708738379115
204.34179597392549
198.50952224489075
190.54965257444508
185.46355470761415
182.14572712677554
180.63032453768486
180.67870138659248
179.98966859469334
180.35984818171232
180.1804456210583
180.31523033819045
