10
9
d
193.30761062789335
193.4555306403445
193.17522453710887
192.68041038503088
193.42025768786175
193.18730416344422
192.8949162567028
192.11584519299177
185.44669628201348
175.35040005625058
163.58749500091577
154.21430820342079
142.77743319880025
130.2441697020168
119.68413485489572
102.2702815598276
91.10677267782943
82.48108363283194
80.51914852002054
79.90346310371613
82.08215409445988
86.57135280092784
91.92520391522099
95.72851642887917
99.51291478147809
99.74611466329313
101.20470909753847
101.3983884946328
102.82307881746895
102.74817306158178
103.18863763665712
103.78065490341884
104.96409710597949
105.84416726647578
107.34383328992031
108.08372718918334
109.48588129214635
111.44561148286799
112.31081324485001
115.49424181213105
117.40693754893684
118.6647535675999
119.37574650206885
119.13989165712898
118.66323241721179
117.09559564103327
114.91495696180387
113.917657224301
113.04008760145422
111.70839821495105
112.63668599969812
110.85367896100288
110.925827291489
110.12204316982582
108.78183470580471
108.6742532788227
108.89689415079673
107.91809960689321
107.31431685762493
107.76696246618829
106.94922879695835
106.37286826724748
103.48949746113418
100.7924678162436
98.1412460482164
97.11674338459281
95.63823006339243
95.83463342662922
100.47430815503316
107.57578384924753
118.43189851028022
126.89950232101639
135.94773509353064
142.84637845377347
148.0994835313373
154.7028809618652
160.15203066438585
166.01689905716583
169.7916943809136
173.02299367652975
180.92697980728104
187.2358191710526
196.25694776485392
203.4084956166878
213.3981415409265
224.73418649286313
234.28306459813484
251.7779567871181
263.62889521110014
272.6407857082495
275.22963826033555
274.83251240848625
272.02896978166757
268.3105632592185
264.0462299828129
259.85826410697194
255.14484391717596
255.73643100110144
254.39983583442032
254.89544013805707
254.66799314818755
254.13072940109512
254.56697808049933
252.53249090325605
250.68360807077892
249.72302005263646
239.0476484719761
228.94256259247717
216.10478282338252
206.95051040195744
199.42134788270587
185.62292497628835
175.75004450866737
168.44140202513108
167.82124732822592
167.09636359327374
169.30690783558074
173.27378205704355
177.6505608153209
183.59104417560363
186.28855368288075
188.87538566354456
191.23966680663176
192.26944479944382
194.54345062715555
193.6047698192488
194.74044498087534
194.4058800715458
196.2099908922573
195.56679004879348
195.69956709323762
196.819873626667
196.2183872238931
197.79369381312404
197.9236617290205
197.38210297827905
196.69685195051932
198.05082775369416
198.02614544754476
198.1109184456804
201.15973275962435
202.45167391691487
209.37474905370783
212.62321372969328
219.31463316121767
223.82637575207477
228.819223433721
236.90139112308736
240.40699006107786
244.56555680873
246.0834666453014
244.61868972283108
244.83500262573128
243.66676814792459
241.4431683161755
239.81207051460774
238.73553821548558
238.34849050270347
237.8140016008112
236.15234192235854
234.0887514345066
233.72136833108152
232.88666523953592
232.92038696379274
236.3184089521856
243.76193362592394
253.54564495282526
259.3841839181246
267.3845476086434
275.36096488618114
281.3592066636888
292.29331127281057
300.0869649943315
306.6785234263946
306.8989833002224
308.2489117125607
305.6165794842469
303.11570807178964
299.2520924573791
297.04800756165855
292.75664406130073
292.5645556380918
292.9910257698667
292.6645602184574
290.89911104196307
290.71865080274904
290.3588408454744
290.3517781890264
288.21612527035757
288.82151495408596
286.03192287228075
285.8076616591359
283.7951178391221
282.1381656480927
281.79650533857017
280.40955097837775
280.72978009753473
278.80890300916144
278.8895998670019
276.79256679651456
275.3267351509667
271.3924106972054
267.5548839888103
265.0796843566784
261.54339462969955
257.4829966893552
252.0403984524472
244.97706557092306
239.25475035157962
234.26908459180297
233.09616650134555
233.93435285510856
238.48754178362006
246.10584022439593
256.7549270163773
265.55576204406094
273.8243611202438
281.48024337805697
289.2385641184575
300.0979064673755
309.98067620197907
315.7019668988499
317.64691098244407
316.98256692324685
313.8312450595123
307.15865790801183
297.79791481196906
290.5221215705031
284.2852703494259
279.845695217161
274.3948863385303
270.61055384282344
266.6962300371498
263.1367621774441
261.3339939241249
260.30359939400836
257.76781309544845
255.4558892467187
252.99793031689524
250.69303671351662
247.88496590226367
243.21970932110509
240.4033340497245
235.5729259066775
232.42612404163248
230.33124358470045
229.28692942002033
228.15589124306615
227.50172826003498
225.1568216203288
224.81653545883725
223.60509159034513
221.54249541408015
219.668426986599
216.96806841484678
211.32160137461779
209.57741466216393
206.42519811427897
206.03530091858818
205.90295662836664
208.51397418016137
214.47142493268944
221.4343512645687
226.4711089251755
232.51250201865616
237.54806095867627
243.1267732817817
251.43349589321096
256.75201163898555
261.4432122202303
263.2499607941645
263.3737105418032
258.62761543940576
251.66835345991993
241.75838710074305
234.30002597342585
225.26604537357684
219.14771335981888
213.20816522550146
204.73927487823622
199.226787359972
195.84269993193655
193.13199849013947
192.87881600431322
193.82418181231458
193.9074390363581
192.95775555606554
193.45458866459637
