6
5
e
61.487202056903364
61.27915071456671
60.97939542640662
61.80701612248696
61.44838554356626
61.60204575160218
61.29880074423826
61.54630665576215
58.84814851171392
56.03007392553384
50.48818468922925
46.40244302969674
41.46023530212335
34.30824549457378
29.11018453243303
21.544775128751944
21.714229713393618
20.0931185233496
20.338087498698634
20.689067867869465
20.329275874238974
19.753394668331847
19.691718694310172
20.205560633569153
20.502794285455643
18.249392284009705
17.462347401724298
16.382110459977454
14.676413395560758
14.720507535585426
13.759607237043676
13.951979848426923
14.382824057345736
15.408793801531285
15.633113961516274
16.720086251140252
18.438444033228613
18.795293759428937
18.303438936973613
18.789487221487345
18.794421263609607
19.416331943006387
18.929034011193412
19.13004203879062
19.616629123843477
21.82538742668005
22.898898567523084
24.182022889129406
25.469561901039775
26.5843470827229
28.009347317895106
28.561048555855873
28.978315680649498
30.440744350526977
31.34973393733223
31.90734138343111
33.834019603262824
36.63177159864714
40.49809787092111
44.371712059169916
46.93859954185223
51.982066321327466
56.881379915832746
61.32638547573546
64.29046824274363
65.64489961257601
66.05375835654914
66.07689231824577
66.68867019214086
67.19214778383939
68.13101200315323
68.89040090731318
68.25335031419284
70.17927207204036
70.93809204810022
71.8634320784317
72.1478066218769
74.19128303645284
74.12712560992429
76.54204388433213
77.89771168127113
80.09667538557544
84.30014630425167
86.65699483410305
90.56748812314645
97.77194206249706
105.18399039940185
109.54332631360042
109.55092076969898
109.16377462196014
108.53117658900784
108.49377074921922
108.33017661814507
109.089325907495
108.08842682610361
108.65608242043527
109.19857401377338
109.69000477655017
109.64179906626491
109.42311948820486
109.80555609765126
109.21243733227466
111.03334923814971
110.89535032396383
111.66995810330275
113.01714366247015
115.1307691300567
116.51301794613228
118.55207867016007
121.6490200602218
123.17287388408812
125.53877385680943
127.28320402681389
129.61426938675078
129.20174658229837
129.43120173786724
129.2929259963739
127.69011951346423
126.55788564538159
126.24735287841621
123.65305672715012
124.19231956872717
124.16089600137738
122.30731055535726
123.31638690286943
123.48442577813088
123.01492636199828
122.36700617478124
121.945792403076
121.35279843478577
120.52739600392998
118.25296914616901
118.87465438689834
117.79969969256567
116.40355184924147
113.70588836402688
112.7398286743575
110.89859146965848
111.57002048468826
110.7097767776909
112.34948680297377
115.54653970330246
119.43975722076266
121.66084868663599
124.4373587429886
126.01162434480352
128.74645487630454
130.273794300729
131.44590226514663
132.8706246591208
133.93924390675645
135.96772812008348
138.19439859278233
140.85742440448496
145.63637014933676
148.45124535470907
152.00816319482757
156.3490895283006
161.28773539124785
166.70147478038152
172.3463212884697
176.22273520455923
175.51160864115806
176.4435333475449
175.50439396356668
173.07196807376155
171.62089884404858
168.89444508293727
167.5105118605924
167.65831591098726
167.20130166514892
166.47341795950555
165.21056818788026
164.48812180401504
165.2582213829099
165.10425098520298
164.69963653045127
165.5483218801409
166.36884137896558
167.26253906772322
167.79816655183987
169.61967674703828
168.92727639293946
170.19990288673057
170.80207775712125
171.8249035020682
171.14209503644904
171.63865187715592
170.31604831289926
169.86334962976952
169.2076783464131
168.9232604950337
167.84650998595407
167.62936929344914
165.51135136699816
165.41471198161952
164.02483575410372
162.96935846936168
162.59567806021474
162.65493775130642
164.618954071983
168.25368047102424
173.50264164671103
176.84350632160434
181.50174160153864
185.89278669530853
190.3506471798467
198.31071980850498
204.99710467253027
209.10887677657425
210.22167489490937
211.05506184562165
203.741286786242
195.88148877415938
181.3389756650399
171.99995722720112
162.15205994485774
142.8530712799299
129.7172126983938
117.57502879529231
120.53264569313265
122.07694087589108
123.41058263707289
123.57121738229395
124.04872140417234
124.0834887903089
123.87291286254715
123.94110964745875
123.26036831683679
123.36256502384268
124.69175085597004
123.33636363181799
124.48760545499636
122.92008474104036
123.27068268091598
123.4347759984695
121.71014571921482
120.09351921594583
118.76972055966948
117.45258349823743
115.36711968345446
111.28725326997882
109.32468709378382
105.0506569227824
106.80070429295525
105.18743612098432
105.44038722667618
105.08245998943535
104.48488154975469
104.73249524278671
105.1514238722535
103.3716436270856
104.83337627970755
104.14120628554258
104.16866646318044
104.51279712229459
103.67650732476835
102.83268790064457
103.60792328656433
103.45679213701071
102.30392751746162
101.70367718766245
99.65204769101602
97.49382095605661
94.28762830794662
92.65455131722553
91.25749087660631
88.5728891060935
88.12915800678604
86.94480680054
84.87614441044869
84.41433470506134
82.89656283969033
83.67144121936532
81.21048875759436
81.61267025624855
79.31734887693435
76.97555182781153
75.32771342733363
72.51581569680154
71.25124462867181
70.1979637264035
69.44279128838349
69.11308154133971
69.03230587087654
69.70635419149689
69.97347380030253
69.88989748015497
