3
11
e
131.2378419272193
131.43230968770646
130.84205234123246
130.9788470838071
130.69630099679605
131.4391995756221
130.60277058943547
131.05465135699083
125.74819095152735
121.73361890623963
113.15279663807841
107.38896390964639
100.52784328643001
93.47706646246277
86.67877128142126
76.43474577453901
69.57962638403248
62.980290318519664
60.88062846250825
62.44270022250497
63.124012655357575
66.62122185329237
69.73744272033159
72.61023111050373
76.37713579202048
77.49824339669038
78.28561478048326
81.18391927575603
80.33628000209698
81.39624458737764
81.49971274085905
81.21689042793277
81.91654669142841
82.60379061670585
82.01170695749093
82.85721518535011
83.03744031192912
82.72118741002646
84.53715826328646
84.01701769651748
86.33430037143079
85.58361765784664
85.25572231234408
85.49248163181123
85.66675236445101
86.26865384586276
85.55321851442422
85.56884721625309
84.3632758405875
85.42723931492134
85.28142464405697
85.07899623026965
84.2769548119406
85.0962912884395
84.80971062747771
85.72012759013597
84.81360386989944
85.50273118018812
85.38810075451633
85.57717868619332
85.43048539557543
84.59533067626433
84.17489437186128
83.89878005553706
84.35812478636159
83.09224318687211
82.13094356037008
82.36260285453177
84.03270148847591
86.96330194893515
90.04739944595872
92.95619359791591
96.38771759116771
99.58028826616105
103.78418142592254
107.29309774604654
107.8852618226476
108.50007901602015
108.2662108666747
107.9765759519094
107.95923120486589
108.74296676780222
108.265865198188
107.88003955752345
108.40622950017108
108.13119862550519
108.71810093862686
108.2586123848745
108.47233186660915
107.5393548565746
109.19760063171047
108.89728852687878
110.47109559255712
112.13760880463497
119.24711414547323
126.71618404199694
135.85285804832446
142.21240907567025
148.30849171081223
157.246107874243
163.9850511429583
169.12225517379173
171.6230998585627
171.139094158663
170.07004519940423
167.44194903491777
165.5476350777516
162.95597190125693
161.2387861505717
162.02587911686385
161.59218094196464
161.96148301372577
162.61632452703677
163.42057344559436
163.40977762506665
163.24317561925898
161.77965132367734
160.48584842031528
156.88783759396233
155.1105690029433
153.12972915993225
150.69253986307498
148.81437350190913
146.20171514573215
143.78878022320973
141.22350592744752
141.4238166467385
141.51022221380293
142.26352369161742
142.51467129088883
143.2364039573992
144.4322755228022
143.90313748240018
144.83313703277912
143.89814061511424
143.2137326517986
143.35135633249516
142.03340254950547
141.6183867899297
142.9614607150558
144.3831172879441
146.55576040409818
151.72934491198495
153.6540542414328
157.5206390298611
160.1232566413296
164.34424286084095
168.87764987243335
173.62632480169154
175.9565803094459
176.62575166876155
176.94719310531883
174.5485973571457
172.43496098469652
166.73854532566287
163.528928519076
160.01543855093817
156.9905820286816
154.34670336877173
149.77710249265618
146.00477887648438
143.61951846652556
142.39415582264223
141.68079992369806
145.34975523473264
147.6584634868721
153.5442514865516
157.25617743500774
161.01976182681068
164.73135697223927
167.2146122881897
169.05737230201646
172.45206550128657
173.74730934725088
175.75551125392298
176.2107833857457
179.38909911860338
181.85457975248636
183.78980426195528
186.39396866692388
190.21654683715963
193.60592909526784
197.00973176229377
202.29784756739733
205.92377805130414
210.06799256924094
209.5151178461933
209.747936945938
208.52548427263076
206.10193662507808
203.12968262123542
202.16369834576588
200.43825366518482
197.95852448023408
197.90877095934908
195.8537723555157
194.1283512642353
192.3602063472647
192.30863294183402
191.65244082337713
194.23159488532804
196.78665761728095
200.6464524961964
203.96595353822178
206.18315856689773
209.80672885846272
212.01494510955868
215.11047915969746
218.3137716322958
219.37188978139022
220.96794178599606
221.18459680480487
219.34269031803987
218.42099890362468
217.51794678057027
216.6434166008369
215.14514727668663
214.8588662984419
213.82967530477862
215.0383254511823
214.51216159761037
213.39772143396473
212.76933512502814
212.92538367966372
211.65444580493116
209.91199407262243
206.68731631397947
203.57192150745018
200.63755817604778
195.23039372784598
191.78133248975544
188.10018738944504
185.90942633995
185.13446279857226
184.7186924264432
184.78453811561576
184.1383690981209
183.77246721132335
183.13844483226165
183.12719818842902
183.19382787858177
181.46727121520627
180.49281253958708
180.41093102782747
178.5852974278736
178.32008916052763
178.30169511599289
177.72228606701748
177.25455357737064
176.99422740958562
175.1012998232563
174.43958286769418
173.77946295407682
173.34702528266791
171.82714716180445
170.01035964611427
169.44834525912177
168.17329763460708
168.5510559380196
168.23364838420383
169.71300857802606
169.01539582138983
169.7524579802497
169.50760576329634
170.35644346908785
169.79012455237262
170.40242749773657
170.88964654978076
171.5148061304847
172.04261745610532
172.27687194603496
171.7047271042368
170.1602199818032
168.23763853880422
163.91538383740047
160.20768709991077
156.6202582916964
154.18558023501885
151.20667752586445
147.29524516495087
144.3992907195482
142.08082437191342
141.32144151060027
140.9229265327255
141.85165181351985
141.6810323088709
141.95843573981816
142.41478053767452
