11
1
d
9.467534852456724
9.885599455298452
9.479371061520315
9.481839993293676
9.532165418261346
10.012036234317973
9.747009479100056
9.930369038476677
10.012506383006437
8.877499219974842
7.24822717871164
6.630388088248381
4.79483864330078
3.523608836227918
2.6476337553210048
0.9790587950205627
0.09841375779461445
0.43091117173840005
0.0
0.0
0.05711474184750114
2.0689746807973295
7.099669864148901
10.92171169086233
13.97691729934571
19.064603056541262
22.092156203797774
27.825240840604582
30.56980039850708
34.871906294542626
34.91012233755994
35.24936287576434
32.01105862126212
27.855812098261538
23.713375372508708
18.929703569963007
13.13599735064834
9.376685943560698
6.060288251416774
1.7111019874167577
0.18148437976357293
0.5768522284232731
0.192302663415326
0.283134587040001
0.1550236690441262
0.18795456602659752
0.5192769350841622
0.23974849045290958
1.7181164350605955
2.662790122685002
3.4187820358996355
2.8691235000495174
2.5078580752238957
2.5865262064153636
3.580176270500659
4.435645026983588
5.280797682529041
7.300512833633116
11.00366228689874
14.221610694819457
18.422904210885033
21.30332247085015
22.48322899323702
23.61816630853178
25.977720885857163
28.63016948955391
29.944126490337066
32.4857582470554
37.74476369535293
44.605647539139625
56.412807615581784
63.459078935230735
74.35107885224774
85.34481359484215
96.32341255981574
113.92497154585917
127.15161691933005
136.2055434438828
140.03280260231327
140.01217647214187
132.46886396560194
118.87818353583735
99.76915973763947
87.18533527822392
70.96227381527721
60.93758266305979
49.696186043125685
34.25294266063995
21.331509598180986
11.307622339951354
10.159293640582076
10.30244214004808
13.530750343921405
18.656691153047397
26.428982953712453
32.33332268742395
40.27335965862367
41.78853460162384
44.95180918311977
48.76581690900089
53.08961727989131
55.15406875354172
55.25008105638754
54.99087385190761
55.40448347269033
53.077374855748936
52.85043223373149
52.11400386555606
51.40198568814024
51.017653342914684
48.26355762873289
45.117942462463496
41.39687968783827
39.67679984065544
37.15337916265526
37.08337353960072
48.5288559041537
63.193137378665696
86.02061867035137
101.50318279833392
121.1881896952223
144.61616915980957
161.71624661533514
186.4784818102467
195.3048518125697
201.6121142397308
203.7312037286249
205.21961163306983
208.62551247928653
209.56707829079213
212.2569974968139
213.04467046580933
216.21640721982868
223.44863007186441
230.13740268793555
242.63000973494977
250.61169112941
256.5969306791921
259.07286490635573
258.45825067923096
251.94678646689533
240.70258718175086
224.88166424930736
213.39161390829466
200.3305067532661
187.0211525189282
177.2220650224634
164.31758456911427
155.85596848663877
151.03219997571665
150.77960924981966
148.49252116708684
146.10241744547926
144.3487805533422
141.78007449760312
139.40192138835303
137.56877476286328
131.1660469983663
128.1923173837026
122.1602326351734
116.17852313491149
113.85577040867311
112.76238423679796
110.37920309975202
109.13773395588112
108.35736298171719
105.466545304621
104.12440438473168
101.90972762795535
99.07997645190078
93.29508485621507
87.23900956694042
82.21424860054611
77.69258045660196
75.81731209906526
76.55739324072613
82.61936844967502
90.65131175297911
103.48115477163891
111.83215536323753
123.91455358669197
132.55956449027084
142.39976288858813
158.48261787870294
169.03834633054635
178.58980472540796
181.99767406317358
182.86557514180438
172.2611424385016
156.99735175228966
135.79143786856275
119.80972276902078
101.65749002859923
88.13293850813206
74.21610023816876
52.72888479702182
36.05354886965664
24.765021843307803
21.310689019468878
21.45703262906939
28.075763235398462
37.27754958048188
49.84436794154718
60.1242898861188
71.4969097887352
79.01914868100697
84.996821359721
95.8847196734162
102.71985254382088
108.99726369738882
110.96715934871605
110.41280789706019
106.00805329449985
99.91335699505741
92.00481774769415
84.73035669141326
77.51626300181276
70.37233272536133
63.77880307528156
52.44776226715707
43.04860758814351
36.720096435535424
35.304184548952264
34.658224984766896
47.06332195952552
61.97206108406392
87.41186718810559
104.54093699545768
125.98256748122937
144.2249701740458
160.99777019271247
186.37809362249513
206.0300608334503
220.66748565609007
224.09644662869138
224.60023734172012
218.84333425982047
208.3483839575592
193.70373355158577
184.30471845744628
171.864498144695
168.2781793367542
165.24369140957367
161.85611787203948
159.3409918323304
154.40752025009706
152.16924175069116
148.80835455994077
140.7221574215696
129.3764186604625
113.52259124258124
101.67943787188787
86.62089698277042
70.24340371165881
55.176583261094656
32.87460294614128
16.70040983836345
3.5038671472354133
1.6374078808916768
1.2517742285570308
4.065685960145537
8.286152792979975
13.530990201239286
18.306601208547562
23.673226016331633
23.04962701162728
22.47578711399331
23.114032823224427
23.075201195503716
22.925641110821015
23.204949321290645
22.411916176077586
23.013362849847784
23.840189341047775
23.601932279487084
24.800912240417134
25.65348550632784
26.497114110286223
26.329704446473617
27.633786344877286
27.09077845487028
28.0772304686393
28.95686305893372
29.12810006101777
28.52979972423708
28.32699866548466
28.66686100775024
28.98691448582415
