9
11
b
155.18294228233643
154.3891561211146
154.24792518784466
154.0430915231599
154.29185150590067
153.22908591113193
154.99718361300086
153.92795817597707
151.106035659124
148.5148615710364
142.3108534773222
138.79826280494487
134.84178727635114
128.45987017007198
123.67665307781378
118.65465592019969
115.14375512520837
112.57182213150855
112.57713979905861
112.38098526363694
110.83257977487243
109.85656261999654
109.9033989893106
108.88503447454598
107.82347555819192
105.72630207045626
104.65795871684134
102.74356463884828
101.05967924224893
98.83556531373264
98.40569558400877
98.02333481628503
97.21108186568573
96.4623394871806
94.73191560925359
94.03461204966821
92.89976300242625
89.12927613314622
87.5767129389754
85.7082331144408
82.52683028452704
80.88650840290681
81.4191613247787
81.22325599162168
81.38349636301223
81.85735240592572
83.80858586669959
85.2783009767789
85.65700192586645
86.75610122252523
87.36458830797807
86.89060605970467
87.41034054754233
87.11795003920089
87.87740447641042
87.62137608947711
88.27787071370993
89.67109586173189
90.27214922115546
91.74281552678451
91.2110073746454
92.54250020774708
93.69680623980851
94.06363115747814
94.6239725258537
95.32922262418995
95.32322974716014
96.39709119147764
96.6170050201303
99.12645459918826
100.66536022931155
102.33393046131943
103.45016281236674
106.17096924260555
107.11057644110862
108.37635974135377
109.03766683068079
112.00495281243805
112.58337013896643
113.45049728598549
115.16430549083552
117.13781326921602
120.39973435489523
122.736733992647
126.84678089088543
128.3171147274387
131.38150822469413
134.43945401498337
137.36159453673415
140.0363284853666
141.76350443435368
143.16987108455007
145.04195577091733
147.9906897056092
150.62793872155206
152.7750632255028
155.43762961875206
160.74271260849068
163.42307925566777
166.77912619338323
171.30248310983868
173.52447293393934
174.75255934387152
175.83457572992825
177.09578977588583
177.7945035477394
180.6378822659078
181.74667843282765
184.348963780913
188.23517981545672
190.9167878273642
194.895276893038
196.90653425520387
198.21780237933848
198.44519842046762
198.48192858105992
198.0476742715817
199.83647978622727
198.9257540094277
200.47976383262204
199.16074430457857
199.88406021272786
201.69077084996502
203.75448352354599
204.8514491557102
205.28602092638485
206.25024451712017
205.0595951157267
204.69201142721911
204.37271934451422
203.46121332927922
203.15934580029707
202.07068940541131
200.4392694346372
201.506768372786
198.8788053725186
198.87463890831063
197.68054932544172
198.23867447880184
198.6041037706827
198.5899935420094
200.55376663853392
202.6754371869926
204.10586732108882
204.6637455168727
207.54390651105334
208.93848496340954
211.84988384788073
211.96696147153057
212.96003881679604
214.7679752986212
213.92376466686827
213.53721050716894
213.49505957669453
213.65585521922347
212.54027877454445
211.5605575686467
211.78444856276445
212.10682106431196
212.51948761410966
212.8113239407667
212.08203560229882
212.5914679201244
212.01886288916862
211.40998356003533
211.6031650825757
210.2453758288732
211.7240300676887
211.3647321574964
210.1400193919672
209.90219895864874
208.3035102946678
208.4537012067884
209.0459200627228
208.0703277818306
207.73502151100223
207.76970626102877
207.28292219891532
205.80675455157427
205.1767895836316
203.69465104892913
203.27222659944164
201.12559524720555
201.14679778977327
199.9725324292665
198.85545215896522
199.53560606397195
199.81247776775206
199.1972302358297
198.19731394977578
198.33462916936972
198.19631619254253
198.5600284041108
197.1609740679397
197.4648979042921
197.45640151247483
196.5277066882936
195.9147086788662
196.21654649283838
195.6273269628135
194.74024824253212
194.3976810822162
194.72220774643847
194.67713614713384
193.7537983604901
193.81102927276635
192.6487988503688
192.62371781693233
190.96772196140648
190.60709749997383
191.1371015750936
190.7073234897339
191.16548424306467
191.06521268100968
192.65548959492887
192.80810503118693
194.0447689951616
194.73747485938603
195.06524343231814
195.94850826238044
196.85631965738523
197.4517148397883
197.14069296710386
196.45279364172234
196.6679067197309
196.29538890664665
195.19619805930333
196.9789166330755
195.83209724630802
196.31548394950107
196.24019397269907
195.0217891825978
194.91352801908852
194.3961730039537
195.0551046638101
193.93069021187793
195.83796111738525
197.57926366917843
199.87939856451254
201.64244529888742
204.48925603302703
207.07246181315656
208.18807447779898
212.36139303201557
213.7926499207427
213.3585232482214
213.6758912140588
213.9735031476924
213.10601211135713
213.80365049056854
214.0861184991651
214.2211839256156
214.27224516652504
213.88144784575792
215.26115446684955
215.27126100897706
217.1634251127529
217.3780249018046
217.68793163670168
217.78537974413194
216.24371820953547
215.9514433247281
213.94667822769674
213.4174971440877
212.87744393253988
210.5477804335766
210.23655383605308
210.54525683714004
209.24743879929963
209.64304684913176
208.14695893741393
208.95956226164256
206.80410528269144
205.58898285634336
201.60803879722323
199.15310708040496
195.95420210874647
193.2253390836897
190.2186429878821
185.57052545467081
184.49458721003077
182.729256865925
181.31934115344455
180.85979297100837
180.31417712729476
180.40452587273575
180.53020020806116
180.80718121124815
