5
7
e
26.01669986121151
26.333712047320564
25.691519177818893
25.93824947786667
26.07467775118681
25.713157233398764
25.656773348447818
25.890524813509128
25.97753295074011
25.638650763479546
25.100799679541367
24.149275245400755
24.264681217609024
22.944875364485004
23.9634843517557
23.439409258547222
22.299399531919523
23.114264546438605
22.232842464136194
22.233982425144752
22.362911696036548
23.28074110728134
22.64500041346257
23.061285917981767
24.690154141546238
24.329871904624152
24.400235224211382
25.969480356199096
27.205373537715598
28.08262649788932
27.187168979095723
27.036404346566535
26.82226738132347
25.490452135174614
22.423518467913425
20.58313390240051
18.517086690617315
16.61097184299087
14.123680130883182
12.637224359132931
9.708970799139344
7.806333797283288
8.443227430677696
8.208900341223044
8.24110270557893
9.841633088420654
11.34821948859181
12.781917241770245
13.72488844826625
14.267960575471024
14.546690662629398
15.200721987163385
14.118722385005984
16.04759255259768
15.759611297968528
16.032678135342696
18.729742319951615
19.659382777402453
24.305423977881173
30.048442362280042
34.008788451735484
39.06218424165994
42.65618890872618
48.259202618160195
53.07071818470218
56.759581777047735
58.02630201840138
57.62959377455087
56.80956393099493
55.91894980500306
55.06177415703459
52.7607957452877
51.466230555477736
51.358410894105205
50.82447292125326
50.991429134745175
50.06005399260315
48.897981544782425
49.073500782019636
48.64771390325263
50.690254821814875
53.153923936358744
57.199957997049104
59.62456422927394
63.26068285085137
65.3962532824609
68.07853269461782
70.20864730725745
73.76508839380566
74.48970658574054
76.64661724919483
76.62063185959494
77.92895825731131
79.51132133234036
81.78015876571604
82.37785352260123
83.70877020568528
87.03593276958233
89.90059279424915
93.79210919619017
97.41264571557723
99.4804969102125
100.41356421688135
100.65764158724484
97.59965772869703
93.8046701157269
87.7354963332916
84.65455112046926
80.63471801847369
75.92347226409466
72.25499869964752
67.98509867814865
61.47730279084724
59.72103816916588
57.44407105244486
58.26694171641183
61.918493434341194
63.845113990437845
69.254372190492
74.12405303255301
79.04825756347326
82.21010701251788
84.21157394259123
89.01082642765198
92.82693258491732
94.91013141619307
96.07875413381437
95.34537177059397
95.9984273488813
94.10704370244113
93.26636229634912
92.15776857065906
90.3842205954191
91.68087304498984
91.76077305961502
91.02458101783643
90.88213627519332
91.6384747854691
92.30673166255936
91.6227787830344
91.724270930119
90.05351751912926
89.987670666983
88.39837380918817
87.63741163906946
87.78001875670637
86.30132164435199
84.79943295019538
82.35436117229013
81.51112448057343
81.5873096728762
80.94490491307242
83.88488692576749
88.38348265840843
93.21998302386271
98.1885875499956
102.91325691235924
107.56092141633401
112.92398389859846
118.57649962633944
124.24547433835531
128.41878439189117
130.20143312162745
130.2186749106667
125.20014108331128
119.94148023447147
112.98376081824568
107.23004527362116
100.51969419250824
96.11007868384627
91.07069939957228
84.92198883670625
80.19964207514765
75.82080189385054
75.41009026742333
75.73222052323
76.06175770050481
78.0955774684466
82.93730325101733
83.6814109879656
86.97948575351887
88.11880509011449
89.80524910244179
90.7580854471776
92.15922204522137
93.9633946787851
93.40995379822611
93.95320841724511
92.37035804883232
91.87133018988796
89.11776336509892
88.97169694979341
86.84700260650594
86.45434204742872
83.65346335163113
80.74701563686716
76.99274624363908
75.15359049688584
75.33093440990064
75.05908291712043
80.01908266122834
87.25963077142032
96.76235226813986
104.36087069069964
114.75231384483253
122.57911322685561
130.72434860675247
143.5802172293744
154.10380740597827
160.60387776235942
163.26792036248725
162.7061946431667
156.6481212355802
147.44546511981645
133.9258236518723
123.39620164129197
112.91932416428703
103.59641913912729
95.4577387153834
82.47716241853811
71.95475695915448
63.637170124614364
62.56718395915996
62.72856817152384
68.4407081495507
76.44679109607446
90.35963030859394
99.31881749162098
109.33507282873867
116.09428600889376
125.45332121097752
136.87583682213844
145.84514712494834
153.57480302500778
154.474337737208
155.0530598249358
149.45292712782788
142.73654528455148
131.419735015925
124.93581476249376
115.64810172019938
108.82504036048218
104.91364210318535
96.90877467233592
91.7099896837325
87.67991866732288
87.52065947120688
86.23611359066231
83.18323150237796
81.4153986665933
79.36108975545076
77.22652304020373
73.91946035916536
69.16591134005884
65.60554158503528
58.66264501054929
53.45889906335211
50.288333349650756
49.36155037530486
48.77185616893202
51.32477337749543
54.98090707847163
58.90515426681952
61.96056838892705
66.51699064211107
69.88605926626435
71.7081993508011
75.5759012630328
78.65050180257569
81.75282200111147
81.74604011063428
83.57582419885506
79.62781273725777
78.07679313168187
73.76635733608862
71.38523318392255
68.40498072007252
65.88082354287438
64.94813968921282
61.51961983000193
59.907905390508255
58.453718331676114
58.51322420868531
56.952139118983055
57.6294637014218
58.141932965474105
57.00933426290714
57.793602850497415
