0
7
c
38.96845911670039
38.98507406941215
39.55852371348179
38.375877345509245
39.93061575176732
39.52787549818744
38.73286730352038
38.76581095483939
37.120948983073525
33.81908264721916
29.47392572006682
27.27337720126733
23.683731742673647
20.155722512548156
17.117083049374536
11.600861241700139
8.271915112664628
5.4633266487023935
5.315091189563266
4.955986312511943
5.498591636497563
7.372496168483785
7.782112967011973
9.296512054629824
9.803102570447173
10.238111775600228
10.197653691075196
9.114004089342696
9.323009744527466
8.708355959620494
9.53828011905097
8.986936121898044
9.490091948331747
10.089051052636608
11.901484138017054
13.166367994190018
13.655751055381598
14.242029982423734
16.070317608031527
16.821104675447938
18.271983884689156
18.53977656007515
18.345997340496737
18.974587013341708
18.520491014272928
18.013329269090544
18.151321434475687
16.347705139632613
16.886337721446946
15.64108269105011
15.357613685758984
13.626180731501341
12.392689664113279
11.215296226678104
11.413035118104075
11.176380597092034
13.80894320091996
18.60132572539494
23.374788558546346
27.638764321092058
31.59461108972972
39.76578973181454
45.56315856131279
51.44024411433978
52.12411750664123
53.06235007890605
52.87881925352673
54.22203122128583
52.36209635887173
54.21468204962595
53.554711022118845
53.82220061867402
53.7102403914538
54.4135233144822
55.08595081679231
55.39153814783748
55.52443590300637
56.565665777972335
57.97493997880129
57.80115329106272
59.855972701153824
60.37067508800344
61.973886949849756
63.65160169479726
66.0916062992023
68.42434676554966
71.04281565920593
74.23955970262624
76.34034755916517
78.27501795083728
78.01042031381775
77.967424327515
77.84890937747598
77.73146316352369
76.42701040862904
74.88883506613861
74.61260487111585
74.42821512366893
75.07220548286628
74.1486841292855
74.58895289986869
73.61875798469124
73.54230295656167
74.02970088656103
74.09391304124554
76.52217835029501
78.12544057122153
78.4998029927024
80.63549411303565
81.026977122555
83.08701492395357
83.95388207319458
85.58558581749728
87.55744736732782
87.9721804430178
87.21467613966946
87.32278525892761
85.07345127963345
82.87435978600953
80.88174345644296
79.23063784922257
78.53523357837005
76.94721629534635
75.36863120398219
73.45281214517604
72.06789797382818
71.26776876806576
72.4494311449947
72.46287761213149
74.54837983376643
76.94788136502285
80.51606827307303
82.97190980835919
86.38267743256712
87.70953032433356
90.91609413213466
92.36534854450872
91.51718424498716
90.38214036160356
90.88552076131144
90.59489469434286
91.0118644041825
91.30916962208345
91.90046169193666
91.05171260624228
90.29471713731704
91.97510180592637
91.4611119749571
91.11331342609583
90.75412994695215
91.63199000942903
93.23808176480377
93.89972092937569
94.16544684729092
95.90659140236166
98.95008825885117
100.92253084967224
104.19152073041548
106.2500187452886
108.69724899545572
109.58120780895376
110.42248597852789
111.58984774900658
111.62788622363607
113.15447610377063
111.82876727588277
112.18426066029416
111.97330774406291
113.79446243454116
115.14022884609466
114.43687398410309
115.66038467880345
116.9021460898
117.27783277048371
116.7792770173717
117.39943097547237
117.90658323383735
120.52260464757131
122.13552374908613
123.65360301717855
124.57592987109902
126.69105415187376
129.0388805385144
132.38518268639962
134.17798795458532
135.06129802402543
135.1316235088243
134.12990343066355
135.43339514597304
133.15526357415166
134.08010048463274
131.57146706744712
131.99153643942418
130.90975652422517
130.5206601558041
129.83623304344508
129.7868935811851
129.3670323334309
130.34412074181157
130.4567802050591
129.4950673258371
129.98783607597414
129.37924100880073
130.2171131703289
129.56813973322323
130.9847670387656
130.35031581751363
130.30206711636453
130.7464837797217
131.40290511877035
131.43915366551252
131.44068155426223
131.06923426392885
129.4146035485383
127.69177382754891
127.44932017225683
124.14680164809288
124.65240521774977
124.20463578943625
124.1444096061651
123.41164277581953
122.19764373062816
121.28206200499375
119.9558520477039
118.20553255967458
114.97144126196157
110.07352474557122
107.91336570000357
102.71744440016319
95.38693152450817
91.19616385850739
85.37396007725157
83.7665595438245
81.7963480704869
82.14654025297872
82.02563828383497
80.91307798447409
81.66075962688154
80.47603860508286
79.72438745381508
80.51329384602477
79.13763122007572
77.53717023236825
74.74356134399953
73.50226953526952
72.92688940394054
72.90860112865715
72.63084864235131
73.8538087991536
74.51675131853183
75.09352057536773
76.19305012885458
76.6882189563394
78.47476411043344
78.61413933671074
79.72873207169563
81.19238615470286
81.43849571010188
82.21535233828992
82.4374706437283
80.68458425648372
80.28530087901592
78.58050257169536
76.25610348109838
75.22593392038151
73.72865317031834
71.80694871581437
70.11486222208052
70.18824726255879
70.1784404670802
69.09772273536231
68.8046025390829
69.21775245748101
68.77623683314326
68.1665926575261
67.92062077819303
67.73793875130269
67.58829284008655
66.70193096181616
65.35833092030997
64.48685466566145
64.09561755238501
64.15647255674341
63.71168375212212
63.79244362661463
63.72078217914817
64.42801856035571
65.49658590528705
