8
5
c
247.18146305081186
247.37822684992693
246.6766354080544
246.91786187114556
247.29646362360273
246.8453480406942
247.2868375919004
246.7056458085622
242.14637716821238
236.15738787007533
229.0030665796283
223.16520506983107
214.65602708320668
205.01928256236303
199.06208892671933
188.56220855588984
184.2708979920084
180.97473254755838
180.00618222836906
179.70731584850913
177.22132534544002
176.29432003129466
175.8066440937782
174.0483900447114
171.89396773139256
169.89401233850205
167.78054203329054
163.87174540891755
162.24500554733294
159.04547831626607
158.21728074342002
156.6847870289751
155.50301626291295
153.39205541278946
151.41690915184932
149.52622068657016
147.46826189823804
143.99375098569908
141.51485294806278
135.8778834252323
131.55821721967826
130.75620255685675
129.32187991608066
128.65690397433903
130.08672139860985
131.87789252203234
134.0692426549554
135.8918629520091
137.56366185211954
137.40843504832293
138.49241976302068
138.79004826496302
138.7658394817655
140.41369547673966
140.34288028096086
140.54883990521077
141.64192119540118
142.68691366719932
144.81328183209035
145.2416158612328
147.15866985532287
148.79325701653931
149.61113507639695
150.36797131031457
151.3496098328236
151.88462296492924
153.7753782828792
154.46942835805524
156.97291277775741
158.43910324074716
161.80343884887628
163.34620274461918
166.59779616456103
168.4213554179838
171.62385264336538
172.48289712315398
175.86219681731401
178.35091776137722
179.72984907748443
180.19763203995976
184.40375115851998
187.79205928401385
193.93098669082107
196.8309336371551
201.4443479249106
207.2314526566178
211.37344078894768
216.20799664255463
218.8617462972667
223.9744205266793
226.13535565722867
229.12106664653942
233.01330464438544
236.4339738368465
241.01728242440672
245.4123039201651
250.1037554577994
256.10819479447855
261.82942867113604
268.7305502980706
273.3841235798572
277.90603728804206
279.58142791006776
281.73282273979544
283.3064757618723
286.31277668833803
288.7752591790368
291.00447503008206
294.6519390239242
300.69406053283274
306.21154018545394
313.2790284359273
315.83477793383145
316.7653057574183
316.3433011985465
317.7350505341186
318.05393378673637
318.27975622627235
318.64080912468694
320.43923116544556
320.7761046962036
321.6395758461449
323.5360231603076
325.849589700239
327.5116721631504
328.5585280004714
330.07193180788863
330.37704270873644
328.6429194540812
328.1964163645912
325.80020080025224
324.5835215832215
323.94883716896607
322.0005245318332
321.21338984476984
319.2464034166796
318.441305569464
316.4924611798631
316.010464316322
316.51290144073874
318.4732697761643
319.6851810617987
324.03629531522256
327.34325358121805
328.798733718442
331.5957631712295
334.75896256139055
338.0400779561728
340.70869071934015
342.60735587743613
341.983454860172
342.59634065397347
342.44751090676596
341.82628905789113
339.91461661243375
339.9753944013848
338.8478098766799
339.14109551796287
340.30863917157717
340.0573625777649
338.93176500408833
340.8196598453899
340.24902502360897
340.44469587280975
340.76449759432296
338.6018684054731
337.9505603447596
336.4124468149986
335.83511220638525
334.5871083516605
335.3654792169219
334.7784169226369
334.1350375920774
332.89644770356455
333.0228409605291
331.79319849078814
331.44120627660334
329.96527237944747
328.86726063674683
327.6465217174631
326.8005985055647
323.88497089830514
322.84240756911487
320.39319109752427
320.03148877019044
318.1704275072209
319.13226406527406
319.1866428052955
317.75997006807046
316.62472604081694
317.3905074126129
318.0183562151811
316.90650840281796
315.73755521224336
314.7927454988447
315.01144158515655
314.13340654285855
313.6125323942574
313.3351765841414
313.1477646139182
312.923944603468
311.5710748069488
311.1656586873881
310.77861666739267
310.2129962770696
310.6115787666564
308.64913640868565
307.2038997564445
305.9531586981803
306.2502917390314
305.3642995274475
305.46505900289884
306.5018836088186
306.66225689042864
308.78980667709715
309.1348174584577
310.3935069829684
311.63781133975573
312.01567656462333
312.6216160190216
313.93045592232653
314.0649409499683
315.2491598006901
315.16612435322884
314.8271620235485
313.95682275244894
315.01542351543173
313.56160904680524
314.25121896977305
312.0956566649628
312.8282377935365
312.37472583240327
312.3966277954454
312.48269415031353
310.204569572782
311.50119783938055
313.33144334590634
315.97899678485436
320.394375373269
322.36467260285207
326.7523912542101
331.73358184842436
335.5232323981815
339.52626302250724
339.9622026073407
341.422204328522
340.80750520412374
341.51950083737336
341.0455122980148
342.10982587064063
340.57897966900754
342.5589031878936
341.82081976715506
343.2618591905728
343.7198711530256
345.46396482745206
346.6987812712947
347.6205967559985
347.9131127024871
347.00067876621824
347.1832460922037
344.5625785277734
343.73860777696825
341.69116413910876
338.58256392640845
338.890632634313
337.0092134242507
336.2827710088612
335.37945923529287
335.51199689691697
333.3026584439514
333.208286431917
330.52744325158693
326.5572912232579
321.15196702573735
317.48738469329294
313.35251190699387
308.7527841764621
303.8642343732131
298.4122334939439
293.40298883977607
290.27066270282694
290.5323484850144
290.4094306084309
290.13562717299754
289.55537741200607
289.03303906404005
289.3919908454183
