8
7
d
81.18453301713585
79.68630526816986
79.5955035711611
80.54330568647634
79.86791498201931
79.7011484041591
80.08514720736805
79.4832001965384
76.24197322998775
69.89761704895626
60.40604170158492
55.86799928141108
48.79164292523495
41.481219756895435
35.36501366429287
24.713994424769712
18.085573325188104
10.557735466286822
11.601039160970194
10.26919825906861
11.734455363738554
13.75807483848871
15.760701050417913
18.787530592912386
20.675609613214196
19.319920751402485
19.895475145395004
18.56422874103552
19.211324315308932
19.267296066144226
18.482405782139605
19.256586698041694
19.83433733825761
22.540747633839832
24.171081410706694
26.02280164670855
28.00927844632321
30.241803283593956
31.854459440237424
35.144258968165026
37.02461140002351
38.41487961986416
38.405679905524984
38.877322676639295
38.117495198151715
37.59515361504326
35.847709427842716
35.012985164451585
32.693159900292834
32.252268569088315
30.380222273739097
28.431865768310036
25.30488387357801
23.48744605613713
21.932530772119076
21.98181123778583
27.660182840140607
36.83573924094204
48.20952617589012
56.0798454237205
66.42051029540451
80.53190084767063
91.0002711346027
105.78882341296068
106.13327342926586
107.71601426955318
107.44747147781464
108.18502791283947
109.38604907365759
108.97860349037487
108.78173073741678
108.34593972155778
109.21238801843751
111.59163353767998
112.93520757792051
112.86772460665165
114.08280713225808
116.19012349840874
115.95892411980577
116.8925069422412
120.63201934443246
122.95978267724705
127.36720194085842
129.87243160265356
135.31299701324255
139.42366918346391
144.45934077165924
151.52922711076297
155.39808884230752
158.49350020545774
158.80123358443555
159.2321848318908
159.1877863086399
158.02722557478972
155.79011318118833
154.34062591863767
152.74401362895617
152.34538553275914
152.14086890443036
152.35085913821803
151.78385058361647
151.9775491356497
151.45139183963911
151.19288082165795
152.99144226867045
154.0346968660514
158.3417258582886
160.4478594103477
163.54014665975706
165.26731776043056
168.75153871615296
173.68596836615401
176.95258934037358
178.76517612279127
179.22800814697237
179.2879219674233
177.4340016425842
174.21064149737816
170.50332407571068
166.43166867930128
163.65918860297697
160.48914253973126
157.10805819609607
153.33744783899314
150.49280938724266
146.60240087895417
146.31163454566948
145.77256458678076
148.9886207761165
151.22710048910238
158.97327478073805
163.92909064312173
168.02010502087015
174.68288867184933
180.22936195856533
185.39420578530377
186.29322860467522
187.62752938765706
186.0543156284142
185.8660249219344
185.89444172663445
186.62730544584852
186.43130414239764
186.13019942635398
184.8875717731189
186.0469388866922
186.37709351494146
186.21010274787815
186.57457659949375
188.04600993893246
187.37344163640392
187.91033758072444
189.94196290891298
191.40323868690373
196.78173238317214
200.73497172220803
207.3046602462691
212.11574711964732
216.69565505829954
222.44946534120223
225.7313138327642
227.04255251302158
226.90809462293151
228.18776465311944
229.8688357287863
230.85220486858378
230.0487856062309
231.5700529706674
232.3781990114636
234.28986367119444
234.22383879717532
236.24870881065863
236.76519728016174
238.58634935275165
239.36292080212218
240.25490756532727
243.3845520305952
245.11592459556888
250.10530699162817
251.84800544481092
255.06971722601924
259.15078883085243
262.34524637303247
267.83662525398194
272.7605772575371
275.241297307441
275.30749769823433
277.056495511038
276.27266795439516
273.560627600629
271.4503856559698
270.00545486785586
267.56893110768044
266.88238403250614
266.68677967248766
265.52621027881963
264.7711772630113
263.26673391144783
265.52024475234214
264.44689106582416
264.29398978106707
264.7630295752065
265.1609983206565
265.30356457059526
265.4091057540434
264.96985559539286
266.11307796689863
266.18729800715977
266.01266966087036
267.3754757978379
266.5047842049484
266.5895345875701
265.2466830695861
262.2376181087495
259.79840709075523
258.0421034035984
254.34641153064055
254.5928573628683
253.00324852112067
251.32059901800557
250.41129720660518
249.18954434543267
246.98320855071944
245.9474498848431
241.308807890708
236.08040236828967
226.1177400194594
218.35383128409964
209.41334986684578
196.08659501589554
185.83613624488206
173.30875275324865
169.45798481114971
167.18529239286562
166.56112506550767
165.72236596538198
165.27542671532353
164.42087288979798
164.3782432389009
164.23990285117148
163.4394634925691
160.72203162388908
157.09109535702765
153.5806502015292
150.91802880269762
149.32530976395154
148.83889176558407
148.5815041600127
149.084779338306
151.9143955254709
154.66507104393148
155.64289505291012
158.31483396719466
158.9766818606954
161.41642025573654
162.80163534492306
164.609963434537
166.3870153885491
167.27517284479345
166.64672704659114
165.395756712425
162.30520121552067
158.60592365886717
155.43844757225034
152.8990130825898
149.66780496573145
147.8068533413674
144.25218632317188
142.21317694941735
141.83981182033148
140.86816012315325
140.71819097293456
140.21720336560978
139.70334955110272
139.26430202904174
138.6828909844198
137.30900181495687
136.86268836478953
135.29419001956614
133.25805143758134
133.19094287976884
131.7877268405285
130.89066497875686
131.27929582360224
131.04822305966272
131.00329475979026
131.48817432850677
131.3446378647547
