11
0
a
115.3444915691002
115.20242416437418
116.16294010197339
116.61108920355018
116.29653919088186
116.80217844981604
116.37233958348878
115.37213647319274
109.46380122102603
102.01047341346144
88.68244579084639
81.66291952847743
70.20857648649364
60.65317220486502
50.14935827763749
35.8059742798941
25.969279365953412
16.81126285995401
15.086400694566752
14.496813043805465
15.806454431070774
19.495376723443087
23.36864324475839
26.652165778945612
30.46538221584783
29.79579436878474
29.635318875251393
29.26687671754954
28.426101367860266
27.529523846990447
25.84696433260657
27.721670158159416
29.19712832964594
31.818300864775132
35.74897587519385
38.12937638908661
40.6427710606321
43.3149237661444
45.8285909349258
50.77300740226579
54.05773877198834
55.98330491408688
57.22585908984731
56.94808197817247
55.78315816405317
53.664779443889046
50.89717310074204
49.98826767569402
48.16228592839401
46.936225684519066
44.593246079909186
40.06797673345846
37.30257287591522
33.80111265917563
33.422245816538876
32.839109274575364
39.85610856802747
52.60847519677508
70.21394101719031
81.90506602999477
96.55708313302814
116.66288984534287
132.61283741741858
152.50003524335264
155.08497645341103
156.33890097870253
157.41409689323825
157.78014743824716
157.64034692316613
158.0629424534476
157.86588554796683
158.24623984117886
159.08837459937214
160.90076748712028
162.62828851893215
164.51983961990476
166.04006873307515
167.81143652711802
169.48128261651328
170.78313004821834
175.12685468468484
178.27227948826385
184.8308325211734
190.86873025448497
196.54562982026934
202.72229359262104
208.67754671291868
218.1252167016032
224.47372430672868
229.9507014406151
231.71017011744692
230.86296223289096
230.297323174211
227.85740895575046
226.36242939002133
224.05561670535508
222.60780093425203
221.61737600041022
221.42338140223652
220.78851616724927
219.40249704653897
218.80255936935143
218.66698757131283
219.31556541986853
220.55663236833604
224.8483982056404
230.11406149355932
234.11179290730644
237.32485713508322
240.82997475100578
244.52463156104483
249.7234886898921
255.05605482576863
259.1146646858868
260.0164386564133
259.2022724936526
256.5191751310123
253.02898669042
245.87636231196075
242.04145160940442
236.16711447623487
233.18257066956207
228.0189594238931
222.18099443562525
217.84399885766197
212.65025737817663
212.70180666013835
211.28813834794326
216.26698928729476
222.5081989412049
230.91435823133273
237.41077564082502
243.51790367571238
253.7401906725499
261.8777857168107
268.7963456053782
269.93756137287755
269.4217626950557
271.6443839785021
270.1836323276846
270.8557459659746
269.4451629383627
269.64322769469175
269.78459907541213
269.66187737465214
271.2734901187424
270.1598926588506
270.70528378932335
270.50261691001253
270.7608506845442
271.6536790565903
272.73927125543275
274.86149342693733
277.4800243114112
285.8023211116653
291.52818127165705
300.5609798017506
306.92444555536355
315.2696338369812
322.26333011601696
327.8459209019183
329.4656258448945
330.22806295089407
332.11216487832564
333.0023953477046
333.4952939527254
334.66431942111063
335.33106574581996
336.96390871767863
339.930951355187
340.88463285400707
342.52365590281573
343.6099902598339
345.65907004210794
347.84109831064126
348.17320545122266
352.2794434566202
355.35189556579246
361.0971385727834
366.0028614417822
370.0865169097402
375.93288410433917
381.7285837098443
389.25648517442943
395.10970009208177
398.47443807252523
400.0740673828227
401.66127019601583
399.6126501502885
396.87676763082163
393.7493779031904
391.7633769739097
388.3788332474167
386.41213142064646
386.9555550032968
385.76804313685534
384.8325525620876
383.0266665293648
382.77547387234347
382.654792216915
383.81746341519914
384.2913220051529
384.0921316796585
384.30348925076845
385.18569032875877
385.0529281323794
384.8972991348197
386.1851568548935
386.2402743067251
387.666628073347
388.1504831484608
387.41227547342146
386.2547729336712
383.3730876444051
377.3615153129763
374.2895690936963
370.08288567886115
366.9643602760405
366.33372927586385
365.48709000712995
363.0932953494123
360.7941396413009
358.23191167260734
355.53165682042254
349.4387779903806
342.17846592242887
327.2964210216481
316.5053843907698
303.0068577900916
285.1288590845657
270.74020009521786
250.48971720293872
246.21675562354326
243.17163979352227
242.20088540641146
242.01267804823465
239.77694480641588
239.90873443716006
238.1676922803316
238.450370055012
236.59774786835544
233.59656342188674
229.32012465502152
224.0677760286377
218.52482718303602
216.31121030023996
215.18062394986174
214.8337698522379
217.02414492383096
219.4861118722365
222.81535296011913
226.03651522416706
229.60129961591355
230.6656911618102
234.77599749312105
236.91989093511995
239.59894246920013
241.7144978324299
242.36703722710928
242.15414143251144
239.45873677907076
237.04705453572876
231.03032908298132
227.11954624930038
222.1969970211842
218.21806228765942
214.52566885184484
210.29931674764475
206.45553945533334
204.61872449305676
204.42859356988743
204.04472776582838
201.97868984403527
201.51477083977394
201.0574940287277
200.4708821953832
199.78416601433634
198.1272428378751
197.30276991100644
193.6509874839105
192.4397562926765
191.26396318500693
189.9963941404167
190.30493374388027
189.42528141088735
190.1676440635983
190.1635150001314
190.73990638343113
