1
5
a
9.72800160838931
10.722332951038718
9.28145437831922
10.030632852352587
10.558851983577712
10.043639735142442
10.435661692790793
9.769946371121176
9.3860953591307
8.84406105983209
6.655440329488903
7.911007107470093
5.798888835412333
4.737287175486896
2.244693412105509
0.5158037814512151
0.1948636854146275
0.0
0.0
0.0
0.0
2.7110474009256
7.312633997905669
11.117419536944132
13.774483765043813
18.64919046029788
21.78952620955361
27.612280590875617
31.075806176136886
34.84717576768632
35.66676123052897
35.76235476576568
33.18961608293796
29.73542983693464
22.96437655527198
20.03599397563677
13.308222608748038
9.539730643947099
5.813260438828615
1.5628738969865565
0.6949469915814692
0.5278845156626718
0.0
0.0
0.0
0.2801810285601632
0.0
0.042831918220451286
1.2701675834915789
3.940794476930172
2.2710884737495673
2.122473546368706
2.8911025613245713
2.782639085061314
3.27111870120571
3.943423346764911
6.069548853994337
7.587013812974207
10.62468233339359
14.844549176048151
18.892299363436674
20.79782547097817
23.168160748825724
24.696925211830003
25.681045066343785
29.49261074299205
31.382662563339515
33.461120104718674
37.356871171208134
45.75777982249864
57.097883982092334
66.15465112453957
76.10438914981127
87.20476833142811
99.09697796407612
116.90553550318981
129.48109421463084
140.63630005641824
142.7525803659617
142.2580945255044
134.38242658754902
122.11037873821248
102.80262804959226
90.1430276170086
72.96722066156495
62.42123954531201
51.06510778096559
33.99090757449427
21.62076580190968
12.064637610381979
10.817645739218545
9.988007336108137
13.757388337694104
20.156389189684436
27.69786064242371
33.3311730530933
39.78518465381678
43.21004121956114
46.36906874989293
50.127121510321864
53.340804945254845
54.7736930150565
56.53349675778393
56.93237342447013
56.32091629841058
54.46854626903779
53.58797015697636
53.389027540612766
52.027474362732114
51.31680267363942
48.23575420897256
46.679346266677186
41.64988356238262
39.41338706737518
37.020154095008024
38.522034167550515
49.7124743181897
64.55897490844673
88.18701131398811
104.13928787245958
123.93817525168492
146.85841055044187
165.31418293327297
190.07542962683618
200.95551851939936
206.38039129252613
207.499400498702
209.96221836577166
212.03752600157054
214.1198127469157
215.95132132381843
219.27104752766658
220.99132077095518
228.14649657063615
235.71822880242965
245.83936763599274
254.86461168971232
262.2814677682093
264.7054769158906
263.7520830861057
257.1791651241621
246.05270771494094
229.5048299947585
218.21527837841805
204.0806459390507
191.29151034066714
180.8969555197311
168.15587209953466
158.8656948867316
155.13021327446805
152.98464964746614
151.2951039341853
148.61106255339507
146.71336924018678
145.2084839561704
143.14912786491422
140.3700453424949
133.42013015473222
130.77368651368633
124.15874743975634
119.67023473419788
115.52606130752812
114.52676927836693
114.14454784248858
111.7587217006974
110.05482926195043
107.77591504225182
106.98224169034658
103.53450887228281
100.0964745568606
96.49076389110293
88.4473992125573
84.3798833742974
80.51770544921582
78.34831583822739
78.69532027632313
84.26592479230814
93.55718162175175
105.51816192191566
115.27130333734674
125.63626574792187
134.55793925848963
145.21353609278356
162.07264285913064
173.62788739333237
182.36414970608934
185.49178159858047
185.30778069967008
175.2510025950119
161.31503977350167
138.8385035082329
122.2832559902476
105.126329913278
89.69544556598709
75.74465689077891
54.409677985038556
37.583037864445444
25.235511271808218
22.56073229422408
21.61691929563046
28.480599531761275
38.465532608090896
51.80119367109351
61.937212244278115
73.47123155244934
80.12685315913363
86.90013729014109
98.32410169949057
106.33829866628062
111.42023605561009
113.31870954578481
113.60673084869144
109.41347041561508
102.73667133669325
92.13977220955239
85.95924327992488
78.15607702284797
71.57057686565695
64.46335179442622
54.43051837799516
44.5118155319767
37.0808415727386
35.0282076553702
35.77569701188343
46.97557948207909
63.673305673200474
89.82534081114323
107.14751629784644
128.5332228377673
146.8848339743975
163.3940845604969
190.30212291998265
211.0228588174054
226.79957961801546
229.43633628794768
230.44655827929628
222.16684534071604
212.77815030465078
199.6231229785161
188.51043878997447
176.4870113756867
171.2126541014449
169.0108954709845
164.98858117684333
162.63506187579398
158.33605670839322
155.40878737062664
152.35029333223758
142.78210944450183
132.37563175150893
115.40481936632622
103.40510926708147
87.48372654758454
71.35898303347847
56.27381576071734
32.840548232321275
16.424173169307597
3.5404578311757358
2.4980821045564614
0.9230879239701526
3.843400884361458
8.376122735673308
13.559772165623857
18.34122148470789
24.15059025261763
24.384798056658884
24.027321427418094
23.93877866737532
23.628339581452877
23.01308559257105
22.747557357215577
23.789404305577847
22.940764795012154
24.668421019964928
24.200035867692357
25.884549132176065
26.213099275965234
26.086349513412006
26.994561132607192
27.189507970978166
28.933657160214505
28.22751571260207
29.124623598074884
28.867484332769283
28.653185060820856
28.893571996853485
28.360067495627924
28.970396879488863
