8
7
b
56.095848944108674
55.71892639678083
55.42257928478639
55.63587582414216
55.17478759801347
55.47413175907783
55.52372735848346
54.97498515333961
54.38213837586819
54.006316810256315
52.76748910922247
52.72562802823056
51.8279276155081
51.31786179485616
49.42681033814959
48.348298157500324
48.047866336352755
47.188142244438524
46.610125632871494
46.3016144638774
47.617660843944805
49.82328349976808
49.899703302580974
50.91111328185623
51.570356576635476
53.478048071779334
54.325436922409956
56.82642218277279
57.06090468678731
58.47172558544764
58.25610093576981
58.779168926461864
56.950504259536956
53.77623309610787
47.430284003015196
44.89248554343166
39.827575816545924
35.559433978886865
31.596186168309913
26.628971889401928
21.42692706234176
17.894932792986474
18.441483240619082
17.593544900077227
20.414431673997672
22.191485196833156
24.763937775592634
27.21579446572209
29.84466022083807
31.02305649614492
31.018499823906858
32.02216810352941
32.02583059353486
33.04547161978928
34.51893975382791
34.22775125404284
38.332218234381486
42.052005175593166
53.744377080123094
62.037937998009355
73.3146366770105
83.3147172767336
90.65240872908527
104.22093079253315
114.40842692241894
121.22880293994017
122.07316385502898
123.04618844776985
120.42916629897229
118.15173745520136
116.20486923852475
112.71284799270079
109.66436181984773
109.72334314952087
108.43226504859105
107.11780549846354
106.89968956352675
106.03790951070532
105.44760699816544
104.86337174567531
108.24982288297326
114.65533834899199
122.06020266680929
127.43441985859657
134.1092736050685
140.95429527017055
144.99273685175316
150.73580944591492
156.55395544351433
161.31660883741458
162.93855446552044
163.92328172826595
167.34745434014067
171.00117405099252
174.4519294804242
176.6321776646394
180.44884451074097
185.25063100710295
192.5926015854867
200.2994580098016
207.90049065598984
212.61061511683783
215.84418290501404
214.7639373611015
209.1500718759112
200.21257061182556
189.94460516671978
180.63561633856835
170.25995710777036
163.55165353584624
154.12780636232893
142.91449021001196
132.6807938087511
125.83468502726897
124.43981488677238
124.27406876543381
129.02012913424335
138.52923108838178
148.5097552757449
158.3096518338953
168.22106170014547
174.50263920891106
181.72315279023317
190.12545257552998
197.9885873587578
204.02085196129647
203.86671030564767
204.2930110938444
203.75996637171295
201.83036523293447
199.14824995870777
197.3070775229059
195.12768204366486
194.96919976415577
195.52646202591038
195.08019072145893
195.99363180724322
195.6154028007303
195.9102720289065
196.90817873850798
196.19424884603131
194.4221036512319
191.37109045255283
191.3010279627955
189.05428193097814
187.04898297629398
185.0661229392094
180.36965286063955
177.66747637821987
175.23181014738358
174.0165264040447
173.6627249674532
179.31904777824403
187.84342108195247
201.26086904905526
209.14255208114884
219.34131279609193
229.46121727527236
239.12108117985733
254.39226121806962
265.3708146420093
274.3439253439644
276.61792751857064
277.21590898686264
269.9541648398918
257.89363495128197
241.69258508313652
229.59451485169933
216.77530232533078
206.71624906335498
197.1053359256597
181.38639570945855
171.53590580845704
162.42236657918588
161.00033698485987
160.93048296673317
164.17270163297002
169.29432375897795
175.2188463132005
179.94992694883118
186.02431110324844
188.33727891271852
191.4392970517369
195.02911472917185
197.70920106223414
200.44385311625805
199.23034012954435
200.48758186968186
198.82976530990132
194.70918530843568
191.82830537245724
188.29806390980715
186.36394813899392
181.85330713831203
178.95051427433452
172.43364267856464
166.693946032345
162.49004156150573
159.42591123801685
159.87865466887467
170.75436056238033
186.03552117324813
209.3714283631859
224.66977509183377
243.64342660118106
260.95185580619943
279.60821521929574
307.6276472642911
328.34092047379903
344.89956483486026
348.4066882263586
347.6992750939225
335.391217101128
314.71596901579164
287.1231771068136
265.3381346191399
240.71921281817555
222.87793195780554
203.77013297852184
175.88939844563419
153.70360663228675
137.90242357330956
132.73411657689732
134.47106687270676
146.80259980374237
164.38701073506476
192.02819622449687
212.30104312205972
234.19652480579404
251.8298641417803
268.1185223884111
293.8939725440155
313.5453627431682
327.4313052138125
332.37496768617945
331.7059390587883
320.9794237274532
305.2878682053804
283.03841215600477
266.2257918092137
246.83930097160615
233.11582535358875
222.64884635871698
208.47289769227604
197.6431222509117
188.46111679675715
185.48905815643573
182.87771971980374
177.96808409598555
174.14640120303625
167.86128861800188
164.29803769695712
160.53883342932215
148.79058064057688
140.03322110438404
126.37824240644603
114.91561474167565
107.12633301332436
104.44413862862798
104.68737747931038
109.44204069403384
117.55551331793241
127.95998936502586
134.18067956728274
143.6936355819224
149.52354907182774
154.09022177235732
161.71332654201296
169.6043035325131
173.6809616979876
175.5775797517962
174.30038491013624
172.2412526202989
167.16595629734644
158.62619390420247
152.37451741095
146.01143797957778
142.09024141314967
137.99765550733457
131.8496905766642
126.73889125509119
124.54622286601528
123.79797281676652
124.11482592716808
123.46534409685296
123.74008809935468
124.0716258764375
123.37175241417361
