11
9
e
257.4991986830193
257.9316806022624
258.5282271851987
258.45838316195324
257.90013505834304
258.45700000207614
258.5356886755973
258.8071334671002
253.31926129012047
247.66287656535496
238.7063439250272
232.52749477811847
225.013779411144
214.71694345933525
207.2205172278621
198.18629669623672
191.79964540727414
190.06805870501466
188.5530891585216
187.3896489713897
186.3319701512397
184.6140674467653
183.2238458564691
181.74425460462507
181.0087254568376
177.66336341953803
175.49251532485764
171.49404681930037
169.69612071823116
167.85551331454704
165.25505214504057
164.96741282762838
163.28016522646857
160.55026021020626
158.06081335625353
156.38294486635172
154.45056541994205
151.09874252356002
146.68082593940548
143.15814101764784
139.7260786197427
136.14762392296393
135.04494449206487
135.36642542199635
135.79566392845453
138.15671214568192
141.6742142658951
142.56072702155103
143.88409934450968
143.61931597995095
145.01670274677986
145.21223472598948
145.66518514730882
146.13787760323592
146.75805265722863
148.06937734627425
149.56265582291886
149.75599436462784
151.6136571537184
152.90658872704697
154.8173420640588
155.4756145633636
156.29198158667077
157.05042725627646
158.21627727522727
159.86550647157958
160.41271116323603
162.46334709667943
163.25254679867544
166.36112302530847
168.72117051533604
170.90080764139273
174.75986145766612
176.3646287987688
178.04616648823065
181.59585212011208
183.84951271129705
187.00020449291122
187.7971113035551
189.35583389873426
192.91458544595878
196.66488521509459
202.36130038196046
206.2426578694181
211.12355480179582
216.93024793588563
221.58813622908573
225.62003564025068
230.55069400584833
235.33098438325263
237.35097240115113
240.24832130754402
243.86990463169968
247.69111065900645
252.94300161898963
257.7875163928435
261.80720451756355
268.7052482078591
274.24464910256637
280.3059549077227
286.3901147794508
291.0381695402543
292.8655125238263
294.39108311218405
296.2737013395488
300.11093378873
302.22977444286767
304.3515621482261
308.35371718339246
315.41969706118925
320.3523596997615
327.9737979705771
330.18176097995763
331.71116765002563
332.9640087715309
332.656919939602
333.0586084071886
332.56978547282705
333.7367793667851
334.81044832063355
334.72968042498627
336.90778507417826
338.1952327558292
340.9160691576517
343.52533457612634
344.31713435579223
345.00135721290286
345.3270278479959
343.1901911948713
342.6751909714948
341.0085207217048
340.40017508107604
338.4453796183908
337.4755355042905
336.4658556823674
334.63826693248393
333.284367473521
331.87504848691424
331.65765228783613
331.94654287982917
332.94499553454034
336.09210087046984
338.97105820833264
341.53353039987076
346.16157902370435
348.2994953596374
349.5259378457691
353.95680499774454
356.2899891921858
357.5673941522308
358.9453270963554
359.63302598131963
358.12303881199216
357.6467761847506
356.6167586878277
356.0250621184427
354.00222044965705
355.0339210503406
354.8677937838518
355.91060576094225
354.6010295039203
355.6475918802522
355.6101044911013
356.4965805410875
355.4668583798477
353.72821730409873
352.39391358918766
353.10843381360615
351.11564624104346
350.7677337907553
350.9910693817444
350.1611816172353
349.8683451174942
348.83823819216224
347.56757669389384
347.7968831595964
347.6552549790718
346.11507300373506
343.8747780652972
342.812880203887
341.8652973061259
339.864103367139
337.80541750546354
335.29162440130443
334.646019592192
333.54005082973833
334.33973953548866
333.44216116012313
333.9973484790499
332.60633689784186
332.44558061990523
331.8585749808721
332.201585541333
330.14416084137923
330.71678608640667
329.25153915671126
329.26617280105563
327.23728111053833
327.6022144087833
328.02876827778726
326.6207169284377
326.92597219411164
325.26797248980637
325.0798527901603
324.4573280756575
325.5893594155213
323.1034439513157
321.71404778778674
320.2972052809893
320.32830768447957
320.03256618072135
320.6749772875501
320.850280496829
321.16356811716537
321.5767540582602
323.1731596802235
325.30656718256205
326.8971213119238
326.81202774729377
327.5464194911583
328.7689176153691
329.8773518642894
328.81748232493226
329.66465904413013
329.89162785179434
329.64702024215705
329.25932151685305
329.11205835381304
328.7248471403073
327.5492572884246
328.25462557925624
326.88591726139816
325.6626796994095
326.2061980676708
325.87705932641904
325.847847637868
327.7922546230517
331.36540095986095
335.0878094018488
338.73437130375106
341.4377438403008
345.56220181889563
349.77717268636627
356.05534570716515
356.1289385595262
357.8032511703559
357.45371919802756
357.58359595242206
357.9157967418969
357.73102342165475
357.6274312142056
358.07314246413097
358.8635750907546
359.87989059469106
359.91929492525605
362.0186380794375
362.6761867213031
363.9842513197471
365.01800799602944
363.9022988576429
362.0234507879224
361.4432428508615
359.0077063917397
357.50496306532625
354.3799080067191
353.2927464973704
353.36059346727296
352.6316911690892
351.43008039864566
350.66594117039944
348.9293569581199
348.6070254289687
346.1777944851273
342.7176623169081
337.5721898562326
332.7402059879748
328.1425541471407
322.65728045104476
319.00247379032413
312.44129401659376
307.72906926507744
304.35986566536127
303.2256595401287
303.9336161323457
303.35879038059295
303.79522049053037
303.9694193185885
303.912832341974
