5
8
a
11.35150568379456
11.59749242151305
11.885539041158758
12.529089731732212
11.953468216490702
11.996869682993239
11.938604266282463
11.130615381353968
11.280763781313707
10.634517497291629
8.127488005178087
7.378264678919821
5.407726586985991
5.045651681203953
2.956957709125663
0.7740528605352612
0.09174506182021475
0.31962096656059547
0.0
0.0
0.14497420638393912
3.811700875609932
7.891711841894167
13.536323749664092
17.647198912569138
21.975553953602848
26.510675027012926
32.922821095579586
37.87099121030483
41.75010665383195
43.333709603864
43.050128900841614
39.40209592312166
34.26979141836919
28.22765369521826
23.501752287595004
16.652137587962773
11.010038152673289
8.4993682518954
2.398115286405383
0.3537030812999308
0.0
0.21520779114704186
0.01768827692626097
0.7517571508006418
0.44795233714953103
0.19360254614743777
0.4506038595685407
1.3495958101405665
3.5609278159190136
3.3454866518104818
2.144312491127018
3.7026478682333037
3.8302324810905386
4.0196599303278
5.149649046320732
6.92102596995785
8.138724199468792
13.785395432344856
17.013784858596654
22.794357330100112
24.66796639429982
26.576464745305877
29.50266584778069
31.70494103741675
34.74931442995775
37.038054630002996
39.79126982738087
45.310970096261514
54.89668211539141
66.96486969295202
77.25660154537671
90.71266848886373
102.90295711722877
116.77410701826071
139.14278422332634
154.46073599083306
165.9645080332062
169.5393258208457
169.64977681823785
159.34489509863903
143.81346459936717
123.00457184477402
105.91973140170484
87.74313201578835
74.37092575233349
60.437994565524036
40.85351626952998
26.230902490792264
14.619905876172524
12.04251065788562
11.954210065727244
16.38789144191262
23.163264685361998
32.12017218345435
40.15344742741817
47.312571143852054
50.61816039154136
54.71444665855667
59.92901307393905
63.715596038239
65.79688553615999
67.36425835469714
66.51647356230268
66.52183156685031
65.61131622459239
64.45662175257158
64.04806378933291
61.289391953743404
60.71894389464352
58.6246558939241
54.99827863162412
50.42054767463899
47.16892302777116
46.07774472335583
45.22631487108215
57.14859821609764
77.00558533232137
104.6393316977787
124.20416575854952
146.80475808639204
174.51729321160013
196.34726914600702
225.44158791363213
238.2675974422633
244.93807480595746
246.44376014094792
249.8753588141471
252.94834060841404
255.2640989624659
257.8810717285995
259.92269545751606
262.726950558374
270.5946175511174
280.06647812660265
293.2554252900202
304.3450755129072
312.97087061390215
315.27558536124815
314.98524882884067
306.35604927605414
293.50465322099774
273.58465947049365
259.2394363996977
243.2850175373156
228.0351812136911
215.76444750303233
200.77590058382364
189.37321882197483
184.93188684761878
182.1360566182046
180.10339208980136
177.20947449196137
175.50430800085326
171.77597328935454
169.73916232579214
166.08019288589256
159.8118512959523
154.17941965666552
147.30542728667191
142.04692184738315
137.5650426590715
136.5583885738642
135.47877449520726
132.98740209991882
130.7933085438689
128.7930675335826
126.65202012214432
123.83856814119251
119.3095974321443
114.66464283871464
105.96200227940415
99.20314776481987
94.24273083693988
92.58160453112909
92.47797846641544
100.60792484845047
110.72269543362582
125.12346301593848
136.78101366320638
149.4879580341819
161.493071625772
173.144396077155
192.29680830205405
206.15469939458868
217.82534574454021
220.86973091047042
220.8128909818988
208.55797785087043
190.7208222747289
164.85053187905382
145.5286953722599
123.53733378033262
105.95588934475393
89.69616837949529
63.642998144434905
45.34138995034357
29.563108428748173
26.352494236080815
26.79232869475297
33.483845042505905
44.3794313857825
61.4072855906881
73.51327115565743
88.23604632284815
95.61948397039204
103.73412793134024
116.00818631996702
125.24491625844944
132.58466176469364
134.39447034437322
134.0770146373895
129.70018262454883
121.63239179520465
110.94782332097002
102.68690972530067
93.0366776421364
85.59078295407369
76.90347781763757
64.2670309011132
52.92308724725392
45.11337230235549
41.91621999749741
41.77814384823869
55.83028965168457
76.72700615206963
105.90144627777919
126.99451070039716
152.05316203348409
175.16075090591158
195.85170430489364
227.482038945191
249.96538071034914
268.4224232989864
272.674854052992
272.452445417568
264.8535121390285
252.53730673706812
236.65320682020214
223.02799035609857
208.17888718487455
204.03490859501358
200.62294041143747
196.40795012844075
193.18188774002783
188.07895869098934
184.9328775637166
181.28978902871484
170.14268308518263
157.67771998847883
138.15910514777
123.48960954924551
104.78167403915917
85.32377185448622
67.55579663165499
39.773564015937275
19.062409993471114
4.487503216700904
1.9412312298586114
0.77028812248317
5.4519599149852285
9.053236491165894
15.67373776662741
22.401912205517245
27.959773804596374
28.5497528153533
28.066036688691618
28.010429437261337
28.210125760066642
27.681927537265892
27.010008694163336
27.319164468627932
28.52008229650927
28.446125690685637
28.764836723070697
29.96178318334985
31.27696223293992
31.051319032827166
31.529501332513764
32.77735487609359
33.903169390059055
33.453528996600795
34.40695516207205
33.76432545460314
36.18254544838831
33.68907497332229
35.966939232611864
34.61804357075954
