8
1
b
61.50305675323536
59.830864076632146
59.91303475027553
60.07049575196964
60.08360759328658
60.24675882713793
61.15892920804104
60.460223929620895
57.77874134951834
54.84157708897091
49.96675274321507
46.91617483677522
42.90727805319524
34.73139847229108
29.377185479415843
24.420153186866568
24.254192051570236
23.669425599115268
23.950640722827156
23.65872309031548
23.61560341313404
24.001766605503263
24.58535558103443
23.761272603985237
24.266623338016725
22.517409340397958
22.529496964226773
21.96603935342123
21.073717588470025
19.906900514406285
20.43433247975872
20.091996810611654
20.75368891474418
20.360505577451576
20.551779795372887
21.347616930964374
20.72169320469816
21.13565816453896
21.2339995061114
22.195622010294194
22.088058915549837
23.15563782313117
21.697546806284997
22.819454638727645
21.581327810716715
19.778415316874728
17.26550372038573
16.720056319078285
15.040388018133116
13.037219834144418
11.371526027244238
8.639771018795583
6.225434577134583
4.44112879964368
4.86597130561286
3.6092692653947633
6.131507042314653
7.494341268311327
11.36796088360685
12.733415916696266
16.044971664617748
18.318177698916305
20.034509219758654
22.837610114483976
25.282443697177793
25.454675380370812
26.01232695190264
26.154764647925663
26.076118981951016
26.183119235830844
24.807369828647754
23.238656924947353
22.27006510271897
22.524019835693334
22.476666104212324
21.832631323861513
21.086579334188766
20.932196339020614
20.081615678735208
20.270017885909123
20.783666212540854
21.315294220958172
22.404147250000946
23.1145526001358
24.119547126114014
24.522541524020717
25.326416021441847
25.37768020846143
24.500296933674406
25.051516212658868
26.4169572070256
27.359977388831258
28.013902967734452
29.02775735976541
30.689132847841748
30.86712963597757
33.125318593062545
34.85373032505134
36.81930719363171
39.25589126429757
41.11046155729423
43.39336295186856
42.896425447589934
42.66611255369829
41.670032304938715
41.22482762488828
39.440718506028546
37.22584536100333
36.70396601768808
36.698981729938836
35.79446518471211
35.212330704685996
32.76759565950439
32.991735372397244
32.755083743252314
32.96536813260972
34.22152886504257
33.74999883595065
34.02029014038302
35.400194209225134
35.61409935267618
35.62539049011389
35.63116848425701
36.05411289579762
36.15222237051249
35.610377536158474
36.26231577833982
36.24279741603305
36.85802406275798
37.33844198239967
41.49790582475559
43.395227151932275
47.97182477845632
50.871470245192036
53.84187347285753
56.58240734346821
59.32599008568952
59.43802679882381
60.88259455722809
60.74469391757805
61.23100261209907
62.11784622450748
63.045288171638866
62.32485722163161
63.53936260947953
63.68615387507624
64.38900316884394
65.20543018347237
66.18571990827296
66.49184452311488
67.86888803062561
68.35574099262496
70.82314867256152
73.40682896952255
81.4109360243968
86.3464265604736
94.0046013746945
100.34548480219114
106.82247037113777
116.47829748593581
124.60863910644798
130.06394419820373
131.15583163378005
131.27048232098574
128.09719250861545
122.14206283561253
114.94352823521672
110.11916276299849
103.11108145318875
95.01178088382215
89.0877625416782
84.13771799520711
85.5869025445502
85.09365038077046
85.54814461573228
85.45352719263441
86.30278687607489
86.50468057462822
86.12535382311093
85.68889668050025
86.68489255004357
85.5833168581543
84.50569687481796
83.57119710829217
83.20274796606033
82.4324133029332
81.65330235728
81.72110202771213
83.97045677107062
86.65577008138361
89.78611302230732
94.53586227474406
98.74821619302433
101.63792320692518
104.20046679236256
107.67190181813748
110.19333940810802
113.19274357881855
113.1610604407028
114.5286691863972
116.46636465280774
117.94231953645239
119.74703288293594
120.16476227166149
123.82375630152389
126.86713929666136
130.65767452265743
135.7127777637917
140.40234784544447
142.82665058744954
143.45309242473937
143.99344094004726
139.33001154680207
134.49009331649606
124.99785864115515
119.3354023859856
112.36086733092836
105.53925844564498
100.25603203005986
95.03013778191487
90.40064522274069
87.21507973508348
86.64387180771992
85.36930320824786
82.65381848126475
81.58609571069194
79.60235772721713
77.41236184239291
75.40707115065736
72.937358332365
67.4936176312383
63.12215456441702
58.23956498432323
55.96150879386557
56.08339333383584
54.84686118389758
56.579939251756436
57.37494449940172
59.25380578414246
60.20339954672588
61.52757010140459
62.85766925579837
62.67453911315681
64.83482884486625
64.25424817103101
66.53077452161384
65.65505872096631
65.57063687130605
64.08985790187562
62.90423603984747
59.42148689105762
59.92587756128623
57.57500940922769
55.243128485542506
53.75257075626793
50.81919289974068
50.48868042844774
49.78271180527779
49.83944464461319
49.150293616480525
48.00658778990224
47.480224803803985
46.97849107416007
46.52045285710443
45.77904897413992
45.44671130344367
43.915536863108976
41.67948810932254
40.472723502235155
40.369654929093876
39.386980965178765
39.363708013726885
40.45454720930288
42.69750274952447
44.9244349098873
46.81763621706173
49.99978588452421
50.51376974979845
52.24839514438267
53.957197920121935
56.33878704692946
56.46408222647696
57.602333320208515
57.70368382325814
56.95020253259862
57.761197443121596
56.81956604516791
56.42873737160692
