3
2
b
136.368762336123
135.46295891005423
136.32004781661732
136.6091844097463
136.85488617281715
135.74179642443002
136.68027124515146
135.99416331795737
130.89531746553573
123.8933731820189
113.8120244977418
106.2519537691393
95.98094669042584
79.93081772898366
68.98725638029431
54.47324625370429
55.30022697741037
53.660050663352536
54.82223777156197
53.51241252861987
53.95470101500381
54.17991245263574
54.79866712012929
54.29153446096894
54.9317767682312
51.77973841288251
51.36051727216284
48.50870976124805
48.25879346191173
45.863124953582904
45.67569515065233
47.04803026627798
46.23453775960434
46.91709715432652
47.22755678498016
47.13438387104087
48.472722062410504
48.04643038799591
48.61893864445093
49.12803750516217
49.679680132899236
49.072166580017786
50.935998750059476
50.895977786168444
48.13151090543353
45.163478340432796
41.18660593786156
37.452030414699124
32.83984194959744
28.87889061606384
25.305015764855792
19.125711314500585
12.613390043206923
10.206218807793475
9.383180920976791
9.08936824193857
12.825518567428432
18.15382679413745
24.149040173742666
29.73881216323354
36.036210581646095
39.86432461347832
44.879700720650064
50.98074196791248
56.10924386336054
59.27101893037942
60.66685555951079
62.11730205326746
59.69380124712804
57.12520149542544
55.735126911191436
53.15458676471829
51.66385784482938
50.1363276842976
49.32363653694877
48.43701935764305
47.29934017603405
46.22728749496938
46.64789191035317
44.90433961809687
46.275502338165275
48.21690670896982
51.10614371076499
51.773602776409824
52.879331404378426
55.415311070366435
56.10842390459777
56.96740695094199
57.01291539153713
58.601631751490046
58.99152039032324
60.162281889911675
62.68886320187858
65.50012237678023
68.49236412476859
71.28994132716566
74.89425439983694
79.75483598185983
82.28635950041003
87.66070416297205
92.67008594606422
96.37220767110365
96.25924640516018
96.23052099230677
95.95080298494264
92.8852305224512
89.56278508392249
87.36371804480292
83.65008559201536
82.13545985602184
81.5088442645735
78.40567718208801
77.00807224009237
76.18960897025195
75.50997037872682
76.51985319498735
75.15749404034426
77.51855788432758
78.1659170469139
79.79001364456514
81.2700815448577
81.4106057152961
81.62328833383667
82.50540511200971
80.9013623919791
81.65643259264615
83.33103428803574
83.0249325539905
84.49930808077043
87.16646185307651
92.77761329749842
99.97033164623505
108.0228777064866
114.32410404145516
119.92228564354687
127.80632195524811
132.7430255591376
135.74982371850425
136.02050045470244
136.89880933544492
139.03888375059924
140.46996407582668
141.90069923046406
142.49257608871784
143.909895758849
145.36960046935488
146.2173726252243
146.84473271157268
147.29680550563808
149.81380164531453
152.18378978609448
152.8666912837509
159.73632243987004
166.88950854291232
183.3618565495279
196.86494142423837
213.1643054413673
227.71617520016306
242.18541981508048
264.89143637682747
281.1032463674549
293.8145353063261
297.5800625441949
297.5589747194006
288.6593846473726
277.84066545772123
261.2012160726768
248.46926267149334
233.3720976127584
214.98609844307612
201.22072001042415
188.865264538753
192.1307896618105
193.04088083872193
193.333301547732
193.77254471222173
194.90161721696856
194.13457747513948
195.75144561212272
194.5822848983782
194.04404663505068
194.07610607840743
191.0659427519798
189.51092338831657
187.70912306411984
185.28608411772137
185.97023862548613
185.2462444127714
189.63777856475897
195.77397719174027
206.78933478265722
213.37305327132603
222.0811079100142
229.82684963525784
235.5132287683119
242.60929842057274
248.7999467571122
253.87493667527775
257.7917212890724
258.78648757420314
261.7571543258196
266.23568262017153
270.6686890748581
274.17926457743346
279.4042301604533
286.66502392679666
294.80170609858294
306.60399887717506
315.85739276494746
322.8000027694129
325.1286087285203
325.1725593418171
316.46218349994416
303.4510046811557
284.5888299642517
270.4646269952233
255.0296902396455
240.8825130388396
229.95268091203485
216.7213650445348
204.45803617636201
196.7971758212924
194.39363632205936
192.60535509734038
187.26241038780083
183.55594049962272
179.74110067281418
174.99858934580044
170.6055331885497
163.20664512799513
154.1609952235381
141.80543329447062
134.10396320663784
126.63837393353353
125.41737008494275
125.73562302923591
127.51463100812934
130.8123044543753
135.0042980834
137.47090121682007
140.69629682026638
141.7879026765146
143.17926254637243
145.17614545944033
146.46889198170788
146.58240766550006
147.31649565463766
148.20337900215273
146.40597827943444
142.10027660540914
137.27875911831092
133.8212168228045
129.41325218340745
124.3742911275043
120.97704396451272
116.89522334419279
114.06817954614903
111.02006577551552
111.44780686248475
110.56035905625151
108.6018643767669
108.54135422660636
107.2257377651059
105.89198953441644
104.41219359308498
102.26211281740953
99.85028157096987
94.81896569024097
92.20009195635198
90.92255900336716
89.36169680869686
90.07434035605256
92.76644399684471
95.99586036735971
100.47405589429952
106.2647610206826
111.50334415874555
114.92384970220365
117.95195431392995
123.15095336401713
126.93532879933592
128.3817165852342
129.295470220437
129.5675556747762
129.7714283207549
129.9582327057865
130.0801075268755
129.25302655956241
