3
11
d
117.32314312319524
116.74196072407483
116.85082049025843
117.14340087216388
117.46554403953803
116.27732192063642
117.33240226338121
116.79386186529763
113.39219095868427
106.98331434124844
100.94534117579157
95.09161944230488
90.62791752483432
82.3805784534231
77.40769960518821
67.88556933909572
60.99533164029238
55.88149649644181
53.96058291981153
54.575688775071924
56.59019805946539
58.439812746727185
63.19457275318494
64.86792966053301
68.7885827488004
70.33389816020527
70.6851677126157
71.32379166570229
72.60533847243555
72.53712852215416
72.95464085063608
73.4873881987965
73.03673386147939
73.22951219463702
73.56707825961004
73.73083708638356
74.09422092311794
73.71816649569956
74.90555925848544
75.89082722219766
75.27804885906849
77.4945845277499
77.45058101000025
76.92313591377194
77.38529366074562
76.09399426122081
76.03412662797668
74.85747381530453
75.99358006655204
76.10590783545399
75.91534362676286
75.9964119672183
76.26745975340364
75.70335505455186
74.99452073659309
75.4740024403522
75.74951248942952
75.6410350707803
74.88816439324228
75.39187853355583
75.39158010503286
75.1871052689289
75.84214484011281
75.29809094581736
75.18238329705272
74.74726389873119
74.74615651261433
74.32212384134695
75.73965595001482
77.46559419473898
81.23316576189902
82.89137859701141
85.291133164082
89.17096551152504
91.67644544884395
95.40491036588011
95.19887182814254
96.61710103173901
95.44983843718015
96.19645089189008
95.56294926833642
96.89702183385485
96.98919138331165
97.15792505529771
96.67885283546634
96.81366363458966
97.38377050690336
96.52424209296109
96.14402219791504
97.4148872196805
97.83276495347438
98.1207660195429
97.97699633202227
99.52146306383932
107.11199249700583
112.69064043792761
122.29958245128144
127.15510543558277
132.6269684335192
141.11714526493336
146.96474155809398
151.53129447192737
152.55215584075972
151.9036653097572
151.09649062551523
150.5395131748295
148.37805627573826
146.5890791695912
143.67145559429292
145.46432316109193
144.2457707669953
145.30557577631694
144.59694122720396
144.9211182073197
145.99500642004088
145.94630089479492
144.05130571045046
143.9536458874458
140.06288060358347
138.39395625205515
137.62602507782685
135.92354649463837
133.27091634297113
130.66972891045953
128.35798748364965
126.60474063916436
127.17832250850661
126.80140607211645
125.84211848581067
128.19573107161338
128.58160160778704
128.29662914601272
129.62640510950206
129.68178023976898
128.13852606279642
128.49056132197873
128.04042003067718
127.3900845084111
126.79835383234469
127.16416484336852
128.82648451177462
131.45058624348715
134.01058311347225
137.43200945187382
140.30941902484642
143.14937615616995
146.13805194253453
151.35212046670958
154.56761909737858
156.8367763932429
158.425574750812
157.76617419990495
155.26890026897428
152.78506752754305
148.2717469851828
146.4400179266407
141.68473982882256
139.50400402572674
137.49613319464584
133.72656278257523
130.5709124744868
127.945214226631
126.7509320762353
127.37173248607387
129.98949199530247
132.7605815350809
136.53974034285739
140.00373952504543
144.54536518908697
146.94375641915866
149.76141097776127
152.13606199227166
153.3430881055589
156.65559656276722
156.8974427109451
158.69700777693808
159.05976354876043
162.53470367505963
164.67296510318263
166.43847857677585
169.17775422931427
172.0554692972465
175.46473903297107
181.10437916643576
185.34269483217557
186.92701962596425
188.458835599521
187.89601170059797
186.56287297978673
185.65681076877914
182.03657307780514
180.0326900613749
178.6433449551243
177.99111586319776
176.41533696806212
174.2276041914247
173.0440500472093
171.3622576974577
171.27186563628848
172.24226297635934
173.6460446402596
176.39162936021745
179.16757250175849
181.9272839558065
184.75536337966173
187.05832962749315
189.0595636380385
192.8142252676425
195.4856370279014
196.96470103879983
197.18431832091323
197.6381884786238
197.24731047183494
195.8365306543326
194.2733349113386
193.3120258392281
191.193008762422
192.1433177382788
191.81612638650265
190.56288805101755
191.70410124916046
191.07449335215728
190.5344123460924
190.0286385104814
189.46726900506698
188.31267458475983
184.91256556780039
181.99392493261408
179.2996923589692
174.91407116509106
172.2586730863651
167.7108861961298
166.16057241437395
165.19089360459705
165.73304656573336
164.8426353655383
164.16044490472376
164.79344634345483
164.54581810731776
164.11857204608128
163.37337665517532
162.72824983003244
162.6488683967157
160.986068061566
160.7150690557278
158.95332140341398
158.89630636427202
158.85930320178352
158.44981267561067
157.44531668241157
156.7169339196253
156.6283506208065
155.44958875016945
155.52738550643056
153.6555190056906
152.24513987103788
150.9120985267353
150.71361510457868
149.89431335434057
150.53430982319858
151.10416464920988
151.31691044716067
151.43447266537177
151.2752929082175
151.7859244093873
152.02914140262928
152.9304829967944
153.03872097460194
153.49696213073878
154.01669889483398
154.68356909414658
153.76742566577965
152.36911431681406
150.33315468828442
146.15423257587557
144.01048928420423
139.75996059770364
136.3956077123556
135.25486270325806
130.55824403581605
128.42393596431953
127.72811681397893
126.05650428510843
127.00723607075663
126.11092805830803
125.96754022216773
126.1618212067007
125.47763880367107
