3
4
d
192.8405910549876
193.0210823734524
193.29171123871274
192.90174789017846
192.8260523139151
193.3819304186304
193.49532248120647
192.44141444736195
189.47777104574902
185.368804677511
178.3171402085324
174.09718268195522
167.51890567059803
160.59298776686427
155.44209415534857
148.09492106026457
143.77479588191514
141.61252981846948
140.8077817465035
140.51174564186618
138.95710209031847
138.43526783875652
136.67848586896523
135.09305184589178
134.3852295977323
131.8074886654538
130.07025883303336
128.7267375485043
126.51190621973306
123.79876105151895
123.60840629733576
122.19361277496881
121.67753089502216
120.12559290783261
118.7448324191915
116.55804163609626
115.17747666983203
111.40258344123619
110.15939975428411
107.01111404595328
103.31244198652995
101.44189193859286
101.97284997227776
101.40352016351063
102.04903687987577
102.33230615283065
103.769702114053
105.50614346079799
107.58767133625742
107.92976626718712
108.63254000991306
109.46575457706918
108.34773989213096
110.17354267838122
110.18725117355869
110.37402225426243
111.81122752582249
112.38066152812958
113.5407549345709
114.64437794658136
115.21235553814758
115.66888577235784
117.28619223710469
118.3093515660023
118.68306179744127
118.76197754158221
120.15872381403369
120.04572577277274
122.47378382116318
123.85172220994531
126.49541177934641
127.35125052151457
130.1309852778769
132.13234903703815
133.3981907955602
135.2751148368008
136.5542023612614
138.6228069875603
140.9758502093314
140.8742881522027
144.54925925365006
146.9221484534132
151.22160824899635
154.14119609829157
157.73751210190346
162.30356273291417
164.9694397293075
169.22694191740314
171.78570047360466
175.46352463920024
177.76655520347623
178.3840112946356
182.12583496615116
184.60369652038997
187.25316222107736
191.47078238697603
195.37162110155944
200.36530268446057
204.23080322092983
209.82487685784204
213.6807748842036
218.55819879143627
218.64448157155113
219.6479366192446
222.0854038422
223.28554501467795
226.17936233773256
228.15727248276946
230.07644985475122
235.35832401487514
238.5867377293762
244.23592959458423
246.14097836894032
248.0710054256429
248.07599921440294
247.41016883342962
249.61204782618532
249.63905101963297
249.05773833346083
248.73514444295904
250.33809081680974
250.86993041143717
253.1462178059802
254.78786380719734
255.82119963835882
257.32266641777926
257.01982859958747
257.70825415695157
256.6320639946671
255.83721672454126
253.82586133731328
254.2291132837108
252.63284584388052
251.87306775693318
250.73821940248536
249.2578759792308
249.51181546972794
247.73439263829195
247.8750585307239
246.6059133923227
248.9957263800711
251.61646141608165
253.61802369439752
253.9194068397011
256.94869510015724
259.3213933284798
261.71991012545
263.97246870482996
266.1269228726731
267.2529318639688
267.52626887820344
267.7759370769532
266.1638294958281
267.40606207164683
266.0193341497661
265.6018562547839
264.45228773803575
264.5025278599133
265.68246982236946
264.7089234789988
264.4873417595638
265.6294367217325
265.62384592128046
265.6516692512012
265.16333830930773
264.9197487522334
265.62648357329965
262.05905891934026
262.3768214019421
262.2503622396169
261.0304799608418
261.69304694834653
260.7159458119595
260.6816334047608
260.1893012932896
260.89523234934677
259.3909913710743
257.8152017453215
257.7681129511443
256.7549225749024
255.41271051194394
253.40665824750795
252.9275294299831
250.74335473880416
249.5922297901656
249.85146289066054
249.63919634474993
248.29948075571596
248.23736443049506
248.129908500826
248.31012412737476
248.38685280476952
247.93088905503706
246.06043227840902
246.60503171181273
245.83207724709996
245.6607968347804
244.41943463755214
245.44814525619594
244.50087359842416
244.3046006180943
243.8067040956006
242.96925496136072
242.38619456534423
242.37875222373103
241.6179858915133
241.5868928124327
240.46249644216653
239.69746233985757
238.358863725773
239.05857494947335
238.93192411399022
238.78965317117053
239.73020280043627
240.79984071473527
241.18684140223732
242.475898200025
243.5913181155313
243.71834810408157
245.54864985479614
244.86334392576575
245.52290225131156
245.62237617296785
245.72872343027234
246.30136971973786
246.30725081401587
244.96592548957463
245.2651447811512
244.74533398118882
244.87688668516248
244.03613965094235
244.38527670878753
243.6375330781909
243.37962297141436
243.43245585971474
244.09996855344883
245.210459883542
246.38217430481694
249.70886464149245
252.33334708379505
254.87169405594815
259.10040812867015
260.6578276206422
265.53318298455963
265.9719076031738
266.7104190251058
266.4739810078218
266.5344247385588
266.6667028978853
267.4796766615397
267.0856662953292
267.95330607574846
267.70555170967134
267.5462793114745
268.73661922218605
269.53740182149227
270.8582040323721
271.46829580811624
272.03110558313693
272.1916940300055
270.92857093084115
269.45014307678144
268.47167499587994
266.3575536890277
264.06625045914893
264.67130054949644
264.01793632916343
263.0763658427497
262.25781760894165
261.69436173010496
260.8657326828253
260.2807391203096
258.09458155847966
255.637621536507
250.55752605060724
248.66179710710978
244.84051669903198
240.47697033169905
238.7833851681161
233.237231870847
229.06346681593027
226.6948954138271
225.46945181433352
226.16530069133103
226.3269590641506
226.41345214296004
225.6616140093888
226.29997528519291
