9
0
d
89.67181255086777
90.07430159238075
89.5265442280644
90.04365082935773
89.65599513028077
90.13213282162965
90.33057615417584
90.27852307736214
86.02387559180502
81.47423810954803
74.00988408836328
69.43171983275938
63.45298234436192
53.26269548760161
44.37309625065317
36.02391243046953
36.381986957597334
35.411742004120356
36.77842613881534
35.936655596958154
36.44170895438893
36.12716180573121
36.069553799202076
35.64452669025938
35.197098912716484
35.1827692868934
33.39665443463385
32.13253182196167
31.835208367774936
30.821567782868616
30.429795825505586
30.793840296264342
30.363035113963907
31.19286580548005
31.24959299210666
31.08781352956982
31.079758178719327
31.53930144269199
31.53672580864971
32.57816169342406
32.78890732596296
33.280610077343326
32.914651689905774
33.477913719135834
32.666842491338805
29.09226534285694
26.587858139252678
25.409642332436878
22.06198393145633
19.57450094341798
16.751192871194405
12.476997027126398
8.289287180752826
6.448371370312219
5.941907627360291
6.363838290970603
8.204259500531109
12.112933747210286
16.576146526710552
19.90665844847879
23.760499450624486
25.915810147627727
29.125300117468438
33.70064667757608
37.92464361995859
40.42028636596678
39.6844672644647
40.47968934174819
40.051482410596805
37.64723298379698
37.019818786990456
35.11140240004513
33.979496882056516
32.934403600098285
32.289312118648674
31.60298735867768
31.525011410445945
29.46441064886651
31.46709616842704
29.512521603412896
30.90532819405701
32.070919555346656
34.05794732251959
34.2726965073392
36.250020599503046
35.953067564125114
35.63280333747287
37.04930895763956
38.13627218160976
39.019252737540505
38.13330886057366
40.12447384053871
41.35413426772598
42.44454007942946
44.65986995921919
47.48557045585585
49.261244707653276
51.3298958137775
54.64287884718487
58.57212031891376
61.672406249982615
63.66472626179715
63.53600278028851
63.73501133256959
62.95758027054931
60.80339503422039
58.61317975884972
57.54158679235675
55.0709484805686
54.17109860342764
52.49365323205755
50.9641809282459
50.28954523099114
49.727719333721645
49.16237271457843
50.08263496521259
49.66407996025365
50.917243955938545
50.85398355953342
52.54112987900512
53.40011180509208
52.68992510213696
53.7037276684891
52.95370075262353
53.283843936262585
54.10092077467191
54.241766006814004
55.147134612319974
55.643213463816586
56.35626984925904
62.18242753325905
65.52803219035555
70.85021054798636
75.37692284400381
78.83188428822584
84.62696009433745
87.82941196403169
88.88935345257359
90.244516940287
90.91569543320094
90.9658210276745
91.38895684031205
92.52868871271193
93.62820458485753
95.31319572282177
95.26699125937654
96.59405027468773
96.82929340188231
97.05310772197865
97.52423817801288
100.22711912448986
100.99744574816712
104.90593062942621
109.12287768731244
121.21378588424146
130.03114824030257
140.91820137572122
149.62203236573916
159.79619638787426
173.97819057336108
185.6704500265566
194.00696701249305
195.08869940419402
195.8148184667901
191.03291864990504
182.1424268299921
170.97821934062006
163.7155426034673
153.83259846410658
141.9354163869277
131.33720541557048
124.37347795697032
125.76438983577155
126.9812988525053
127.24173540725434
126.70519917264171
128.11091382352504
128.57396033586915
128.23494752634767
128.65172211342067
128.01051039000996
127.62649889756398
127.11720906577561
125.20515533865823
123.5044418052794
122.56977924239145
121.9860776980171
121.80230912324451
125.06924912259083
129.21106320240338
136.55869173428633
140.82033549384465
147.3983160232435
150.11519439139505
154.74623122234635
160.61332524370118
163.0620835546817
166.4193409575762
169.51903227226185
170.9015583486155
172.49579692595262
175.18538590880468
178.14597945511622
181.12145965167434
184.48623904511047
188.3989194868031
193.92174428258633
201.79460691884825
208.03408817048498
212.30481642421506
213.90262898690594
213.80719276186844
208.45179954712748
200.1059476081704
188.19085631458023
178.78356041727585
168.15066820929542
158.6938075771463
151.52209330580683
141.45550808245704
134.72878442851996
130.15162274988396
128.42126128139924
127.40580682125082
124.31714225847692
121.29044859422841
117.67674662955433
114.80985991465907
112.98179779124244
106.66287311367316
102.59571437720096
94.60404583603129
87.66032069363116
83.99393864478039
83.61548289790518
83.04368912840133
83.14439212280823
85.80521053296346
88.99364403938432
91.69999519872383
93.57227302769682
92.73251126189481
93.86600642398449
95.05267554260686
96.94119652379227
97.59583596746869
97.21719648672209
97.28953514484914
96.29470745483393
93.00861761628343
90.41178263391762
87.41287018815389
84.64953455858713
81.98694480368539
80.1653510143848
77.17178566439812
74.99003851288033
73.97181778438816
73.58586716767354
73.21051258276829
71.2168731742555
71.57550081698972
70.82681363707223
70.43239404468653
69.011977404843
67.75600245175717
65.29437108799797
63.84614652360172
60.696963205197584
59.624433053480274
58.819125219188514
59.12653453404117
61.029638233267846
62.522999863338796
67.54629274157077
70.19774563926951
72.88709607861371
75.97814673084444
77.59409923789424
81.72399230658752
83.15855398113888
85.18137415933818
86.2296647507083
86.19202000525127
85.45405618638658
84.9466812105642
86.74985283736942
85.34358120052241
