7
11
d
117.3803968899126
117.73723345101462
118.99818019113208
118.95479036084139
117.86264954324638
118.77453330206147
120.24872621608533
118.37983398015173
112.16491079168249
107.79633953130111
97.9388014504673
91.49734262124426
84.33066767519156
69.82476382657333
59.53710837748656
47.638748649104244
47.41744902278275
46.85835971693818
46.86017275468097
46.89367116047033
47.197609498174785
47.1702185693406
46.52893941122748
47.286724124082475
47.44202685810325
45.36842754390174
43.79826670232938
41.71918981546675
40.449114625880554
39.484316085587686
39.93531809968933
39.79047939747248
40.68781401471206
39.83985657469622
41.2003055338956
40.825492215848726
41.4875945483242
41.51908501472418
42.996681115314956
43.003497766707646
43.31203737617463
43.98123465449852
44.157419153830844
43.40415243771337
42.38449876038448
40.18929115815525
34.96711455089054
31.734598142959573
27.875693707735678
25.617990577935668
21.922121521408823
16.55935193495627
11.999079162863502
8.58179820179043
7.105032646746315
8.96506595374527
10.890132369169063
14.884998805472414
21.026954898394916
25.864061816929894
31.538325555076554
34.845501969269804
40.222716490414165
43.70678837153369
48.98588860620511
51.400872995347896
53.47543598463011
53.08606601524363
51.84253443346092
50.61371766858644
47.78156343808359
46.01894475141524
43.93169001905866
43.75282247657976
42.55507338804304
41.381122191551825
40.33334301278878
39.79376635090522
39.63865280223003
39.84507750100365
40.64546464397561
41.151319740691505
44.31854395511008
44.60393406066788
46.719373865863425
47.66602478689516
48.5337860518735
49.103738604196344
49.7552038528022
50.91257811176019
50.747102718009224
52.99369928933771
54.20389788349097
55.75004181201274
59.59129025710753
62.10138791108069
65.01219410800059
69.21857939043753
71.55975275125178
76.75172511872279
80.45397814301045
82.81787299719296
83.57800537023546
83.26802402583456
82.46024709188428
79.69922713584602
77.91545918076424
75.84308320979495
72.33857930488723
72.04659662840854
69.62355319179885
68.16470610691402
66.43991686012602
65.16272616021135
64.84216274356731
64.63476509171984
65.62667378173695
66.23687182056305
68.42924564242306
69.34610710792523
70.29820276070834
69.95636886978771
70.60625090428447
70.66149959897226
70.08377775966137
70.82161539688623
72.3169338533409
71.93614419076782
72.82909485675908
76.12547711208168
81.2032768767056
85.7572160585468
93.38016583831823
98.58803401922974
104.04919960893636
110.76796590103817
115.11836032125551
118.39307034084872
119.20122497928494
118.72836099072572
120.27925706784443
122.82312942217632
122.81046567144679
122.85738010931821
123.99293084146485
126.66071612816394
127.2533011875275
127.52737741846558
128.82924093429364
129.98389775636494
131.00112119217806
133.5665158656757
138.3376388459998
145.11839263921755
158.37848108832623
170.67972349978083
184.06865730302596
196.49328829604346
209.21107747034458
229.17707444814332
243.7567183692082
254.42606187020678
258.5045154611485
257.7250866012566
250.27631266813697
239.59507987107594
226.61162150598278
215.592236596932
202.651532207008
187.07951756139568
174.8050482713357
164.67279532856688
165.2219985516472
167.93540500971858
167.74894268266624
168.0898093818416
168.96962749659394
168.16484087408315
168.17029861902756
168.69254484480766
168.3963605247064
167.24242823655115
166.17199530989757
165.5863451553673
161.63796262609713
160.3889979604291
160.10314103365207
159.7536486407136
164.38474862565675
170.67226601887103
178.8585605651802
185.63989876277023
191.97438422559674
198.96402536167312
203.5154299817113
210.42763671897254
215.81179576132732
220.84951132385407
222.2389108721944
223.77296994872106
227.7806949390834
231.0482151243261
234.4514919086625
237.92278152848797
242.12205528976062
248.2251924900788
255.07742049576467
265.6141264780958
273.43791820936525
280.4027093032567
282.6002523458568
281.7398530956888
274.78300424432604
264.0285167061951
246.9863836694507
235.02904457241505
222.1116018158508
208.26697055703409
199.43103492729557
186.69264927379854
177.60076747088735
170.46918609752285
169.62551527265015
165.9114793004997
162.54578909054453
159.02846632984603
156.91552753623344
153.21803417352308
148.44542721641585
141.306376258464
134.60351732597178
123.54403998999187
115.67139049204879
110.49750445042889
109.31099920576322
108.82331419699787
110.43333479016
113.15483468194317
116.09554081541964
118.4968213998039
122.27814851493419
123.3239140125481
123.1270696735993
125.54653291045133
128.06680792866817
127.71734328950883
127.92274342829135
128.26197853191434
126.06803134876932
123.6479605650719
119.18132877970353
115.4626398505939
111.71256843090005
107.90078255511077
105.51708936026554
102.72771207298995
98.32529546169808
96.77449505617358
95.52241045515274
95.38400958597131
94.88138421180872
93.82196686138741
92.13292990735006
92.08872964755406
90.08213295371831
89.2882333173294
86.87993738519106
83.03210963364316
81.26525873112853
78.17591979757026
78.91769249665631
77.61363612361272
80.15970201917897
83.98290404149633
88.817943031573
92.33754823879971
95.8269687409264
99.41108847245717
102.15638641140382
106.90787675324833
109.33788567534523
112.28805759219989
111.87002079111818
112.47196649782693
112.41584961599588
111.04458053346916
111.95914311831848
111.15362060781797
