2
7
b
40.79024084120007
41.090579170709255
41.39364134468954
40.8459828222906
40.794905139213874
41.263996088674155
41.48923349026242
41.120944210763135
39.8148939561387
37.60061074952486
33.12480124573654
31.94612747818526
28.289573624820264
22.305526110411503
19.872239589491947
14.782625522808985
14.363276246305588
14.641972930589263
13.619038715899654
15.29359868686091
12.583007055916502
12.778027701483012
13.50298288295755
12.794981791506153
13.299300911227599
12.344503601693187
12.081555629727006
11.247638010107574
10.889331925217009
9.305101340017298
9.894018979234405
9.73018060849036
10.360675605507753
9.470788216106884
10.416855201163516
10.458091057643118
11.606770306550812
13.0230395364859
12.684475080691517
12.336278653747712
12.191132351943446
13.797613664451323
12.725324104428553
13.628327105093794
13.59592417877469
14.478118541235972
16.328544803646203
16.163723502316262
17.1060627304703
17.783326886600477
17.70885594576207
19.09478034778515
20.46953727717627
20.615349441747853
20.206727117792745
21.188336063949563
22.704610510012493
24.05306611828131
27.62898183848779
28.63063805508847
33.072529829768015
34.828930318376365
38.01081002549897
41.05293752466744
42.95024042151293
44.23815400507541
44.0175382049726
44.6425093259544
45.79044709132313
44.16316028739914
46.58518035752974
45.42838203294675
46.876274289818156
46.720132611203965
48.04425788400599
48.63392087512853
48.45652089347454
49.867156346593084
50.00082472786402
50.87822267320677
51.452462563615164
53.503260576015286
55.836344535167214
57.79821931391166
61.53808978040722
66.20210960372044
69.85680515989412
73.1602967196417
72.40618913702814
73.44498657338401
73.95954417782754
72.73553141339693
73.4174464734521
72.79168704445335
73.46152549895658
73.01309966895663
73.14357657675045
73.019862586363
72.97431398953741
72.8688453065264
73.47232481283649
73.46689789841497
73.84762797088621
73.98107783872665
75.41573623605555
75.53308593461607
77.22517832302599
78.83736449178105
79.78222452292769
81.14124309167337
82.42801537121943
83.74031208691265
84.99236663744333
86.1557675243243
87.48220847954141
87.75142400655915
87.37603941673736
86.50010397899729
85.13446269887115
84.43181625838643
83.52794626558955
83.54602101573718
83.28162842568368
82.46522640655702
82.50392633701821
81.59071126582145
81.65325485769121
82.00603593697303
80.8626187496071
81.38365966727261
80.44536253582321
80.69022737951862
79.94507020966371
78.93161909761515
77.83471937473962
76.831043315811
76.04091883432075
74.7848433014659
74.28699577594507
74.67912391595559
75.64570969698845
77.13326725397201
79.75194778184138
81.59680925707985
84.18655272655926
85.14029555188642
86.17215992803324
86.99462315279823
87.32173395190122
89.25766360166362
89.40746199358432
91.68954015713527
92.71053849934822
95.14148210919574
96.8851269066797
99.47549359962653
103.12048694963234
104.33644313038847
107.90534115461732
111.37555272543749
116.30239152845073
117.70607704861568
118.18373074249448
118.75369531502115
117.3496190047062
117.43487905434974
115.63298812566485
112.9533952298231
112.35783530257008
112.84250302390726
111.95322157254823
111.5838960473863
111.26988880689751
111.23009565571539
110.30970546972692
110.610647233116
110.74111322888149
111.2895645213447
112.82125556427462
111.92757131451242
111.45380876330695
113.95089339881315
113.50805255271567
113.6882610312765
113.6095520966945
114.22189324900998
114.54429386239256
115.17621004220013
114.05134912631034
114.23182061132522
113.74076552145961
113.18651594504925
112.44309276319223
112.40070704326814
111.70109874072419
109.96973519410747
110.00294421975342
109.21714898981459
108.04482270700557
109.0524547645849
109.68737904020689
112.81183182646889
116.9252386453243
117.37561631750658
121.29997111957222
124.301615127928
128.39257232907434
132.73005885636059
137.3229220621467
139.7771757340722
140.58126138051614
141.2091981669911
136.72917314969285
131.63473902377714
121.92897730917849
115.65657582741254
108.95982437173915
96.56786036185517
85.71418757746456
79.68215266805579
80.12203268882398
81.4218877634755
81.50159505908657
83.20000596424937
82.37679861264066
82.15450228909175
82.81017826991386
83.13293177741411
83.7324055078317
82.4302219672829
83.28250880624302
82.74283755718301
83.075223290362
81.71341567848658
81.90167579534413
82.98957589916411
82.3606612376513
80.78562768263744
80.05861406547594
78.14597845925148
77.03035921734458
74.71428945533344
73.65783404501462
71.62464802740512
70.54544832433764
70.36365200214985
70.5114362814094
70.40140705683771
70.36414571457645
69.71506550473806
71.36185960866942
69.96287859022027
70.59727613746436
70.35150949476507
69.55706392254984
69.74846658176905
68.72923754949511
69.52383430930657
69.14011681017689
68.96838152243583
68.70213411497251
67.01355457131925
66.29810635193878
65.06603108584305
63.338811513324835
62.172410457056316
61.10060085337279
59.92989910639964
59.88312573751137
58.377928346598445
57.81374726325967
57.71927076389783
56.05942514273902
55.78286930988637
55.30428437939973
54.223596596959446
52.949233263086164
52.304107535057454
50.54039191501338
48.9052040441827
48.186211869868956
46.493994255113456
46.40045045737254
47.172614925618866
45.84521618882576
46.250140229715186
46.22138375818266
46.61509021474175
