2
5
e
103.63951610092083
103.3677579809441
103.89001473308628
103.4356087847252
104.21428572611443
102.52454379564061
102.94631079095711
104.14508608172976
100.03984279547339
95.25532270632259
88.96526186847237
84.12124391075712
79.13813673152961
72.95682376086324
68.06196134648246
58.9637429129873
53.836987225110065
49.574869243467795
47.719900846274925
48.771630119829375
50.26032925589433
52.53660060001399
55.02366584360044
58.524652571789005
60.39341180297506
61.469743221542664
62.18246103434503
63.99098297203063
61.64192453823393
64.64447084136697
64.64362229437495
64.83711895007724
64.52103122637739
63.85244320406464
64.52616052563492
65.05400263765098
65.68742620525404
66.79845890648988
66.30670775102557
66.98930542318837
67.75794196120216
67.9645851544713
67.1943666039433
68.06153088086148
68.24169268385155
67.23957131166851
67.36271862852084
66.63442570193146
67.55406057756474
66.5648420939211
66.59073868362911
66.10110335772565
66.81275050861632
66.57164498051664
66.67010066197018
66.74781663983782
67.40532379427184
66.33711923354151
67.14510408225833
66.91850013034704
67.35176981556769
66.8157171228383
66.58571818532639
65.77760803822922
66.40752882424995
65.09602456932024
65.25485946993723
65.05908406096071
66.57290429967274
68.28485839853903
71.4157741436066
73.44139244791931
74.71381971750893
79.07519339663973
81.41224818107018
84.1717026785061
84.42389099211977
84.97573603379945
84.86737903792032
85.13475885001003
85.90828331748544
85.43612218882352
85.3123864140041
85.30763572535497
84.85448599058917
84.98431087382541
85.41427618608382
85.24394274647354
85.80361896113612
85.16645632457866
86.22369488687092
85.36697747148085
87.24228506161162
88.56222439493087
94.22715335095612
99.92117187452739
107.3807928961106
112.76774858484946
116.60356215382261
124.23407261725545
128.77706643736755
133.83738016330597
134.37349420746668
134.65523941331972
133.26380034755837
132.33487817358605
130.51286297174624
130.28924238602943
127.38955181190059
127.80930439887602
128.01070763951662
127.24702914155417
127.72625200229704
129.00848356634503
129.14925325066403
129.0978125407355
127.79555746274399
126.51630849858326
124.22624280878794
122.3298216621184
119.94132636089645
118.54571546398483
116.64241282311653
115.58395473115466
112.9399059075507
112.33979775592749
112.00567208396754
111.91883096733626
112.15278208612013
112.43666443751178
113.4326307143056
113.18017312649896
114.97695023521622
114.08456710755932
113.02937573729352
113.71728201553455
113.49719778910804
112.32907759943703
112.06766930546767
112.08283876161431
113.73074532040845
115.04972267842105
118.32539575013253
120.94438616540288
123.65470224175066
126.20401991177796
127.79580454176123
132.868345634344
135.85976592303555
138.8234602370637
139.8688106178107
139.5431668771856
137.5752232951188
134.97494189955353
132.17491942450167
128.57488455014553
125.67962667634359
123.44025372928881
120.85243721008261
117.86995491956026
115.47897383537612
112.86783220074281
111.97809530297297
112.87312462961025
113.83826184018507
117.02283374067842
121.40291990878926
123.45603149950412
127.13401868157524
128.3528207463086
131.42914860009083
134.33710414381423
135.26617483903422
138.5247908506996
137.40765663980133
139.23429888113589
141.47063228997294
142.3349214424964
144.5987930994876
147.25685853126248
148.65688669767727
151.60502260642446
155.4096701055972
158.86172027724672
162.685905809271
164.75119919482512
164.99411959642595
167.02116374940212
164.31311620287056
162.2325157457684
161.12394013474017
159.46661789177384
157.434950526595
156.3438728241554
155.08361347182503
153.47127279278936
152.51903543250066
152.11214850774024
151.5364459648379
151.88009331505862
152.8573004372487
154.34639456936395
158.7998120307251
160.40123334386985
163.22954708583472
165.08741182024053
167.16738048808352
169.67810524095017
172.20451369720607
173.12587922954143
173.84642914480955
174.08774498080967
173.8522753244374
172.15098877702184
170.9364600800933
170.54614285122886
169.76295268157727
167.74133555145002
169.64258161476621
168.29764045910812
168.73306031309681
167.7650721394629
167.26929396144374
167.64169414856005
167.01033137488312
166.42224677461627
162.54738346976063
159.92775781785477
157.55364702286835
154.06973726034443
151.43342004924278
148.24302097639273
146.56455709465294
145.82305613047967
146.28006397503336
144.74437142247785
145.08059526625544
144.30438205497953
144.69638864580116
144.75164837930132
143.5488189365102
143.36886309416548
142.04864732851047
142.10310128029047
140.92490988037449
141.69849096423386
140.7617206125921
140.15900680038192
139.72482453003116
138.64232500183059
138.5559632745427
138.31269786454914
138.15891805995258
137.57706869110825
136.51796122885764
133.9988347508796
132.90892123126628
132.7759498283691
133.19852968448626
132.75888561358863
133.19019506939566
133.14586444646181
133.62626441215895
133.99419580996172
134.09757738120388
134.05532478210927
134.38707548641577
135.09955955883672
135.47854481668327
135.71686546633796
137.03523429037665
135.34419725114375
134.2783941346085
132.56915261375508
128.8859062201381
126.07976603299042
124.61540404435227
121.77442501868691
119.82960728757025
115.84208235746591
114.07335823640642
112.28388037892354
111.35209035040347
111.40245013094632
111.55165273500184
111.21668705053047
111.35065949186041
111.85519186254618
