8
2
a
203.58397060417215
203.00554206443496
202.70921353513728
202.942253685156
203.02866621389268
203.46638570387512
203.1409943408595
203.2475932906797
195.5113496404317
185.73815512784557
172.09441403828697
163.1300009433543
150.36770335576145
137.42315889406802
126.69504532900713
109.78796352531292
95.85259325352318
87.79367661299167
84.67613368355642
83.74834801011272
87.85317035687147
91.2745989447252
95.25836594048866
100.67505398481595
105.54676475148355
105.76783454657946
106.38656948692294
107.34929976519243
107.21704097488448
107.58555119218889
109.17013428305646
108.78952508118424
109.33580299886182
111.07413214112722
113.16821571556561
114.16295671473837
115.63631999527195
117.53266642079566
119.26843403871732
121.8591727296596
123.385292713403
125.64585888509056
126.07564727903424
125.35022645859021
125.19227090902888
123.68420128757523
121.66104810277832
120.88067011321914
118.98781619495075
118.49174801519199
117.22322518882093
116.74546590519253
116.16104468165494
115.47660582537041
114.4120255845032
115.13386670692564
114.32771689741058
114.34669877240167
113.77377785159277
112.97183465212865
112.67182072011146
111.28608929240046
109.56711174258368
106.04961110290611
103.89551581924219
101.63351712064625
100.94073854563267
100.44566852758877
106.30936300247808
113.58822235975073
124.95885303450343
133.4669800535171
143.50358952906114
151.18794666922722
155.68242897491604
162.28232101171034
169.22019282692474
174.77393839216757
178.682217313594
183.0970949080278
190.39827853785272
197.5799022773866
208.31625182497052
215.42604842385458
223.98380641839742
235.86538850137072
247.83544862760223
264.4722180348345
278.14599772881064
287.7318425398325
289.2154484117621
289.33897056297775
287.8778181976962
283.55398896523104
277.33763447859053
272.633426067209
268.8088576120333
268.98654837544467
268.5157023476218
268.68961841975965
268.65645064773014
268.274276200809
267.20494787814266
267.50233527122526
264.5652595751807
262.8354231626569
251.83971982092427
240.94023826367155
228.3612350333486
218.3024892908114
209.3478053218989
195.33704076704547
185.23529122545042
177.0459879090183
175.44411797471034
175.74842757601203
177.91562231359887
182.5095782247001
187.51672778289353
192.1255797044291
197.13500264651162
197.88379514688327
200.2395050500306
202.7217297415832
204.08714907942883
205.451274287453
204.74303619794625
205.74508590902377
205.6683425459027
206.98862248100804
206.90455529779243
206.43308311426512
207.33076898088643
206.86872795158644
207.6192406736698
208.3553119631498
208.51779816680232
209.64845842915258
209.2028245027644
209.31093736539597
210.95052195964402
213.97066869637064
220.24501029273176
225.93441154822062
232.21258945904034
235.81384921807333
241.5789958134312
247.46488863112202
253.98636653139022
257.6628752983376
258.52775093756793
258.1618559452499
258.28631233817765
256.3044391274559
255.04300117921505
253.07065270390146
252.28290889842907
251.17876973143433
249.90929939103574
248.46876873541484
246.2030184068056
245.73057451007102
246.16610055863885
244.3190514577919
250.0322147191576
257.2414051342752
266.7543751589048
273.7340297220306
281.7470297109854
290.47979331720813
297.0644218123331
307.6785179492543
315.9539057744708
323.35290776782324
324.54989286727954
323.73371708086984
323.09904014042263
319.39026305664146
315.61241484823086
312.007906514313
308.05239944396294
308.592477211842
308.3122620559737
306.33887010370154
306.99872245629024
306.67623181452825
306.70414653475865
305.44140842526724
304.9218698098886
303.2735469427843
302.03334591581563
300.53829000067617
299.76559311549335
297.7327476557599
296.2490044669603
296.3025003641679
295.32429689141986
293.7307641612033
293.2885931172724
292.94156832411903
289.8791397705145
286.9310945413573
283.0302288508792
279.5489152067941
275.6674137480338
270.781050849346
265.51208608573404
258.90488983814464
253.13569015525928
247.04402606055157
245.1438552540197
245.28855069689217
251.15927287182348
259.1841745310819
271.22233510619895
278.37674230811666
288.474505379424
297.7840364694207
305.0846947856339
316.6180221008477
325.70181685208286
332.48159459063726
334.72267276674626
334.9231320660431
330.0258692254348
323.18953214476227
314.61111119166384
307.2838542972946
298.85843985745754
294.1426232124639
290.6859280170436
284.4472993226071
280.48363715233654
276.52464908179064
275.07803207751795
274.2265064006032
271.2326557063477
268.77666089286373
267.25707648791257
263.84929931539995
261.18853650195075
256.5806763560938
253.37111349833467
248.4817773874379
244.27827520693936
242.189481146985
241.7950734770028
241.42362483074007
239.4086238912863
238.00895398142782
237.72922276598464
236.67503128419003
233.76436931694843
232.7909722290923
228.7581493293842
223.55249441492592
220.4479607383904
218.08445223636767
216.5448347858386
216.6319084668339
220.43731878268184
225.3089471881551
232.52269850801275
237.85352221513912
244.95776547742142
249.5894614591721
255.70395156321948
264.95694207401897
270.84393370380315
277.5109427777062
277.80982239066947
277.5980924447162
272.97293656734826
265.40653057091305
255.5910946854634
246.4566661723686
237.54493410622814
229.9627851479934
224.5711738524229
215.89403429394036
209.7559204749168
205.55754160008092
204.11360530164126
205.17079457442512
203.89516791164613
205.1215919291033
203.84782947934812
203.98340339455888
