9
4
d
135.26003068241312
135.32083690538002
135.46783410205106
135.71103914544742
135.85994084385595
135.39414642705486
136.76269928658823
134.61927574824958
131.53570864169689
126.05503883483522
116.6650860664616
110.04063128680562
103.90089146083639
97.06790616645914
89.38757607478449
78.82650185064077
70.28083781389844
65.63656910429958
63.8829201708127
63.625751775148466
65.66568705801672
69.08833305213518
72.04553930726752
75.47162234511335
78.34358916185647
79.84620157975152
81.7149041433814
82.99682308678244
84.00362795031188
84.53248227846169
84.6757916046778
84.57728937283316
84.37434515677862
84.67031930199194
85.0132308239133
85.1481832198964
85.7077640456477
85.99964084194043
87.04291654766871
87.37945681786714
88.76555510521297
89.34455676188193
88.8654651589101
88.64507661193053
89.08404987319767
88.47193757597647
88.75245387892474
88.20797867512506
88.25154787055727
88.54505812981921
87.18444181004676
88.53572275280852
87.55762114298528
88.57883804252826
88.04671864506793
88.48932970130842
87.87287062318254
87.13204539574618
89.48450085510571
87.83244132726313
88.49807142693356
88.17388726917838
88.33772124049693
88.5280295233409
87.06490555946228
86.60261273400893
85.24893422579854
85.34909395061034
87.59722243741747
89.80799515245091
93.23377709414775
96.04971759065448
97.77745891822414
104.61806931988285
106.88519530535731
110.37242414310687
112.43029114187803
110.34341474528829
111.30075092630256
111.43294777258416
112.20777324136662
112.63185181649101
112.80861226631744
111.83338814581893
112.0630926621376
111.54417448569302
111.90839863360905
111.55778760740678
112.21354682533776
112.9411992340024
112.76438816937977
112.84382422333911
114.87546204389184
116.5608471728452
124.11139033885992
131.03603003223114
141.1571566948448
147.35342091897402
153.8189894132831
163.1415451498066
170.8161647554033
175.59546239191445
176.87039040088965
176.06651444943066
176.20812011821027
173.1623716868138
171.8749692115362
169.96486033794918
166.44976267843265
167.91356104385574
166.25730624396832
167.84403320275862
168.47284167871857
168.49960827056634
170.12552939421758
168.829935650638
167.73882283465377
165.92134356564412
162.9328729107711
159.77098451163047
159.13789554985885
156.9898723033417
154.1009530327138
151.10304746594446
148.34255241638755
147.1944290125065
145.91175923806517
146.76576577372657
146.63433069274242
147.5708225073175
148.15893617496724
148.89342186004384
149.15219053541404
148.52030218609744
149.44387590750438
148.6109328981591
147.84854870944505
146.56655615860808
145.94812137755403
146.9586043276666
148.294887123004
152.7013759824305
155.82050539606624
158.75889005996433
163.4173325768134
166.1716649520634
170.50513723526606
174.86968400635465
178.51348805029465
181.99137089873753
182.71800451739125
182.73142774131657
181.2004863536993
177.37896436998133
171.8908302940221
169.02201464389773
165.0302287123023
161.73311726863935
158.9337642907268
154.89216930763536
151.14373145401328
148.61056970516574
148.1441544277026
147.3663469897412
149.2986057377779
153.16045793266892
159.88768539878942
163.06468750354432
167.0631330154311
169.2041786457066
172.63901212719793
174.90602866508289
177.33049360141177
180.342287694568
181.08119949834955
183.30488250879884
185.97865263348083
188.8311890106968
190.30014988273206
192.31739600712257
195.79657174611646
199.51499736786516
204.0179895441461
210.7164559109846
213.37929653617016
216.0013157577173
218.19524485710454
217.62102738890704
216.50373041090833
213.27603833841837
211.39689438023956
209.52843996725662
207.5089897785917
206.20997321822216
204.77334878147022
201.91863013009956
200.44640087057172
199.30839793255385
198.08049463593477
198.9519545054935
199.45401384055216
202.93785014997508
207.08772440683222
210.9620367229785
213.3298461917311
215.5151965136424
218.7428650510017
223.03057458339828
226.4678413826585
227.81963311146234
230.01584350676083
228.78148289239004
227.90201293037325
226.29563836186276
225.0543621837036
224.22379265414256
221.33485776644204
220.50828329537265
221.17771958762432
222.67472575992036
222.05528157081793
220.9821017968437
221.62745401028175
221.4122780712459
218.8679969112355
218.28641133049422
214.2462788952162
211.2377081111944
205.90909056042676
201.89701717519887
198.91022278353014
194.1914909206386
192.3454372565111
191.0108338208601
190.5484404855911
190.68979926039748
190.35328928550226
190.011452023998
190.49788954721976
189.47948254705204
190.08083564261446
187.92866830910378
187.51263483777674
185.80806206506242
185.21726914195537
183.60107309753985
184.4543604210774
184.14782096527517
181.95174550125114
182.57357846470117
181.84285043737611
181.67143722916532
179.684151066549
179.57916950317028
177.40185731401732
176.7175198032558
176.18733583253186
173.57482717589184
173.2346245331955
173.9440134721065
174.290369029093
174.73542473341692
175.21154088636789
175.72872494100534
176.52778636229655
175.65067390600137
176.96573543509592
178.3338813450937
178.30765034583382
178.05948902297342
177.9995805685341
179.06183209642683
176.72141351230948
173.25803049579457
169.8665809508717
166.55676881809805
163.29974452332002
160.45018346725476
157.22721146071143
151.90606990838705
149.54801356594945
147.78819071728122
146.08011955357242
146.8252950990909
146.58337348108532
146.44397511421266
146.36773476307224
145.80644425070656
