10
4
d
198.2120080985893
198.99262495141707
197.94447218302273
197.70133984086215
199.2649062516026
198.3862175496451
199.22149456968177
198.04604069180164
191.58829346854935
181.935544977668
167.998537810524
158.25906463149911
147.00585158748996
134.85370480331812
123.10470634074322
106.96775092038224
94.594538914805
84.71685848010326
81.8333649058894
82.60604423458486
84.26580577710793
87.85021627965904
94.17276121457412
98.26984870109764
102.64898036677445
103.70662758356508
104.93974390074587
104.94261922263279
104.6981319126419
106.23475229293824
105.86930978721864
107.49326860724084
107.39287828304063
108.68513997148497
109.81049042544011
111.58613979719975
113.47221716067428
114.41785669951247
115.99019538423428
118.90634060705328
120.52642394047237
122.49716107986724
121.77991383735986
123.02911450973846
122.28920394455783
120.39841226266498
119.2002583025738
116.97012272952023
116.3994416913083
116.16588417445357
114.73053455356458
113.70470422817316
114.0543145746693
113.40144882286025
112.31699482166415
112.91587659855918
112.15055666603375
111.9829495457718
111.04278067056302
110.40013705722835
109.39367047306023
108.75136530280383
105.82317566001238
103.43370031072978
100.86699757094489
99.26624112202113
99.4455517324658
99.93979718654401
103.76017663657221
111.89945918337018
122.41643951066726
130.0034427737874
139.40189144587686
146.7190444813879
152.7375026992438
158.63463627818265
165.48366899745716
171.01445897554612
175.1363242206933
177.82173327481823
186.54103221514077
193.58936173156656
202.44754631870538
211.47208621593782
219.00313548076005
230.95927581696827
242.99207227659448
260.1358922335048
270.90524637486163
279.82281343396744
282.86027418323283
282.5540399800245
280.8173589052794
276.64612671014123
271.82994956407066
266.70805057978583
262.30565147560213
262.49731972533533
262.3583301355579
262.6732886571591
263.6697694686865
263.1328362728087
262.3324826732448
261.1698074244647
258.3605571932417
256.4413136981278
246.43583075472503
235.97044218139766
222.51928175413755
213.10017803435198
204.88899980522652
190.1507489919386
180.63344130326655
173.038018743746
171.42210608809006
172.3223773500546
174.36530757310553
178.06249507069333
184.34824163341383
187.85110072336337
193.1039591756237
195.15453498801645
197.2219283754175
198.10074612002663
198.9719425371283
200.8192804868256
201.20768155222046
200.72482323148768
201.2559445528396
201.38720238670805
202.38152479532934
202.28507247261098
202.56308892458415
203.47039047598096
203.08135602885292
202.41883125653462
203.31356825309228
204.5563050654698
205.46779756485586
204.8633968566693
207.49145346542753
209.6265179852296
214.78292516662052
220.59438202841324
225.14029907871787
231.33883962589175
235.64820863052023
242.90341843656716
248.55670079074767
252.8934505451758
253.19233428190412
252.69196094378947
252.06303382236186
250.73987711892536
249.21396688788315
247.87033159739372
245.57345480997793
245.12137147139873
245.6848282345306
243.53833122022576
242.22419373007722
240.5696025294799
240.11619165097707
239.81755040195276
244.9721489356967
250.54242421961254
260.9331997745252
268.32059794785386
276.04153892474795
282.5773450343872
291.35284890012366
302.2004821012258
310.53699130084226
315.7065741358751
317.34020474378553
317.1612922240732
315.10070530034506
312.61078647086356
309.5665617970975
305.8384126339015
302.86497351318104
302.5244054550335
300.96516519557923
299.5942988477912
299.6594398588644
300.66697221339535
299.9593053828415
299.1394789573185
297.8818123843233
297.23859136936164
295.1518742257091
294.6402013433603
293.40264382547366
291.38531011707977
290.89743745384277
290.20898956176904
289.081062609701
286.6972952226434
285.5361099098565
285.95545703961574
282.9010319731156
280.64594245708616
276.6793979236641
272.9125274226868
269.6708486700779
264.50800708778075
259.2376413487374
253.16420290852085
247.49573347911445
243.02224271664792
240.8291856611416
240.92216020646958
246.2906008083928
253.4931381036839
265.0968048584327
272.96722052380323
282.3282393081439
290.30385527383896
298.08066262222286
310.25738136619
319.0374025259449
325.2974712750079
326.1048598605657
326.2717430786804
322.52845941232613
316.05237219482314
307.2176083428546
300.2924412668178
292.6899314855747
287.11844388548695
284.5054958933134
278.8756738495237
274.4602657178501
270.47043254240253
269.76814366454994
267.8440929476431
265.3328068523949
263.44739030739197
260.41430651964174
258.9432930091783
255.49170586011383
251.86792698699006
247.5390610554017
243.36835709869035
239.41470201838303
236.73922785651416
237.2058884398518
235.80726903430823
234.6761457342962
233.63453406836314
231.58713238630884
231.14346919402834
229.28902754206197
226.18376292810672
223.16160211247498
219.32317867315132
215.29383924476252
213.016608402945
211.8127248683067
211.44957924866557
215.70893908711466
219.56289548330923
227.96540251727706
233.5674327923835
239.33535983215387
245.0767637329645
250.3575933924107
258.5267742392226
264.9113495633316
270.48970291639125
271.36445319567923
271.646802948136
266.55637841487055
259.68158683298424
248.88134730789184
241.61310354798718
231.85577545307794
225.46100193914927
220.2956817298952
211.8384570391493
204.83747997847078
201.35671661848815
200.0555727710813
199.6147918065983
199.22550494223492
199.0056901245627
199.44303267908415
199.57335674240585
