4
7
a
100.28716623535115
100.62777030265991
100.51633962060644
100.25392908951905
99.83758498847682
100.84395297245457
99.83021689935701
100.35385494606446
96.33572630441371
92.35859793771084
85.75964345211865
82.33764646021973
76.71930583913272
71.01261741073317
66.73200596794572
58.07250284855849
52.037293212502036
48.796635527106986
47.87914241784683
46.898539273642776
48.07858226407523
51.47900442812679
53.667443279631996
56.21154760190433
58.312450679187435
59.96281288596995
60.35294221082442
59.86941971432481
62.72213256658787
62.36389357356466
62.0608176430992
62.25005323285688
63.08990146694651
61.98312851295001
63.38303685009955
62.516491981570795
63.073612574294145
63.491133929432074
64.18724810850593
64.94946783544094
65.60053240383466
65.86615909912021
64.86175207745647
66.85283662723768
64.88580893056746
65.01099905090886
64.32248889773601
65.33338865125532
64.60993710667859
64.95018111827017
64.83290845655516
65.37856193889422
64.34049253750369
65.13254129736457
64.92285895504943
65.40883095140197
65.13290539162527
65.87860357566936
65.18584488024429
65.13814766890711
65.79617644053505
64.69588787333757
64.28543411189277
64.06590474117827
64.73518701389398
63.77189964581527
63.76179161915308
63.8497310006034
64.12025733824679
66.46081662890225
68.26128015274342
69.72857056588917
73.82060908444578
76.13939766112993
79.45431769900517
81.79039355263743
82.4964901116844
82.63914981723732
82.36302882144646
82.32888617355641
82.22065513466057
82.38850948734273
83.45271863188178
81.68626162159464
83.69638883631053
82.62276063654254
83.47737988754567
83.14593482421624
82.07514529001637
83.11269682170676
82.6845041729462
83.48648182947187
85.8741209345615
85.41245779572353
92.12427794196985
96.54510748563452
103.44461840215884
109.95097824533349
112.76574111672315
120.8842032003682
124.95482734840799
130.22983879720286
130.6477537763204
130.80281768419758
129.56227666711982
127.69446367851204
125.73037361939053
124.92849243376034
123.09708015047732
123.65650326209912
124.22330114748969
125.21096014346915
123.985905624854
125.33235547147125
124.473135481243
125.06529078135223
123.86085555755756
122.42620394888368
120.063851745125
117.86010565265819
117.63533752757436
115.62800387092577
113.34362866249663
111.08413913789414
108.96852300262518
108.37209019700971
108.96239434043049
108.75849017781465
108.31630801610685
108.30107201488062
109.72610154575996
110.308166493928
109.59961224900049
110.82626349338608
109.59416353723235
109.80710987656717
108.45580193477777
109.41719007007755
109.18462975442499
108.19832120352056
109.33103506206297
112.36639997100065
115.79398812967025
117.2612955132939
120.38328340965198
123.45584036754418
124.7709017475892
129.25455898066667
133.34872634799086
135.1576185983176
135.3909795533651
134.43455423864313
132.61144679175567
130.8765562861124
127.75998155851589
124.59613333210795
122.70684879255201
119.80148207823915
116.91968349020291
113.67042383485395
112.1524380481168
109.68012875030504
108.49193073436017
109.27023621241354
111.73539693422218
113.81352542316615
117.7018504620647
119.35251107718864
124.03487417969667
126.03432205282736
127.40681837269233
129.8092740054337
132.10301285805917
133.02331407065995
133.41671596703213
135.89150670037697
136.64304847180074
139.88700374715756
141.6395499292589
142.93981207822742
144.49280944457954
147.44099376023803
150.63294871391975
154.52588478967328
158.0003569262033
160.38219092238614
159.99218804415563
160.43119328471428
159.36099939238827
157.8550216132402
155.9493138917972
154.59345840904646
152.4751941600816
152.19615949221307
150.0229205891751
149.221854265109
147.99496502718108
147.06243724974726
146.19098097108076
146.2790465855602
147.54476519423727
150.32387182166573
153.00229803028645
155.61397714279877
157.94216714822917
159.08538107155286
161.50371713346738
165.12985687927937
167.10396040209804
169.18333574251525
168.68915105065287
168.88803157647848
168.48611712713458
167.83841898564413
166.37625192411863
165.40187426815365
163.81721694149303
163.70000793491712
163.2835931858846
164.10837679233862
162.69400283499027
163.136462587793
162.66076691226792
163.2138369538757
161.20733480690888
160.7458832976047
157.39393952499725
155.37244819037218
152.9773055798297
150.15761705403835
147.8597951103782
143.43317803755454
141.8280100202135
141.3535168465731
141.3001576872355
141.2920362582773
140.19197299574722
139.44012245868856
140.5383574242653
140.35316329221166
139.55387242671245
139.13416937432092
138.86305579303823
137.44624901129333
137.19930455470174
136.67221274998434
135.9489338186218
136.4173275755732
135.3736469524117
134.51368002613276
134.17164105030417
134.15298961506068
133.2401684894308
133.2070026644082
132.93426679351816
131.6929182829667
129.26923255685867
128.79474605383922
128.56361376052917
128.72142542602055
128.98562649744343
129.76824269985642
129.8652298922592
129.63775862545089
130.4471036309808
130.62830618712465
130.11999004387857
131.88529750830142
131.4569143952732
131.90447300985235
131.8970150989801
132.5739168409398
130.23908070765432
128.09517584074615
124.52520472634345
123.12791161511099
120.42486732679392
117.96627930788297
115.37103356208999
112.33292306977195
109.83312795554203
108.82362179130932
108.83297766138499
107.82146572227416
107.65536704097975
108.7852791583905
108.19869975317225
107.61399352331814
