11
9
a
130.74049847889884
130.5725790118644
130.51640631682412
131.81074343787898
130.8799654738754
130.79138282735394
130.81484210287545
130.81909582170928
125.21666028671515
118.25410307370048
107.77004286375077
100.84157951546585
92.27364690198687
77.03594509971289
66.27262789914607
53.264380992186766
52.65851736624551
52.61548766081472
52.35347641438349
51.830406432012865
52.081458785692234
51.45179683136894
51.30539183687039
52.1901006436659
51.46448007297499
51.14232045162492
48.224502834160305
46.66397020702683
45.22163167681831
43.98882553361483
44.00477149594347
43.695646283311255
43.58983774458863
43.71091781985078
44.565004071075286
46.02695900802287
45.80444148347019
46.197443775514095
46.646779842486346
46.931437991136
47.900730257768075
48.50404246804447
49.42968412821416
48.695336953940384
46.57449529511011
42.810258582756504
38.26406852536318
35.43442919032475
31.623509451474398
26.84406153630303
24.21958261334466
18.396928431951057
13.437647265052743
9.335235523894315
8.775515311484245
8.52775631135528
12.248713402376671
16.74179207662602
23.867573628433504
28.398860557100058
34.69771345951463
38.47007110998274
42.77700527884414
49.84938692005054
53.75825791366607
56.36726384399436
57.24707255481371
58.88998917185666
56.970230308582494
55.16708763064207
52.40087650504702
51.15647556547452
48.67309006030053
48.32257684789339
47.60153884510922
45.93763889100288
44.744780272593154
44.184888345890144
44.7249230091662
43.756701724427806
45.316147651483455
45.5488586313537
47.69129573229686
50.61504626359724
51.76648849242013
52.91427941425578
54.877842073679616
53.6256789228474
55.73439672513747
56.38723075499803
56.907072161816984
58.00909121492385
59.941393950634854
61.851276489519364
65.2194472857907
68.06138558045136
71.62865814413718
76.04679715433869
79.46868225149153
84.97921865150187
88.48508576904236
92.54675932967267
92.70560074403797
92.21013572455901
92.01267879243622
88.97785639092652
85.55395785273207
83.56904630871546
81.09074015296567
78.98430751827165
77.6826686872308
74.30755306161595
74.03322209013915
72.18413887552171
71.77856073057873
71.28749735456698
72.82034485266317
73.89205614796964
75.66125646892529
76.75766036863884
77.7100299889254
77.23347104582646
77.7725886899347
78.26927092969736
77.97979510464745
79.14843870654735
78.98935563727491
80.07413726168974
80.7487911584483
83.76131294067352
89.93919227645299
95.41937513723161
104.40878392457823
110.42110843763585
115.09459068212807
122.68334697276984
127.75942490224644
130.0889199826344
130.27376490126386
131.30478976482613
133.7399063932689
134.45317247180125
134.58964029420673
137.65551909581254
137.95572168498055
138.9900565538778
140.0651044611875
140.7114427540563
141.4714637369137
143.24615206141107
145.89011253953663
146.93781061560517
154.20610326946397
160.04122209610694
176.2978835224567
188.9167393218465
203.22327675021816
218.93854687638782
232.48188808308197
254.12806680328626
268.71851871779813
281.79515058860994
285.95138224134996
284.9654749192017
277.5426616480591
265.48232779213583
250.31119410904117
238.24191643821655
223.99599977558796
206.54272035443546
192.76328438911034
182.4670541968097
184.33538379338876
185.22378342052411
186.0072262867908
186.38903790167777
187.25009755373895
186.0979358405889
186.6872614520496
185.7669348392992
185.77384124501995
185.82349459029805
184.05492184650151
182.1582075783189
179.38888402017852
178.76259323035376
177.35458399602192
177.025076321109
181.84048439162578
188.75942719413152
198.03267938766132
204.50257114837018
212.52314289143476
219.34089096946084
225.54322435523179
232.4333056541445
237.77964068843792
243.90797542698962
245.58794762011604
248.93754189602393
251.67043388253336
254.83387919154356
258.8652180928634
263.0241155364526
267.0158005501824
274.72196313251357
281.9004459605406
293.449086644215
302.1164758295276
310.16464668827
312.14748192112893
311.86866977396755
304.1502913830729
291.0228024575045
272.4301521101568
260.04496260372815
243.4632184568151
231.66414320558025
220.34712457284152
206.961306452596
195.9971659532577
188.93552660960677
186.21687346140916
184.37327269981773
180.93030408560793
176.8534965804209
172.17891324071104
168.792733827778
164.5494432963614
154.94739421267076
148.90239658930463
136.4838965980869
128.02624360729683
122.23025676616713
120.112281651192
121.33043244433406
122.63128012637544
125.03705927794537
128.75850189907604
131.66740157824515
135.3222237087129
136.08444845056283
137.65513123046773
139.53639551122717
140.7641450254019
141.38510076172955
141.84328337676695
141.32438220818864
139.42374905901144
136.50564524507476
131.12505221679672
127.52933242207637
123.38707942398871
119.16790247879784
116.58587793808616
112.39013475818453
109.34399001698229
106.10158943517858
106.60770620804881
106.18238798063423
104.91221708615139
103.82774216752667
102.81233282095666
101.21097885255678
100.95197216833894
97.89682358873112
95.22585021008504
92.00947346054905
88.46602789843604
87.55220134440387
85.61721852872563
86.30778995532513
87.95690794937653
92.3445789668975
96.92544108004004
101.23293908829456
105.29364551869541
110.07507500076188
113.12444562243034
118.99198149016803
120.90124529598359
123.23846430051715
123.66166523848801
124.62839456985891
124.08290723364826
125.13450924925421
122.84831546920695
124.23224014408083
