11
2
c
123.90509961678154
123.51152015215528
124.02350715856952
123.58018274518196
123.86405790094922
124.04442647749066
124.43491642163268
124.95439707567989
119.70148491004535
113.1608391118392
102.260751441883
95.86117035415265
87.23948014452642
73.22211561930564
62.28221724179883
49.8162484844437
49.54661624212833
49.545043405739364
49.20907294975213
49.6266100659254
49.90283633122297
49.20069597121984
49.765297308227
49.56269983249521
48.40130453700564
47.584701577399095
45.66697408199053
44.753225840588115
43.05328422658877
41.70853987103068
41.86552091303912
41.69442882409074
41.06076620341659
42.42410140116675
43.31370558668738
43.11869601255158
42.522812394876254
43.985825465466654
45.550902368947355
44.25750149501342
46.25845811857106
46.03349755542498
45.75647406171701
46.186088522142725
44.41980290708186
40.92917820925838
36.501335432803494
33.58143143830561
30.29226880908317
26.12628223365645
23.160646143874793
17.1148827352863
13.628345151988789
8.523306971126498
7.087984193380269
8.229583908425138
10.63599767026244
15.507332725624446
22.718223887717617
27.345530617279646
32.229202762315865
36.86072991065489
41.277022180799534
46.86256375887099
50.951342664025184
54.16037530162478
55.16003152066626
54.98217809399409
53.638270033571175
52.61885545751042
51.2690840138691
48.75054732063074
45.932646368947175
45.59733047973047
44.36444365931734
43.234874866152666
43.425931012591704
41.658366187543244
42.50932882567576
41.62953285888854
43.06043234576711
43.89663629201406
46.95165371126274
47.35755470580389
49.010395697172186
49.05390464044524
50.642137786619536
51.45486691269444
51.73589639429118
53.141522127622565
53.67752549735938
53.63870775917205
57.157592907733644
59.62878587314957
62.200075216205875
65.28860100986788
68.33423931964003
71.74879809346992
74.44092568784036
79.41085452712707
83.1684596617963
86.76327467933875
87.93294560441245
86.7896715087825
86.23058622944343
83.99292379668286
81.88125700818411
79.59375808620803
76.44795734920227
74.15515117310196
73.8825491770217
71.06291096002195
69.5066201100563
69.49498211457409
67.7392510120276
69.5153582948406
69.23087051125786
70.31754905285604
72.08113762824765
71.59659649113952
73.49451782889713
73.21535924903425
73.18291892768369
74.35668206830108
74.16569361615583
74.44452886436743
75.13815385543234
74.68080490430188
77.2921847296842
78.65548431908431
85.35761180918283
91.22131404306103
97.57885751560481
104.45805238837983
109.87604845271649
116.58175065737996
122.00808361473946
123.51890295870882
124.37703625647012
124.8639519284384
126.0756335855116
126.52713036391171
127.83175253359637
129.8312682003196
131.4930977004407
132.1980823311241
132.37772466026456
134.04543280270624
134.3203578177861
135.96532266219637
138.3602492483537
139.26328598575984
144.86018874449874
151.97904798414876
166.4703931355035
178.4733975195439
193.97521658573217
206.8285367250177
220.73477852156947
240.38383095939787
255.88853410765807
265.9054424510701
270.1629255334946
270.13551700671616
263.50933735813203
252.07157689930972
237.44393098427176
226.06058124616482
212.14899180631903
195.699664546896
183.7070461609887
172.4987098718108
174.94196168810967
176.00165392237727
176.0974488986755
176.12932379151724
176.81415361448964
176.6619383486975
177.38815390655387
177.55241558901113
177.0052916403761
176.05382165640333
174.51853976411627
173.58089514484016
170.33024005598662
168.51933336702623
167.73536804102295
169.22453076888607
171.6187267442424
178.30001540613193
188.2237689386538
193.1029056597468
201.73516766350815
208.21848355325025
213.81377059680827
219.90757297161022
226.68344348464376
230.96804666182263
232.8203984598135
235.70905164922894
238.43146302236204
242.15356257712986
245.55436823458146
250.22034615248882
253.79952878719993
260.31452538302125
267.21084209751643
278.0802772804334
287.6715455761221
293.54511207468465
296.0832236593468
295.9637715445985
287.7876857192687
276.4348118706195
258.7022576443656
245.9128103588221
232.0099289317007
218.8237334669778
208.3027258720796
196.300413493633
186.11237079307776
178.6491738713403
175.9900944122619
174.91687358950222
170.5773138551611
167.06181636501313
163.67311902501814
159.319817559661
155.26823880436658
147.6535563500022
140.59595832341228
129.94466796080255
121.73378711917218
115.00954471411457
113.85174407918919
114.0609469552518
115.69825995226975
118.62852900826569
122.75946417025588
125.60895632975354
127.99333747262781
129.3332946656907
129.29186416581297
132.06951958804672
132.9098700907264
133.77561210991223
134.97596592268658
134.15574935990398
132.1090235367638
129.27169499428845
123.97113461832653
121.80279659957448
117.5523376237096
112.99376642259695
110.07766834933096
106.48489744232063
102.600834816483
101.74967286396844
99.75929313990044
100.85909866243013
99.93071617039293
98.2891691009754
97.32838930000567
96.59716780192952
96.09344836189707
92.78432333676483
90.7098476461084
86.321514269329
85.13440296272752
82.47945460388335
80.35435312488316
81.13090050921025
83.87725965253654
87.35518107977494
92.258390801552
96.56064680211254
100.4840539078423
104.92635672709578
107.53483242334971
112.38086353424507
114.99123653233154
116.94765612975192
118.17018153134259
117.66100395199273
117.7633318683728
118.08183460938301
117.35072068176758
117.29685235765214
