2
8
c
188.40333902567372
186.9510423218451
187.1916337622244
188.69231572859613
188.0411489089999
188.2642443428235
189.23552289656786
186.497067138466
181.15048589094957
171.73861354016245
160.02940287319484
149.74280854909588
139.8355247081537
128.28238671772138
116.41554997865276
101.10070870704723
88.51264680409824
79.47842515611073
78.92102533963161
78.286417114277
80.1206927892126
84.33247111018599
88.80682099554384
93.11275266940265
97.97376016076137
97.70693277251134
98.17590433718138
99.37873741103049
100.22384108406487
100.72088467691309
100.06966848689603
101.5950515175031
101.99456109872699
103.03235143500112
104.0642069342946
105.60135177717295
107.9344852879603
108.64364477491166
110.27164520615788
112.83365317490998
114.69358264781823
117.02892750940813
116.23335440117785
116.68870520258115
116.2848065340754
114.4313310763162
112.49306406330521
110.9347535891366
111.24318710169906
109.04262177536727
108.89432035687125
108.68957107132348
107.47641190250835
107.47588974434976
106.24730943760605
105.94210704858142
106.08647563197565
104.99508816218585
104.73385943126193
105.68560855721923
104.32177171586002
103.68756436632131
101.25702663114879
98.27731061863147
96.28089883742891
94.69197238639008
93.7123293171093
93.04908035010031
98.24437336494928
105.17372874826327
116.04095075183103
123.56918006100918
132.46001230176807
139.0094721392553
144.6827709135277
150.14997177774384
156.18693840332372
162.12266575810764
165.53859175263628
169.81708768448195
176.6351952939577
183.84780829105858
192.1912506846688
199.4757092231633
208.0221628368494
219.05881825159466
228.4814435854494
245.72329467946696
257.4419760030185
265.97126177553025
268.7907495348109
267.77064213165306
265.36595277562225
261.7397666519752
256.8843695787841
253.29851196092648
248.1602557834081
249.20702035295935
248.5619735952325
250.0263412436187
248.3380894654129
249.23475801594245
248.4925317479612
247.58025451927946
245.45590759991413
243.36099709488937
233.4325469900411
223.9600627085013
211.3990200313683
202.5545032193607
194.04377197439305
180.69853192047188
172.25084673208005
164.05951641869697
162.95353392944665
162.63295646638156
164.47450275499043
168.92799787942707
174.15971983652858
177.8994656579554
183.63620703870507
184.68943734285858
185.73754928331917
188.43141420489727
188.34825853163042
190.2159590714437
189.99860735115817
190.83868236632787
191.0667857472651
191.02777023703285
191.66162533459467
191.53061768523295
192.89897519354395
192.5908861024674
192.8311264407869
192.25127218610336
192.87083049452633
193.38868473978502
194.0592546973724
193.99839536937392
196.3330322165129
197.43615737723547
203.85414040311383
208.87077582106505
215.27482055919242
219.42044057388424
223.73615053458246
229.94112487925003
236.3601474061659
238.86856253948548
239.8324612088328
240.1386302546769
238.48318693992408
237.14347856299744
236.44595724635178
234.56084120103495
233.22185068694415
232.31986541225697
231.69494186524057
230.27169270026388
229.40725219495695
228.68137543595086
226.68044373862887
227.49842737023624
231.27717941327379
237.86443817038338
247.19569564302145
253.8710070324437
261.5953507636984
268.58360392051526
275.1261603608586
285.8374145647345
293.1550329439464
298.99740491731103
299.9535528487707
300.39032913487745
298.70734094266294
296.97522391388196
292.78747265888757
290.24837820059605
286.5340765475626
286.3978733637571
286.3754929892712
285.4703176959282
284.26967254582405
283.78168261134044
283.6809943174068
282.7184436922877
282.0786639184619
281.61999391751283
279.1553756364108
278.35600673975546
277.75280689468394
276.18654947705284
275.77958684215935
274.7435347274984
273.55662654791143
272.9455835306618
271.788247610305
270.8120965857183
267.9311599388067
265.72789409215187
261.6779257075888
258.87462798521625
254.5328439117369
250.70425151925642
246.0441150863488
238.9948193313893
233.4384188012645
229.5068421288831
228.10772452393448
227.82105754460258
233.24004819178955
240.92521137622614
251.10355405203586
258.63129524136355
267.9372297094817
275.12680682532357
282.1042675465245
293.00425640437464
302.70185156770896
308.06817534565255
310.5355650747675
309.5110718817213
305.75327456111415
299.53002188259217
291.8806529789815
283.79177122826366
276.9011586830415
272.1833997315239
268.8165067441922
264.171697485193
259.40577557096117
256.39310975213925
254.66504415651787
254.42564332014197
251.68151131287445
249.9908139098654
246.47583249398855
245.10597899565295
242.4696512328323
237.67513461139455
234.46155749271088
230.2184207443881
226.0997874664836
225.29824110624244
224.0315366737716
223.46828707082844
220.87254912939827
221.19324779302983
220.15074836732342
219.0451776758032
217.15779799682093
213.91331507501963
212.42565260080954
207.9050455791464
204.9959807895985
201.86572316652357
200.86072514003686
200.4061780005116
203.67130721587807
208.48013059449204
216.9672880006858
220.70910359464685
226.33143114805625
231.67527707873657
237.2459770212834
245.27034888273965
251.0970091469565
257.06713806905856
257.91557732719315
257.15961169482927
252.38732050103343
245.9109596570817
235.88536404815463
228.43122009101577
220.39941954868775
213.65698840443352
208.48107251083738
200.6068901204248
195.47813831577272
190.42766233994377
188.94738315448657
188.88387623749472
189.1269203835831
188.47828401676443
188.87234801494208
188.5227236674684
