8
3
b
133.66082106184885
132.46783358479016
132.31497689662714
133.07198953510965
132.58773561753793
134.14218316515874
132.8181483226691
133.17129325470822
130.03532367141622
127.0989555940363
121.91730628418081
119.87497972582607
115.18937690147271
110.79379853218421
106.19819118512743
101.21910187901312
99.56391149790461
98.34581439134034
95.8347617488137
96.41285552936635
96.65072707091254
95.1463154478176
94.57885356482367
94.34984349828311
93.83883011089232
91.42023467240298
90.31204694637425
88.89935326029932
87.574900136163
86.05921762927744
85.2550928207836
84.68179375946286
83.46360395397141
83.41610468301214
81.97620086934903
81.71135136225136
79.41916620819853
77.21813778303455
76.00593046188996
73.05213847485136
71.32770948575094
70.14703052791177
70.01165052015784
69.64211523163019
69.99104880564632
71.27092066996293
72.27003364476677
74.01817616736189
73.89387058436165
74.17619118901396
75.0499873696188
75.43763606488282
75.47371809395412
75.21410369431365
76.30984762762797
76.17399074442474
75.0373187961321
77.23251233162615
77.81126368817493
77.89204536221095
78.913996488817
80.58427326210307
80.57683191582628
80.85914604782236
80.7826810388329
83.37330372803875
83.35939093212174
83.26535893338847
82.63302827803992
85.48892713997616
87.5534330525247
88.98246357614222
89.7460072541306
90.33625882342973
92.37185065293237
92.75193047134728
94.90240556647503
95.63913398036547
96.95066752871192
97.22374857528023
98.80416789386067
100.78178684263057
103.58449057496122
106.04530052798349
108.4487534812459
112.28673278246492
114.2276298381845
117.37983962425966
118.23246531199679
120.40225453706577
121.72449337638665
122.5574208851945
124.79577716392902
128.16698364491137
128.84423204885573
131.83300333855667
134.8479490391673
138.28006635298092
141.0771453054712
144.54964779646824
146.7238361066786
149.8889775142131
150.5874832363706
151.74820743544944
152.9819063722422
153.9648175029502
155.696685895858
157.30409527495647
159.2000347806181
163.24884313143068
165.09897174963973
167.68493404297442
169.01967073235616
170.75438830519025
171.02609745496108
171.18855335683054
171.63306915976472
170.89790767226827
171.63150824573395
173.39828891617626
172.6639597122767
174.0613091327669
174.5530209265494
175.13724852510236
177.16016388859728
177.22064316022272
177.15100251150895
177.39629042209052
177.76036500701562
176.81020754936887
175.9743403596982
174.41927679040083
174.0505025413994
173.95548012729586
173.23509270672932
172.21407594224797
172.0539948722373
171.19894421269763
170.44860818235745
171.04964216604947
171.9012979892239
173.05684672246537
174.25969737411188
176.82907142467965
178.26742619656935
179.03471834383197
180.0261843913494
180.46091982312547
183.83668255901316
183.89849934379717
184.45364880241013
185.14727353592238
184.26434095357874
184.4444852189065
182.98895838122385
183.4157720595684
182.93170644546313
183.03738181913965
182.48422204500562
183.15205824407977
183.36617091071528
182.60777114967073
183.28037573413687
183.53232610608597
182.9086507276177
182.3501297128723
181.5346419546119
182.39846551285632
180.66041606033508
180.3105816769022
180.68489288100125
179.31628987350948
180.34694136228242
180.36852699059588
178.84774850606252
179.72176050625004
178.7487514967625
177.99570424505674
177.23336102800513
177.31372111925387
175.83298135447816
174.39875586092694
173.42539754858686
171.62277556502613
171.9706425819663
172.86652767409953
171.52991251465633
171.50358731758138
171.12764252267826
171.75610236107386
171.7449690362294
171.10227264554413
170.65385836859792
171.01147685160132
170.39395915525319
169.08164222944814
168.52777325304464
168.54865184564042
169.7270298827615
169.1594254965469
166.79022118637513
169.32130175891666
168.7163203037533
167.61921269599173
167.36117023045205
167.24683606323393
166.47033727853642
165.97374345598885
165.44350632390382
164.91105608049662
164.98888772649318
164.43504626815354
164.98796781188025
165.70322930002962
167.05028395993284
167.18628048843726
167.8054313593715
168.65410699285678
168.59050432937582
168.4341168757003
169.26486562036828
169.09189128135304
169.0016566440851
169.53428270485355
170.40705826212255
169.01524855148818
170.08048954348075
169.39511661913633
168.46002172055734
168.66180226504292
167.93139552215638
169.05396795718238
168.91519560783541
168.6765887244432
168.15241750431488
167.28824977701547
168.89458212884517
170.59109340907645
173.0912388874247
174.2259012469687
177.07322286434353
178.45270095205896
181.639290079922
182.30328424833417
184.09659553169817
184.70469609683786
184.44673992929472
183.60697537321352
184.2100146193849
184.7286556803396
184.72716438446156
183.9048155221039
184.45730639124156
184.10679963835688
185.2668306439297
185.96910712590983
186.8580686674905
187.04570948758115
187.34427533747834
187.81295265836948
187.01597464526725
186.1219410811012
184.0042366942738
184.08818206595666
183.2715648946368
182.40731641235965
182.59713202309476
180.91103924446216
181.0949645962674
180.27068548552
178.59714595932303
179.07430335660578
178.27553917752
176.91115195192947
172.99395129461502
171.12253185243958
169.47561717929102
167.09905225664374
163.08685609655438
160.6879658156929
157.66539841616896
157.45592301359093
157.13125546983036
156.40943456324635
156.93702656906697
156.4227636228684
155.5708883135775
156.76773386072958
