7
9
e
76.08848676603806
76.55833421466399
76.10831217319465
76.4477026585714
75.09529012883243
75.6272222231044
76.74655136298522
76.4120143502359
73.70747972680974
69.62318414752322
62.763034607364496
58.480857470689976
53.628822725239566
44.408708647687135
39.03162338661597
31.018089858449944
30.61491388954557
30.46964720442947
30.898338585712384
31.185594471743748
31.379242266007395
31.637053961422502
30.630212579434595
29.991702217210463
30.262400073850948
29.229857097105477
28.9780472814994
27.861177165989005
26.257014549749
25.962397537868306
27.006974471968046
25.447666893066092
25.687358078066694
25.822367091158622
25.941814723170516
26.148095815708874
26.525256671363067
27.108054457096763
27.087256152366166
27.555977033811217
27.435809423691342
27.947302903554835
27.492778667349242
28.618148643938348
26.36448202205912
25.243826612225007
23.234920934868086
20.298802249026807
17.839167178144837
15.538185641993689
14.344423664260093
9.970713117195361
7.70388354329374
6.282774878375143
5.047758616604275
5.17370931356427
7.518365633931401
9.256482032191617
13.537125742866271
17.427991433282493
19.88414461018853
22.713144782529024
25.399595344303652
29.48329630087398
31.98831582511166
33.63463437572446
33.98705274199551
34.51574879714822
33.35021934549863
32.173147341432056
30.087527302475014
30.581731145200113
29.27354787202241
28.40492738936188
27.165282635919148
27.338752354098112
26.819930241307922
26.560202838611154
26.182617505033836
25.150394302985475
26.698584067851336
26.97309234737962
27.848808902066033
28.38008647979016
30.887790558600866
31.25575747627209
31.41992019051685
32.64651931501457
32.35285088285276
33.326589021940784
32.527715071288604
33.677851020886166
35.220347531871255
36.68404702906235
38.37498085109672
39.8104382751671
41.7284595046633
44.639584701572005
46.0735610469231
49.307295318561316
51.84853572988955
53.63236905071126
53.64713602848231
54.4406155053053
52.85674998027455
51.49904994647844
50.07846370122181
47.99023353371868
46.30734460294475
45.95520304432909
46.0414086547726
43.894871578877314
42.55450139180674
42.348102489772856
41.24965554941556
41.31994528873331
42.22233729691273
42.21990845461016
43.32423699285537
44.498499339093165
45.4655024462347
45.418876571561896
45.857723166856736
45.11038157947834
45.67422072515295
45.75693582911878
45.674618096223796
46.11267273294871
48.34058002352753
48.36565098038946
53.116545380062384
55.122720727962104
60.04264406194819
64.05906780971438
67.69032088300949
71.75020148609539
74.1387748272499
75.69981664144335
76.51024267175207
77.81097437426396
77.98390812605157
77.94705121866413
78.52718758793516
79.29353649129348
79.9058212589183
81.80851419098022
81.56901659705835
82.01885557191746
82.50129425186088
83.88188916286059
85.19782318938798
86.36499258172807
89.40612648901308
93.2164136360371
102.13643741154219
110.3248423529519
118.58497764134597
127.39391734703172
135.1067166034602
147.69689357149062
157.87356310488025
164.9728434028479
166.34432912242696
166.11587223421736
160.89108463061424
154.93258812779962
146.3674669735808
138.0044341643717
130.76252984856242
120.36508700093435
112.69245119171968
106.0559698901898
107.14711784174881
107.63187208288241
107.2356252794172
108.80568765632901
108.87539236187226
109.12567805355167
108.70578466745071
108.67196114017057
108.98694355914996
107.64318866028981
107.46385854376688
106.9373310786027
105.06374577911916
104.30661946407344
103.88896118762142
103.2086720836415
104.86531997216201
110.00080739479331
115.1428611901001
119.29064910947613
123.99061219655776
128.97291991182982
131.4626242902918
134.5105121260319
138.93622122104944
141.97988266158177
143.00142708672416
143.55077829470986
147.33896619351785
148.68739895234393
150.58186558727076
153.21455949674876
155.8947554144438
160.0574979262806
164.25142408119876
171.65331868262214
175.79342132443952
180.6489601916552
181.75821069125206
180.59767547620004
177.46389238332517
170.48877503720684
159.05999076651324
150.75773980872341
142.28577863055497
135.2317505978316
128.12082027085984
120.82518230858403
114.15249299205817
109.31089667661874
108.07211731145979
106.42660313363623
104.6553068765992
101.77444766188225
100.90265411245363
98.35551393753923
95.37138562231503
91.88482884728144
87.0804692027747
79.27557121611747
75.30229008586834
71.90152780469079
70.45643100163103
69.44073057610353
70.91187083459016
72.86470343079755
75.09836225546158
77.315028722439
78.84365405747002
78.96786605658443
79.69062892623309
81.86757994477404
81.73864290769993
82.75540843202462
82.56027108077225
82.3220651507474
81.44773691599026
79.15622278190705
76.03846910586385
74.97394698852186
72.3197130155354
68.58713115098116
68.1385347134062
65.10147798584201
63.549852145977084
62.08362907583892
62.50313717395278
63.20723473832461
62.19983442300793
60.82956923684181
60.19969272720455
58.92367513584258
58.01560785427128
57.71563440155192
56.86745275361756
53.53875283759075
51.60529091076473
50.34117535369768
49.856240195096476
51.02206757327124
51.6907929214636
53.80790001337584
56.93681430063324
59.24282021059405
61.82210477478732
64.26005619742361
64.81215067471848
68.71922862404547
71.56737806088783
71.68953400033251
72.72762723202676
72.81497850301275
72.80280497471185
72.68037138540316
72.60631987753057
72.39564892717569
