3
2
a
29.13165667993335
29.738856084373698
29.44655861438901
30.346882234467728
29.475952738695486
29.898893779758872
29.974383196617342
29.89478996001541
29.854700610227386
29.409757774278575
29.093469714268604
29.428657843576705
27.590992282053815
27.133597456697206
26.932378973198986
25.995186152594567
25.35585934102583
25.692939503273852
25.54615783515779
25.861452221206005
25.42843659319221
26.076663614947
26.289777783517764
27.663977807239334
27.681072559706077
28.942027862910898
29.72720676798826
29.988011154322393
30.626012969555013
31.63330803663309
31.51176790130012
31.803492519680333
30.900443286366897
28.922747717975707
25.706788517099017
23.588653406738306
21.630038625427137
18.987379294555886
16.49807033344776
14.083787537820074
12.636872375094782
10.389893213546756
10.807178368393956
8.989080927221849
10.523847495944265
12.275755685213138
12.897939272831607
15.860637390491286
16.136306118667786
17.646001067164054
16.918988010932967
16.643883851421474
16.86785941712434
17.370792372151044
17.989164166720677
19.77029500728098
21.10526617507168
22.03300450502168
27.382634253787575
33.05329316252317
39.6142693701649
44.5297865503651
49.825024372251036
56.72041292951904
62.20535844308243
65.65560491756567
67.03378204809916
65.72558904369525
65.38495446002905
65.11002075549868
61.59565998898428
60.27503820476185
59.34819888499923
59.69225750774969
58.53757340714253
57.85266075329028
57.453447434288655
56.68764490004598
57.610774397802075
57.974409694362166
58.63631992668709
62.248767551243446
67.05828984277812
69.30107410338402
71.6518246694142
75.81915762789434
77.81962767161237
81.49992103245981
85.14108279648981
87.59502143581891
88.34407512211816
88.5709987756153
90.51443045380059
91.31226050150315
93.04082080714187
95.1235471565646
97.19498156111173
99.79208490514638
103.44388981820671
109.20112535375574
111.16681712001503
114.99133342591041
116.846059044756
116.46089503909124
113.4340375455017
108.35742028754123
102.53489877113088
98.77053418041682
92.25677626534264
88.62882030223228
83.96310157719347
78.01608244530382
72.11169767427839
68.16703016450278
67.16157081339183
66.80729501181682
70.85855091452738
74.09615565197176
80.09408868008533
85.09586987858087
90.45137834519629
94.59555273716461
97.25851637137943
103.3868974070834
107.34602703979957
110.56851259308569
110.87037217362877
110.23994570941237
110.79578089546435
109.9785790131242
108.24778640128899
106.62046679652374
106.08044848035397
105.45876939611409
105.5993934839221
106.52775912408926
106.56964938931891
106.78576446993505
106.48458806311176
105.98355388712564
105.30646390791784
104.60505176908843
103.71066525295649
102.8791909230706
101.99685088519848
101.00411063103934
99.47406582203905
98.5505983897722
95.33249845546449
94.591305985218
93.82459588845144
93.01650444615717
97.5671890133404
101.05378897181816
108.11416658240697
113.07130385164098
119.31578007395096
124.03701871614734
129.0007418361457
137.0400169649709
144.26721880863366
149.47141606264586
151.59598741040185
150.80402955615267
145.97943950999542
139.93924422398513
130.42120677566027
123.79428353484849
117.1705947527018
111.56680896851532
105.65075777903229
98.14424192512996
91.80886648582381
87.85614109424147
86.6877832320871
86.326720665366
88.5170416103943
91.46884983428522
95.94200979516057
97.62050840735044
99.85335785872843
102.67570062726489
103.09209164645941
104.86968220653388
106.50162148140636
108.46576184687272
108.47735423925512
107.92332508302627
107.49111170021845
105.45140365008109
104.35123679942339
103.19744719832714
100.79838474330958
99.33000710765555
95.97012913706824
92.18715001832213
90.3736339092673
87.36380912808134
86.84234179749886
86.561679136012
92.2153488440621
100.07686543437346
113.56914607287561
121.4699906760325
132.37695850071717
141.94284244425586
151.24398970201938
166.1916234305894
178.01089124262813
186.5149617110007
188.96485800839153
188.35408261851194
181.58854499913764
170.6336504484986
155.14266196237995
144.18680807371754
130.0210992022582
120.3676794395986
109.4604248320149
94.97918561585765
83.23443883620757
74.02025886114082
71.62906070250459
71.98911405139899
78.9199166932678
89.3535479121946
104.36810293206615
114.26367433057969
127.01986237399424
135.5376913889806
145.70493586288634
158.9875081098242
170.51376974219562
177.39750930103307
180.07404150730443
179.8321886681855
173.85839168129388
165.16732895830677
154.15765644563658
143.32237749404632
133.28306417542467
125.25758298116172
120.22764506616309
112.41885839239899
106.92498573501678
101.93627498895327
100.71328322923745
98.64080134092048
96.37218062346074
94.31193559043064
91.41924724137063
88.90403853058608
85.39452184996135
79.9775945832418
75.8515799067891
67.07668324844519
61.554093252672374
57.128153030243666
56.02767328650571
56.727194846139675
58.48990814756948
64.20846785023298
68.01910233086535
73.02933464374117
78.22354971916884
80.09313307666517
83.75614372193937
87.83070053938093
92.1299372530138
94.70220009305508
93.97213475977495
95.2013671269778
93.70239900271969
90.90130647705537
84.67913258812996
83.08244751620569
78.7597763015684
75.97707660681472
74.10340010109948
70.9208418612128
69.48278915859969
66.78567343732574
66.56287334409998
66.47350661985556
67.04656560935742
66.72455242562127
66.2292837827688
66.96121765987259
