3
9
b
189.77345742019756
189.42852709489352
189.88972882999357
189.5625091199699
190.29218464089675
188.75315246837462
190.23975785379264
189.09831112596856
183.25189531875645
173.33016307268258
160.92796067467344
150.95482589995413
140.00722561576904
128.08168290562423
118.51448232064976
102.32478560156125
90.08043921306673
80.59387487838674
79.42465538468785
78.51413166096422
81.48597199958039
85.28906930432328
89.4122981630819
93.33860177297173
99.2159813773846
99.2389609400035
99.07290504947959
99.48414269991832
100.70208907262887
101.04809936527984
101.20283362273469
101.62781900769365
102.45064820927334
104.66041447737774
105.20495304783887
106.04959715713312
107.42566850041695
109.28201855069591
111.7868860309622
114.02375986055596
115.12113706115564
117.37496014860507
116.4154153363362
117.92375337654576
115.4860880058678
114.05569510673735
113.38085489282408
113.00773757894054
111.14017545734941
109.86293070592313
109.57682037658722
108.38410968990786
109.24669184600302
108.5414643815384
107.90332157499907
106.95190003983565
106.47193290577634
106.56506450447579
106.8517672573262
105.22668342934871
104.95474869625188
104.7381321221866
101.74800033113615
99.79891928044722
96.67798154227
94.3830347059524
94.48225511366311
94.09895463609017
99.66236847650723
107.37153677364452
116.71761674136285
124.11175591411254
133.43382619450904
140.89941107436553
145.90100656152913
151.682842347073
156.6423800542269
164.31971526904414
167.33543551519216
170.2890418868642
177.6369772523707
184.80947867428594
193.5311600111501
201.7228655940607
209.21532381018008
220.64684104257995
231.59295777521353
246.59126333712268
259.24490339451273
268.74276688331963
269.70810308103717
268.9046278614719
268.48112002669467
264.62182237960684
258.79603485374986
255.32259802425608
249.75151933005628
250.76522466445252
250.6812789354581
251.243578633868
250.86401781212237
250.34794131450863
249.04945394950911
248.8448008229782
246.7683380094253
246.4948268415739
235.85626528464056
225.8888461626939
212.06991931154306
203.63436019696536
194.92955093200928
182.54942028226608
173.19932630081732
166.20742758087664
164.67552976532127
163.88778252475873
166.3435849355196
170.5422625380839
175.87059089737744
179.00545556252814
184.19604505731849
185.805810094521
188.50867555372167
189.39095213820252
190.89665003467408
192.04546278729904
191.42007558590717
191.8927611888873
193.11641125510926
192.8312145326609
191.83735609320422
193.93587381039808
193.47269860664667
194.50476510547722
195.22489323252475
194.35369880590352
195.03884014911245
194.61355758479954
196.2237950946744
195.38907361502828
197.34113181353044
199.9373516766561
204.94088574145565
209.16376134427253
215.68067920849165
220.27304615831568
225.5479015104447
231.96659824757123
237.38560851823448
241.03220468682656
240.90976792681923
240.78959915010046
240.77709099949976
240.20040810921515
238.02840854058394
236.1462368663123
235.1653027308034
234.42880071949926
234.0621704875404
232.464975692246
231.3216777885479
230.1300785102511
228.85410711707087
229.2294896416883
233.62179649172748
240.03548126540227
249.5727796803995
255.26386383074583
262.7033103200033
270.59513324043456
277.7233122794895
288.34174492517843
294.8747250340679
301.6378353257351
303.36356554868513
302.72600621721426
301.5822886016205
297.9036097509775
295.28322057808373
291.9864113327069
289.0634267611568
288.6339128214252
287.881835802719
287.60416250181964
287.219631467504
286.296513821213
285.8898966857086
285.8804025904655
284.6696991194211
283.70453514410804
281.7682499722456
280.7150101145313
279.5943517201482
278.36922366975546
277.86768850093057
276.1261172363646
276.1251524841
274.435847677518
275.6230114252117
273.100435179728
271.6240503392049
268.1445527194956
264.275787477733
260.63478297388895
257.4550413671773
252.22436425444545
247.80168619473508
241.48604805265168
235.25887225555314
231.17754688190664
231.10606806002042
230.30693102924863
234.38717132757472
241.59509644594598
253.54033425478383
261.4955586401908
269.6048061990325
276.9661538501488
284.4876653139499
295.2499064507138
304.56976052187076
310.1747998399409
311.8366454755085
312.28015419478413
307.82389016964015
301.0308610138556
293.19337270814174
286.7771148946382
279.0766506952232
273.6643980551913
271.22686625066444
265.2296881772127
263.0191582550086
258.67269999061284
256.7182961764938
256.804821733739
253.80728774484533
251.24992221030982
249.15665207227465
247.53303934075552
244.58251540077026
239.78751697915027
235.79108359572777
232.09445151794876
227.92689150077166
226.8077831676191
224.81951927160293
225.20463447100943
224.22324776377138
222.05506949773672
221.54967193222208
220.91801578355606
218.82991926708843
217.45377266087013
213.18828776462985
208.9005206034151
205.0834236993363
203.0442330137869
202.4728633103036
202.65326043963333
205.45020804259048
209.98311482395724
217.7317525072226
223.77863092778568
228.14807355588297
233.60024866659833
239.61620050472607
248.04314578132374
252.52490534205762
258.04093151962223
259.2292612420995
258.9995326300144
254.0465251920645
248.09786567694894
237.56199802646285
230.99998592756083
223.25354848047758
215.96091950505152
209.46112782422927
202.01764384064927
196.162699101678
192.16235709782842
191.3686440368256
191.2736331949523
191.1554065522402
189.96791798488812
191.06225744485982
190.4751276212626
