5
1
d
49.21249561501729
49.43083572613946
48.89762968334139
49.53637935469587
50.02511112325188
49.64416052272712
49.39092206227978
49.05702483016472
48.04182691868804
45.53601528028878
40.918584982664804
37.98785154973687
33.98245786834002
28.072561479924577
22.527059679916515
18.600545266524378
18.678144119849176
17.789218092824942
16.692546466810438
16.153734612852606
16.272714761566082
17.560963195292224
16.35781831884273
16.270413420950018
16.192326558006414
15.341008867321431
13.49541400656974
13.830871666884159
12.308812698867925
10.96899382277613
11.631054549055667
11.255118427663401
11.58307765865587
11.934204064618369
12.948171281235506
14.131834911243352
15.074025439266778
15.059204972354397
15.09641390286845
15.180733077481607
15.555331613754298
15.7642673018874
15.50163725471806
15.217011044548116
16.580386545916525
17.346090025967868
19.31669020284295
19.74657366434478
20.67319746602439
20.51505758892466
22.05606677505065
22.846133549302962
24.222971050449974
23.647953342742444
25.240744216052484
24.848546145447568
27.683117638698025
29.398469921959364
33.0060577138801
34.946934658961155
38.402484196599076
42.85722122247787
45.53898107268136
50.58851334690649
52.34253736571778
53.043528998157605
52.630785795703375
53.85021233603954
54.08399063407885
55.080059508560154
55.128292342231916
54.60907240816301
56.268336598541715
56.51168832862594
56.86893215549691
58.11560227388618
58.195857997080324
59.05989120806003
60.18685884613793
61.18928022499346
62.9674042979186
64.46684230770735
68.90081320915007
71.70835864076403
73.88399092578884
78.96507368481622
84.3969599532978
87.78784716156893
88.77486384705554
87.92433168313408
88.42299195299786
87.70245264729185
88.01577676623077
87.66665382421652
87.6215413386836
87.88827589080827
87.79956322366046
87.93768512547956
88.52936889663486
88.52612034663652
88.65135387491618
88.8463564849648
88.23447819108678
89.99252642580055
89.8768775749516
90.43789114834715
92.54732164279454
94.31470805165206
95.15357641488906
97.62520836215818
98.32416366432639
99.74828735556773
103.1449158000099
104.22393678325616
104.37912407642851
104.77796702172947
104.9547731395303
103.56182115643351
103.6427769059724
101.70221703114952
100.86148241142484
100.77516723963372
100.19200977742653
100.13320160529962
99.36700670805358
99.94277296062229
99.28812590361419
99.92351664738347
98.4879856791199
98.4456321308532
98.11713605211702
96.40586226674951
95.80314114881135
95.21926015042372
94.0840529427817
91.98718653548877
91.532889916711
90.16251654564051
89.87835233033165
89.78791488776965
92.33339136749282
93.77286454148125
95.98130665794123
98.8427078928741
99.82671576937071
103.28157318457318
103.29230679296411
104.96960428592593
106.59862418159443
108.04058416804685
109.20311778092888
109.27273319436891
112.02508359916969
115.50280803094118
117.50173927258095
120.31335839284952
122.72404382837877
127.38524808373757
129.90895338497734
135.94013337643307
139.68962167836006
142.16002216917528
142.85733169802708
142.734529761811
141.86846290249613
139.94773719550074
138.54590416130117
137.4128606401809
136.10612145142133
134.81599272803754
135.28390435953003
134.70093263509636
133.92592900696573
134.86564217130152
133.58393584941416
133.0681993427379
133.71119455137003
133.97877796646128
135.85782602748452
135.20322037169217
136.6108541472969
136.51750949682867
136.38015430968875
137.98652029919276
137.93573010492167
138.9939392665317
138.16481795889658
137.7751281130806
137.8738065925095
137.73323017695984
138.66527435051208
137.27208242773352
136.38110621503932
135.34305747415158
134.9364849087537
132.86691075554663
132.9876205197076
130.2660035902389
131.69839993630296
131.17314034256037
132.47391101413027
136.13498591600154
140.28670215503843
143.9080865471258
147.79416348525663
150.69128893158737
155.26080917465958
161.04202617683117
165.41570880007592
168.3751559450625
169.39250647205898
169.79091905642912
164.88837856361963
157.99584135679703
147.82601076585732
139.78254714115084
130.73210292054895
115.36807045979833
104.15210478756646
94.68935886565356
97.59538591678896
99.09071429924562
100.20032546557829
100.97549302929454
99.95821934223068
100.16161851409186
99.46107246045256
100.37785847498913
99.63180626152062
100.25062916643087
100.50943859082197
101.32693531706113
99.89910006837212
99.34801093868533
99.55506267118199
99.44779783645494
98.78664151798118
97.48465644819382
94.66461441023007
95.27755688845606
92.6162808148147
90.6430075444198
88.70052377221
85.50370370162011
86.30811039864949
85.56917201987059
85.49639007431459
83.96871942677724
85.2818283650258
85.36077451013408
84.97533546165906
84.41004471119255
84.88233169203768
83.81234514872297
84.85208733955503
84.93950250653998
84.63858201749018
84.06600401907795
83.20412166917575
83.13793616855335
82.77486167913818
80.93110276776001
79.54558564637155
78.52130143170255
77.28652881804632
75.108167096666
73.99269097616367
71.93454010421397
71.36897517240077
69.75248869312722
69.69841803892619
67.90146507875976
67.80903508345887
67.17402545282718
66.4843088031494
65.2342541636585
64.12054107372636
62.201543497595004
60.58882972279938
58.50840484468823
56.84605715200109
56.38646187263085
55.99142136175531
55.81480801335223
55.401555732689225
55.916070861331974
55.42250253851429
56.31972445886859
