4
6
c
168.3400820584596
166.97257592135992
168.62127847438896
166.76007100409157
167.91896816818735
166.2848325941659
168.38103986140592
168.1267540839375
165.30859395323
160.47731689850806
155.52864472539991
150.64782676121715
146.83480903501882
139.4620039871535
134.80191391169328
128.0217982476867
124.9691752211071
123.12034514406496
123.02041654734639
121.2806844047652
119.94157791824975
119.96892648165068
120.36929301728858
118.06702687604016
117.28489860782882
115.7025301481367
114.39355570648921
111.70727386324683
111.35200639106924
108.29806305386674
106.90518007354869
106.2934926670981
104.67950758981664
104.69162748709951
102.36873463429707
101.31953502482814
100.1773042779666
97.88025742421014
96.11885086135973
91.84428942541706
89.27725143840273
89.0090404788648
88.55031807606768
87.14793023582234
88.31631281218591
89.55160638145922
90.45143745453966
92.14256725017549
93.25207464312653
94.23713303250021
94.82334588871636
94.82826831835825
95.18563909446915
94.6453338210498
94.81960747040382
95.10560129906906
96.32887501448462
97.43873198741761
98.09563220841679
99.33904316854357
100.1985072176313
101.65210620522625
101.35739691636184
101.77070045481459
102.22230659173505
104.29480868067962
104.35719059184952
104.0184989476213
105.59535656118999
107.95722440964802
108.92120187917178
111.40096705216258
111.68941968553334
114.47944957719989
116.37145039001433
117.44101370816902
119.42688141922953
120.95277427996483
121.90848267640683
121.64944456396768
125.75982609554273
127.60983843332572
131.1899329431685
134.17889322590767
136.52260865455548
140.66205795848308
144.78378571853946
146.2535500449838
150.74650336356964
152.07082210741896
154.0134980070631
155.7929157841364
158.0419518750644
161.4737771670918
163.601386297195
166.55670463794712
169.4017445347851
173.99052752699527
177.9987600401421
183.07946560601522
186.0269117740842
189.65402291718453
190.33735001755804
191.32245218003544
192.36664658172518
194.55199412185746
196.62211826411473
197.22588370639534
200.5603201086421
204.58266365287926
208.2270886526449
212.70106609112582
214.39668564255265
215.15734386238435
216.03862099391833
216.27517374810853
215.92647279370124
217.31618537843937
216.8171384253547
217.3878345610748
217.92496655041066
218.36615393127934
220.05613827279248
220.24220879590806
223.36164533696024
223.93914835934393
223.87156397730664
223.79267379911667
222.80829600798518
223.01028344346147
221.45294440366
220.21932182109683
219.74321785887872
219.31263120433508
218.71820376334492
217.65311872960402
216.53404556487396
216.0777378295493
215.2841375509546
215.85963141445805
216.17312047121936
218.01953271447266
220.57556058710617
222.17860028088552
224.4549837430018
226.23365532867302
226.70048025191832
229.76448906930858
230.97071835770984
231.72610114800938
232.6595596508007
233.46504110254347
232.4759156100748
231.99385826584023
231.57827677131658
231.91427024604107
229.42004081569831
230.29702939164474
230.86370778401553
230.35520950934745
230.0921595840321
230.51516583848255
230.71090812790686
230.4955919921546
231.2011579624679
229.82094511926894
230.11614522333358
228.8213566537252
228.44500624969024
228.09903729889695
227.50288959016427
227.3109791765114
226.49485651693024
226.45585341064023
225.49971010439688
226.2854473830478
224.68083642170194
224.29678974818214
223.0226181997794
222.48660616252627
221.81343714035083
219.8681692878661
220.38458529499064
218.13907548549977
217.31054270075077
217.2176815601776
216.63635652906459
216.34695326941466
216.06095389873644
216.49490156172894
216.25394100855559
214.91043844165054
215.08489942763893
214.99083494445594
214.6788614237076
213.4754541947273
213.1154093461142
213.2826447461522
212.38272381427976
213.26696584550342
212.83109998107744
212.03581015869236
211.29298164567578
211.57041106695453
211.194041462081
210.66248580677654
209.69790592308175
208.81510864662118
208.43175586493157
207.6539695887751
207.58282239142605
207.27608676884756
208.21719776092
209.69730813227767
209.22658300323673
209.73933752595025
210.9035731157225
211.91083475566566
212.67057065945292
212.50981515365652
213.96930193751902
213.64741997622167
214.02825071412627
214.16869507331666
214.56128944509987
213.78885380675072
213.45864703409083
214.06788540167142
212.27947684691716
213.31737080798462
212.22372917432054
212.8777504031525
211.6045857826622
210.36855415059958
211.12062506032115
211.93592633884822
212.61544510252563
214.65591265537125
217.8802239011449
219.01141008842893
222.28933707642642
225.29506638915868
227.6449226545176
230.7705421261164
231.03006335400377
232.22448112718126
232.8514176209337
232.64321098330504
232.10814359154034
232.30954766876025
233.13000533011075
231.94495785972765
231.73149688177654
232.48334729998493
234.11760962764725
235.20155107995933
235.72159959711303
236.30375941870452
236.83107868193585
237.45617743942643
235.61201259377978
234.0607464328009
233.83449188982863
232.93061381955133
231.28793962983468
229.99258394213308
229.50729111720602
228.5122316586651
228.43392875896524
227.4056957878091
227.48734199847516
225.65885031517482
224.52194164772314
222.2356503310416
218.75560838883302
216.22870343541604
212.5193172759368
208.73075985065728
206.75422955156282
201.85822920033567
199.95738859943998
198.49687092295665
196.6692357529488
197.52243426935703
196.82724251283162
197.81257228049174
196.95385803423912
197.02159079437345
