10
0
a
9.093155475786045
8.183913944342368
8.213695417003684
8.310908384285145
9.335932765021719
9.202106825010196
8.948836149390276
9.396352593324664
8.198480316720278
6.956478218840512
7.493396828129137
5.75480900744427
4.824750032592575
3.763084496339659
2.5390314951272863
0.5508791458813223
0.8271277833904845
0.03669518182016217
0.0
0.0
0.2983740345160338
2.3362042023155274
6.531689031611525
8.232004067926454
12.875436127397764
16.654553728891884
19.42074892623792
23.884315686153442
26.95076988997345
30.757819238770146
32.11548110716851
30.79483867203466
29.048133631125257
25.60687349979546
20.712606267830136
17.64509038268463
10.922658891198981
8.083681137922994
6.442947190844287
1.9217460456924162
0.1586376619577285
0.10312075840842261
0.0
0.0
0.0
0.0
0.0
0.22279838163506413
1.970494627141386
2.361330543938867
2.081689789675104
2.9319677720968307
3.062266054929743
2.952250566554416
2.743191735022308
3.95675336240918
4.211050888967878
6.247138861464949
10.180381126535531
12.468941552530026
17.132161486217274
18.499881509295314
19.969565484398743
21.377747540626135
23.04486468865862
25.276618372472697
26.936686203851046
28.885586258813554
33.46905093161971
39.9001021876137
49.549826950728566
56.55849047794304
66.54797919033653
75.24841896108245
86.16422383004647
101.0142751255638
114.10151212499211
123.21358102486204
124.53875508772023
125.0261087763188
117.06570275278843
105.25116422228002
89.12282163054984
77.89445189786115
64.70686338237064
54.00696737096935
45.47244702863748
29.20454187753128
19.33449076176321
10.218312376372271
9.134683233700661
8.92613772660943
12.116128751100911
16.656613472400213
23.75330562568399
29.825308525039162
34.22489666770621
38.97739408508666
39.98234253297216
44.28406149156184
47.589425001593945
49.49818741989019
49.31111279160014
48.98393228718836
48.882112964058
48.378013449357674
47.46519899612247
46.92204545202723
45.811751779234
45.631273088648435
42.94675421336135
41.41926176385802
37.08648603039696
35.35974094748507
33.02591390990627
32.90110093029489
42.70822527897699
55.82877273168318
76.95067910702748
91.5008857863557
107.81132165180881
128.3389574189447
144.02844718289725
165.81657549173417
176.47947178854588
181.8387557808342
182.50775091884603
183.43696610764636
186.89072589725194
187.96505286807044
188.76129535869762
190.6634394915047
193.22712322070743
200.2703537355727
206.21767825067872
214.68176644665104
222.90637976554427
228.7574289915688
230.98928646471498
231.51654600184384
224.62999504284645
215.13069628752453
200.40642822055406
191.1065793676578
178.62944894429864
167.02761377317853
158.68666111628022
146.50164470332692
139.70383403035916
134.9880293094313
133.55131477133781
132.4566129095097
129.1903999389875
127.81805328350748
126.4149610336629
125.8613081947351
123.2656527146353
117.79967223438562
114.19390457181093
108.03483079937261
104.50979491148364
101.50256920979943
100.11176282113925
99.83583492739851
97.3665991266936
96.60983032155974
95.29744209292869
93.23091658591133
91.83260227448716
87.61097408191253
83.68552017851975
77.95742248772424
72.83724689242278
70.0441488733952
68.36453648147032
68.46134971672743
73.49020663524676
80.94870424774838
92.63575655190179
99.53610611454641
109.39925138275964
118.03421316333612
126.64355796603088
141.12637523953484
151.86427426734852
159.8513127806021
161.3048852459243
162.15180320509924
152.59274714880203
139.59805476799266
120.18784507796305
106.10557162614205
90.17846262739108
78.2226685656665
65.90717333339191
47.00354491511753
33.45384942639441
21.94169136423416
19.03785016584251
19.156117255037397
24.85839286444692
34.293227587648566
45.53623244697843
54.61617193321084
64.33378554202858
69.65331027348327
76.69730682744519
85.76557268039313
92.6850660817218
98.41878035732354
99.29346900646688
98.1003416813744
96.13679032063285
90.2850608237545
80.78838605004104
75.34508334445123
69.83206293465241
63.550005904710254
56.950334039030665
45.94359490814638
39.52702350042684
32.379116654986504
30.571712926078007
30.15752731582492
40.381505915583794
55.832856611340155
78.99164992085944
93.65886564441537
112.31317373162594
127.8188891666417
143.25889978491583
166.9342454960832
184.2808535128978
196.82894629292133
201.20666773309097
200.48292493435005
194.52345228723058
185.91959465272623
173.64375420567018
164.85772702881115
154.13425928411897
150.33058049734458
147.14771036305328
145.12340546951185
142.7096539790727
137.93255670147803
136.03105863460922
132.82381502521176
124.21517212959839
115.19587221669876
101.80729857774512
89.72785314626141
76.61366338959733
64.71678870595022
49.92495056695185
28.397333937198617
15.356833333306911
3.456761161236973
0.8688683365869917
0.5545515471370045
3.451420245828233
7.585060749036537
12.431526471400964
16.97129866019814
19.867347871236163
21.374467265440142
20.182351505137635
21.29466560790194
20.299855202313775
20.95073312423336
20.4908220398819
19.67318574991761
20.876445588660523
20.80742515854885
21.36820712951293
22.697341292032444
22.23318009375536
23.61233641596518
24.671547493456252
24.736739778176517
24.446957896883863
25.39100711150621
25.908181385401637
25.299390901225756
25.888889713673475
25.972256295139744
24.213852157390274
25.135677608567033
