7
1
e
123.23459761680168
122.84331592857163
122.70349054002352
122.69391179846869
123.59807488257391
123.61629338355766
123.82104586656959
123.27987708123587
118.97772687814084
114.20153301740393
106.53083779487265
101.1344806812895
94.60548019221133
87.55181668031513
81.09511772821836
72.21907389700947
64.67788364085288
59.7001219732981
56.9209068596285
57.94835981475799
60.536012289339745
62.471139430675265
65.94430133158917
68.62074796945004
73.0775669506601
73.03012039605716
73.82854254430411
75.17629963550782
76.7214637440152
76.29505949361577
76.91237815159046
77.2353830916746
77.57311386102897
78.09560927067001
77.57177279573246
78.12385686153885
78.71468340952316
79.58777301993905
78.3769525558883
80.21569539278374
80.44186156621122
80.76226151767582
80.26952207733909
80.35454143172711
80.55273667171481
80.20245197859366
80.01605325562149
79.99303278642348
79.4145457019482
80.36876298816246
80.44802270664789
80.1382230976155
78.8786469736599
80.35212177709026
79.86421933960793
79.45945122019084
80.07552236568422
79.32572546810708
79.46225464013493
79.97027817339946
80.25625803008049
79.13337700567827
78.25123863470603
78.805052171771
79.28398950694047
78.477846405651
78.27837450764736
78.65765107930225
78.91821945614754
81.23937918883311
84.63528436448586
87.23508759647831
88.74576832943276
93.11750004696748
97.77192822316798
101.24174632556975
101.77375960289997
100.91571522871877
101.59186181021624
101.25572045883973
101.79047691372757
101.36570413201841
102.17079113556088
101.65896366339851
101.57163950007006
102.67562689590211
102.19597743889047
101.62076070891743
101.78951230436427
102.13746370446373
102.96496842496136
102.27097607420232
103.85632982651742
106.38756766316361
112.4732683047349
119.98278981197693
127.30627443532366
133.82278350645427
140.0408454047263
148.7217030075695
154.48826304436813
159.79925833361955
160.13835202583806
159.7644862703554
158.56516399927284
157.634077174135
155.3126874861827
153.65509728495027
151.67050452347087
151.55757788722826
152.47022704339687
152.4096029608208
153.2882271319019
153.52475048449742
154.12701038798517
153.91632662772807
152.46729121591284
150.54875921695225
147.9310797106518
145.33010801674118
142.96043668361017
142.48510541368097
139.5402680412967
137.06816007936712
134.7224320888583
133.4140875813569
133.73554978968042
132.63513861369728
133.62147931625537
134.13292220212332
134.81658464043252
135.4666294919109
135.91127906266374
135.787872926548
135.87483774600412
134.77654997008202
134.8074549498015
135.3958782498805
133.38444218999942
133.89465454859547
135.30132478427592
139.27943950924725
141.46897251371718
143.65918113221358
147.69631389705367
150.96421879041873
154.88030470831401
159.3000938704969
162.72998985841025
165.42340119486437
166.37951637596586
166.58248501931217
164.19901813553653
161.3024905320566
157.65015480335362
153.1871180463528
149.80128640938102
147.6380369207593
144.6669313913886
141.1125890611461
137.92542962628545
133.93947740076655
134.64361492601097
135.0461364889498
135.46297888952705
139.5026402328276
144.44575489296076
148.12945769602013
151.43748316153042
155.38760791458628
156.2269108649394
160.13029782833993
161.90845227040458
163.96441327887956
165.17566811665046
166.57282760093867
168.92645063791733
170.45912136767598
173.26054014061665
175.30577149605753
177.09481137754673
181.97801540500393
184.82440333027853
189.96752288044055
194.56972545854762
197.39329912932996
198.25506519385843
198.32924121154898
196.29766092390193
194.96001001452578
192.06893144050895
190.30710824620206
187.90460414557887
187.85478735190614
187.14333892498777
183.60411739055985
181.36367941706555
180.2538283393515
180.38250112634975
180.97473146364726
182.37039319815267
184.3218550724781
188.93473019310062
190.5484385233334
193.61902391935885
195.8298120185514
198.6169789909592
202.44756499709737
205.510923913964
207.87021210233837
208.04275957279003
207.05798014346212
207.03690216108865
205.85446090221595
204.7737176373429
203.6482650652845
202.70046466510374
201.98833354486285
201.39717646951127
201.6351015439508
201.44499685215723
200.44357981286862
200.67120448444484
200.14482494653114
199.05127838505766
198.95681755312046
194.33662921438093
191.3457499005433
188.2339986220112
183.59786809822958
181.12306888905806
175.8889606810091
174.5870748122195
173.89190799070664
174.4168970304192
173.39973184541813
172.4430369013796
172.8202453685295
173.31211861788074
172.46962807213154
172.67267794349135
171.41074210647267
170.27018088104057
168.66693488721936
167.81478213083207
167.62774789048498
167.81090881430686
167.44642315761533
166.3891250731405
165.95695184363092
166.11898374292795
163.97106855167436
164.6585875671124
162.41144954059646
161.92460241256757
160.69397458303555
158.43417217845735
158.67792492243083
158.43836771214626
158.39492217444428
159.39985767018854
159.8853379370212
159.38417554604732
159.46130390845101
159.61861548583644
159.24157578601267
160.36702024369936
160.5387474858364
161.42175531795084
161.78046462222213
162.63320412501588
162.6516484502351
160.46160014157687
158.56750264963443
154.84520363395575
151.44439665750508
148.22552749729826
144.8391998806172
141.69890831301367
137.90753042782063
135.75150357119554
133.81586463342688
133.5996759053097
132.8815280850206
133.06876653698183
132.92726141828447
132.4272784351578
133.25228107446304
