5
6
d
256.72372686017627
256.51947459430096
256.73891522615764
256.5742470204056
256.39995951648996
256.6628651374736
257.56962253305454
256.8144482155208
251.82629892637732
246.0251755831974
237.05045128186086
230.2181607079907
223.3518619286408
213.59667548142357
206.82805018543695
196.56970658854522
190.98107019144996
188.48922567719998
186.97257069804053
186.10571130038716
184.23887407537595
183.71490427074727
180.8735974390595
181.31047222223998
179.2225650081686
177.01992891396048
173.96190235737467
170.64169447321063
168.97097954086325
165.41953372760827
165.35186609794096
162.99866793010125
161.45189401108783
159.2700325215324
158.30318606696568
154.78181735345456
152.17672321010104
150.1392499157923
145.65309463702448
141.32344548137763
137.9175729547544
135.63036166005165
133.5509308643959
133.49122435660263
135.2975469375939
137.23325194013927
138.621242822311
140.3609624128879
142.76609326379327
143.6328681561061
144.02429024985176
145.3591882270018
145.3618494493849
145.633026773159
146.04883584920967
146.61951466071383
147.41794878753382
149.93326671661083
150.16254588938727
152.30807376750874
152.27101175373937
153.28685524261627
155.23824971130227
156.56712867171774
156.9749654826848
157.01828839488286
159.91411980263382
159.67254650707423
163.45240587676327
164.5229814341101
166.80311377668923
170.31524655720506
172.62622005041547
175.96272226118268
177.60319943113572
181.05761432459835
182.4393646831315
184.75259552456404
186.44947463514674
186.56013316601235
190.5027123417259
196.68187537907576
200.16830253077987
204.0057483271035
208.60552432269085
215.54532871659768
218.10390136518657
224.07699818561946
228.60001185847855
233.60505823758436
235.11005916882547
237.6668498363542
241.6075784116399
245.1850306668522
250.47342823039517
255.74670386574556
259.91208588525507
266.83065087269915
272.38449831391705
278.49583025945594
283.9711504743241
288.99441275703225
289.66710501266687
292.41757900246387
294.5150829109566
297.8408978649456
299.737467995237
303.02106695048514
305.75515971181005
311.8035690087668
317.9697594876621
326.045403242916
328.4709799133689
329.1698417113935
329.3788396305542
330.47749872312255
329.81721817373534
331.19833070592676
331.99648744878124
331.5671076546314
332.40904940284037
333.7488061770515
336.3541588124025
339.63490365047016
341.10593392558957
341.8811250896256
342.29505516083356
342.43788243770996
341.9329394936192
339.48057739749873
338.1615661574921
336.88937822109534
336.00259808528745
335.0093654519876
332.72087153134123
333.1328673524536
330.3448311919504
329.28841962626586
329.27692754007165
328.3674332633945
330.33519549790185
334.7157486539672
337.1892666590966
340.33158907139443
343.14608270016026
345.32584884120575
347.34660046411227
351.13505664182
353.3867610485202
355.41835911586486
355.1472348453261
355.8189496383821
355.4216209252316
356.5838011164621
354.3668074942656
352.3086198425865
352.69436693817994
353.0457336954306
352.5528273840561
352.8412773428498
353.82782228378454
352.8196330052064
352.37107108531256
352.06449681410277
353.2185816156114
351.4536283309559
351.1735654356241
350.23248218242134
349.415193278232
348.71484166742766
347.8561977822483
348.78591239228876
347.06764640676937
345.4901972623009
345.1607726889785
346.3114757048558
344.70758064716983
344.84803152371705
341.3621094127674
341.4858047200054
338.8729752002484
337.4280555952707
335.2784185061453
333.24758864488706
332.0157648567979
330.7082618688568
332.1428542686011
331.4548883572321
330.71225785284764
329.1105509223042
329.96563010679296
329.31706312443066
329.08254213409174
328.45829232727186
328.6413656948244
327.43205251769007
326.4374085355293
325.6533720622523
325.6953357654704
324.9150150570608
325.08285602891635
324.98005578931776
322.6746154883732
324.2964574944005
323.9245280348818
321.010393004466
320.1933148866752
318.86201673543576
317.87167540218184
317.4340040220114
318.1566737834271
318.20939843055544
318.677572177146
318.59351773707
319.96166760328845
321.72784276914496
322.3339323004163
323.1669165154193
323.45718824702703
325.0452921614499
325.6926949956759
326.7886479147843
326.6199953510666
327.3627937935028
327.2136164330639
326.52885052560816
326.12149813379426
326.2817861393371
326.2048933380724
325.47443875749576
325.5565035936862
324.7525597880876
323.5315421341673
322.9263297441662
323.39507704008156
323.03824822187835
326.08302893822406
327.9843656886386
332.4123400598683
335.29431007683775
338.65865891492234
343.6318504775062
348.44866271628064
353.22056103779863
353.7416232666065
354.58324688430673
355.8342204793207
355.81538857827724
355.82697113712743
355.29442736671905
355.4786538909418
356.23561945590836
356.0788664994692
357.10623083920024
357.6564553457871
358.006416435286
360.4024799823157
360.9497775676291
361.2223267646892
361.71885195026334
360.7708921809535
358.5329935465643
356.5414443820411
354.8950274344786
352.1110328022689
351.1301260281401
350.9637518329918
350.18481661619734
348.8134648111124
346.69759833884
347.10184407284345
346.6399090096511
342.63806631776157
340.29890956606135
335.18588147233845
330.26608628017095
326.5534227315382
320.27126744244066
316.04233026133875
310.2791954893699
305.4882478937292
302.498143712778
300.6550299396649
301.1443121528454
301.41560348948144
301.3175453482954
300.6105979348847
301.4432060473045
