9
6
a
226.90268985701644
227.61063266538412
226.4931209601937
227.2344335893698
227.62873710547353
228.4367317541839
227.69950648336402
227.29780118017044
223.44501459606394
217.94240961817655
211.42754206336895
205.53512064642746
199.30989727407035
188.62568887256396
182.45920932507593
173.86090847714632
169.29519672363787
166.17648771668604
167.03023758280116
164.5137626844368
163.98500904229834
162.49076772458127
162.38424020619323
160.951991669615
160.05646008998792
156.90116112087935
153.99244023418737
150.92357619766543
149.0498427489653
146.6515543826627
145.1374803289067
144.48712995745694
143.06544609508
140.789855383877
139.58569611985774
137.0067580135686
135.69651519056822
132.5016144924841
129.53240148397506
125.56906870599175
122.72927051457322
118.81623125374877
119.6231860602686
118.86067396691378
120.80068068364558
121.78985971418946
123.66675742824218
124.83497926549981
126.82690282329068
127.55473697793292
127.28379502209081
127.91510459898646
128.3016402568792
130.6769098710362
130.04363163099683
130.87821622820243
131.30991002558008
132.04989225661797
133.45348571034862
135.0990022092696
135.51376931539247
137.8467292660784
137.73709590729226
138.23630109218252
138.9788633698044
140.07386405471698
141.48070705088605
141.96331660591198
143.89667792884833
146.01644671992022
148.21768781051335
150.0624302874964
152.85654832575264
156.26577802058813
157.03276776279182
159.59702051872048
161.52292136347756
164.43978102318337
165.10567072894972
166.56188142769332
170.5533615710325
174.34508929270726
177.4767060508465
181.7739453866447
185.05540234986222
190.2993025762991
194.78309656619012
198.89279571702195
202.91374747162476
206.54930860870152
209.38029763624024
210.75327638794138
214.91629727984923
217.95978687169486
222.54117796733132
226.28155337587782
230.15669295117934
235.21118954485166
241.47398440356588
247.444643510521
251.70670397324852
255.95729826564852
257.3384866723314
259.96537591860044
261.0736022094096
262.56087262116705
266.0546645778376
267.3349184579671
271.0434204335598
276.6315258547197
282.1936157522678
287.6631361581693
290.0379921159145
292.48294795668534
292.0224264902206
292.26128722111577
294.31516557150195
293.72053501246404
293.56369002505545
294.4793180232713
294.8542292255937
297.1688858681712
297.9719530313945
300.6586682634121
301.1294593375354
302.69989582629523
302.61542401386725
303.93757334353666
303.5041513549649
301.9210116487836
300.43683432101807
299.4518166963693
297.5978688238934
297.1075733074144
296.2415787415752
293.81937504385513
293.42175039410523
292.89182659905543
292.9485801799528
292.12967415691105
293.17999875606966
296.0360478621912
299.29332396326333
301.2841117154083
303.0127623276552
305.72887257166377
308.9226181254965
311.7263820653007
313.93706838296157
314.68438608825744
315.7235996119922
316.54880855848853
315.9582027449019
314.2966946705233
314.66278971547837
312.7269907379702
311.48400461886524
313.3144099365468
313.6666830479555
313.0388090219627
313.4993623492049
313.71730795695396
313.32242510808805
313.2350604509151
311.75653489558874
311.9108980665803
312.1750595831823
312.076110283473
309.9506358881388
309.4085120535182
309.3210213768924
307.9628886800804
307.24232583750904
306.84438528001516
306.1319927637507
306.3931722375125
305.3817049647455
304.31120780223125
303.5855251987152
301.7750843894733
301.74704857575415
299.07123869425396
298.5090417583332
294.8536218325787
294.6966421254737
294.35033014216987
293.95896489743745
293.2715538327287
293.1523496564569
292.3228138736362
291.26071358864675
292.78891526315687
292.479249011497
292.0824771315047
290.87561061013605
290.27467148263787
288.72569345684093
288.93550583524154
288.90545564960854
288.2875738670179
287.21050792636083
287.18390411107725
287.2089835174966
285.74398146126435
285.36196586670894
285.20352945987133
285.3234906326668
282.40441813202284
282.2819759432877
281.77314993262456
281.4221876178497
282.84055769858793
281.44589919411715
283.1582673567812
284.19249678238515
285.4238980041359
286.71108569507527
286.5193411047379
287.41108809381745
288.5701403265135
290.2861167613062
290.21574512798304
290.6078870490056
289.88350047757314
290.0243928714515
288.79878655130665
289.54096639466894
289.2622034156684
289.5082546752457
289.24198498709757
288.4412565265332
287.64214311158645
287.4940999875032
286.8296781861177
286.6848902422036
286.73693363533994
288.17632925587816
290.73658202315863
296.42502912119346
298.3598774668966
300.88586728587836
304.0950086968881
307.85504162369153
313.2460445323033
314.27446532886296
314.37364999494764
315.3354253479055
316.0038090056175
314.24860867288777
315.61182906398415
315.36652943825254
314.9348581765702
315.06246054032914
316.8074550773597
316.9848118698377
318.89657409505577
320.2713839290961
321.47586145676416
320.300497501162
320.67496941432694
320.3295600306948
317.70525902058307
315.56312727662765
314.6077410170043
312.6558806020629
311.7192331585753
310.78520078235414
310.2197098264278
309.50013798239286
309.31737065682387
307.2750265941069
306.33967395511684
303.62998903213764
302.39246083904015
297.1936485657645
292.8330824995741
289.4505789984435
283.5742120010956
280.6012899256349
274.96483895456015
271.02699394810315
268.34391489761333
267.0291074904033
266.25649260843977
266.7483709155529
267.1668148721028
267.56701148385577
266.5274347651435
