1
9
c
159.0421351844776
158.01685099940687
158.43683796168625
158.2460780168258
158.19517754723915
158.22016711149308
158.95321279777212
158.67718585776345
153.24244096831
145.1036097195707
133.59763319677032
126.66587463288563
117.86453867296
107.65416929939653
97.2607134207174
85.47816790802882
75.11919289623538
67.2232515101608
64.71179672160731
65.90943905952655
68.50354951682306
71.05591491605917
74.41383052021342
78.89076412319592
83.00931715382642
82.85353133737077
83.53171635094986
83.084485760799
83.42806698044626
83.41388254268037
83.93357718228567
85.57536607943892
85.82284436677988
87.67936700628512
88.49168492075603
88.97763790305876
90.80959303399531
90.79736474832917
92.30989686427874
94.65745168838511
96.66664918564582
97.19006781969237
98.19274724439252
97.02311733430832
96.32521643008923
97.02104253868701
95.04776951591164
94.79287994172314
92.5401457767452
91.83685713151773
92.0729811050363
90.97985762744248
90.10276991250308
90.07268967571211
89.20779003697183
89.30759740935375
89.41199914057997
88.70911430096487
87.87387972181982
87.3515184153996
86.88369439047001
86.11976135696888
85.01537940494971
82.42184869852119
80.51707969829909
79.97887754174788
78.76232322625894
78.48748102030953
81.80604711111694
88.36804914716338
97.70096747995315
103.72695796156609
110.66336707171187
117.57548167593973
121.28791515360355
127.30050111269297
131.53693780284175
136.27512464940955
139.70777683228292
142.63682664365416
148.8847224461372
153.47842890511333
161.3335818114889
167.22100966850837
174.16710832458028
183.86020359337826
192.71795806401823
206.58082214067832
216.80704104988217
223.80486529642343
226.40552157122397
225.73285309577025
224.09322612751754
220.96556036863353
216.3418315658818
213.54007351830606
209.47551034743913
209.0495997219947
208.6598326465209
209.64640567447609
209.34154451696142
209.62543193471754
209.03593772799692
208.42911063788935
206.5807500258801
204.12584770743612
196.34858671966958
188.91300806011552
177.44111654987967
169.80690128762075
163.41214908155652
152.6412005504709
144.4357768735241
138.60901672583404
136.7001717303711
137.71371371046385
140.34506344643472
142.24225633222483
146.4981789598348
150.28134078236653
153.74986334443653
155.7026083891357
156.8850581517941
159.01875802934327
159.64249675972994
160.27835139207573
160.8071685636882
159.83353185457491
159.52727187735692
161.1442265283275
160.70503662107458
161.75143587875746
162.35540736591932
162.29650292867078
162.81785059898897
162.56729676833748
161.7068342084811
162.24107145037226
162.59572504093123
164.0222901773139
165.3362981000989
166.41876267675667
171.7927541570122
175.00213880842108
180.56010666760375
183.84503159594618
187.84739992131338
194.2130796544257
198.26863404201177
201.01317921631073
202.01944108834192
201.67277905530193
201.5703646832309
199.76490682833702
198.01577183272448
196.74410012886273
195.56025180941
195.68855998110809
194.42351102031162
194.82045725528866
193.4070762031006
192.12819761457214
191.68465066365704
192.47746420179774
195.71107111543574
200.4958716531332
208.21658968793648
212.10020594683928
220.7322029183973
226.9383713373691
230.7235454501027
239.93278974640475
246.62926409768505
251.44478935996318
253.21686205358083
252.34309212181856
250.76230008539918
249.36727672958884
246.20348214211182
243.5151758040985
241.32916855269778
241.12964094644124
240.69181859239737
240.5604088924127
239.41001659154028
238.7949585525013
238.7517450785351
238.15383400093765
237.08921134196885
236.17516506853002
235.76009196483173
235.26497481470065
233.33486928367623
232.67288092411033
231.55175301940554
231.85120978224975
229.87125269181237
229.3527694790779
228.49116728143466
227.65955067274902
225.63915979171534
223.27768739006504
219.5543037496538
217.9794033881559
214.74917677564326
210.7335545960032
206.69277452011193
201.0351853020534
197.28554354572992
193.3781047878888
191.38227558141196
192.42439917910633
196.06139884254623
203.6625953828396
211.41671699180282
216.68454936191628
225.70263758705684
231.4071360044901
237.90720035963287
247.67761015929815
254.45315244229252
258.7761993581464
260.753556914071
260.0557704762974
257.67706697446414
251.7230929946175
244.80400075784038
239.28610044244292
231.73569387337474
229.3964774139756
226.8822325196231
221.61719817555962
218.39306318781433
215.97100446526642
214.00588095469274
213.82455967114876
211.17885745147723
210.53893357043228
208.45955977973915
206.81010535460632
203.83847429474596
200.15950606102902
197.1250570446025
193.88869119699257
190.8769916267902
189.00703589612147
188.3334614106718
188.50113009450013
186.1881218948262
185.24752195412134
185.2113367541456
184.23274538113643
182.69212947389127
181.13113883071594
178.6620532244648
175.4138481557586
171.64047168288994
170.26757141357868
168.256184945266
169.06798092521962
171.89831089595458
175.91086228990935
181.7400784306887
185.3439912900548
191.0864174899459
193.56919770609295
200.1160960541054
206.91505464092933
211.75864265026166
215.2044060317499
215.73891917835022
216.15543831979136
212.49252549661557
206.723820355366
197.6497206051691
192.25115555089158
185.8653059214098
178.90891907549658
175.85322395864813
168.1617826898309
164.21144337663668
159.54982225800168
159.10947117645168
159.27184655945032
158.90533793149362
159.39910821546962
159.32722648386917
159.38878985427047
