0
11
e
6.622157746888472
6.726942768079318
7.355245992870817
6.3748693943650965
7.12823481051048
7.363512185666667
7.564062019125611
6.096513503356359
6.698295359425482
5.876566343852671
5.015456228099212
5.202122439242315
2.6252695416086063
2.6786323414850015
1.0313349036368058
0.49747723271183303
0.0
0.0
0.36832580974875495
0.0
0.3367649976845284
1.5309302055827363
4.60165289043694
6.861579687711282
9.266041856112377
12.622959487632054
14.625130023192341
18.924369144425025
21.174834297179697
23.948379075839213
23.77212079479257
23.768477281785064
22.27517763147511
19.708426548228758
16.786823831516124
12.62998452002659
9.429087144091966
6.802480415692022
5.544071075184616
1.6421053846417601
0.8569226496963791
0.44231846521107915
0.0
0.6775137904337446
0.13669592416468251
0.0
0.9362899012130925
0.0
1.2877188659294703
1.9761240265384519
3.09092358517651
2.6420288768155724
1.5427038365060746
2.2217876590529704
2.7459960095466065
2.7403011251149367
3.4022313990090423
4.251214758355728
8.43227199041952
9.857209656143903
13.344708328492793
14.091003238074503
15.875429248315283
17.043093990163968
18.532268500493224
19.962303332717045
20.69281068341822
23.251575386423667
26.5702512076538
30.022439702004828
37.6714089583075
43.879359883158834
51.040804774427784
57.94676276651168
66.22191483117145
78.96633110956819
87.57750963632405
94.02074682870933
96.31797309543866
97.34089149233989
90.65236520976666
80.96316887679225
69.35725958190908
59.984517048812
50.49478287727231
42.06653647239882
34.230049624655
24.46125170007432
14.982651538818581
8.755633036139846
6.422193688193263
6.787402392084579
9.494980674621809
13.116473156872551
18.669705059925924
22.413779363167244
26.372791516541604
29.72241672259457
31.440682403889426
33.452063156785655
35.646486107679685
37.916536988150625
37.72969167444091
38.758218023651864
37.02991993394229
36.8438549762396
37.03255827910488
36.4433825910492
34.796807171904774
34.518933561952224
33.394007633068895
31.627764364629225
29.65631024733196
27.60925131719502
25.655066037734827
24.752628189374995
31.943639241103597
43.343548249931104
58.97751369852052
70.1662983020578
82.78490403265423
100.25160247126715
109.9638879959672
127.75473994817668
134.80031532283425
139.428342892229
140.63930441227413
141.93210062177485
143.84485776870113
144.11940528926837
146.1264312311431
146.90580590009918
148.7851925759406
153.12666804169672
158.5151067394426
166.17671383545888
172.32170778371437
177.23230982928345
178.1923086251068
178.05679249345616
172.806960018129
166.44580294572603
155.00215024486403
147.30069753870777
137.82253894475977
129.168539907378
123.17045613333097
113.78068741191775
106.71846873209017
104.60345261716968
102.96264075497503
102.25692919269643
100.3694669787753
98.60019181992043
97.78250432377308
97.20721963587388
94.64634551922833
90.4115290055984
87.25082392048603
82.84121075107709
79.44736392011009
78.55806433375135
77.28724388806067
76.36700292201265
74.40548884537294
74.72785951690707
71.98439721396859
71.87319762871476
69.92751129970522
68.28012788937961
65.0844737943723
59.825699087937295
55.67310510662566
53.193944278985136
52.94917060576719
52.23299323533864
56.981979476947565
63.70361818123595
71.50460315217373
77.44836575330991
84.64893485956568
91.42893275591571
96.91114235611238
108.01143433885781
118.00012717804147
124.56378348955745
124.09971230476232
124.62685110818859
117.41748606687946
107.33464797856662
91.89502185928255
81.79464152669746
71.1174830160464
61.10348119573416
52.106874397762326
35.89155146474052
25.12494275182648
17.06118520058348
15.61710100916221
15.33050892006714
19.56325021499147
25.641148812932922
35.190072411006845
41.833204385524006
49.68234128530425
53.537491261861625
58.73253771653803
65.26956444976827
71.38398276630433
76.13903693895658
77.00652914611062
76.39420291419698
73.37807648204803
69.34925648383596
62.44905626931148
57.83364410560783
53.07868616704089
48.64874282087438
44.36824408537594
36.78418092440403
30.52403341999572
24.832796076609714
22.946444507476716
24.58636266241309
31.671521303785482
42.55348081077919
60.448088761604346
72.02891830975416
86.82576824928684
99.61178379859055
109.23926463353568
129.22319462091983
141.54945576261107
151.8534078603446
154.59182373086225
154.6458074863016
150.12914519014734
143.0176059581225
134.62528144719462
125.72798854343065
117.41071920721254
115.37882313072154
114.10048949170962
112.4767293505732
109.05710664357348
106.8515369244672
104.53715701832081
101.92924397171755
96.12844751174777
89.44046413487709
78.63435973872714
68.92850942709256
59.357067612502725
48.16917494109503
38.766737302530814
23.31911485984675
11.374031886954436
3.520359280311077
0.2520944839966396
1.016874373155301
3.400048778649907
6.104329602187092
9.212823438735992
12.559318372294609
15.757138378096206
15.899584699243151
16.475658378280674
15.391910429868252
15.26299276822888
16.03014399613485
15.934294274393762
15.934969108043996
16.35064174121807
16.927801761648574
16.848631152820182
16.977236071267676
17.76466824193321
17.87790717915853
17.696454342612896
18.71900699767149
18.71162707957063
19.280345579213563
19.892452488185288
20.43999329458656
20.360429073310616
19.17287506949344
18.749891154074035
20.068687395131903
