2
9
d
167.8533736492248
166.8961063655677
167.0359096827992
167.72580952123405
168.20529660912447
166.65096518789645
168.0645106053962
166.61984515404242
164.69541900933393
160.76674441611254
155.55393767258857
151.36554872326647
146.8938688830935
139.05823756995434
134.49323453104185
128.89433710850886
124.64196750627087
123.09039043994147
123.16928576959042
122.41457637832225
120.33139587143603
119.99599915054341
119.552455742313
118.29906282466332
117.8861895006131
115.190898531364
114.08482007214452
110.66636288635316
110.72869457420606
108.07528501811258
107.0667853218224
107.05102168342017
105.19869825570822
104.66735955869639
102.72689971654853
101.86791519227478
100.03557324600096
97.99053611383063
95.61311393029675
92.87008645060975
90.87573259783025
88.95097113227824
87.20275888992813
87.59836207545683
87.67259406653238
90.08222123749063
91.22262834673903
92.56004085149301
93.61350129946022
93.90063837792509
94.24742401868902
94.45570907149357
95.95154438974279
95.25155941560011
95.94187727147194
95.81246682255441
96.2964203757006
97.49174085941117
98.18453280066257
99.25060176522777
99.77790358798376
100.9014264659691
101.17007519329015
101.75568231980667
102.8118114513201
103.96970622719061
104.86646352468861
104.65475226908153
106.27275897318708
107.33638814502558
109.22426515768959
110.5817333804436
112.53809813987107
115.43604105596458
115.84794607664917
116.85796578333046
118.87326802433333
120.78998828759067
122.61369830840398
122.49439339204851
124.94863398335916
127.83982252955069
131.23743268817145
133.2948132987336
136.47293734481488
141.5107300372993
142.86631573061484
147.0215112999991
149.7078094198122
152.3166194175091
154.2881586808813
154.8936665582515
157.48019473748667
160.53864611306852
163.75066881643357
166.2176962321624
170.04276163813182
174.34652400648383
178.58349550011798
182.46708086647183
186.608069089797
188.864574588478
189.81491700428964
191.66518992501548
192.65418778245476
194.0054546251166
196.05593921900663
197.58232728136974
200.03570054161864
204.6259921416355
207.581833178441
212.3668288418881
215.14507595235474
215.0298556586995
215.79727809591745
216.01847200166785
217.1013350065141
216.40486698821647
216.74859527722927
216.27807189273526
216.8237058878793
217.69476858916542
219.90138826788584
221.52914587019143
223.1198813785965
223.75347108984639
224.10178139634198
223.7280664956198
224.48951059817205
222.87566727711518
222.36829236217642
220.52138146235035
219.59524419620797
218.9558623734893
217.7074329133194
217.00462243537822
216.49667487878358
215.5505232745248
214.81200355008917
215.77482346870042
217.08830539560378
217.5968603561029
221.05318964958118
222.18306359833807
224.25724741413325
225.63927403971414
226.51606414844346
230.24632955715333
231.88368890588467
233.22177457671694
232.9124724494913
232.33131286413845
232.6874215623889
232.01998738511674
231.7965014613533
230.34309398959803
230.43293355304496
230.3619750100925
229.81887186392183
230.09940460970523
231.04912364301077
229.9454513268383
231.24137408838834
230.60410891521406
230.40617148560125
229.52985333511972
229.71858195430397
228.1295458306617
228.97063770177843
228.19644180386396
227.49296571951743
226.97003408269802
226.4270447945337
225.88318090877573
226.56293413256728
224.97879393990831
225.67002211818502
224.66140011784375
222.7816171779638
223.03057805526475
222.38503228149395
220.72541327676387
219.5013892247979
217.77392170897573
217.0400386438404
217.19509470039137
217.11335363613705
216.49044055782963
216.33203842861445
216.63695566862694
215.7524716336605
216.09463234091558
215.5593361873747
214.5139915119172
214.37070511679394
214.53974678782453
213.44552565326708
213.27580521466462
213.17884037802207
212.83532149144443
212.7380026764542
211.7742094205287
211.1555633775192
211.62304504868905
210.7423768291583
210.7312153736453
209.64371166228153
208.5943027066698
208.65957933196216
207.26579044628073
207.5431198428712
207.62253565554914
208.50452088312016
208.2780481880051
210.05857141592872
210.66770472134047
211.35279005039249
210.91095710354358
212.48646172994947
212.19270869389936
214.22752491221377
214.7924211927306
213.58094915578894
213.1279906187246
214.15342685672647
212.9004149606963
213.2360264423184
212.97069818834822
212.83336876081893
213.5944882493786
212.62031889960326
213.08641045296295
212.70098560878202
212.06316517337612
210.50795102009852
210.50807069320498
213.76824164686232
214.61180371191315
217.7185376682294
219.58775506281057
221.86695889671407
225.21030636084285
227.75219677281137
231.0008297954311
231.76228236257785
231.76595686857826
232.38253152743877
232.81526660011224
232.6474329245138
232.6164500097439
232.96976614274953
233.3788992759352
233.58415942354878
233.33881209249913
234.01679902603848
235.03567513687565
235.98602613487805
235.90010796590803
236.99612994181578
236.17060927414235
235.90802882172184
235.22440572709107
232.28068629502846
232.07908372091984
230.38954809458738
228.9331630781155
229.23205889107408
228.22251811475246
228.3753282004061
226.73968414645478
226.6950888926668
225.6490737730641
224.51799325246566
221.7153654325172
219.0437704041795
216.51068407067396
213.30754828926948
210.38754909993023
206.78444077177622
202.6221900604358
198.67033478919942
197.59266809495477
196.65423527140987
196.61471171220202
195.96266411703127
197.09638002177067
197.02038036433532
196.68311138820113
