3
8
c
60.50060897407188
60.6096724029702
61.34249840358471
60.843658155447734
60.72451727142873
60.94540402396476
59.94257645644255
59.949065461556486
60.63865268774073
59.07426137159349
58.53117781490845
56.790605193631556
55.81025082016432
56.4643022014695
54.58679411476628
53.0878771164016
52.07888671954359
51.6379689785435
51.7754613010797
51.875689930815284
51.88220034454414
52.5853166837081
54.337608170275054
54.5916818237098
56.340020057078156
58.1752489329794
58.78195911702037
60.042721513901135
62.62690568511484
64.0103557347497
64.19889578996663
64.12380569404543
61.4556328802388
58.41613034248303
51.469382309730904
47.56927345800715
44.04893663969762
38.64028075791465
34.399159014723395
29.013424758164653
23.513307151707625
19.983891695296684
19.641612051345717
19.25386460534058
20.723318115394946
23.886436428847308
27.13072434437948
30.18134375166381
33.31232148966805
34.33674622921689
34.27312271560977
34.40491789934215
34.7348836822237
36.35232129763071
36.88318210322655
38.32794352445013
41.86222245339905
46.34894451727262
57.669362923425325
67.00367354273334
80.2160324761233
89.29185894597137
98.28415573965442
113.62493572546029
122.8721461644674
131.8808960920953
133.31681870228456
133.478155569419
131.64364660767737
129.31182855937053
126.38699082131052
122.03585121576536
119.64209788804952
119.35877792543852
118.34703623755506
117.46406978312687
116.18171225165925
114.27942335864667
114.49554678882463
114.52884550477994
118.51808170549663
124.46866950754632
133.01798718067263
139.57145576690021
146.86623509638184
153.10008231446085
158.57125941429646
164.024566558814
170.63357954692967
175.11318619778075
177.53624654238374
178.17217253171373
181.1698772500831
185.17217811350943
189.03514841149314
192.00376382953678
195.94842380878885
202.88148143921956
208.7353175948419
219.20293953953464
228.06166405649748
232.3913637221827
234.8615043258134
234.70380788471954
228.37751777211915
219.21423268389728
206.6432450301894
197.37542309157627
187.32176744170567
177.606736447263
168.78670662061293
155.2118846076852
145.15942497651335
137.09447621279654
135.48924204214407
135.71998911792662
140.37499409832165
149.87640641197947
162.93203477499944
172.37947139324368
183.45894899339163
189.4523988332538
198.14566018563553
208.56516624078105
215.2931588776027
222.48755867704236
223.3873291281831
222.99060256402262
222.686570448339
219.844673918226
217.6658357703037
215.57235340216099
212.13625354236817
213.02957964224225
213.55302926621866
213.3238952834066
213.54648377377706
214.3671547331905
214.34208481102004
214.9263319665498
213.02500180847443
211.40475891768148
209.56692410004501
208.34563216336056
206.49599526753445
204.17561691019532
200.88058083053147
198.34557978895643
193.1760061315992
190.44708953536184
188.7784774708194
188.16597312196805
195.2503891118928
204.61397017950154
218.23447782776918
228.58101854642632
239.16008195422916
250.7991666768059
260.5551237548721
276.67972575870164
289.2891466862617
299.38474724013895
300.5452348249828
302.43297452792
293.81792936734627
281.5711750145979
264.41323636334283
250.62761062276
236.26530065451416
225.15097235702703
215.13302810928315
198.51793882310017
186.38470010277078
178.10065623470462
175.46719928721018
175.74900847819993
179.3167734390347
184.2506313688271
190.02529721294704
196.60557258421008
203.11867900832723
206.06277394442705
207.57670058542027
211.9673154194844
214.88887730782923
216.26108420621256
219.09467128511366
218.69088555981358
216.98357382280636
213.89276083919506
209.82064730521356
205.4944921332632
202.12581343591927
199.73853796049121
194.85929439021186
187.4400076375163
182.06867903785061
176.82094030244156
174.9934129918656
174.85377049983336
184.6989498654848
203.77604695859594
228.2588749771185
245.1274513108199
266.57810040771085
285.19144699103066
304.70625415305955
335.54410832053037
356.7956400125875
375.60340330273897
379.42967716994116
380.115131100854
365.20318536613394
343.7161340850912
312.09306325494714
289.6518281795294
262.868252140821
243.91156889097294
222.2915881216883
191.01605686834833
168.70232208049964
150.0082481752251
145.80834889332837
144.9197563001122
158.91100082143694
180.10654786222318
208.7088129923005
230.31526961952366
255.2844406296898
274.0599159715473
292.0722005866324
320.4099374541723
341.02251677646893
357.9625101686141
361.6649909888433
361.38153069155413
350.5933186129992
333.1780975947488
309.00871490436475
290.4561645443299
269.1045456060528
253.94311003930838
242.2891619918571
227.43980222880077
213.45546584446834
205.83649646988428
202.87958760981223
199.79149661779644
193.67784096929074
188.91721599938415
183.84819710869587
178.21912399874327
172.45976330018703
163.15161802545967
151.9337607725025
137.2309425406216
124.9068824940216
117.47741219481367
114.25850017072248
114.10824016617082
118.8560163722223
126.77952172887139
138.5838776449903
147.28450031286272
156.7833235443302
162.27639479252434
167.64835659231335
177.59754538917383
185.13676740548212
190.10660565523818
191.57137064248903
191.957727224262
187.18803458091176
182.36208613429648
172.7384272148826
166.59786414608186
159.46742471868507
153.86660923913337
149.12576077268022
142.87080827145044
139.48073686715648
136.3370830585129
134.33272732186808
134.7921879635009
134.88376887235125
134.41113076390056
135.1542660139231
134.89335306925574
