8
11
a
159.41237305863876
158.32520929164923
158.37152577154217
158.36134022357393
157.74968565890177
158.02417169389778
159.52650470201186
157.5642315010633
151.18731590211712
142.86334090457675
130.7498152752429
122.20824479247918
111.25450681105222
92.80911795243917
79.94085691200053
64.26934540033547
63.71721719746409
63.54151027845533
62.95872695978862
62.32021639804755
62.551956655210276
62.570434758388544
63.27092259310254
62.46002453271538
62.585831694073875
60.757505645707056
59.31174106261443
57.58080468147311
53.81388938348409
52.54971665133185
54.419877589584864
53.181183538774455
53.304498317407315
54.32714876574332
53.76516943669851
54.094402755198196
56.04698684285079
56.08322425260413
56.24992674276253
56.311157428513155
57.39705851609652
59.28395505559699
58.61619522941794
59.860102960973194
56.372135958861755
53.27885989914537
46.89235076314806
42.98938762769543
38.784932767628554
33.573970850765335
28.742603567926327
22.2228564085999
16.245181615020716
12.11845418477225
10.8559475731708
10.304825583419678
14.847121495569288
20.042296458909863
28.35807302385855
35.1133834119501
41.35916069157136
46.978935503587884
52.11135022513818
58.68998670797771
65.6216940519634
70.25624723328649
70.13719203015056
70.64422988954935
68.40222116715034
67.3706756597899
63.847888214597376
60.991964054767834
58.60032224884227
58.63431001090505
57.66513425089547
55.07650792294317
53.49334028044688
53.25547864705792
53.014241315158905
52.7970431604169
53.72208342432915
55.48123662085077
59.44564965150385
59.83551544105643
61.62697871261127
63.995112592473916
64.64789086225981
66.03130368555604
66.09151892122208
68.11349232059078
68.65909191467625
70.08050396922953
71.69410316291737
74.61466055789121
79.8450634407343
82.08889634676237
86.80130833197457
91.47809706712442
95.32352460077456
103.07149031959118
107.53563547174592
111.66711356494262
111.93813243219924
112.21422074670798
110.39153135067964
107.13094282585939
104.0604021548573
100.58521489352108
97.41385863466554
96.0646179915124
93.80206621688754
91.43495498195713
88.32122412696533
87.63861205861804
86.84785209604205
87.66344650021612
87.49845863038466
88.69590098592029
91.21347052922431
91.82892001776382
93.67263424372199
94.04237625841927
93.16863095118921
94.08317457511023
94.74469169994481
95.14078276609158
95.87023372562352
95.57887189539328
98.05373512151671
100.94757551629249
109.282093206599
116.07186630334637
125.4221715893174
132.75120924507152
139.41965213638233
147.9643100918853
153.75960538520076
156.86293594374598
157.82855855279558
158.97615561216787
160.50457557612938
162.5614486188513
164.02206660422829
164.9499189158154
166.46264798408413
167.91656896640126
169.3444386180987
170.8626604776368
171.48181728588025
173.67448132146072
175.37118848592993
179.33520279364976
186.09944829058432
192.69190670506137
212.8812287399277
228.52382736365152
246.60885001878222
264.3152290460713
281.21064655846965
306.445541305067
325.66426789096147
340.381074259213
343.5846014430811
343.9796959930919
334.5870732394679
321.66937456158104
301.80544526006156
287.3067342257586
270.94241455394314
249.82970758863388
233.13323591874897
219.31926728663205
221.78438895676425
224.89692552650007
224.97705315908308
226.10071532051526
225.68899521927904
225.11405835374103
225.62697570719806
225.18150046254465
225.665750992711
224.23155579879287
222.69368735735978
220.03248346315328
216.99154185845114
215.32615312009926
214.6508819939707
213.86157672950236
218.27145267253553
228.0492795633288
240.06211364661047
246.4571310271812
257.1204047235291
266.1207074348325
272.74368657785004
281.3571840831527
287.5889541649197
294.6949995720393
297.96761783107587
299.73544624127106
304.0783123211378
308.40341356522913
314.2042152366461
317.0855088984138
324.0708773683735
331.69039472258413
340.36677821900054
356.1138350834381
366.2882957214232
374.575419770732
375.9675289616176
377.5662382592656
367.6500769430668
352.00267373830746
329.5033687555789
313.9151179907746
295.36855482516205
279.05561012770954
266.4499512789728
249.40693806530103
237.70957289152935
228.32385364575205
224.7188259415071
222.63247756504418
217.1623661868292
212.80139530691181
208.81637657640022
203.93320762618995
198.26814458127728
187.70803194447188
179.04434923482387
164.73501636921023
155.14756978678352
147.40215590274713
145.7556291199417
146.00248828305195
148.71398095919514
150.8767077658505
155.9510799351858
159.59379742892233
163.33426740312441
164.72102188555445
165.51879658111176
167.86031709099527
169.96385128930424
170.8764134549531
171.29817021868936
171.1912435913691
168.3340836457413
163.2679248888355
158.67914122217513
154.28685485529064
148.97548559771403
144.3892290542346
140.4275208912321
136.00052571755737
132.0844490693833
129.42260725929762
128.09750436584062
128.34763232712893
127.1823606192751
126.10880665968821
123.18869915104504
122.98606658981863
121.24103453884663
118.85853884665889
115.87275268603402
111.02123002335942
107.20495186056324
103.49523544036273
104.18878008978454
104.93572898108937
107.58919218357849
112.53070261375863
118.47280560587423
123.53348672743685
128.71328614758517
133.6332304251439
136.99844585608065
142.7251779264781
146.41226048756923
149.08869942135794
150.11655310005995
150.68285887021256
149.33681822145752
150.339380175173
149.62958311793773
149.54954429750762
