6
4
a
56.17007602067584
56.42352422872521
57.49313336491054
56.40643943808494
56.781146535307876
56.74069437124195
56.79703724986268
56.87732165909613
55.823605087384486
55.43850964963629
54.504101476144946
53.80527542845499
53.50730573730305
53.199785595573054
51.75368167836111
50.49316541288653
48.42150056432505
48.1327679712955
47.79667862417427
48.57566729191768
49.57243102480495
49.77959294941647
51.08532912374535
51.965834568108676
53.05158501033342
54.44732554669134
55.653023003081266
57.41784754468164
58.453348643208884
59.64193742392844
60.56455019004062
60.696047094157976
58.46341363155497
54.446374923716505
48.81702220180624
44.14901742215775
39.927670309938144
36.50880612633188
32.75196837693688
26.984110153934648
21.978111688838062
19.035104408100338
18.301962720426864
18.222475381307763
20.206011429315595
21.630223465922032
25.81566797736466
28.610037344851435
31.52480476335227
31.9832504158919
33.39005098578605
32.85980012771606
33.357809490764595
33.41313655106167
35.615521949254074
36.93475499670849
39.35520497394015
43.07585430477681
53.539044193120816
63.11414401427945
73.82379919345718
84.46735569589237
94.24126548327791
107.1071523608296
116.55135365435503
125.13281818380872
126.14434935795713
125.56546251302285
124.79720249789352
121.06859860045101
118.5959837136805
115.83949778338307
112.5449035260945
113.27726188031261
111.62316593615516
110.01103784826684
109.20686934921837
108.01196982822717
108.42715509612418
108.01025845321271
110.7615437020307
116.64023716945243
125.31171766757723
131.36268452952524
137.62953006717242
143.51946012436457
148.3069041601573
155.31807507344644
159.39995425863916
164.96232351175647
166.64106114697807
168.0450364020402
170.83334790522122
175.13669487732045
177.08903995280465
179.93925519002948
183.11998140138328
189.90789887079532
196.92770162807108
205.26251088865936
212.8068234599774
220.01192078930188
220.7799992947215
220.36410056370087
215.01680814937922
206.62414825841506
194.73933013284952
185.2707274513119
175.5146576059475
166.9330444887796
158.42107113907147
146.0080679892446
136.3989006165266
129.21950433753491
126.87699817519022
126.39574933517453
132.64660312788368
140.34473963288568
152.3385467538433
161.76101975298945
171.8175182556004
178.73125387880302
185.71547929077968
195.8034812248883
202.7568597293707
209.15744469674326
209.68329430223696
209.6479545580521
209.2963005213781
207.10973706535688
204.42231619103077
201.81155793976563
199.43660385142374
200.13744646973265
200.42090983132564
201.38638129620836
200.33448972404997
200.90676289790665
201.1765273293659
201.2131399769908
199.53151950576978
199.97079028816233
196.40521158718212
195.59565897226946
193.75840160188326
192.19680389192695
188.9755191109712
185.1954833772399
181.51775844162762
178.75012658398177
177.79328327749934
176.86462387801282
183.917588899984
192.80156412720046
205.94727467455698
213.7623823242244
225.28650456472323
234.87026369481947
244.39478905345888
259.7761807229328
271.8831470957078
281.2640467732564
284.30626135113386
283.2711489490519
276.1812593825383
264.0380893764942
247.5415989795811
236.5795802833062
222.370922634984
211.7624780002753
201.25538349280404
186.4993129320566
176.3849600301552
166.51835144540883
165.16146446316432
164.6400082475738
168.17485207923738
172.0582647193908
179.65198930729068
185.43556992122276
190.6102690129811
193.62759000323908
195.4461279774151
198.6451284362002
203.17640860344343
204.56018057628907
204.6390264503585
205.47606744096814
204.01161546885413
199.10137756383915
196.450191786441
193.8636560262316
190.48300018169195
186.8367099096149
182.97166669265988
176.369419936274
170.70685372513816
165.9059797480618
164.64183155309277
164.25713521738922
175.41628604340815
190.41068882564483
214.20534616489272
230.84466303781397
249.3211708076306
267.6170540297509
287.7528804056489
315.25279141397107
335.74122374622584
352.71663632058505
357.6729980351786
357.8277721688513
343.72105416758905
323.53064010460537
293.0094111491435
271.8722482423719
247.38129298733702
227.70067044317804
208.9058113229302
179.91575324373932
158.29693881984204
141.8584362232674
136.42619937589728
135.93426042781212
149.84341669090148
169.11894154656804
197.25505208651236
216.9607865121333
241.6604605625123
258.1026718529556
274.4748660402909
301.17644275169226
321.88533734376614
335.9197603704143
339.5033254112925
339.62073631088936
328.7006887582533
313.552611761002
289.9775745370961
272.74920888558586
252.3086412487932
238.0624109614718
227.99402884004456
213.37560499357295
202.7663578328161
193.97211097401413
190.42655691449806
186.84621906482406
181.86960012761887
178.47830929283157
172.85069523391414
168.38252949507623
162.99304651457328
152.32211680041348
142.85497655558186
129.19807065165145
118.26450444481169
109.50457445044769
107.84914566730389
106.8968833734448
112.42071595393017
119.70567808327901
129.88640973422247
138.30640641885992
145.70641345042003
152.97608903951615
158.6190402980609
167.37747457073272
173.81293841932168
177.90710241099853
180.39328688211285
179.86103861030804
176.81512736981063
170.35079376837803
162.00977330307475
155.95795286701343
150.01748666101176
145.7729367276767
140.60389896121114
134.35438952715853
130.15532665196574
127.84798774197407
127.394655991835
127.59059088665856
126.87377231639522
127.37021653870934
126.37615039070045
126.61250401284796
