9
5
c
61.149951634979516
60.31151497154855
60.492898078069466
60.02562266960294
59.9603119281007
60.59446426905011
60.11627150976134
59.87725326266332
58.386534906094084
54.538286362958836
49.16795130851527
46.96266261416472
42.61979083344522
35.50097922223078
30.487830606197818
24.339550720451577
24.018534826678522
24.38843886170925
24.66804044881716
23.733398823383133
23.437408687844474
24.038919214311637
24.127559210343406
23.811315036342766
24.404688656082048
22.57190019786048
22.925888578320812
21.102878304495956
21.306259332856683
19.834199955165676
20.22122009554125
20.070611079424538
20.700452300422647
20.45524778087489
20.922123681500523
21.24763329566379
22.184909248638046
20.49725309473858
22.28421315117303
21.55076404323704
21.911092862094772
22.656250077057578
22.210262412193142
23.007705985551237
21.249167856743533
19.571813856268964
17.893571751464275
16.45433854067254
15.029640386731865
13.022839287936074
11.039368522130925
7.529902009305039
6.261649458575537
3.8277440997715066
3.188777279782993
3.4833216945211127
5.9604863385408215
7.868287929147721
10.569290724629795
13.518176777971162
16.77901445717209
19.23457382269584
19.918666922324118
21.824514348779967
25.39069005123684
26.48208574870478
26.19901290979871
26.474739592705465
25.742559694454858
26.231712898320747
24.43217819542231
23.13471227969337
23.010730911790404
21.990606600599758
22.405082032281715
22.481060329664114
20.93448724556177
21.33605197894872
20.551397415204995
20.581098536212213
20.617355812485226
21.656789797165903
21.549506811127216
23.10294622216129
23.697989704161333
24.67898865505906
25.376506985566728
24.523639637343514
25.133169144795232
26.001421769394312
25.345526456013527
26.136777291921543
27.253897203807984
28.076417279268963
29.624161741278776
31.745358270905882
33.63327287893178
34.883327675867626
35.65989134200976
38.81944854465934
39.965128369376075
42.598515482782446
43.29578926778014
42.201478412474366
41.44768137376698
40.36972414675824
39.80158690955257
37.928642700213146
38.09796181158273
36.6417903886934
35.080858515020374
34.75595359008036
34.43775556903816
33.07161957754339
33.38211692744841
32.37173622989235
34.51506961615468
34.28893557562135
34.36265905295564
35.38346873060626
36.23735191161416
36.12280188982938
36.03064743990777
36.64283457893134
36.07895006005079
35.88217716188945
36.90201818793006
36.66154177067601
37.16245489593853
37.812320765642085
41.503322511862585
44.10901125054791
47.73229386397843
50.59846091174354
53.63874129188942
56.48211966160633
58.07930945588752
59.04182141024531
60.64175818229529
59.62911295823308
61.400164802363456
62.15080121872201
62.396130430876916
62.88981981880701
63.42453682713976
63.391587808955656
65.41210392797154
64.92502467776133
65.27771171122528
66.33239409498817
66.89614400695999
67.77713214682184
70.41458761081995
73.8970588099522
81.40126343062198
86.83466630718017
94.20809043524395
99.66106807587971
106.70646341827843
117.7552001094621
124.41746625217235
130.60727388990784
131.50572325939558
131.9570382347883
128.28790397309504
122.15212344772809
116.25924640023756
109.59661981869513
103.15909605574511
95.20077180604551
88.27526834329193
84.36229960210102
84.48376211898339
84.90426735397905
85.76277072342698
84.8885098473732
85.97538401436552
85.72975090197896
85.56823727200707
85.69507840958173
86.19512274408856
85.24598844509009
85.16783120379438
83.34381652095965
82.67008821597581
82.44693417667763
81.44079724940481
82.05309573354421
84.39198807777873
86.0871962448908
90.40497511903996
93.98143481670601
98.18523374006189
101.78983145776863
104.63410553776372
107.93646934565406
109.74149658820411
112.94426022934128
113.64739666746475
114.5795474336928
115.96929590835423
118.01273610742528
119.00283745423792
121.41553665336572
122.95968819479016
127.15822036016515
129.45461735207456
135.57545534638615
138.54755843154072
143.2326199001405
144.01494266894176
144.01153448049237
140.30553923458203
133.75676166977843
125.86981103778038
119.22510782171118
111.53968707583401
105.53639379920271
101.17637603666287
94.6865009940852
89.92227011142978
86.71087042971361
85.4229619859784
83.87356846912195
83.41279531085054
81.51496412006179
79.24628239031028
77.52148374179943
76.07611820780167
71.20924888193444
68.38727284817897
62.7020166967074
58.741164162905896
56.239967875643615
56.06338229632146
55.29611611917529
56.13954984227083
56.971357083328094
59.52069690840564
60.011963982586614
62.463943768066144
63.432402676619965
63.09142708528176
63.67856057351549
64.53713522252212
65.47253117480344
64.84921147162763
63.4763625182485
64.08855207173569
63.24138845740266
60.372854675749146
58.93003816858861
56.7915428765287
55.363689922036045
53.46577371831053
51.19882023626776
49.15789000692798
49.769574212113504
49.05143133731026
48.442934999509944
48.42243277989432
47.58421223318149
48.000219238536104
46.40136665846157
46.11841274550051
45.615772336034354
44.02127072000668
42.05243827096832
40.42033588401711
40.45528078807556
40.05116995769287
39.116258967524374
41.38156599115933
42.49978962246612
45.836281338573556
46.99794360092392
47.79414392167345
51.444908110245755
51.699413215506766
54.3321437995321
56.533812393845366
57.08066196330884
57.30221915429435
57.329452057644836
58.8465930531022
57.30805470838605
57.83130098671325
57.82891266419869
