0
5
e
281.4623700298016
281.7358189210503
281.9984538923524
281.9239435902032
281.34745156708
281.6178309952846
281.89373342930395
281.5783998603795
276.7125332911171
269.62405930733445
260.42980253027827
253.55859901870215
245.33576999525584
233.8109625428026
226.07346367852278
215.53056426146102
210.75461595397243
206.82437712455769
205.14552439524724
204.82031106462688
203.88753130456087
202.00999673810668
200.05040013310466
198.0914436383374
195.83339604907906
193.9032786217796
190.65497136847478
187.15797355032782
184.95547312117063
182.35477933274032
181.7334880059411
179.5204444014899
176.30328224335165
175.0010561414141
173.15155474940553
170.7275591843719
167.54663037533834
165.03694373954545
161.05689610266214
154.69972771883266
151.470847932261
147.44184456497584
147.79021521256158
148.07233255139306
147.98123716268134
150.74689051217086
152.7491611566069
155.3283528084404
156.85237553171916
157.0526670941569
157.9086441592936
159.2232128360695
160.00563016148874
159.44584457775812
161.04053702473382
160.54062729237327
162.55390095990435
163.80540829988584
165.0072013942627
167.09199620813277
168.42184232826847
169.95747947570882
169.11093533281243
171.45153380593064
173.17071008084974
174.81961391403925
175.27519985029164
175.28807126145662
178.95946232520313
179.86341745457332
183.5393297561301
186.2812208361067
188.9842179463208
192.19750535428997
194.8584605757064
198.3232147221095
199.70402680754174
202.37010558120767
205.03797087988954
206.8765387312086
210.28157160529014
214.41860033874894
220.8148181338419
225.21124954317077
230.0673929200754
235.27010364675593
241.0776575804862
245.90320117860767
250.72316567706605
256.35255276052897
257.2333487961642
260.7718602260604
265.19081299468843
268.9270435792163
274.5413589556395
279.5640073099555
284.95435844926
292.19902203416984
297.89735068837365
305.56535226012875
311.34383099632583
316.76025975039914
319.0955339670758
321.47012091340713
323.65384557262064
326.9647284091885
329.4983395440697
333.2133512370285
336.3719982838142
344.53005796589196
349.92318933975923
355.99233594170363
360.26429138074303
361.21405148952414
362.4476205459389
362.2861067635546
362.1979978756766
363.97693263978397
364.3196668660698
364.1815736333241
365.8564124294113
367.2140556214513
368.5962976494788
371.87818594255964
373.28737714205494
376.31997677147444
375.02497308643984
374.9437796745156
375.36721503583107
373.217545005183
372.02582694394687
369.86571990609224
368.97349729820365
367.86105222823335
365.6195158809334
364.8472277817173
363.39694016377956
362.22909215042296
361.7464731373313
361.0356517620234
362.84880140546926
366.06416567014014
369.80143942698845
372.737202904543
375.6812270788183
378.6115097130126
381.41684962221024
384.3747087678145
388.38904685784905
390.3578345742151
390.8843153644039
390.50711588472933
389.91148341435337
389.62990500417385
388.37498306604317
388.0995555739202
386.98917768721867
387.4351802297794
387.3650092637467
387.292708218629
387.70435659855946
388.19809067490814
387.2002739100714
386.971780690327
387.04372630304636
386.69576383682926
385.29904186749053
384.74727971353485
382.72723364086335
383.02801618771326
382.22762238962554
382.58146403864276
381.1499516541643
379.7478918586515
380.1963417576885
380.6713360501782
377.6154795090816
376.8075926051001
375.60766509297827
373.2177646927932
372.5241042933017
369.3640403447208
368.1763784396455
366.62110068113196
364.3850562609443
363.0914206703818
363.72052052136615
363.2680878748689
362.82052417028046
363.44680952446913
360.93090805945013
361.4337440187453
361.5193571093865
361.06309803654824
359.9915312339494
358.5134268584584
357.75155672929765
357.6715584245474
356.99410697003117
356.8372816934591
355.59443857949543
355.1560914695071
354.39033120512715
354.56953779407115
354.02136370979946
353.2570722098534
351.8025505651933
350.2012028627765
349.9070578673209
348.89275985075284
348.9239763800794
348.7981304677742
349.4038182846523
349.8223358514267
351.84683252951527
352.79607907479357
354.3679444161513
354.97730321042184
356.15125894462443
356.31079175953226
358.0596107794129
358.9818718582538
357.982510795781
359.24970380140246
358.52114273265056
358.22177091427443
358.54643812139864
357.9223530098153
357.66273652521454
357.1781374374332
356.5473841183304
356.11306615023517
355.49314355022733
354.97122814513585
354.8610976781499
355.1226630791236
357.3055331182887
360.56423695485586
365.4925995088945
368.5208649966475
372.63692217738117
377.50505544031927
382.3176764312513
388.4178835599645
389.5087773475672
388.654270064146
389.43493713871555
390.05408227946725
390.81143422538264
390.3613797441137
390.1233766284235
389.7622558560125
390.2830147476316
390.6961083883707
392.9949870354604
394.7267854459078
395.20323519827105
397.2721765227141
396.4406538403448
397.17627251225286
396.4245844972837
394.5863536282159
391.1366932937094
389.2037696317091
386.5858994728387
384.9320016319018
384.22285633215495
384.2664636859111
383.4644875515619
381.82988333228457
381.2756050630362
380.0508487469533
376.68500080702
373.46999456846186
367.9724298058082
362.8262489477501
357.8511568517664
350.71894044900426
347.0486282753133
339.80785033710794
335.43411464623983
331.7183284281049
329.82272290379194
330.1265304963209
331.59733037875
330.75104734146777
330.88164368929114
330.1034127341397
