9
11
e
11.19965741721651
10.487812531656523
11.142981824247954
10.757381139419687
10.559395683348516
10.864234612842168
11.031512082760313
10.249201049184853
10.353564969959374
9.568209933667271
8.276262292634007
7.017120331437188
6.6823371944602314
4.4499388565266
3.51726391013184
0.01976120054934216
0.8219602787627825
0.0
0.0
0.0
0.5809144617907596
2.835661321542061
8.688829162334493
11.466092739436867
15.629782123226496
20.40320507703801
23.185292975187018
30.45494725417686
35.19042653684011
38.57918072992956
40.54380144476379
40.16078975225766
35.78463980054315
33.03897720853562
26.286695751453255
22.250691825522164
13.800063388035278
10.971936246789463
6.764109759983235
2.4236030428856137
0.1634537154547196
0.0
0.4739239612724254
0.4044464853539193
0.0
0.0
0.0
0.0
1.6963783108646304
3.0273607235738207
3.674950575436891
3.430958518522881
4.151486763585025
3.1654879458220395
3.4129262281455195
3.7540977178061263
6.085683236358174
8.036835341402487
12.164508262932053
16.577200979210648
20.685023152801108
23.45875933130474
25.43185608882151
26.836704355860522
28.131673764215027
31.304168966131453
33.97358982799198
35.50677994231608
42.05311918406255
49.66927990083105
61.388150698270216
71.06229389685828
83.53716557057703
95.23133685605006
108.71030199402679
127.22607692144445
142.26788997849616
153.04311869488274
155.79307128951768
156.16496658394067
146.2090864304034
133.66531786197396
111.83563228344153
97.8514187666673
82.04378959725757
67.49324822356236
56.09655466397629
36.96231569139478
24.181341391508276
13.101118679452139
11.527246645146379
11.15396706325571
14.178247010424219
21.73476301724372
29.814681851450658
37.419935915104574
44.10888892917498
48.13372356220873
50.584158530430116
55.53332432695376
59.21422497885977
60.489334356402345
61.86429280870221
61.55198788568521
60.982724894263015
60.054142676916605
59.885103598781996
57.76809869179899
57.391189041488374
56.65665630252522
53.16929150619033
50.68181598907519
46.09611898292268
44.17213162019924
42.54750006976749
41.87293351728078
52.62969084336264
70.93413368233885
95.94234210923963
113.83693596199781
135.731666361508
160.4277621660913
180.78197000126272
207.27270963436933
219.94315654684368
226.03311033821413
227.76091579540133
229.21746490902714
232.83020663355654
234.71680292678073
237.0005779013062
239.76712357584458
241.05039687663984
249.24972454161352
258.3567733208567
270.08162032202074
280.8254372805044
287.76622808352636
289.76743890270103
289.3716259655193
280.952286275127
269.3604650696439
251.51998610139032
238.62419347428397
223.73809796795334
210.70640016352317
198.76540232321437
183.23809955179482
174.6400803720839
170.12320196814522
168.78070838577125
165.55201177838762
163.83025173991004
161.23128182378866
158.93420086938124
156.272287571427
152.43889079809642
146.83314904701783
141.9380650059212
136.5958908678514
130.9281412961733
125.51517746707499
125.57391209917488
124.39291914939247
122.88023595377656
119.8252966120507
118.92139164427036
116.38143820814184
114.32538440668995
110.48538534881268
105.03862971720866
97.28286607989045
91.79773482927678
86.75427229525786
85.01942443161127
85.19494913839614
92.6631496620113
101.0810394598825
115.78649633729316
125.42806424210524
137.58751550090824
147.84721313865649
159.07011949124592
177.4798897265557
189.7541452922227
199.21471651129266
202.62163702307157
203.2877018771241
191.96452006380687
175.64880964436844
152.06151332770403
134.79333172583478
113.35408555989557
99.66541267936469
83.02103086348119
59.6782088397397
40.88963523687886
26.865859263400495
24.94153202211507
24.231492701373533
31.051684397436855
41.84810141344439
57.35270370954456
67.93600829318876
80.33436224898757
87.0379963483392
94.9712390636324
107.55724298883267
116.17965143289575
122.82961811020245
124.07468269264606
124.02765354151065
118.60750784748186
112.8271223850208
102.29215694707449
95.31074755379002
85.79067316574971
79.56888583341883
71.31282870804127
58.807570469759725
48.9695113078019
41.87759105327183
39.318941370471364
38.17350157493646
52.10154920576739
70.57591828681394
97.47170400450128
117.03787777634122
141.3950996759394
159.8350814107894
179.27453430928765
209.28120952372046
230.6930490059686
248.08461526521253
250.98456489228002
250.92616692921732
244.6811130754685
233.50224183287753
217.8331073535033
205.16468693402393
192.1049128138233
187.922086418015
185.06867538415463
181.3303373540166
177.4442655583198
172.9292476584379
169.1468557126026
166.2358927199358
156.49108066420857
145.11986131449154
126.73187675406875
113.98709779956073
96.138300399756
77.75791734120399
61.63380993040065
36.98415510729058
18.265948582214456
3.9825531996997103
1.457754403055934
1.3320874702242849
3.8910393354103623
8.448415097496767
15.681791298330683
20.845322959497345
25.988153038307832
25.546546804709823
25.76681958474969
25.47156457613261
25.853121977216166
26.286945250400787
24.973727394383058
25.653372628497166
25.555452793213135
26.763526752051447
27.569849215832846
27.076625586247214
28.35214941039038
29.336997009950316
30.118693202971574
31.525571425119708
31.343071675456425
32.01588119435662
31.76154222213608
32.9829093908199
31.824340506260658
31.35579506543607
32.22911621653241
31.76870871174311
