8
11
e
172.99226770991137
173.43630659170074
173.43610825998553
174.27510687414284
173.18805519214968
173.77221405354214
173.52064234451996
173.64305938540227
170.19437472637765
165.79097451558687
160.42354429907036
156.42047751608223
150.59731872938073
144.5649096751215
140.13347190274806
133.02023791053116
128.79629413967436
126.76882684220215
126.80737115442635
125.50673742940523
124.05363654517487
124.74841084269259
123.32468466140037
122.52422858998452
121.07693456943969
118.91681447035602
116.83806866462061
114.9385758385743
114.38763300627247
111.79975108226874
111.18494787469248
110.85027904836434
110.27472416090306
107.94058109128045
106.13707576861727
104.92047087235252
103.28462021289782
100.02385919495627
99.6620736205994
95.67776967235281
93.16315637744682
91.06107113355402
91.20521549290052
90.61201410135489
90.89929186449172
92.92047507768127
94.17468039284262
96.51549017021027
96.67988396020864
97.8677116050658
97.87094075984339
96.99676469740942
98.70662242457654
98.09056981668907
99.53308992522547
99.54235303518098
100.29725122896662
100.98384095753275
101.63515710875292
102.76692974619581
103.77826226101445
103.26369201025508
106.25848338571079
105.30728878938862
106.22496769855138
106.5190887224595
107.90372561646248
108.29127937071958
109.22082228977156
112.78950167046732
114.38510456978597
115.43988136119161
117.12668463463251
119.05691216679774
120.37289618120936
122.40008247636455
122.96573963613181
124.90975314874633
126.12230571080116
126.65197230869016
129.05768366583828
132.01446870817318
134.95916022275216
138.39160673568483
142.7467906084051
145.4676597509623
148.43172475508297
152.0886983522911
155.09337729635013
157.57167285611968
158.75246828848861
161.11527066980116
163.9782566499467
166.12990151839605
169.84756418228434
171.83757722836185
176.1475735894149
180.5635181523752
183.5822233848874
189.62245533786495
193.27237771596828
196.24821500308204
196.87779374544635
197.6204597563697
200.26292327102675
201.78487803928934
203.7415454582553
204.73930492288497
206.64050920692696
212.62523470210607
215.55159885811838
219.98054182913293
221.66505273615434
223.02482673586022
221.6421366156115
222.8268087764093
223.08553688675028
224.55596070745952
224.41223358496083
225.5585565642654
225.98203311615967
225.59426880506433
226.37177679263922
228.72513214722727
230.8182567970256
231.89705447080215
231.02915019015003
232.1465896076296
230.61743795114452
229.36365484592832
228.03977324961804
228.9178669681995
227.35529875959514
227.18102155417796
226.68562844038948
225.10390539979682
224.10160046234594
223.18715225977846
221.73629423531375
222.97314905116295
223.60039691875593
225.75590253691533
228.2715042761699
230.66581412705366
232.67970392288774
233.86862889149035
234.9447913542224
237.28249907490354
239.83845144188584
240.4359044625383
241.41911817011052
240.48023643217908
241.05610855679672
240.4453914787059
239.58695845685926
238.69630375816752
239.48148658933007
238.0934856870665
239.56164045063232
238.64627182974414
238.16117904476377
238.56067038830963
239.18756402812951
238.93031973334575
238.41385975603632
238.38067698537128
237.5678334809404
236.26530305568363
236.04166881823156
236.05725333174718
234.96908786581156
234.89399270434456
235.14752859494834
234.01327750745295
234.26673071736212
233.68615862806624
233.41936637977042
230.6182910460277
231.2176310044599
229.9915889693685
230.21370963390004
227.8558609697221
226.98557548736053
226.69116140225523
224.7661720354848
223.94069320440673
224.11954936851237
223.29959196187514
223.94844233585144
222.95076734108792
222.81088953285288
223.61601394714955
223.82571207311253
221.80707805624365
222.01532689769604
221.63429611907316
220.50965048817378
220.73191861366809
219.81899472700337
220.70935829594654
219.78531754364533
219.89434997682469
218.99447319329255
219.21485352026752
218.483061094466
218.91753970208143
217.62112885951473
215.6625067611285
216.01318420082396
214.59220265408206
215.02906390130542
214.566141169678
214.58240179252928
214.95689519466558
216.73218393711758
217.7778041802039
218.36045098400945
218.59138726755938
219.37714206935507
220.26890476701922
220.5320838555684
221.29773855665522
221.4887218813347
221.16970939045117
221.9771456232525
221.65952695017288
220.43758048154612
220.96879309923497
220.30709348515353
220.8940918513413
221.14194811849057
219.77723337225137
219.4347334018246
217.81672163486678
217.50555519162742
218.8042022170735
219.9009450309492
222.99594422234537
224.77724364002435
227.71337565417647
230.0290978021669
232.84504481581135
234.9437313054153
239.26938283096737
239.4039381529467
240.18509381395097
239.2252398313335
240.57795620333286
240.12695157568055
240.17489688195184
241.23865763372876
240.6501479885473
240.68278959948805
241.06896611382737
241.7857493166683
243.82580681304796
244.19384298165116
243.9944401198634
244.9360197459524
244.84868217298862
243.06256216914895
242.2944843041262
240.59709033265023
239.58352002261452
238.1556608805158
237.4788677809278
237.7045717317255
236.41205205360905
236.37098089740704
235.28882539180717
235.49503683818799
234.2132389640523
233.2795389946864
230.61308202122194
226.77048464668928
223.41978462415653
219.35231492737
217.2146709721392
214.58956242398614
209.43464333577512
206.62436313480492
203.78343956833794
203.7993666879847
203.3658087118482
203.52600247457124
202.89436976273106
204.35236206308912
204.21481051818074
