9
10
b
106.0849953926548
105.73697104770359
105.59354222905772
106.05507537210492
105.78455037922978
105.7332020802078
106.66341694559505
104.53070488813054
101.27852293131575
93.94985776064367
85.69704088092125
78.3908820214245
71.67188015534894
58.59185991952928
50.423157944230795
37.71120233557711
36.766838766489116
36.20773186887835
35.33163886607895
34.02998508916752
35.08848927975812
34.966029024616674
34.736614873414524
33.82271071947905
33.63676164435303
32.46987012889551
31.270067222157323
27.643550342673034
26.114553103762724
23.785738153353634
23.76647530369013
24.005202239496214
24.910384468220798
26.156448202643908
27.75812141316691
28.90366248646782
30.69924841998538
31.537202805695646
31.673326437972527
31.99019872803578
32.65092472276654
32.69360349917645
33.48931137679751
33.4033805550641
35.26157379720345
36.547606372900866
40.00222207786715
42.37603018999987
44.882692883325156
45.99251886225696
47.13945698681359
48.4426118896259
49.99561848272121
52.36006496163891
53.06286125342138
54.2278611335524
58.77907337067667
62.24749059647557
70.15305972701167
75.21360255026485
80.6405350470548
91.27960635142284
96.81923030985155
106.49178129919741
111.84072067501116
113.95664818572706
113.94446107313023
115.51971884089318
116.11045467211078
116.54911438928247
117.05835332487032
118.26695475832574
118.60578858471284
121.14779153387192
121.76628148027706
123.17023894783222
124.19193373475119
127.22813587048563
128.90981639885354
129.74660820979327
132.92159778047971
137.8954662807343
145.3252752715432
150.3077369311267
156.33302975602746
168.96018128465857
178.90388907110807
188.12214961189545
187.9614252496051
186.99067016325705
187.0154957469974
186.55643104824904
187.61726974666684
186.84791053497673
185.99687995074393
187.28510974057195
187.89568561554
187.36768270593
188.24729646598473
188.4065500977967
188.41852358537054
189.2483945571656
189.10770650191714
190.5357561695238
191.09932341588564
193.7329610991238
197.70552539963597
200.03696548929435
203.65388824008113
207.305271775228
210.51802324091156
216.4406005436708
219.77263293547432
223.43012316409397
223.46628320737372
223.2344490178637
222.02966106992284
220.1052313584639
217.57107282073022
215.5453394959811
214.4382262710933
213.28256580040974
212.8506829533976
212.4498190893422
211.44218533114974
210.70488203971226
210.99019881564038
210.40618445403635
209.2812673753821
207.66438342113798
207.19185364619406
206.86262146146802
203.380693112857
202.76333350195694
199.2959286023892
196.37742524963502
195.0135835131989
191.52660125429136
190.6441798074535
191.42590203288577
193.8277580045109
199.07837513796719
204.0290678402535
208.67827001861718
213.62458535982933
217.4590827557198
220.33863719892307
222.49884217603508
226.61346737477024
227.83511165480417
230.70547415504151
233.52155157210004
237.65780379844657
243.26076853004344
249.45933680755866
255.58828982717225
261.5374968597001
270.1220099216126
276.73852499731254
287.9420616793811
295.3509669723485
301.98790566025923
303.8147909363477
304.70150229617616
302.4470309246812
298.6950165418553
296.27214906624585
292.23084572937825
289.24923127846347
287.7347863088175
287.141883246446
285.5024026689135
284.8714697519891
283.2634942667878
284.72961450627747
283.987654889513
285.7056361973315
284.5252288982925
286.6290975015372
287.5284876653919
289.3229190725616
290.09455007171533
290.51050703642255
291.333192109476
293.08115936651814
294.0403913208722
294.51900014348104
293.51990927130583
294.1926947906776
293.04167587290493
291.5837699440896
289.66106227724936
288.845022891952
287.42307166176494
285.61943810460906
283.71657467938127
281.1789782053009
279.92654711125704
279.7018127838683
278.81125471450997
283.02748460168743
290.11890509781546
297.3750324135818
305.4880426892829
312.2204016095524
320.7706608025406
329.735022026043
340.46457846424795
351.2639583149089
359.2348644239255
361.9928966805946
361.2952683492493
351.47843146727485
335.06020378799366
313.64602108522257
297.4907578057497
278.18033928856494
246.59661639791392
222.9133159057281
202.54601949766297
206.94395593069996
209.39506214008824
211.69988941195749
211.75455126154557
213.17318650814525
212.85949301771805
212.3551991572238
212.18113214508173
211.84362659620442
213.1371413446442
213.83351421766488
213.27012815809968
212.7720139529128
213.24250007403074
211.18699816993572
211.05884868068364
209.54010805029563
207.78413944033167
203.93610367501162
201.9418626405335
197.67057855385525
193.02544276926216
188.23148268596475
182.43246255827023
182.40433681693264
180.777144638251
181.99009344168005
181.1944033774233
180.3501388570825
180.86707980554476
181.08201662002554
179.58314893597978
181.29751748907205
180.78005337526596
180.6044962550976
179.25870883745964
178.18516829655613
178.98849254562927
178.600665085532
176.91389310855942
174.80545005550545
173.7076969810584
169.92146553288578
167.0140865148944
163.68672657332766
159.49400078116614
157.60166795754236
154.80659188390484
151.8997551881231
148.13280989863446
147.67786237849896
146.20234392593176
144.90172877627887
142.91264289620602
139.94693806606713
138.37074653005985
136.1468838910742
131.78465655577824
129.96464563421264
125.20431428678901
122.43973674500259
119.37902630131474
119.21666840589589
118.70999363498106
119.21963267436584
118.53393138043076
119.92375393234676
118.72697661486565
