5
11
a
39.07097175054137
38.278452125079156
38.978651887700835
38.83082535969888
38.69695105319185
39.27399801490961
38.64900355057196
39.34312726667859
38.18444606056242
38.44643285641156
37.339017882711715
36.58649693549855
35.704881923684496
36.30645264119458
36.10760645412648
34.69070059869717
33.86202702447239
33.26702789398963
32.38224507751169
32.88721941913206
33.51936003717146
34.72380563736328
34.79543072209666
34.79525024859759
36.603529483255166
37.42907650128266
38.12145031509647
38.63940667890783
40.49857271613866
40.06640812267065
41.416482113180685
41.39612516195107
40.15191480911825
37.369446502145266
33.330792184677044
30.439574749951063
27.84631131816359
26.03307954065869
21.701892332491955
17.886631029756877
15.75514302331201
12.91383522051897
12.62901087835789
12.132776654730906
13.277390754061196
16.071480778995003
17.58408615116129
19.552929234993897
21.332108899872843
21.61303886511837
23.31703644903547
22.23278418300531
22.809128486885943
23.112089726765962
23.283127365606372
24.22400429697203
26.743437670139407
30.11737630392123
37.65843290857831
43.56987786365023
51.68176637584187
57.829083007286386
64.67077032925211
73.22718902260813
80.34913838109706
85.59064658061845
86.02354079950787
86.56474312278559
84.6580790394067
83.48019177606741
81.06873319046679
78.6791243093674
77.65918358927753
76.89827124605978
77.53098783316271
75.04068399633655
75.5838912215849
74.88205555586704
74.38000822075242
74.3821900125529
76.56923867248376
80.30632460239848
86.11859698429025
89.88282576710637
93.78661258475287
98.67878562399926
102.57306468181478
106.25150177967319
109.61655873683422
113.08448497235337
115.09130755651069
114.87787843281103
117.72633097031233
119.58440011484156
122.74872491041664
124.43579289064982
127.10123692477369
130.67766827056255
135.6454398406062
140.8508480410763
146.41810579682976
150.54408421228862
152.02379800280215
151.40184213091277
147.8323912776099
141.21681878115376
133.58956569796683
127.58622689433892
120.24847100744479
114.12121552361396
108.96529460132194
99.97967779562462
93.49129984436149
88.44418098565208
88.06074799247024
86.88877709988134
91.38943185236
96.99940126596306
104.91398012422525
110.96676671174713
118.56497002855407
123.35613804253818
126.42977297676667
135.19009865421947
139.31412590515959
143.294129112803
144.6010145716059
144.4759373345887
143.86998021305484
142.74242172071573
140.7245898994239
138.56726456310653
137.83327348432218
138.50128356754314
138.30893534911039
137.73841913174704
137.43348281499013
138.01367659182574
138.74206516887898
138.57821093085568
137.68062773549232
136.47862499902604
135.83806831743186
135.332081082336
133.62202271737513
131.63495768895223
130.20640711856478
127.64913991298852
125.66920948897612
123.79589807363804
121.77241693857412
122.87458591122277
126.58900039944257
132.17838717516102
142.04943363431428
147.51120171715974
154.8970023408899
161.80834356517283
167.75531668621028
179.03091539116454
187.4976545816636
193.92662515229435
194.75967057907036
195.7791655092835
190.98132361450772
182.1511858822781
170.58605238446546
162.64553602728654
152.20405497415456
146.24256456615896
139.56398068650324
128.0951697547553
120.5597192647152
114.00018422221795
113.39817347063769
114.0914339747062
115.22317168759012
119.35994602170612
123.56653662790585
128.15347068757276
131.5948982410603
132.98178045158318
133.7012191062213
136.8713456037059
139.073479069356
141.37118538961812
141.21242491594268
140.95354979824705
140.00298743903025
138.23575856894968
135.46716302687534
133.94141076072972
130.05420993413202
128.6615438290741
125.4630578266603
122.04153968984554
117.41280506100173
114.18999120282926
113.13776562073002
113.34745265092475
119.85065635598336
132.24344571827555
147.234070104407
158.32694727512052
172.0386908611855
183.98399156920814
197.5241896450106
216.49412156046088
231.26029722973388
243.06185414075742
245.79776760403274
245.2396031689397
236.20266214340742
221.5168055625586
201.92896297590397
186.46997853458063
170.55219858738943
157.47528041619577
143.72638425130285
123.6052390545619
108.64190174541393
96.32069950392481
94.46512435129054
94.29986099890397
102.8331953657788
116.13469392689257
135.32317185849
149.84028647136614
165.42092529500326
176.65156351925637
189.53658481269912
206.48061341155037
220.10473323846963
231.06332762073515
233.83906355065912
233.73296351876522
226.24906299271805
215.5240481600539
199.70916916780754
187.30939258110396
173.50016626108547
163.78049275880298
156.74842409794496
147.15786947555648
138.25731818683954
133.01284015962537
130.79404696693518
129.1693899550972
125.32530801069174
121.32931931352024
119.00899541893146
115.8586220864762
112.00805479226997
104.68319653833419
97.17393893967942
88.36275896169732
81.31328535765711
75.37826387229046
74.13796396998008
73.22222345424446
77.403146630388
81.59358857130428
89.00904780799064
95.55662948530583
100.44197332076631
105.51028036347381
109.97480158350625
113.70542310952156
118.83179079483062
123.1158854686987
124.27789311431094
122.99750667591734
120.6239539144336
117.53552430363708
112.00455999657504
107.4994007479807
103.0215265814708
99.72518666722095
97.01563863362006
92.9052001997262
89.27974577719363
87.7062030685445
86.69548260195909
86.86336378659303
87.730410963092
86.43275040593717
85.9660602011947
87.17124833894758
