11
2
a
41.262977242610695
41.698159562240875
41.191100060289656
40.81477071182575
40.9666562377884
41.57178957224409
40.67311503350683
42.006195739316716
39.41770996597052
37.60562483897022
32.70983947335672
30.737764354986318
27.43050077499535
23.30564958831325
19.259707579990984
14.076088797117285
15.411004674104444
14.72460712058445
13.848687639924732
14.155174032419682
13.865925991619331
13.131300355056837
13.510336355064098
13.57492124154817
13.0320307732406
12.55683808953472
13.093116384512598
11.077960934359044
9.641160230088438
9.01486616976382
9.363928064044728
8.835144722310583
9.652691617572033
10.313900142349581
10.514549507374296
10.420387044238144
12.083195010485658
12.267812673526898
11.823001939631128
12.288477162854957
12.879759401440642
12.823230225910713
12.608537801380102
13.188561290890666
14.4376360189993
13.688509010059509
15.68119044306329
15.665472118206488
18.004610170607673
17.41739790794098
18.11184334474162
18.902743657919448
20.04707325155594
20.46384287809717
20.357140826509042
21.316187541601963
22.768533445139596
24.04975209567736
26.752088924978842
28.580613412539282
31.12726246109031
34.910442948041315
37.73259748414337
41.55419310512397
42.19681897341675
43.572480418297125
44.10183593876714
44.329220021351674
45.752678305634106
44.82709598989886
44.988848635993556
46.01183992199678
46.05190589276855
46.712500921053994
46.944571623058124
47.72630256837799
48.11178398241909
49.630676759797325
50.08947650232491
49.75491204966383
51.525638829880094
53.23242148595508
55.44048574778118
58.64796324772605
61.01457340727751
66.22596473571558
69.55888716098498
73.4013463080633
72.70312085374226
74.0190612722165
72.673816641547
73.13766921407591
72.57864498124772
73.32371641935886
73.41317963847693
73.4746351473234
71.9741020205628
72.63208843256149
73.47657184053591
72.83183571171142
73.80272330000123
74.22747936281776
74.59745316645059
73.84364159210963
74.55061783742079
75.7838544966172
76.46540308612366
78.19883383244483
79.15539297265272
80.95439145048023
81.55324695615977
83.85174483271639
84.91526475136317
86.426951562314
85.97682616790001
86.84787382945066
86.64657052937771
85.77973202192595
84.52614520096397
85.00223276352841
83.31461388622682
83.6023875286482
82.97710955617055
82.56945695364958
83.223787525134
82.1145737569967
82.01949391396225
82.68190895774023
81.7419052001052
80.99863600480715
80.37068380819375
80.22253263215048
78.21870617664464
79.6370836073762
78.22817419179249
76.98990671701236
76.01409009905812
74.60678220242225
73.83505242312744
73.72261325853387
76.05778667951303
77.69149216590075
79.29570629502099
81.84013500204044
83.78354213142971
85.25932081144288
84.43250631827696
87.20795364364852
88.57298015556933
89.14992750453041
90.53868653371579
90.69956088557917
92.81004006307371
95.59471422840299
97.3018636533209
99.48410921537489
101.81728148525772
104.63769784507595
108.01588905035628
113.20176068360055
115.22905842530456
118.14075375945629
118.3681831722012
117.78827927989813
118.24164289125716
116.88873601641656
115.7349607761704
114.5089680764575
113.09043327677449
113.17676637557507
111.08592787695524
110.60119277289445
111.25178118915225
110.35955806430535
111.17009499165697
110.40464854232141
111.1882665935107
111.77466303716237
109.96802499139034
112.97257615791257
112.31317881879052
111.59427528587284
112.34073023806167
113.56226980890473
113.84243635851587
115.10281525650217
114.71229573319908
114.74812612086833
115.0372442359085
114.28398341390906
113.88304022424694
112.92462585144587
113.4694109357976
112.03053482534604
111.6835888453701
110.53151869356397
109.50016696990343
108.87206380523833
109.60748896801226
109.26335411208656
110.58277118759933
112.88526966289692
116.27129906787627
117.68978480075371
121.50540250397067
124.8457262815741
128.636798188811
133.27021437122986
136.76750099667356
139.84891991328433
140.86960948408085
141.4996353305633
138.2026340764417
131.0778625532015
122.12606781882195
115.76524494332767
108.33136093607422
95.92764432981525
87.24703479492916
78.8879439401268
81.0782154563273
82.1409165120774
82.15653263484872
83.6135743623534
82.93047082661056
82.8395914570071
82.97980074841998
82.51583839735879
82.51035783251814
82.99079534225773
83.38883699402716
82.4548214822368
82.49877020181086
82.8526561331511
82.06243351680216
82.41760617583797
81.1101843102133
80.5251000322995
79.42690834808963
79.50425415899416
77.15013233102574
74.56079303899739
73.29408351413751
71.0921339753947
70.98856433863797
70.99141307271972
70.40276131514968
70.16051183137667
70.98694321589475
69.81633113598112
69.34952412150707
70.17913452222083
70.04839634934869
70.31103739227194
69.60889620884551
68.85871282698496
69.13107544514378
69.82593233938819
69.8766468105051
69.27473263354624
68.48419432069684
67.06860444747008
67.14158407902956
64.55381356258464
63.95358713688965
62.26169934393487
60.95888962889197
58.688718220173556
58.743375020299695
58.70704353532477
58.06628996675466
56.99379869825413
57.087801420485334
54.89349195514615
54.252630721433064
54.013041457324796
53.523819948611745
52.13747703304359
50.171091729353286
48.97023564827784
46.510331671771276
47.146034377520536
47.08415144266555
46.60571812355481
47.00939912108991
45.77375602651522
46.05061763950036
45.61588344053165
