5
11
e
29.20435307132609
28.981745031135507
29.018660894353072
29.236171711749954
29.484286989584653
29.042437532281888
29.285702231225226
29.440976563038944
28.697182172448723
29.71270561304855
27.93385225612666
28.11444315970223
28.00148137746283
27.267658061439004
27.168830618075333
26.24071434942146
26.28473708808559
25.041643801615663
25.55139208973407
25.0882649605565
25.10012028841387
26.598018086547235
25.45813840474922
26.978237444216706
28.203037689696867
28.314014127204825
28.808035764394656
30.80628654994867
29.347886290281203
30.72642155340112
31.143197289806736
31.07910617570124
29.82302585519914
28.03384905493613
25.30263752588486
23.543033989465776
21.484578733516464
19.05056844954028
16.629678648926387
13.912972664499744
10.806088688030329
10.412361977356623
9.668673114032297
9.45737905219853
10.765694744026014
11.850960957531663
13.745102785013932
14.23194454872205
16.699479641998337
16.017241322006498
17.27023906805935
16.74940969431508
17.394722591068476
18.125961601583857
18.26025120700692
18.55267056713427
20.00217649779978
21.90756403156998
28.271193485519166
33.10695949011149
39.48201191821802
43.20650400814378
47.94250979065686
54.212867452147016
61.354050895443365
65.26588650756638
64.02973583483723
65.36745798803656
64.31183621046556
62.415171627957676
61.54007828207081
60.239216428563324
58.848183253994364
58.70547290024076
58.20431173935205
56.881905807138025
56.66238671443985
55.82582416369437
55.515183543020854
55.791953425678834
57.51856991510785
60.55555081981699
64.93057689006287
68.19513024630005
71.4339816602553
74.7607151821295
76.9206808715193
81.01582937230584
83.50670397862893
86.21793909798892
85.99174102599663
87.39439383800169
88.57927053914526
90.45269175766596
92.18120712931919
93.899220997493
96.177079183508
99.81942345903877
102.4832382057475
107.00835004427354
110.60013805693444
114.18986691464733
113.97908923876317
115.13047867769988
112.18772982252759
107.27891319615388
101.27431710372348
96.43088372132429
90.71204161100789
86.46195008289916
82.17934479309018
75.63353428100692
70.82049400407058
67.84344339772854
66.130588785159
66.4567209563041
68.82537112284759
72.5874905701674
79.2567588029482
83.81525288438404
89.9514605322671
92.543905371889
96.45293937468966
101.8901971461412
105.60048159601983
108.38252786072583
109.196052335095
108.78692635834824
108.5666210236021
107.33041692484542
106.68877447140684
105.17778689450796
103.88273273148094
104.51515674135203
104.54267858686438
104.60604482800906
104.49747347318622
103.64240953739397
105.1214716400592
105.47675508689584
103.06998199608459
103.23813121997958
102.96782350352045
101.91710031964146
100.52385919858612
100.41112940274037
98.21413107672022
95.76544013527206
94.48212849013998
93.99613796732417
92.56213638159434
92.65394305114816
95.90466699431924
100.12790839534229
105.85408194507482
111.6664147975362
117.35798237079274
121.89071477575365
127.43217647925297
135.27133264465942
140.71183367774375
145.75228096670975
147.79594556325
146.74866142018982
143.92900347414187
137.17542514601752
128.45018720478322
123.75960431719932
115.34034927838462
110.6348055779016
104.36539116756991
96.98655938708804
91.67932919818034
86.51020923807894
86.1184540129948
84.89905281520487
87.04451735719671
90.29314908334028
92.44639053635453
97.51575250170175
98.78862906328203
99.6765528460103
101.99424020792243
103.29585839227252
105.66417970119495
106.57250112976884
106.57199883597116
107.0302189239013
106.16900326116095
104.3987650215385
102.54116417439165
101.30773146221169
100.34883975771324
97.95375770546349
94.86574271986537
92.64012271085315
89.09961340763591
86.68069349706012
86.42614643213483
86.44427459070972
90.9381530039104
98.837753443832
111.77921072714082
120.43666533800558
130.44783105562632
140.25670937860053
149.25137801673876
162.281946625577
175.10641332987032
183.1782872830145
185.25765128692896
186.06888903140137
179.33963778834936
167.69362707274288
152.23915591419927
141.15964680140382
128.7143099745969
118.71721070357937
108.62176638519863
93.42082460363525
82.30167033791604
73.96504527761736
71.50634727512332
70.66828757677823
77.45294666344812
88.38929091249733
101.91197359546706
113.02857610237719
124.59247005891663
133.6230378087627
142.61271104007128
156.19052191573775
166.34061475206843
175.37633690165197
177.96731235652192
177.33771846128872
170.95524577801748
162.38422507504634
151.30696056355902
140.78114143363297
131.95912072110048
124.13376879240525
117.766366753971
110.37257280258348
105.68684958073312
101.91759471509347
98.41653169737907
97.67730724337632
94.72798680803622
93.54473262602215
90.76531573723163
87.70376801822246
85.04514499861882
78.9011402755407
74.46622262316916
66.76115001524155
61.23034733716255
57.11290634201429
56.2150613326087
55.16668798250965
58.67123951275842
62.365292738484776
67.29396436430365
71.67961438873425
76.67715943321167
78.91074010561438
81.91527691642595
87.37424232162536
89.9055591978361
93.4011021051144
93.92536873912012
93.882846954512
91.59212105374644
89.02301642673028
84.29462766056673
82.30277653090819
78.60501246084536
75.47074407094112
72.88547759661088
70.56224574334719
67.91979485317799
66.95013682221582
66.23265939955162
65.95923130805252
65.28150341509841
65.492840794661
65.71819875298998
65.43943302464456
