0
3
d
52.94210838872462
53.58624431519397
53.56420652185247
53.04417498191707
53.82212659340579
53.16292724188626
54.72490635028897
53.38960606212763
50.70375760017389
46.32008638873512
41.344207360114815
36.423675367686045
32.98097394641638
27.858229573631903
23.965661589673047
16.48939352114294
12.025809122860458
6.865968835958665
7.721962783075268
7.063850963029267
7.929343684294085
8.822361316573737
9.878285723450643
12.090527796023034
14.344643852898814
13.522870984478052
13.109885814192099
12.728847791468498
12.9069198964424
12.104897562557298
12.450491032844873
12.560773280255908
13.203563727206298
13.846376314314707
16.227547806078306
18.224478203189893
19.468166696094986
19.928552613002207
21.462422756462807
23.11483683035768
24.0399999456757
25.311435519150027
25.990497625289066
26.174580344856537
25.83044245394147
24.911655899806394
23.53729244200957
22.910152060332603
21.26276874369568
20.921066569742106
19.55079432183432
18.59091292344362
16.363277451999124
15.02096757487783
15.544291257012793
14.837391829929459
18.561437589303424
24.44647561363932
31.95662345593625
37.552619137795375
44.49110367386043
53.93866302790826
61.97317248856513
70.9105637028166
70.63107100523683
71.64301515135614
72.62660050647449
72.96969697987083
73.26366170018134
72.04166455064075
72.69968552314342
73.46958200761067
73.31654755006267
74.04159811984434
74.91678946380188
75.80504089607503
76.13653067453562
77.91453466176213
78.49711561493226
77.94576792855042
80.8924291328059
82.57943535428282
84.19300729409218
86.71142887818337
90.28054639831271
93.31154963002982
95.71165259083634
100.78321237422165
103.99715300269622
105.61995444290729
106.64752376648437
106.49689242748046
106.29233081566865
104.45450267224834
104.13372812326388
103.57972726316314
101.59324524267362
101.70335854094688
101.01858643443755
101.77752076731734
101.41114731515142
100.77712722359331
101.21292604441672
100.67557033407374
101.43459115366844
103.68416710989514
105.40320768119824
107.23622713984611
109.75390283892722
111.02910945262911
112.16939173325827
115.97874230771077
117.11938958732647
118.7132412137936
119.32607065235007
119.41721043898538
118.3144439276965
115.00406187101515
112.76473997423315
111.5759125886185
109.42274156701347
106.65591759044956
105.67457429751083
101.8779867035784
99.97668612709992
98.17810055773677
97.3759688031817
97.36025755980053
99.5189866531389
101.90086697577912
106.55406238302555
109.16550593575707
111.9120911291744
116.64872878789305
119.57048372927882
123.75846341298983
123.7376738863177
124.07746125652663
124.05580545139739
124.00573801081849
124.7436083310036
123.74278600807607
123.46539638951322
124.6125240443738
125.10509538622632
123.8102240698339
123.40955328401583
124.50327930764996
124.5736460131128
125.10223599403294
125.61271936227962
126.12030959211185
125.68436760033528
127.5153281858278
131.08380969899034
133.85467778539183
136.96109648240525
141.67397868565547
144.31253419875554
148.88810325692975
149.79303622830662
150.92589729385605
151.59378933166886
151.66410563087484
152.60397843349102
153.38487973094706
153.53655673715775
154.09565640639488
155.40416279592242
155.09244790860353
156.56434744384154
157.4996198713272
157.64369654833425
159.42423353315135
159.51949131001317
159.70263847280575
162.16835966214794
164.03681182146596
165.1402651605293
167.72844881945264
170.46003224603135
172.29398865235157
175.41181686617813
178.85864043578374
180.88218539427996
184.22933342313536
183.47578790293593
183.91305775731868
183.2020234747178
182.11124388505993
180.50699752696994
178.70872232519844
178.9820969414984
177.50243601461398
177.32800711567359
177.28798325308733
176.4871606002929
176.30742302970032
176.16349832385674
176.1911164253901
177.27023810010866
175.81088971933352
176.08078724988803
177.36646283103696
177.2717874658558
175.86094744592037
176.53025592606195
177.42854620855522
177.4616652241364
178.06474087242776
178.61217584567189
178.41629498728602
176.49263581720015
176.2533508401717
173.55523853554288
172.70771562200062
169.5336523433392
169.35624909812753
168.18567266767826
167.73346949557788
167.0190160209553
165.86088771207912
164.93773372149084
163.81726384116854
160.50602780066188
156.51091044545294
150.0470299228021
145.45637926109143
139.62313159898
130.66074748308847
124.55543403016841
115.13026457967774
112.45051894264331
112.2682121491631
110.60808165727519
110.46614745167267
109.71587280602088
110.26119069614816
110.06060443390251
108.5680580162335
109.03517503939091
106.79300517128767
105.43996471578971
101.66297369830804
100.2962299307883
99.7323350369563
99.28568079858263
98.8335333614849
100.12022790823723
100.55612489360261
102.5316400779747
104.6546982397218
105.56197217798459
106.54534538602567
107.45837382500083
108.82476757098203
109.76317110682146
111.80243473535128
111.535236847147
111.75479115925782
110.1057177408241
108.79968028098209
106.67824332219355
103.92704511230279
102.70777783412123
99.61855039140238
97.71326228371414
96.2702561159648
95.0998376162827
93.67001036676706
93.5017455695251
94.15877666728716
93.57139845550822
92.85579619794842
92.63881350494486
92.07929258120124
92.1630354980215
90.35063514801803
89.4421822225273
89.41909062523918
88.194984061482
87.23774345237726
88.2780259734478
86.77473736950633
87.21360613531779
87.96251860870198
87.43905574629379
87.83548945485965
