3
1
b
74.32274733435507
74.7664292542359
74.53551100040347
74.96657910816066
74.79414027508129
74.17344709428198
75.34188513999922
75.2178792123072
70.16033996173726
66.66177877986023
60.31841801987695
57.018265058763554
51.23921038658351
41.81089199017176
35.410228190582984
26.935795453339686
25.480459996310294
26.07954884936047
24.702437834508416
24.89171903247845
24.57718200353789
24.16570930582532
24.801760260392996
24.55428812788656
23.4070290336732
22.325548728834658
22.66744121548628
19.24183754344084
19.601046968292806
16.506127946069597
17.107122783971036
16.788164740724792
18.003325882384154
19.15779098442603
19.66619640755213
20.604691590196833
21.241790595904224
22.34799171365107
22.03514631965406
22.69581161644898
22.930481274390857
23.361380039384944
23.060128338475273
23.98773242799484
25.130880355310826
25.38468801851764
27.055449186765244
29.659516419135556
31.223568901001855
33.24979415955071
33.647859838270925
33.19844443446103
36.02928979331708
36.76710550908372
37.5722612823581
38.95590835405668
41.978173044989205
44.39806752785459
49.13474475002448
52.79146778154063
57.53584825352086
63.500608493142146
68.60353268916856
75.83630854848174
78.22916324642839
80.30339242734112
80.36792182101162
80.60288852474406
82.36929308063328
82.1552853245508
82.90862045323124
82.96563528652648
83.64710693666972
84.64113321155678
85.49158407423823
86.97024912366652
87.48707638655026
89.54023078826329
90.45159439219672
90.95799673722755
94.52088698938519
97.94975341524972
102.18492278679976
105.44559815027887
111.0081646483207
118.79234892199791
125.46457247942503
133.50369588543055
132.33231331683317
131.78718664442195
132.4518913121348
132.39171947784752
131.2796713449283
132.39854514382418
132.13316403846943
132.36112690375793
132.080545128894
133.5341387461134
133.18510700191197
132.16072029638642
133.08460809845633
133.5926076420844
133.71727493412743
134.4934564490966
135.77213829539662
136.2649387190185
139.879091728847
141.34889851183087
143.63364144083528
145.93922742032464
149.00141632697608
152.4116975405754
155.72492337741858
157.50753860983448
157.5171280824528
157.75831717276384
156.68089817911795
155.66712842068964
153.57393394715797
152.42137498330652
151.57175717237638
150.02950926552177
150.32142736657497
149.4377709856878
149.3419176814141
149.20696845342522
149.09597690112898
148.26185204102063
147.31428191886005
146.8610625221771
145.63719891107831
145.35562292039862
143.5614029731308
142.10539696737303
141.17503790626662
138.98163607071635
136.69163597106578
135.39229913189837
134.7358854138772
134.86941224216432
136.96273086939834
140.46263692387478
143.84000215730197
146.35592864520262
150.70899110419597
154.0874069130668
155.60189701503285
158.70240732693458
159.4870086873764
161.68860701832557
163.31599071339875
164.57491013821334
167.833373160953
171.6478551705796
176.06607116834286
179.99454206212337
184.60611561682032
190.02969546652523
195.41716368500065
204.64184096427965
209.77708724929215
213.8974201074858
214.29839426806134
214.23116399799355
213.24687845285035
211.7935453930795
208.6725662923374
205.73501541184743
203.30620231433602
202.99559499728738
202.72789176314214
201.68827607420852
200.64556207178072
199.877332251517
200.36077233451977
200.56914014129362
200.6897590565044
200.4466385184433
202.89779717627403
202.72487035033419
203.94489666224092
204.892563840821
205.51443140124243
206.3389168348895
205.87021369529356
208.30347371434263
207.9482704189561
208.75975502607778
207.1983167770954
207.02759388525592
204.80080398124056
204.95810471173775
203.80436776499772
203.1314578429435
202.7451700628411
201.74086988073537
198.2968811345165
197.957604872696
196.90989437015548
198.13876831758364
200.23078776074598
204.66064712825118
210.96698925165336
214.8520103847235
220.3771306440945
226.8096439330821
232.87231589280253
241.32621433078265
247.60482494783642
252.9539069373546
255.47758254399798
255.88091658228058
248.57292952632042
236.83358632975546
221.01371419367217
210.00272778042535
196.68752950302118
174.55238244016064
157.35843206153393
143.5526032536141
146.45117334855703
147.57880132399129
148.72481165603332
150.0093471270816
150.4788676046187
150.3027768702105
149.8974545143801
149.5122700512957
150.26255691829545
151.34183512434674
150.45009749260242
150.3315254039502
150.35591532864018
149.8668898996707
149.07522943135416
148.69599923063177
147.23927238907024
146.7909833294193
143.84491493031513
141.88730654601343
138.62996403161583
135.546635528258
131.95522171791086
129.2538834827585
128.80174620878432
127.79514490454294
126.94955197211785
127.55930298944345
128.2588208023156
127.04380845441064
127.34362106615802
126.15302036006325
127.63491813605434
127.30020863943692
126.65365469907437
126.40821984916886
126.48657412606828
125.16308419029787
125.64333797846761
125.22275635195874
123.7277203281418
121.73039477240579
120.15158464091442
118.7758717389391
114.64183108056098
112.68564382856555
110.84368848778263
108.8814290279405
106.35674900004904
104.17318789839467
103.77422266427268
102.66887423789072
101.86874571874242
100.87417888105435
99.69859798286444
98.58539668624906
95.09990143893317
93.81030575515909
91.12403071598685
88.16038767467647
86.61274487408477
84.10994494236408
83.2281816998621
84.32353863131515
83.90906371710376
83.28555075368305
83.29553859810088
84.53463147986598
