4
1
a
85.05217262943177
84.65408286207283
84.75716318390991
83.99050669615387
84.49511873465936
85.027529903689
84.86959584141277
83.96531682398987
80.49629844508888
74.12905782552396
65.43813443487322
59.24248866538823
51.93814389555029
43.78681714807124
36.687951108168946
25.62301844990039
18.535842872958998
11.73844805167829
10.872678103626727
11.247456827218297
11.386603302163316
13.56450969540524
17.0058306048481
19.268250085208642
21.74604934405196
19.990110332658695
21.77570427011895
21.044674830367775
20.65415292740409
20.68180001931029
19.246381361909695
20.4295174783393
22.347636524720944
22.986037425839847
25.55866678431731
27.866232716788026
30.22890209725598
31.539645244273473
34.10194357447205
36.114787704342724
39.47551485488359
40.961510697817
42.13312707319959
40.781972544689886
39.49335206313056
39.48071802842867
37.277197518383915
36.344615253744905
35.951723673129685
33.69771994436771
32.05386178726675
29.945502847460663
26.67276597108239
25.394693896017763
23.7396635297637
24.70869520741954
30.369042102867894
38.120265717919665
50.321507940754536
60.73004793580451
69.893970704596
85.07278798703557
97.13231641053774
111.50258992176212
112.79067135059559
114.35004560112831
113.87399081980112
114.63287636151423
115.5116094405829
115.0013326431801
116.29283757790236
116.32207610515188
116.26922917773821
117.54095485749848
119.36591235189952
120.07044126887779
121.0387523726471
122.39682978456536
124.51642832269637
124.20302265047408
127.92403322526367
130.85840992632933
135.53232873774994
138.5146875949066
143.37284340029768
147.32113178911877
151.5510837707455
158.85293528225944
164.2876761404319
167.42340947447556
168.68287190247898
169.73573425875009
167.38659005388777
166.1162611982727
165.7534037707727
163.12629945326708
160.80556052562892
161.81037961570604
161.11243379092159
160.48356313406765
159.74412986479524
160.2588425138488
160.67407855047787
159.84192071713733
161.8572930912421
163.4943196160474
167.08120654958563
170.0694175063411
172.97649434755928
175.1928454948922
178.61345805874987
182.87678928323504
186.5528965106041
188.9565796557492
189.71298866133026
188.99292446721552
187.28554397564804
183.96872051575568
180.42529693886053
176.71449167763637
172.79800164032469
170.13341772929374
166.57343338863407
162.49298525374277
158.43097898041609
156.4574374947878
156.64442676918478
154.25493836113372
158.2094779333234
162.3467478845092
168.34797455844486
174.175137699288
178.42294257077296
184.8409314908233
191.13030852378068
195.7774910383044
196.71004497684976
196.119796159659
197.43845680400608
197.08177304649308
197.74165505428195
197.3393110243813
196.21196392097295
197.12177323720712
196.72599736970628
197.21546603607308
197.40783240937978
197.15494331044258
197.56359783876024
198.39190868439871
198.10574439462874
199.3119321091949
200.14651247820132
202.8439917686497
208.35693212376606
212.7996543101168
218.98671011665056
224.41259444665383
228.81205071839534
235.0563785669094
238.61443215349163
239.69087643654436
241.5946053776989
241.78299442921065
243.66798804359672
243.7447731600504
243.51746645216545
244.21525618747847
246.20768489693148
247.03795526455488
248.61800589857936
249.61645079718446
250.97217320314158
252.38307107039128
253.28243263770185
255.48391410521498
257.80135228840425
259.1144888016772
263.70131062864687
265.67028586586116
269.9343969163928
274.0511536149112
277.68305823894974
284.11142605900324
287.6020382101659
291.14123455936374
292.2813158496857
292.7234888865011
290.834616643589
288.79775886428195
288.1965883260092
284.682642429461
284.2502364227562
282.205808361635
281.94110257667506
280.2557979795053
280.73063430884196
279.26847628279575
279.2820593795731
279.94859245245095
279.88621667152665
280.50633278050344
280.23688958224255
280.2063995569934
280.33017148312416
281.6409780363859
281.2968836824628
281.73920953723325
281.526424912953
282.53665725447394
282.93260235879023
283.1371869005362
281.9247896797961
278.2553557004358
275.88846891389255
272.3466276812015
270.0700288683493
268.5204149681733
267.0338903029523
265.72586507208564
264.55887627043523
263.3075095702337
261.3750076520582
259.79259787447626
255.01573687805953
249.99593064306768
238.67511554036628
231.78788450936347
220.7339416173605
208.19602996975692
196.93020414283922
182.98399975522278
179.13933194861062
177.5401780907095
176.0798722367593
176.54433166898266
174.38936424124228
174.7172654444485
173.43344424289003
173.06634567082847
172.89172539516417
169.1704985991388
167.40562081496
163.79320752862657
160.3645556871972
157.65391645239708
157.300423973277
156.7340984013063
158.40181498046465
159.4186907890465
163.12381818445104
164.88255946296482
166.55765673473437
169.39385826456018
170.25667113588023
173.3898393247775
174.07896915841812
176.6525043547401
176.6418317608684
176.7068914053383
174.44266547618426
171.98044459210772
168.95921533969022
165.83604259247312
160.82204145093573
159.05377926655137
155.65347733909886
153.1727298806365
150.0321066066814
150.24371653930174
148.9831576567347
148.69373185936155
149.05575737404277
146.1134976612342
148.07070829674277
145.8277200857051
145.6461512612399
144.3122202232902
143.03379484300157
141.0304868568751
140.5795018461775
139.54236686907657
138.9703453299527
138.61444159267407
138.28832350511772
139.64671123543826
138.9766235714725
139.70947165241134
