11
10
a
66.54127435249646
66.8177260452576
66.38861416127637
67.43611914381793
66.54241165979084
66.5019967916438
67.18316158319097
66.40062130148884
63.03891526432188
57.20735453336846
51.4887571660173
47.045076232597815
41.523122632060144
34.76454743126739
29.235816881641277
20.33986486574821
14.691093248061662
10.371738202649816
8.069769687816255
8.996299883528431
9.041746539629061
10.28134391643858
13.565443023718302
13.959206061527317
17.194318643661997
17.166815187859896
16.750053416023263
15.863995986763774
16.10387638497461
16.921196145032862
16.06991475252353
16.322735796920192
15.72884556457754
17.3318607244065
19.888846812417405
20.58645979328178
23.32345184718138
24.129180475468367
26.52635403199113
28.364921878265992
29.75419866555362
32.64359216668802
32.13458275898375
32.29819357462419
31.47477628324811
30.608740020315803
30.003950223316043
28.724746801667493
27.194767252299243
26.2378995730559
24.941004928794502
21.996894691965124
20.593367603477457
19.36694683506447
18.274667154421188
19.07130542065166
22.171322954302735
29.732435309889414
40.64571997396864
46.99699055734865
54.93019263201144
65.77569954111345
75.74048407880531
87.91274094228102
89.03104899677722
88.96425417905789
90.06421846696044
90.13256537795897
90.21042081452445
90.53479022866718
90.03982293724235
90.9824534313557
91.34479664780292
92.17833994958153
93.3178795239848
94.36900454660446
95.27494164961462
96.69446653670835
96.69418687039212
98.09196755670922
99.35823869438674
102.53179212877491
106.29531790170363
108.89750001608958
112.20537204791442
115.89527369302535
120.09947285629522
125.48626441774245
128.90399576257164
131.83200728985727
132.85859710066995
132.2859508117786
131.32584565644805
130.886133877075
129.59182034345798
129.20366626812861
127.06160295188779
127.81806252632872
126.36587354042905
127.00860682916951
126.41247708257426
125.49323174622022
125.57410749834263
124.94830770361905
126.33281083353516
129.06560179498368
132.1174981720832
132.836048913263
135.5480794463613
137.92799531109236
140.35950283095315
143.2397017020903
146.6745957178399
148.39453242391969
149.20585227691208
149.2963949772285
147.70975040914252
145.6766415082333
141.84160585687903
139.6851236145535
136.0117488129844
134.49326621733718
131.84388221634805
126.70830597396109
125.84257896104499
122.25817814765455
121.6990882409803
122.13916450465692
124.26038107572326
127.36570034664256
132.39820875149582
136.20933374623607
140.23028522024993
145.29519885634235
149.85900700089766
153.86329199128315
154.51121124903034
154.8862326780794
155.1832310201463
154.33504829507189
155.13123951313534
154.22617542077884
155.42452307551804
154.5347496569896
154.4538216433744
155.65359814932015
155.29938477899836
155.71132176440307
155.90459651761083
156.71986175558746
155.62755522158656
156.64450699718606
157.9350179151105
159.31787729016466
163.04904695711406
167.09967070265714
172.95051978454083
176.649310633504
180.8405876294451
185.74284957068977
187.4423373190852
189.24938060065165
189.1466299269827
190.70791196773828
191.69972555113247
191.9634513697153
193.253825890313
191.97169450150335
193.1163599217265
194.7019722104347
194.95406012475175
197.12606897912323
198.24552551709203
198.49033192436755
199.9351587766747
199.5077180184799
201.88635011768383
205.1471236307924
206.74037144509848
209.86413954686344
212.42443859608557
216.0098397483021
219.1927804856463
223.2925606736073
227.28378398404573
229.63400947406325
230.90190642441613
230.71351978427742
228.54959392408549
227.9978550674163
225.71944202943828
225.5140880415706
223.64416128028734
223.0952342652426
222.15085011797694
221.7408381007866
220.88290255222896
220.761845162034
220.5622779588798
220.84966790164714
220.9488467194451
220.3897832087028
220.47213196549083
220.5228774023412
220.38049452831868
220.76847461236574
221.3689587072612
221.32042600399703
221.83353793568372
222.61071164049451
223.29868095737731
223.37243194580824
221.56256297491086
219.3753462257259
216.61469577702374
215.50992777022967
212.75829488498718
211.65650097599536
210.8608326604988
209.41105259105237
207.9593385343372
207.0920286200437
206.2672124912246
204.99529936006076
201.21469994538754
196.52261118368264
188.59072112745736
181.80672705080636
173.97277176514274
163.2499331685891
155.9679995962543
143.92954059789437
141.223078038111
139.18854930016823
139.1009692640241
138.4267875260002
137.15135946799754
136.59022679947333
137.2237071664252
136.31457507103792
136.10016190460937
134.30559926309135
130.88714451506291
128.13415514068427
126.41708595492491
123.70777983984648
122.36760996309273
123.37933248797782
124.16297501385534
125.58384994753011
128.9717029414579
129.79900297904192
131.29109325481093
132.75342841502683
133.35538718506479
136.16262855527734
137.85511428249305
139.9976964764167
138.97205348653142
139.179436220759
137.97995495915114
135.39581644232018
133.34936020250385
130.1773588004276
126.78744462591051
125.3707742761189
123.44604778122662
120.38003096333142
118.08336442114295
117.2546045422323
117.59277754374895
116.3068417430478
116.9887569588993
115.59019441306842
115.70480500255306
115.72869486022357
114.67757150732368
112.95611409224203
113.3784008455039
110.82171038649376
111.95921478708249
109.50504410912302
108.80039238320222
109.79232702333573
109.69740258201576
109.82584763303814
109.27514093125002
109.59251663605828
