2
7
c
87.78667187691075
87.82307810897707
88.33712012708834
88.22096002183824
87.64712527666225
88.32063713745454
87.74771741438738
87.4134275915991
82.86489778377532
76.90603274638553
67.68103121991223
61.29488856622312
53.951277567430445
45.72788938928298
38.362831699862156
26.706735676031357
19.183492559199447
12.937698856151387
10.932716822916941
11.862958891238508
13.411451663124216
15.920129095140878
16.565644076053996
21.019107037062994
22.95009964582647
23.120521253698715
21.7941355363816
21.474171900907095
22.453527681905044
20.942383918067836
20.374167650676743
21.757983028025603
22.10386930564052
24.008792852177027
25.814240938690222
27.856116377820033
31.744743003774776
33.13360390469212
34.37426556414765
38.461058435546306
40.60918539173659
41.507023304814346
42.65583550017395
42.85540491525472
41.82410031018887
41.4027292666607
38.649002608924555
37.92077871823047
35.72110486362356
35.89390203201022
32.550160140233835
31.063162309513146
27.174088996009317
26.188846074164736
24.12093969506686
25.255216480826533
30.792466504016527
40.0686741620713
53.116120935148636
62.38090182974799
73.96198493774588
88.39539121350914
100.40948224871937
115.16563433165182
117.57126923851789
118.23484867280393
118.1523265948967
119.62605106953443
119.06441115881081
120.85442291143006
120.22649195166757
119.17804785010148
118.69823932341565
122.42250244982432
122.94766911518212
124.19980021631397
125.15203394880642
127.3326819553889
127.5521629104123
129.1994163945544
132.3437696437757
135.2357906522599
141.0028565244966
143.6831117605044
147.32039821415287
152.7713098166317
158.07141100474962
164.9204943567326
170.663246912128
174.18033416614279
174.74350008692943
174.59161366079246
173.84731826191694
171.80498917312678
170.92157587369556
169.50177786709102
167.6143599274108
167.0826111474738
167.43963375489375
168.11250655946506
167.55440088089364
166.02504625593514
166.15107023765853
165.7767963761176
167.45879027285096
169.1843275440821
174.16967033371958
175.99119200490563
179.16230066120892
182.08922699363774
185.70904886989683
189.57937431102636
192.15687228758242
196.59109277274263
196.74743129306063
196.35698370508493
193.8959616022793
191.2997990343424
186.463874426833
183.43341857445301
179.5553954097064
175.58782228680812
172.67699077900033
168.09943264603984
164.35616616843288
160.65628781823312
160.36203160177035
161.34337112988533
163.8894836384188
168.35116167623045
175.4827129216868
179.03133303971558
184.07370891566742
192.66573618456738
197.59846716497754
204.42423857755657
204.70933625972373
203.90420095149534
204.58039151882477
204.16547043226976
204.15525846259214
204.10691982935057
203.67347200524108
204.5053703341847
204.2314352903719
204.84774600808058
206.03504142848007
205.13777815988695
204.46658573560023
205.2059088833343
205.97238787643298
206.60984863406446
207.65514030678796
209.8624593166389
216.37087827018905
220.91916425391653
227.55646171006725
233.3621620265157
237.67637977892858
243.93808460704562
247.1240617748357
250.13581955678208
249.80570072189855
251.6137583948054
251.61868825976285
251.1235226761304
253.36012908506555
253.80081479757828
254.54965589992557
257.05433780197274
256.9022215638667
259.3569885728953
261.00191245566856
261.9440121999372
263.0019092676222
264.38361563479657
266.24383832095515
268.7700510908493
273.084864623096
276.04956415894173
279.51281257995703
283.33107019152453
288.1786035731776
293.73710118649313
299.3090332449172
302.4500543397045
303.727500941101
302.68760173573367
302.19461556738383
299.3620554429873
298.4032980035503
296.9833465095757
294.028003425822
293.32815175027633
292.8786898933698
290.64967459729104
291.47351019836964
290.5650177830207
290.5687391923811
289.8418535758194
290.17894739288516
290.1134056646755
291.4141543646944
290.9588246610229
292.1982368228833
292.16148511018554
290.92499771585364
293.4946635513102
292.78335012784373
293.46161435638453
294.03266444865386
292.8652300807429
291.7139129525558
288.8382188785824
284.7029122480258
282.9417471848706
278.99232524705855
278.31260737161233
276.2711158657726
276.0312608417618
274.18832751531227
273.1225060364335
270.94036104656436
270.1205408755998
265.4644187428078
258.97500145241145
248.1603613164694
240.20123797652928
229.9221198655785
215.40001626124308
204.38692481192066
189.8074891726722
186.39236324548145
183.34501143202243
183.6593022256412
182.41408290397
181.08203532610185
180.18556808500853
180.97257533357032
179.36626204938835
179.9706724705022
176.4191355069626
172.84782906380678
168.9579085967194
166.86387412092836
164.3958954607614
163.52321930280598
162.25853929687182
163.52645270337635
165.6134793352086
169.3195105843331
170.12841123772455
172.94192847701896
175.52187398465182
177.32256562209577
179.64837154129324
181.1242643088052
182.09611618701507
183.6918169910175
182.95036752791142
181.59665097893435
178.57401001628094
174.23084381951543
171.7249544802902
168.54289531970616
166.06294396607964
161.39055332035895
158.34705754076785
156.1540722582837
154.6811247608861
155.18430927670389
154.66112018667565
154.1107432364414
152.41191489128406
153.0356221777375
151.90163462867704
151.5932311691782
148.65436393097556
148.96221699775398
146.04173736802892
144.4226777648152
144.67458705996722
143.95750710415606
144.28271947029398
145.4380256492835
144.24451194565216
144.8774155009143
144.1290307565072
