1
3
a
8.721360107663767
9.132637139406027
8.934824500387132
9.268273107508868
8.875770718139865
9.152223110188794
9.406190537358802
8.952088243688463
7.952445451232132
8.337830108755897
6.464876868510726
6.986530260103047
4.932380603138982
3.4234391036750873
2.1059662634571996
0.0
0.13389837058502718
0.0
0.0
0.0
0.0
2.027842553869527
6.364594640646979
8.715115059106715
13.288757571037879
17.81421558947465
20.245195983210856
25.55028849232515
29.123500233348448
32.42868279121203
33.19690927797622
32.13305656874621
29.788962798615238
27.030046151605788
22.487108420660693
19.035496558543045
13.030327991308859
8.798851229290587
7.059795016056264
1.655612530500778
0.12994181423180662
0.23676391797935287
0.7532621687446123
0.33323905151696537
0.0
0.9829241369313276
0.0
0.12267033979162872
0.7631210956804827
3.1598221090643173
2.148335534287875
3.133775655566253
1.8999540280844311
3.145139992111845
3.578387365154581
3.977002934394584
4.7121519235272515
5.720230638571205
10.390884902412134
13.701023013108198
17.13501278366863
20.275015060525345
21.18738072115441
22.45437624302228
24.948638379910825
26.378283488488847
28.384882589643052
30.024480857221402
35.81996556079846
41.49792173563761
52.02307996172177
59.55015273851969
69.71592999180426
80.1348971363664
90.66568481452079
105.90962843572315
119.49895824917338
128.313496334367
131.842096790653
131.6967142998578
123.31290994646119
111.02347684418194
95.28403279303178
82.71786515345059
66.86861324762985
56.62787311630961
46.390535201916855
31.06718589921374
19.694475922419016
11.18800058813116
8.587022180623068
8.846626476948792
11.85984141113138
18.36249561383125
25.30965952916753
30.779029556648215
37.707008124654315
39.96140548876965
41.484025152503165
45.697200451387225
49.34153242332132
51.53079808678294
51.92850913941277
51.65628641146177
50.55233303882839
51.0932583517467
49.95084031742027
48.77181898324704
47.764440417776434
47.93603206092159
45.76840837542937
42.844244154766045
38.5768692569047
36.33991366263507
34.78933497118562
34.97638551603461
43.654341337697964
59.56866149833721
81.09095741182543
95.7232793888854
112.79922336179122
134.32561548843293
150.57158015904017
174.3115974616887
184.88189306945515
188.91639837220146
191.03279290687584
192.76334702219089
195.26247310456
196.9649309132081
198.01704533478764
200.03514205922787
202.10456969316468
208.07219482782472
216.24049202352967
226.5085059038112
235.01735973948712
241.0624237850626
242.57231871278384
242.44651160964122
235.40221213485358
225.91282218360922
210.215129660978
198.78256526714185
187.201144167771
175.2247617455928
165.4554838234286
154.88836122041576
146.0882047947399
141.2864688662424
140.68064689644834
138.95712731419596
136.57921825405762
134.6475762786549
132.77921187715185
131.6129565399025
128.4675899561895
123.37025247257584
118.69465549010815
113.84905114138634
108.95529816104937
106.36779815628324
105.67832987273817
105.67499739290115
103.28407360674247
101.23417832294882
99.84274300330904
97.93025318995313
95.62300005290497
92.5213030924783
88.03139744829159
82.00575629295474
77.22800517487332
73.13428570685157
71.72717032324442
71.69195169153868
76.900372904861
85.10522297145283
96.47969688220353
105.14860186549211
115.41601985916155
124.7871835308002
132.39937408249241
147.0413313339755
158.56076491199525
168.26668384204083
169.80749902789566
169.5634736797948
160.1767646668324
147.57913183424617
126.97184011311832
112.22310582276755
95.431568430593
82.62958729057377
69.32339746103128
49.18174825284483
34.00676668219704
23.04943735822494
20.48166550514393
19.951909115036827
26.563205747942526
34.0032084483257
48.31998871171492
56.86312313033596
67.43486865397644
74.15405512509612
79.71767972819544
88.94648598550985
95.47674183720471
101.51565808483242
103.608220988119
103.03833061716267
100.17133277821037
94.06394131662664
86.36375068923878
78.63857738674848
71.28892959633562
65.68969403966743
59.9887712687931
49.12363890895991
40.83487198965552
33.55993285756181
32.335560507925436
32.25537136229896
43.38831276617425
58.814545392701255
83.25258431303429
97.84578237733336
117.15189187449961
134.50848566785564
149.70938999920295
173.9112995009863
192.20958347241907
207.01063512286376
209.45635575444888
210.51260776469985
204.43473194206743
194.7509774831291
182.09420987413287
170.96222547361384
160.6066049509552
157.37755764021918
154.02267012453933
152.2839839783746
148.9552311314842
144.51241355055248
141.47276090451888
138.99901247330854
130.89063872778817
120.66913149313669
107.37625664676531
94.8484561190837
80.23607361524091
65.87290131124799
52.67147165767153
29.973832388876456
14.1939253414973
3.316621701469188
0.39964622792711024
0.601778369130544
3.4057318034722632
7.422384252942922
12.831598106969045
17.373793345912556
20.965717346376543
21.169557674692708
21.90618022528731
22.513648869486456
22.280667460041755
22.208293813958782
20.948835125589877
20.986063268815112
21.91279653897965
22.644694124664166
23.552866398756557
23.22108800099574
24.65859343027723
25.456951954204655
25.053735487079848
25.288121647372616
26.291845665253323
26.649019269894037
25.896397573207175
26.15750176205496
26.802185958707017
27.0625857316538
26.414534647282665
26.35628059132743
