10
0
c
179.715521444524
179.17342835592353
178.87634820189845
179.02712246316722
179.24988648485916
179.78250072776166
179.89370170070472
179.1215569883999
176.1142013649258
171.84922510138196
165.7563633820226
161.714077615531
157.25063893832046
149.62014322958075
143.6542638698399
138.03087712506948
133.22717751890582
132.0607599455426
131.18451522290047
129.98106579398194
128.84067113870526
127.81007782750841
127.56681068520699
126.47307612067567
125.25023543212126
123.6267444156437
121.97419996484075
120.16550052268745
117.97541934968459
115.61686350599622
114.08599082683345
114.31818087303617
112.81958150852317
111.77299509435082
110.57135010952119
108.2630777764963
107.3872818145864
104.46249043552056
102.01871173220644
98.36152161855347
97.08938950565009
95.13016435226079
94.28264493949163
93.79846225539909
94.97407252268722
96.19012021876803
97.00433538881991
98.34625821845462
99.19814033985743
100.63425036062549
100.8986609970581
100.13296551054243
102.5848757506325
101.97459094163577
102.0739457815756
101.46227838591248
103.2951914859727
103.15520729768988
105.28322973062603
106.25220780082691
106.7469710137246
107.31485247739829
108.62738634846183
109.7708774183415
109.37622273955637
109.5524500278146
111.70419131732253
112.11523702816764
113.4725791006785
114.42110831719842
117.14033295128219
118.8981721387802
119.78978026245217
123.08162141289421
123.78849968764891
125.43641041069324
127.16334012865856
129.12712646762512
130.06335026735107
131.39800585674604
134.27086908847843
137.42123526988024
139.95572370505806
142.3708628570963
147.15094976494913
150.25192625987825
153.35656030223254
157.2641101985679
159.74598935717563
162.82522890296312
165.02016439469193
165.43687347156538
169.0742484909378
171.62462578254448
175.2950660385004
177.60688382099656
181.34850656637025
187.00370646057038
189.3374486689772
194.19063107203317
197.61806107256135
202.04170129259535
203.02633521713716
203.81211250089407
206.70288346993735
207.03182711931856
209.55012134522516
211.34120247185362
214.814445781023
219.35807469905467
222.8095213305176
227.2819406876534
229.42691153055384
230.68199633372524
230.77369001858384
231.2008067463226
230.77675872429705
232.01138958623625
231.42465458598673
231.6896208738422
232.845040264932
233.0316763320231
235.55817154814002
237.16205045097908
238.23609450742475
239.03905087753333
238.71929782682764
239.03706331366752
238.99757853666995
237.88264730509457
236.08072619908057
236.0901132469762
234.70541671743769
234.70546810713074
232.53034040887755
232.3008017338549
230.64359158409627
230.57539352902305
230.8962278562312
229.98829893130375
231.2229557911008
232.71703795772302
235.50369166191695
237.05111559372884
239.78134052732108
239.94371322195906
242.85730606184367
245.16248519918148
247.3088270826305
248.64316195726738
249.23197090078983
249.35510950906186
247.802938845648
247.95357014599813
247.78631695505874
246.6822452571294
246.66514060366535
246.29274733392512
246.28315508546055
247.20802826839306
246.23789331009093
246.31500128179965
247.24570845207217
247.02746502689854
246.99441832691727
245.5136957330384
244.9530460844492
244.48752101638448
243.35555361712997
242.92095746627714
243.03681840000337
243.3403404143163
243.06462846975552
242.06044972479535
241.89254620603336
240.8181956354278
241.11582095175228
240.1938989454249
238.73950945520534
237.98002697803022
237.56542188042144
235.6355780255011
234.61683448597205
233.44278010327704
232.52838632599116
231.51524257011394
230.81655621987014
231.37212559996203
230.50309969966438
231.6536754927465
230.6362145325525
231.04920692387265
230.6625278879835
229.44230111673787
228.13805237002916
228.83556325486143
227.7670095166171
227.59943946654207
226.9239789861242
226.3794607535959
227.1560331465258
226.2672914391589
225.50493678218265
226.25711996466984
225.89103555342763
225.59182538912182
223.97075349352582
223.83907035901044
223.04468544832665
221.64331348840602
221.791549886067
221.5628557926666
222.13947332436194
222.77280805909814
224.03083995829712
224.22759213874482
224.85877486656028
226.9891525725416
226.51859320639173
227.85884675934656
228.08565908754665
229.6451734112784
228.1983327458705
227.99502366605262
229.09117215749762
228.2518031028134
228.02717477068228
228.43107974629868
228.2306686910597
227.75713047684533
227.46277366637656
227.76310697465382
227.49717735415288
226.4490213174105
225.19242972699428
225.96135155978823
228.1294354725634
229.17555307886192
232.20721462619895
234.74544003638067
237.56436038497853
241.01401343828965
243.40974937638333
247.2300947337135
247.13652611754713
248.03921991021147
248.97678089944495
247.61646427154017
248.85055844149718
248.5799137087794
247.7186872570461
248.82177741637716
248.85250909180328
248.9311446297221
249.84835910450045
250.1634174264017
251.46208739939664
253.17863986151252
253.0238529470494
252.57580551813012
251.8870297841416
251.11794918783892
250.63248386570714
248.77818518290255
245.47115345574514
246.35140148011624
244.34529501775526
245.1216898266141
243.8422706515568
242.79038090692225
242.14098194205062
242.34041956037964
239.28762546786814
238.51825347437241
234.16307563114748
230.95614360254274
227.93439098685914
223.4857270706178
220.81985463624014
215.76475946510325
213.93838399940338
210.90311669374154
210.85041830659696
210.35169288448188
210.49233427744284
210.02152766315254
210.9232565053104
210.78126004441205
