9
6
c
113.48389370922271
113.72888135489319
113.83857892483685
113.3473607556401
114.65983524194556
114.3224033755859
114.1943655614391
114.04951220415246
108.58489049684613
102.9136386037221
94.23483901711911
87.50095367137729
80.22013994733697
67.1131711875694
56.52589690641745
46.37261509000697
46.670542058576494
45.839296567336035
45.6869600319671
45.53893250214012
44.45031732377309
46.167505178652746
45.2047211959974
45.597926911398744
46.17100021326316
44.296110089313856
42.44591202059797
40.86450648185703
39.39597320976405
38.52661803648032
38.33117892251157
38.7129291693834
38.72989284849791
39.38658567147447
38.276385112228105
39.650432404546706
39.90572161118727
39.99417021444103
40.87700902093983
41.23771650841744
40.995046476322074
42.93736957595208
43.97006388630707
42.62080968749287
40.831576742415876
37.663636137381374
34.00851393088347
31.265357148246792
28.27327322223172
23.550948326811035
20.77710721866746
15.533145975713113
12.346205776172182
9.572146510515138
7.831861502241507
8.261693924150377
10.949361303197295
14.546948664146514
20.529027476900573
25.292402961864532
30.224423591614464
33.57633030562088
37.556995952504685
42.72202442696494
47.952916707424514
50.491629303842785
50.54039057862929
50.91272757244581
49.89191773773164
48.06461332742384
45.38642718828934
44.99179562011211
41.607028221461555
41.696903424134746
39.82190725917739
39.24255759427555
39.38692886344253
38.28972340449282
38.293305429046455
38.15926653381772
39.278326841105496
40.62078009547014
43.05126481727471
44.10057986917442
45.358071669913706
45.88736252953528
47.32693314290037
47.073705930438145
48.380137483822566
48.806825138464816
49.206901787042206
50.88070454502594
52.15886551526466
54.01907638083391
56.12212400806527
59.38260907018521
63.05405343252522
64.91524230054326
69.26731191050534
73.65077324020731
76.54965773793029
80.57319267274461
80.85878031563341
80.7579935757722
78.94700131938649
78.43419413593676
74.6577952712966
71.27846862457599
69.59225518098009
68.91445505398342
66.88754882579636
65.22663885891942
64.86112098453607
62.74351311688562
62.136823086761574
62.276919244078364
63.66556677718514
64.2525133474079
66.11059869525214
66.28182693375533
67.39140091862495
67.35696112382999
67.1896147363231
68.40940742660834
68.2217925308462
68.74796278327406
68.92119298097387
70.632340054278
70.12732484347876
72.67055627212922
77.93139920296414
83.03215912476725
88.82851107025276
95.96748416578346
100.27538091495377
106.64063512950514
111.35739452021512
113.04957207383752
114.22520870912311
114.19981320140917
114.95508917959359
116.69972407948767
119.02857155346292
117.50631432903283
120.65477638032594
121.5374223373091
122.9066831147458
121.79988634021672
123.47333503422283
124.99476507396929
127.19618491398344
127.93957391615217
133.46269437402015
138.7870092027978
153.705893771972
163.76566305230074
177.68033570542045
190.2284581842453
202.34175535773352
221.05227299216835
234.49724430182405
244.1383481099584
247.9834524750966
246.83514328713284
241.12388959036818
230.28032746547962
217.50840783048372
207.35819565244324
195.5627621411691
180.14678382836763
167.20069779811925
157.91861562115548
159.54496826799104
162.09308156616956
161.0145471772844
161.64026067301657
162.85250978549738
161.62656838275657
162.21265486944696
162.38583903900619
162.38324541178073
160.65121132233054
159.69544268512314
158.30446437468277
157.08768395827232
154.22277413691768
155.13656610012404
154.31136619566522
157.88589797500973
163.29774294462814
173.2463866035654
177.77929840399347
184.69010036978565
190.93971390267149
196.48650369311036
202.07365973258612
207.1640045445708
212.4895741164735
213.60008497216813
215.8338483677234
219.40363023526325
222.32653030883105
224.9430104275629
227.95376335993433
231.64102221730082
239.7165836640725
245.12808356933417
254.20883684126045
263.22327170548385
270.1653688851316
272.00596503417285
271.2686037158641
264.177903633529
254.26036933885752
236.6403062490251
226.11036015517982
213.28174992862174
200.27432051200077
191.61988495583108
180.00617486782747
171.2765637841352
164.05687772932038
162.8167531563632
160.35403455632587
156.95422304042748
152.98649367182168
150.43996885963804
146.68369272489443
142.26816326559774
136.17102031583138
127.99431185912721
119.35748754994327
111.21303321170555
106.46881605522897
105.25683042996347
104.35036965878012
106.26205114044099
108.37139448753528
111.69967144768465
115.61624601200042
117.62793980930651
118.08812009788453
119.0392447162165
121.47231264908028
122.22496949617607
123.13329968397078
123.10699042026738
123.15984339734698
122.02055091837366
118.50367843074555
114.63862849224743
111.98640186848868
108.03832026885831
103.97461233973054
101.190078124002
98.17251735729927
95.55222966408704
93.4903549404811
91.78898664870717
91.62280775690856
91.45845032095141
90.37808281646113
89.01957061484703
89.05899135842827
87.47127207021445
85.98923577237652
83.39937166442932
80.29297789337404
77.55624382072564
75.29143863322294
73.71216562658066
74.64656513753457
77.61442778464638
80.6876818857733
85.91503300352986
88.30086692726564
91.71949607136168
95.56863114145082
98.15719886401094
102.48137800983206
105.91856528703089
107.3033167004114
108.53308752540852
107.20454607077343
108.20033388220733
108.77985912242414
107.79499709155232
107.38335640331948
