10
1
e
286.62334313443705
286.860418532184
287.8496621743567
286.8440980298119
286.6033816922797
287.1105581722697
286.6732022838934
287.64767715422687
282.08151389869255
275.794677151398
265.45713106406714
258.16150464270345
250.5530399899448
239.3109690361993
230.48181467375588
220.59714642859532
213.20726501058766
210.7947592401703
209.62368750649577
208.92379956254516
206.95780760404642
205.18750836812043
204.16351101706363
203.08082371087698
201.23913184830894
198.03876614590027
194.86986075192675
190.74234143119216
188.49533141148396
186.2184192455008
183.93152314094874
183.12229118840298
181.30116825004973
178.973392372779
175.94415058433665
174.86532255854624
170.76902605433364
167.63213084167035
164.5129618283
158.03481186765902
153.95392857906737
151.09030699132413
150.34685850055905
151.20236343194412
151.2239611112628
153.9420403522929
155.34199879844678
158.5146661551142
160.24142519018991
161.35130004993897
161.3579965586365
161.06892280006426
163.28043981611683
163.36368802711303
164.14982514554413
163.928113374796
165.49137434721763
166.05342571431052
169.28255529723089
170.18916428901412
170.46240195528588
172.67437641642098
174.3833872542611
174.44399222472757
176.16590821605874
176.80482809279815
178.86752489132155
179.37451712667635
181.5924984247136
184.43421294310264
187.45864275403306
190.2952109632926
193.47573862944364
196.86113119174226
198.8228933141779
202.310650709502
204.64970456017772
207.2518618385761
208.71302885195806
211.02638237128116
214.83043160609273
219.64499578304614
224.90217221156547
229.0950170122254
234.4872607610013
240.4639162185751
246.05785201803846
251.42542665436673
255.58963369503778
260.86093639644395
263.0233805997944
266.2251993770606
271.15309894337486
274.62952673527315
281.11947549596067
284.7033296710276
290.5140759309933
298.17938308127674
304.0223818234866
311.8142523670951
318.39940142684554
323.7223074427898
325.16365020011636
327.40396818129466
330.92716431431654
333.75735069230194
336.39031566010294
339.1559717073193
342.6602970319236
349.9814500474709
356.2731759097387
364.2614845606002
367.50281189435333
369.22611379017457
369.37180970461054
368.9550543594701
370.7255589014125
370.8500866016446
371.9528563785336
371.6993652546479
372.07999059535047
374.58444212520607
375.6387119251532
379.5538695544886
381.67949130960204
383.39141676979443
383.35396123767083
383.17578300864596
382.36124177865725
382.27475007235984
378.78645788948427
377.8635385333889
375.8493856365426
375.4729262106119
373.6869491412743
372.5366350736326
370.5930756104575
369.49941655241986
369.6560213908641
368.83529693376215
369.55127343717993
373.77667501393705
378.27337796246013
380.3838848122536
383.63263164224804
386.04475287094425
389.04706194409033
393.328649718721
395.2781457432025
398.43484042213385
398.80732104454927
398.2224201235416
398.215892017467
397.87690625051823
396.39306223877446
395.7159990912217
394.7695452596912
395.16500517332685
394.64646771217804
395.569979721424
394.70601049440666
395.47518002203117
395.99155926249205
394.8404767581756
394.8815553081417
395.16892149461086
392.92422565943014
392.55233567207875
390.819325431482
389.9107426535594
390.25791864954095
389.1090149582099
388.80412345661364
388.3381526975169
386.92994721385094
386.99311751925256
385.8796053762
383.997267965437
382.6472155549136
381.9066636338744
380.24276769505946
377.13791724308624
376.92316203462974
372.79173439001113
372.1551581420927
370.75146443978355
371.09407359395425
370.787531045695
370.3856779466726
370.18124949398015
370.0892597425082
368.84967457151225
368.6874800767228
368.8275447426158
367.41503659122503
366.55661169095254
365.3593632355007
364.73504252363887
365.1245314563074
364.26088647089017
363.90013198587457
362.2669623978778
362.03415808361916
362.04912053067596
361.3319722786988
360.199119243947
359.4312481007362
357.96656679008083
356.68477337973377
356.0706828575281
355.6183054166689
356.2670123587088
355.43192824393446
357.59643077119875
359.3915218514786
359.14379467453205
361.42960130944965
362.4106284512718
363.18361546521993
364.17206695191993
364.86145188609635
366.3163083441768
366.5807278438084
365.96644460198416
367.0788006859396
365.5124104762796
365.2137426554738
364.87407284932465
364.7369668217479
365.0628371756821
364.53216726685434
363.213433604125
362.490285905897
363.1714325591316
362.36962874829925
361.7198460527791
364.8553692155812
368.0040967739565
372.08036653087055
376.6135176459724
380.2891021226581
384.76457996803333
389.0906661287022
395.4561362569841
396.1900011141466
397.7553375915436
397.5249151152398
398.5154369394819
398.2886049766479
397.2453108952126
397.95907431930345
398.69734791797805
397.73019938961767
398.8403114936531
400.63346996128683
402.8936272485887
403.40725722604634
405.5304438612462
405.22236208392735
405.2189680657225
403.5124013593538
402.37529144249066
399.61916969018176
398.45225030873144
394.44137244921944
394.8680277015015
392.4481908766784
392.423518150641
390.7336682382241
389.7663867372599
388.6008505443791
387.08873377448964
384.42720583643296
380.61517041077144
375.37555434774384
371.2745326753502
365.3090185740723
358.644926990014
354.0676272185187
347.37329487432936
341.91183811265023
338.273443497759
336.96342691046146
337.19124280913053
336.80412262988716
337.3046083104057
337.3236831962913
336.08463247348556
