8
6
a
88.18710743669796
88.4077389158228
88.61383570901815
88.02906181265939
87.87887104918066
87.41638243886565
87.79479095065082
87.47168488284055
84.9598075445514
80.88306397520408
73.92806695213206
69.77708141302105
66.2625687937021
59.50445432100823
54.522442001841846
47.16042550497912
41.98232309201936
38.28550101733596
37.220049945370164
36.836380604321995
38.22951921317724
39.32095292847182
41.54036112883249
44.38095627473783
45.93913949052968
46.149353213262785
46.2312148767384
46.009283398239916
47.185868062934325
47.08998056878502
47.227099401803514
47.62448408383006
48.47877846235135
47.62237790397206
49.092371370194954
49.21248069347564
49.97627029655251
51.054442165581364
52.10027432756932
52.38627416723319
52.62829199298813
53.302040736064555
54.640781888982374
54.36942773902947
54.197184363636296
53.30991633471336
52.27451856922347
51.555132280797444
52.78835624490755
51.65162403851835
51.051788945294994
50.89142522393402
50.876545237482375
50.63743541131288
50.06468285571187
50.70000663935737
50.055162647992304
48.96604852002488
48.85819950926469
49.155084089385205
48.15490038654999
48.62897083323676
46.634411008959034
46.157410144619725
44.1834350424201
43.588672071452
43.991749616065384
43.37616398945017
45.22320657896601
49.116724228211226
53.490633605043584
57.894807874583435
61.61637390769827
65.0482456506789
67.69296648085782
70.08434905627996
73.82875977732134
75.9370608064682
77.43270682748825
79.5840413978135
82.67708591580529
85.82122054967499
90.0855765266301
92.5723778864198
97.40318398133913
101.63447338387692
107.45096227068761
114.75909669238364
120.91490612763788
124.66583589196162
124.70633372851478
125.90632052295886
124.78455456805669
121.57957560855712
120.04768657396463
118.40138212178242
117.24718249409527
115.99445510998923
117.67210779318755
117.29195028532769
116.20230278101701
116.78368164139845
116.03046307778648
116.25841965241173
114.71485919163776
113.79575650242907
109.39093812003331
104.7384970944333
99.10361936947639
95.48322505805436
90.77395153830822
84.85289713232596
79.75305860655828
77.18501051065688
76.75605605739469
75.55991638069068
77.0616034675713
79.33902427624064
81.6594241591538
83.59354169741339
85.50947332231688
85.29024717227905
87.00602303634328
87.66090936051793
89.39832800176693
89.30088606724937
89.02851302407545
88.68629249680339
89.89695855603503
89.99442741861745
89.35934888922324
89.74980346418276
90.28971434572682
89.73467916152774
90.92742243787971
90.35802167331624
89.20592101302749
91.3563163001941
91.77045692341788
91.35072089026764
92.05693066542241
93.468704248563
94.88620297578872
97.6791649809773
100.20826731640767
103.12018884616788
104.97862061323063
107.93620631854098
108.95860794046553
112.06696714141185
111.97759211099927
112.62373091941136
112.60794470066132
111.11433938566225
110.5033941550833
110.53128476021975
108.93770930391594
109.1910909027632
108.14172578648719
107.09460868146184
107.38920976372204
107.02810650867542
106.07238652808655
106.22112222552632
108.00025284686333
111.59142526607339
115.70466726257058
119.06247942917851
123.17282211816868
125.70584306642073
129.7385188055544
133.89729103558645
136.92336824438416
139.66254966891825
140.68474913757169
140.46613550927333
139.38864089464596
139.3327163860328
136.29776764055046
135.58438302087333
134.35802941322467
133.55161149900758
132.54457504344927
133.8094924856847
133.34587323661734
132.6687741745986
132.76256590384224
132.75979671371007
132.47257082992823
132.09798467724426
130.77107232049164
130.47669018303802
129.87679518081876
128.99863879987785
129.29683366973515
127.78230256530635
128.37837857191795
127.9087287663637
127.53853306947528
126.98158250513997
125.96579955038752
124.96081128772133
122.03934399589073
120.41316748043153
120.08017375462644
117.66952165363384
115.19890653552565
112.04467861429266
108.51714974916489
107.32728013755279
107.34916676247195
107.33717949459606
109.47286440123693
112.66441488760637
117.52243958673019
121.6848078215531
125.86697508432489
128.8249243822265
133.23726579022656
137.37583945005795
142.00724747830955
144.49276436255022
145.29252451896974
144.5738517298668
143.1816123312311
140.53991619311648
136.34748176555797
133.03436035476187
129.5777026128563
127.73849505771972
125.31761758503046
123.52221616185095
122.12790278143301
120.13862865846117
119.67468294419808
118.70755432505052
118.14704227591349
116.7226395628963
115.59788219894098
114.30492375936053
113.90480383145538
111.60653964040173
109.14612430518581
107.85918569407619
106.42400835425866
105.63308057522794
103.55155492976057
103.62055364942904
103.08567747130047
103.91920175194943
102.90767666659521
101.75878580673027
101.84413226337116
100.53042300779272
99.30302643403486
97.77819493389752
95.68152989957899
95.05626287301104
94.17977750325412
93.93847575498536
95.15175384899858
97.78245398693363
100.68041863393313
103.52591871384065
107.08977913260325
109.15470534342344
110.82675694360161
114.77709841647398
117.89574158725942
120.68239665696527
119.84804278125378
120.46367377657198
118.00726675836927
115.8371713547557
110.81132230785032
107.2233671781824
104.2443139327691
99.86420796783722
98.14533530688996
93.94736359157396
91.60045940854577
88.54542072398183
87.95729546463163
88.69643518769213
88.1546077353904
89.09937022860287
89.09377850919019
88.84878279409769
