7
3
a
38.30872943335075
39.27693846590824
38.47090085118396
38.2148574703453
38.00148991015315
38.655567402503365
38.61913758213547
38.36552591204494
37.730272055709555
36.777859857623156
37.16675410353655
36.240099193308694
36.41653172020997
35.754425349575804
34.461985111191055
34.667045263206845
33.33438500666806
32.85270205029944
33.17548861932837
33.2971244660198
33.6975715848405
33.97433923970658
34.482793567896955
35.70507820211178
36.23832031947822
37.317099933118534
37.38135535150667
39.70665471641713
40.235438760440005
40.358841296269915
40.42448944127114
41.414614607708614
39.65391906436303
37.69270532936924
33.41374245308184
30.53319532487552
28.36155107341316
25.899546225595913
22.07546409598945
18.3111849871536
15.84169816672474
11.20942416377374
12.52056666240015
12.525991257951606
13.110078230894775
14.821059208105435
17.27102720514902
19.00766797373305
20.16585567239938
21.985432048426798
22.05143590422342
22.000653863279364
22.71956694863007
22.613317944196808
23.79843857275302
24.965518634830406
26.281778887060327
29.266441890398543
36.64550797100926
43.04640015905911
51.86108432415967
58.596053863051935
63.50740312734899
73.70585536099
79.07958809829746
83.97447503437789
85.65545364580895
84.79663726319055
84.52980914289685
83.32482850127408
80.86653654433822
78.89911066353058
77.10889833604713
75.94344484849728
75.6825958414306
74.8411902970616
73.72296131691758
73.28159769067805
73.50344361895658
74.14980534290854
75.90078551196873
78.84245710552287
85.48924397806387
88.99992778531957
93.94340734853495
98.50737462157446
101.46107943113542
105.57242940265539
108.87339839471919
112.66863569249618
113.14510888137305
114.20046888436806
117.21474838676144
118.11021959438642
121.41196982816523
122.62973499792653
125.16660938952934
130.06221128398786
134.58110708512504
139.8574927837796
144.64985304758144
148.4865471171923
150.1630012405096
150.28100581389035
146.475110256548
139.6048666995648
131.4712815448871
125.68908320472956
118.93106792226773
113.53492477094028
106.70066014003038
99.37818675551362
92.43428652706821
88.80743769415471
86.05662003993432
86.37627153337544
89.80681710495136
96.19995345769193
104.02797282360586
110.71292014390588
115.78463008401782
122.6064614257861
126.07415468149367
133.1382351784729
139.42282516082076
141.97408487405184
143.5035097880505
141.9246957206846
142.19803122924137
139.99774938457716
139.34546542275083
137.76191418409525
135.70257964284534
135.87278772967534
136.12861821395026
136.2979283720021
136.96301216057378
136.63872907386767
137.30057862313515
137.34626022836878
137.08917282097664
135.35669258129448
134.43080634328803
133.21785607574364
131.3323642962467
130.41315108175573
128.67327047193194
126.11066718512005
123.60182125999704
121.99709818683735
120.42178167609707
120.97352649795184
124.49999163749766
130.75623109009314
138.99063174092333
145.72136742384924
152.9449390237636
160.13622963153415
165.6416321917142
176.9970228249672
185.28769079353222
191.4871804818762
193.17899190666014
192.49464817051094
187.71408374495925
179.098291583176
168.71936432606094
160.62816402065013
150.39230642394702
143.1797962718832
136.64565947275744
127.30577998407757
118.89770357361373
113.77980858700741
112.06005868876713
112.20542686646245
114.75616119320115
118.23983789633482
122.22001870001279
125.50650983523016
129.69899534897488
130.72645332861154
133.38818031447906
135.28097686412184
137.47337399812199
138.75235615894945
139.721843233802
139.17861288595742
138.3707515350672
136.3819603079317
133.81809420718844
131.6099833407498
129.54476561056234
127.69636609164493
124.88897472452197
119.77584811296269
116.02498523341158
114.31889454755576
111.93005540814407
110.75115581734485
119.69537856494604
128.82213566331788
145.82705748122692
156.09727047234432
170.8650125602972
182.3842657403867
194.56948459273357
214.7875184354162
228.2373371921884
239.50194098236267
242.9658199047319
243.1942867543585
233.1510051370641
219.6578275210725
200.25159128851928
184.63541714690209
169.08354822120938
155.1449796895122
142.35202393371765
122.52306205310958
106.38108785078657
96.04519968250067
92.83066773245743
92.73703236371207
101.70384935471215
115.08638418516003
133.36779033287016
147.49474336120704
164.06610783623577
175.78020368586746
187.08576001290191
205.2844526522492
218.2298363371964
228.53913849752706
230.00544826183983
232.1112661915287
224.028689309434
212.59648042730242
195.76077710475144
185.92825194124887
172.9854824145071
161.65269217454323
156.11473106140753
145.7299847606301
137.0721706917056
131.44556372673603
128.58008434801587
128.3981332344357
124.02826687782122
121.23826531759431
117.89543624666105
113.97901182785404
110.36768890874052
103.92938849988084
97.60245753723581
87.02994899929554
79.50516279563456
74.07337843318486
73.9982530466254
73.96805129610316
76.5555849821838
81.10368273574767
89.04227224419654
93.8801977049801
99.47871090480561
104.80909053337784
107.72608498680212
112.97879005197215
118.2973322328538
121.519525285864
122.17604826344139
121.7941418351655
120.35966500562617
115.94365915529119
110.79292513873663
106.87961100491133
102.09974492782833
97.74397843357664
95.77573419279668
92.28490541704026
88.4104011667347
86.98957025551348
85.61751588973016
86.29171528346016
84.98786245924998
85.79826474547677
85.77437490545215
86.39650650122904
