11
7
e
124.40818912140895
123.01567048423848
124.38383241411975
124.3696020216029
123.63989782356136
123.94129661842857
123.47760468495777
124.23079733571583
119.06419290529364
112.90237903164571
102.80140571492589
95.79534005286214
87.50223535816235
73.03136552417006
62.0329684814699
50.28914598402041
49.33922676567664
48.88647529112316
49.61798017372941
49.47344980404724
49.61804832878529
48.38087735058909
49.63266640511192
48.12271544102504
49.52985827785602
47.61456974866007
46.45602462965857
44.907298342714874
42.78287144230259
42.098348278331194
41.31012413532848
41.939815576164236
41.78243481168528
42.507766000092296
42.207848213601515
43.43680688573381
43.55866945395927
44.214930102370815
44.01319421863211
44.21295750875029
45.4144624058242
46.50807262896355
45.93442029337569
45.97621971396375
44.41080101905781
41.46906783948006
36.8422864200609
33.655693009158405
30.15115649902741
26.3374006411474
23.23440307092788
16.565972760901214
12.773044044978578
9.64405087750667
8.952149002053456
8.353221430949121
11.460442622398919
15.196085358837276
23.785789761921244
27.61153866205383
32.044642312046996
36.21889129249195
39.54470254943249
46.588933486235206
51.17170994609376
55.96547965366366
56.29416851892623
55.16882985523335
53.713223457286475
52.835108776122134
49.53092121146104
48.448549861201094
46.27543548806139
45.749671380211026
44.59213326328468
43.662630161769734
42.861047526183675
41.46109820962522
42.33651375210581
41.5155183720217
41.9669352119825
43.806623444948556
45.89929856152705
46.98257436764627
49.286913111934474
49.79027249243676
51.352190701672825
49.885534727286846
51.99895126042172
53.86030547579829
53.1671498935144
54.57700390655169
56.312213448679444
59.540918985021456
62.69696299298194
63.99271777981281
68.93437161091182
71.69314754879706
74.36298067672611
79.89121623706883
84.45185472603335
87.44309361354696
88.1047972716484
87.51313152530382
86.04308893152476
83.65592865312401
81.30648777448651
78.77083501180665
77.0977336643105
74.94785164852738
74.54437804173017
71.801624849725
70.0598640408687
68.2408434570077
68.9781056910799
68.1839215925713
69.13359360143805
69.21130276590947
71.92340635185145
72.46901980173767
72.80233754954062
74.32511292948736
74.20649073982399
73.83873174703679
74.59863786119627
73.85403495626022
74.77420689139323
76.10069644799125
77.55926005456534
79.80099773286389
85.03620830118989
91.1335655690011
98.12694494495274
104.16744409931648
109.61534985981447
116.28690281666167
120.86926592455679
122.911803064282
124.28081514486307
124.81301626282665
125.99047423742405
126.98763367919422
128.10451563315024
130.1603801573839
130.7873651982856
132.95557389625372
132.6952375567484
134.11487591064434
135.01076851437568
136.70555427956504
137.41784778706264
139.90998420091483
145.32515273370572
151.47114186372056
166.52116029509855
178.06843928253795
193.34136803949406
206.30963185890158
220.27330175058168
240.73844102657077
255.55721226778317
267.6491050806695
270.4858280893261
269.2546754701085
262.38725868589654
252.07737334724607
236.22680414287362
225.8868927453969
212.17018151619
196.65167026125198
183.53775055587286
172.6639985952276
174.11364885704984
175.05526178987648
175.79516865565122
177.16491366256153
177.365974004612
177.346587653445
176.68971455997803
176.07459516468165
176.29602139370382
175.82471208714009
174.78140254543743
172.05845801678046
169.85174963843295
169.02447940434513
168.2914045356086
168.53079775581358
172.57550698191366
177.39486904521465
187.1617450421831
193.31546267282346
201.10946918984754
208.37389110788922
213.80377430020195
220.20656496078823
226.1316635283288
231.30283263055492
233.0214722301293
233.77947572436634
238.09868191001638
241.50136619528357
245.30526339294533
249.65804230511503
253.31457684559084
259.59233600775286
267.88617332181593
277.800449711522
287.8569171272719
293.9587120867365
296.0136366944487
296.1693033937085
286.3778859128726
276.6809225928092
258.6539784298504
245.85451490409667
231.67222470261558
219.12466576683337
208.36024850246838
195.92615289314818
186.69292142107312
179.3245865783219
176.76142608669713
174.98745643519334
171.86158634245618
167.25534200991717
163.28036699756444
159.92626327908232
155.77404987798317
147.77776363090132
141.46771105371568
129.59905817738135
120.73561798374342
115.97617897814519
114.3759665373606
114.64144614346917
116.58940805646144
117.85458549085097
121.81001680141708
124.18349027063094
127.38624028466069
128.82996598073834
129.4622957704783
131.4071690339325
133.07830490073766
134.4182889891145
134.09480883468314
134.20244858312526
132.66052335175422
129.50081532492513
124.7347046056833
121.41211932470324
117.17242711024176
113.17718562495726
110.55889429758147
106.44839713334821
103.46454845804783
101.3830196552785
101.41092984079464
100.09602959239157
99.1405169080622
99.02026080807991
97.36008675633343
96.29675995899697
95.6103202397778
92.26890596735518
91.06836164875071
87.5134942854957
83.76092106680277
82.34918336992921
82.15904315560887
81.86365244109146
83.90284256618467
87.7828543498295
93.08439270704952
95.84729336002314
100.1636768157489
104.46780694081554
106.89943206348492
111.85249449544195
115.74224250753377
116.58270813284858
117.90619436969243
117.68783391998946
117.50572236257041
117.00539729203237
117.89500411104024
118.12615655478565
