6
1
d
93.56651168829582
94.42608694259205
93.80836913257748
94.18734256873763
94.11086550045871
93.64355121064901
94.63338319351602
92.93233147403531
90.51883380892798
86.83597593930928
79.71847689471896
75.53402343049706
69.80841650721564
64.14695283227825
58.37800433778849
50.607936827615745
44.485796418975596
39.4077406743663
39.4248753000405
39.24347991619185
40.37919105961895
41.4578378352828
43.868250970971076
46.44971706223736
48.827671101375174
49.8516549665367
49.06984745078329
50.369087784312946
49.45282502521651
50.35740684939638
50.556472315202015
50.40129806326053
50.81717216854585
51.31871973624507
52.44436153704984
52.7394298400356
53.2276571158448
54.37974896158635
55.28272912150493
55.7796943667534
56.55876633459498
58.551575584974955
57.46696834917039
58.66753341414597
58.12320791446041
57.09443009980359
56.511561355153034
55.90207224569487
55.57792322800004
55.33609641602189
53.81547041735243
54.32300920151525
53.47697350595156
52.94375083621229
53.82461008030245
53.60663068822887
52.343612762602696
52.838094255615225
52.25650774918847
52.546493461365344
51.77647234145771
51.21415925571137
50.69849917677143
49.44052729052412
48.836655481112835
46.97130213149952
47.08516424849925
46.56713494835894
49.68201163167542
52.23285493923307
58.27094861928141
62.26034598280108
66.77575804067624
69.3371287496055
71.92067967837033
74.90024836227447
78.54100640842071
81.32624587702401
82.71126893041816
83.84188803373986
88.38057606582296
92.74420601593316
96.1074740544386
98.84709988797819
103.99831194787018
109.3759069273944
114.6806215970729
122.5588074985301
129.16077842233216
133.00220668778135
133.6931173625847
133.13842650478898
133.21795535750104
131.73582922269983
127.71400920614151
126.41054081020741
124.44805330057045
124.98543269662044
124.32860511407468
124.18308032755718
124.35658606294058
123.30950553908589
124.0466676947543
123.30332952409975
121.99627730092624
121.20343726154782
116.10728541608324
112.0907955417612
105.79152859611455
101.74102375207707
97.1795759513621
90.3169707166821
86.13824184942165
82.80589879651954
81.82930857542866
80.67635101698822
82.84966100820596
84.25458044680279
87.08938132168453
89.35310477612023
91.07365812736131
92.91488170124555
94.46651145093024
94.4327862607564
95.17977585118031
93.96666310130983
95.74150700532257
95.42539349355326
95.9882525035223
95.79667719359912
95.43167318893097
96.13319256919027
96.0679224063081
96.85645926102374
96.26031663638395
96.49885607460509
96.50259356971286
96.84747818242461
97.74164118164528
97.02101983146704
97.9710453191064
99.52719373172579
101.7185664697695
104.78465601249293
106.81479628734753
110.18715428930255
112.13813714443032
114.55049291779986
118.01299847099506
119.65999538734715
120.04314104067706
120.81407375818904
119.82806104474525
118.70397039828859
118.3700719735626
117.45050991217562
116.5480401190914
115.98361460735742
115.41536453920318
115.145734111097
115.34528503075597
114.88055219494592
114.11264016349334
113.73656943868271
116.32385243477941
119.3634352061092
124.45904518222031
127.54026434319343
131.1737339751002
134.34916035335664
137.74193622453524
143.01964950234495
147.1670411698513
150.05258200226618
149.90014875796263
149.47578550832552
149.79743096854816
147.3305996358227
146.53804956918992
144.78260976689518
143.21381964973378
142.29271384918428
142.90974545613489
142.9411181417928
143.05367037371948
143.00691168019725
142.1972103702187
141.31157498610514
140.26394961469643
139.63992692385654
140.00794178330145
138.07205038837589
138.29104393354186
138.7062796933971
137.35463916226578
137.49135977004096
137.02423167855315
135.59865555333053
136.0513685038184
134.79684259891482
134.78383569124955
132.52752482043684
130.73483966898442
129.92522772759287
127.97748459184214
125.99135201235538
123.11998521102548
119.69206625606576
117.15323551722184
115.18707970298844
114.55970644198996
114.07035180268781
116.49373812681115
120.07885328406815
125.48255351955528
129.50638021379729
133.98332189179044
137.37340556267097
141.31749621875917
146.1072687576061
150.79368977187465
153.7280792101972
154.42506229706333
155.0412516882885
152.27501020002458
148.70643954466794
145.17540411128348
142.6230860333905
139.0706157036435
137.34971335278337
134.26368614837713
132.51325265742335
130.39812987273132
128.09838998160677
127.39337246817698
127.13471559806428
125.80935014065086
124.89701557119204
123.5566139254372
123.12185049949665
120.75307314081607
118.65126301412035
117.55992704437408
116.05677420067221
112.45711420584213
112.27333915018733
113.17805073695115
111.14788088437984
111.38909812598742
110.27309437629908
110.79408869202837
109.45571155213041
109.10516325534742
107.17110593385276
105.6063719214344
103.13740109454001
103.22133918779485
100.95364453955166
100.73650290274342
100.52678226941588
102.1327939504538
105.29000963555163
107.87144983504274
111.1143409868944
113.00045637419184
115.22061626185356
118.53573438038993
122.73228715427393
127.1372958140451
128.71528753384305
127.63581213379419
128.52605385879028
126.19553685484952
123.41790525353208
118.65484343872615
114.88770494327598
110.25102227328568
106.31914786828291
104.66291645260925
99.7542281046137
97.5734520753535
95.54984516017718
94.72166619382378
95.00688493905288
94.05391476758975
95.21338364666435
94.44512132164266
94.43376839912678
