5
6
b
5.160426409724555
5.160952390614791
4.68079629246938
5.269704862724705
5.2493275812755344
4.913142126568725
5.860162429846766
5.009541847371739
6.126209904908253
4.375035227449222
4.2181274811847445
3.5366340629538326
2.4479820232707876
1.7586817440875384
1.6190538353799946
0.0
0.0
0.16846819913567898
0.0
0.14959637163913964
0.2793177020938425
1.3934729564752253
3.1628510799955167
5.380067763855985
8.442329150777384
9.723903838953726
11.158506772993588
15.551214511502883
16.703680729945226
18.3062514789601
20.063575502047836
19.34189979873134
18.11204419868801
16.212257189686724
12.959172589770358
10.409075831444838
7.488907687784738
5.275881215201653
3.351810311049726
1.2206800031207399
0.0
0.0
0.43344112977787974
0.1654278279740408
0.0
1.1125291203539993
0.2748329758061601
0.8259068152527745
1.7392875638081327
1.5102583678700192
1.776357648425376
1.5559348613146695
1.4713901710558557
2.0396703491151906
2.2460083050219026
1.7997125579326814
3.059037446978305
3.9067684115109147
7.078586550573892
7.569960293991669
10.286903975204103
11.256095707981293
12.366196044503887
12.658229001893124
13.441777728591207
15.353170542778681
16.619640528095683
16.9633802731205
20.905675172129833
23.172921317851138
30.267267417502893
34.469425999987855
40.45105179871487
46.273640342282704
53.454227878447654
62.525212394160526
69.9938838114035
74.79143749530255
76.86641073849712
76.64014594635027
72.15625576509795
65.96514632406053
55.70223072916206
48.88305245489114
39.824097496656
33.22712866844509
27.31534894915019
18.30795373015171
11.898534764937413
6.344033647389237
5.335605218436612
5.971261760405472
7.329681219620434
11.28770902528438
14.20813500907142
17.835244734495877
21.088021042582124
23.17889845347749
24.20440834065175
27.125681728545462
28.50355586021559
30.247529765225764
29.699872740607397
29.484502802101034
30.59207335156046
30.34769857648815
29.385378046561865
28.4139242022181
28.156551463709434
27.124158523788473
26.492119010655593
25.148901684716535
22.99524233364636
21.673380625020435
19.42728278590522
20.38960085542957
26.17767667898197
34.50361531397034
46.75160145336073
56.159536705590575
66.48361408845346
78.57126159835441
89.44019203299975
102.4121747293618
108.06408326477724
109.87678392043584
111.96763827983303
112.0341053267451
115.58335400439016
114.88751221834944
117.01265864441781
116.75797117922454
118.08818873493253
122.94180462972535
126.38736455782616
133.09977360606322
137.09478577606376
140.63318580122979
141.60058719257364
141.74873698617793
138.56208171544802
132.28072593117963
123.03620492678257
116.62548779119466
109.23951949722773
102.93718465617188
97.79449829537994
90.042746124978
84.83147086381626
82.67170429281272
82.11778485757704
81.39534089218198
79.64495703869223
78.6020361273301
78.18368128043053
76.80669293246672
75.77720663751553
71.95492223250407
70.05769102869907
66.09924496907891
64.10383079942648
61.994992250458985
62.212556399969266
60.56432551266919
60.40451656489217
59.577964032431915
57.47023624709447
57.91529258672113
55.43661893386901
53.83058341866754
51.46178731806941
48.070635777725144
45.322412864791254
42.29799426824611
42.0848826824943
42.04277467085653
45.360406425521475
49.731979036096845
57.05345124845359
61.699671255589024
67.72506970022023
72.40259087977135
78.3376099648877
85.9777372083907
92.92243649618908
97.65562713904717
99.89263134138184
99.8655849907689
93.9441379091779
85.9943246108225
74.90415481227491
66.02432223456492
55.91505635032845
47.95613538064689
41.34413741909131
29.472483835270822
20.209515718687992
13.741351226993725
11.443563790554172
12.164445334515905
15.224933768782796
20.009044477362437
28.42189634927284
33.33784801967583
39.327480618504566
43.04526622973234
47.09032606232787
52.62533000398599
57.30722077396259
60.02822277158059
60.75922728924787
60.41079905028145
59.00604646309497
53.97211172939194
50.42016257569565
45.84615602524393
42.65143375122002
39.05462898378054
34.64033009596354
28.20830005274668
23.67630221153474
19.694356952307974
18.1468282267217
18.21126664747483
24.973730907913488
34.54562869650304
48.55644458733217
57.177127009836
68.86520515174053
78.55947753204929
87.77466549162217
102.63254866648037
112.758282307468
121.43051628419366
122.43491456864353
122.56382097737952
119.05240076443914
113.82299638636941
107.02083459127928
99.83943055150831
94.42595844060087
91.72829156265183
90.35165362983624
89.48021512926826
86.25654258694973
85.42503683620619
83.65597525264786
80.71302910031815
76.53502917216481
70.4486058932528
62.43626460463066
54.974136541183725
46.50131643655837
38.10751688974091
30.84942389487978
18.18572929200622
8.581965559766337
1.7799505875231962
0.8912166890610123
0.1649203565619018
1.625770131969752
4.855342503998088
7.400850456237197
9.534956148426236
12.473639889063216
12.209379789038502
13.5232779645401
12.668271534165973
13.077323885171538
13.065643618359019
12.208003304875097
11.111272620151963
12.295018615896424
13.791375931954143
13.696530910104123
13.537046157910153
14.085939082719088
14.778100602090912
15.36409086404102
15.158224872891696
14.91671837788995
15.789614347908042
15.211605415519704
15.169247451365287
15.53986806336747
16.14619040166289
15.790477587084702
15.342786449339679
