2
1
c
12.399675931794187
13.688195213233774
12.312473775142992
13.232922251115367
13.11213413739461
13.586221603978162
13.565010466244162
13.175178884928915
11.872732363575425
10.83343346427597
8.902816100792407
9.287853926326376
6.913431600441721
5.2459141847605615
3.754136881022049
0.24870529946645997
0.0
0.0765931074226828
0.0
0.0
0.37339015379671775
3.5293708311585386
9.018435574231551
14.218878981054727
18.68833316475025
24.739401560233595
28.939503659773262
36.61887251553536
42.29434810007193
46.498613878841695
47.02367983992817
46.9057057547912
43.75613606686474
38.96687391514844
31.752814582522596
26.191849156951452
17.210896578794888
12.475411829377457
9.132461526076677
0.9761547936531823
0.6816425931375789
0.1902112117244699
1.1613009989668348
0.07371708317933352
0.05903014392746892
0.0
0.7698798525734774
0.0
1.8543753819851574
3.7903844968031533
3.7588754936326123
2.650944914031185
3.4948333983329443
4.745863685784596
5.73889910126396
5.055927542114868
7.4141751586654365
9.292057984960344
15.23023725453546
19.592180171241885
24.796322870693682
28.380438199896965
30.476614771374738
32.620508960157444
35.30882559945664
38.304088937984325
41.0910716283331
43.71065490484028
51.07076466070414
60.73035172004751
75.18260924999483
86.76531696866454
101.43020737018198
115.16027528037631
131.61443707699584
153.54252362112948
172.4698681025118
185.58131321162315
189.55713932819845
188.71138308799544
176.92108395935657
161.00839395850326
136.33232818735095
119.14240443646436
98.59627195478224
82.66936901494549
67.4805106260568
44.59090616904801
28.564559550846546
16.499448692878005
13.429117580934331
13.028279494733349
17.960063173640386
25.59686096576732
36.50979048306582
45.13752277359416
53.57067513838101
57.58427820313319
60.79913784164535
66.65508743374028
71.23177396112035
74.62183726428646
74.9236582445252
73.7548790117569
74.29927908227249
73.83197392051748
71.73246377906068
70.34710600700481
69.66707638634209
68.56696972160087
65.54357268291318
60.586637914128524
56.619476888401984
53.14172573304505
50.810556125465496
50.880924240194666
64.19851395045364
85.16613636031633
118.18835502510274
137.85685818043254
163.61806388111745
195.11705825146387
219.90459799389092
252.1348063163741
266.3360439774935
273.5113769454265
276.5419665031636
279.2838693270367
281.81893719219255
284.7994666208444
288.0127811882785
290.0399491849647
293.34811778588136
302.19695944576057
312.4226978735552
327.01760142075216
338.83637223262036
348.37775207694375
350.7607746999326
351.52131957345165
341.3757470831661
326.472969153976
304.9023309280809
289.56635637784814
271.2266977067576
253.81342204910223
241.27970578000767
223.20300252627166
210.95866897944006
205.55074078419503
202.77277216207798
201.6008195353911
198.16065925856714
194.54180774559316
192.44164817351978
189.85706912616425
186.1016197602958
179.01493572330892
172.84524061430267
164.94887551869286
158.6994222271004
154.3121156845756
151.73501558083856
150.1009780309951
148.55113209014357
145.24493195759823
144.58759872061947
141.26649936019646
139.58232845306208
133.2606800656263
127.1638699963334
119.11435049890231
111.86417526695591
105.49772797358409
102.79633377971173
104.24106008314357
110.69812487806641
123.9691329853987
140.5570569875899
153.92911004327416
166.23893890341722
179.73338951658135
193.49775886855133
213.76810835644605
229.47911039788116
242.31181183992103
245.56040914825255
245.68429951111236
232.13479115002116
212.4556485815205
183.03330068170158
162.8325948173166
138.99764230382678
119.73404941389985
99.69143777983594
71.65782051996007
50.00328700211429
32.79117351201682
29.28560410368833
30.281236663566588
37.594926380691625
50.312094929029584
68.54635772059517
82.55114508136772
96.5805330247196
106.0006154428087
115.6543915081421
130.27044679363502
139.2462661554052
148.95134513735508
149.99444225437324
149.92717383040338
144.01409557897787
135.7164484832757
123.27084314587387
114.85251947207206
104.67018541157432
94.4964957711014
86.34222336197207
72.47160841642892
59.44950195476915
50.86502615497724
46.22530963994319
46.39717992156705
62.57810556504971
83.57640698521807
118.34879797120655
140.76467360851055
170.75183812904783
194.57766563225695
216.622976824925
253.26357930413394
279.53471097100714
299.1651149235967
304.25369190539016
304.7162752984494
295.76425235217664
281.8313499970099
264.1202812759357
248.8473464800994
232.29092233017337
228.6976833357756
222.95666776985692
219.71840184603957
215.6330307109728
210.11108705901543
206.0066212518051
201.45586385167854
189.85432006536945
175.58690941251206
153.42291239154218
138.34741889800273
117.11214528250616
94.99352291385519
75.53517422996602
44.87595751718121
21.287342926521383
4.760750043263414
0.7908394199659531
2.037767859167523
5.7763911178220475
10.901905961104903
18.135586828170652
24.586463922022016
31.152112115824114
31.54798371154223
31.092261780976514
30.902563210794366
30.27309302513229
30.928162636252157
30.480270955694667
30.761183010832525
31.344238469896172
31.41364593356251
33.23365510725851
33.4646408486063
33.69963579325193
34.8141248166992
35.49755401065592
36.91079533486542
39.08197795898392
38.327600158146325
38.59395538128639
38.57245643188313
38.30750060842067
38.547300433112426
38.25503136089988
38.533327564947314
