8
9
d
97.22472527775273
98.67239678250668
98.57977031457882
98.41421500796251
97.96284437931062
97.24739737005024
98.31130854703923
98.34325408649616
94.64705670751624
90.2818700980285
82.81150466445116
78.95194673977505
73.15516838223648
66.19999930166861
61.08925342358308
52.63145175054727
46.633865592113445
42.32231169567054
40.77721377853864
41.60215820655476
41.705447861118145
44.64955960598622
47.02978356552564
49.121169973771316
51.0868272144061
50.57851050693661
51.33970685789862
51.89896841228467
52.91743552690336
52.711670927385775
52.29402384709105
53.52008864308507
52.8194243449947
54.30638375148415
53.559632252881094
54.82209858351379
56.12277839042359
56.305431047142406
57.75461611717303
59.33037313578525
59.65997910687114
60.132089417101
60.96378132063087
60.24397578455092
60.731627106560396
60.66152009296115
59.154260871260796
58.09010249024366
57.28639342398779
56.98976632631469
57.547502340739634
56.37037672302467
56.57300615213434
56.70434726764981
55.98382489642654
55.0449203315287
55.9154505075941
55.16575899501093
55.3171980214111
55.31450330635396
54.3023219038241
52.928025670954696
52.53968509039549
51.620696230876
50.04619884241989
50.0479082013586
48.19007880870614
49.41982452253277
50.878592267748964
55.44264693560944
60.14325664891562
64.7319521463563
68.97811553233835
72.98918858682626
74.88083115408739
79.09847052251322
80.74799290171201
85.02813066730596
86.05334650006189
87.41891391462674
90.82549424362116
95.57566085314653
100.87036349293646
104.54482815129329
109.28542748960007
114.3341503742461
120.88268238173012
128.91161162901727
134.21821135459487
139.16900417968893
140.51700355210784
140.54264502860678
139.25017330689872
136.83067645763805
134.23040174609577
131.97648542265276
130.11441408448778
129.94920782835814
130.49040358363928
130.79629396399162
130.25718841870105
129.6658234243292
129.6965556896856
130.16863019382924
128.5110290291861
127.86407729305141
121.60203217762188
117.35886402052964
111.29087528022974
106.38599435436778
102.07467754757464
95.24569944425893
90.47412899814113
86.23705951307096
85.21479971118913
85.58682355355586
86.58507360747004
89.58717924336705
91.22208440188007
93.61533408109455
96.05338366987162
97.01975697650596
97.8666848270413
98.37581394278473
98.59951937331887
99.90177587172428
99.94534332400633
99.77534272513032
99.69757626081535
99.8218289625092
100.64714197881202
100.04154198290256
100.60361814631926
100.30043175647211
100.53779886308925
100.1389316771781
100.63884293726754
99.97749110330294
101.51146818358463
102.96858029336461
102.69948387180258
103.82125375828535
105.56199288461859
108.71885652825995
112.78126591577471
114.29901007701017
116.96747181430922
119.31242857769597
123.32288884475167
124.92780541963543
125.27204478450363
125.9361979763969
125.07612004303397
124.37603706941663
123.991739336539
122.74648728891987
123.12322722482773
122.87091045950447
121.33591759004591
120.6402988804007
119.76016154129621
118.95665871993101
118.94477263603979
118.47309942198785
122.08886168122277
124.25475768552907
130.129020360936
133.01969480262508
136.09873814665406
140.38969051052027
143.64676423389156
149.37905597138212
153.68474314110426
157.38210235240575
158.25471236808582
156.73049246670956
156.62593292359767
155.37066942568828
152.66469268642905
152.1439873139781
150.45279823152606
149.18572076941402
149.53647138372696
148.74830894289553
149.2803387962884
148.44378967069014
147.7580274216545
148.74758243344166
148.09577985336145
146.60016168133524
145.3826062528671
145.86406509806295
144.99351871821824
143.82373654398768
144.71021738611813
143.6044991328815
143.31535191847996
143.00858306357287
142.00667477940766
141.81054535643773
141.42635574395598
140.38384169590927
137.58398310781087
136.97625832364486
133.6973098297956
130.84084962637988
129.36747506813384
125.29815890173808
121.95579020403395
119.8733919160025
119.0327211556125
119.08633142192224
122.54452493314426
126.34306231136259
131.05406159000196
136.43218792541452
139.98476947513151
144.58561949039637
148.2263332405799
153.84895782971725
157.92519616502935
162.15149526348497
162.30284092981032
161.08874390370107
160.035063011636
156.86833851277115
151.6480640703709
149.8442852103865
145.90904621601854
141.7886080773801
140.54654124502696
138.58708663890516
135.53497662262436
134.75556727641273
132.93207772649552
133.0143669363521
131.71396591974965
129.95446423792055
129.6309809472291
128.434046187966
126.72448571611169
123.5335092968646
123.36033092001703
120.47380088998865
117.5370204782371
117.00100763497626
116.45343714408375
116.5211192344325
116.36794309388237
114.71527041991426
114.74394446789792
114.67730763431861
114.90556244785328
112.34179293083903
111.21533502322465
109.58182326173453
106.67956658785486
105.04945285727715
104.84187783830043
105.08282768311041
106.4250016784473
109.17906428414219
112.24723959285768
115.91609315603898
118.83923907773826
121.3682179246825
123.97447584112936
128.4176372434187
131.10421480137435
134.7359167740628
135.00340159797415
135.19915760761458
132.0773040282199
127.5973969306967
122.93656414396895
120.0680286051518
115.51532927299476
111.38908095703505
109.19099743739015
104.33574712902673
102.00885322640912
100.80761490040466
99.58458356053139
99.42988382494549
99.36539588691318
100.18000500437809
99.47404828028864
98.38702844606077
