9
11
c
139.85356013697628
139.37305960638182
139.8205652622975
138.80534680712654
139.9620414790793
139.4254746805636
140.37856510668897
137.90258004148637
134.13256292679705
126.16821188111884
115.64835192659599
107.6177724838716
98.67491344802637
82.56269923983845
69.73959954566064
56.71765718492697
57.012694627075675
55.29965770226843
56.65583105850869
56.01966818627661
56.41627840610243
56.355450279833626
56.44440200182164
55.5785066918663
55.67241040173846
53.56079450531376
52.2521247614148
50.52487727528943
48.22987172362807
46.62939207594343
46.55007177524235
47.25471546933313
47.527608407804316
47.79279032926743
48.071161657280065
48.08633256600371
48.9672182315048
49.91604961354094
50.170177439244235
51.18883550551615
51.860657956147044
52.185227035762516
52.145057182049506
52.34416844790925
49.116056339525045
46.95291274229091
41.604686056587944
37.88820734025531
33.74614759454896
30.59995993378444
25.375948335458276
19.425029705592827
13.746078639608271
10.412741442293049
9.362753492699303
8.812922451502404
12.800825761543528
17.302944718003072
24.887074906454387
30.751926545175245
37.062313170353235
41.23769108447826
45.65109594735733
53.072150010612695
57.70029812381934
61.75181877277191
61.914798801175834
62.644790373626044
61.2547773701097
58.98360199284469
56.5304216859024
54.59371000432347
51.59568222610108
51.74939149847287
50.53254916764934
48.86619515824025
47.530848927421474
47.44785087851228
48.36190871194567
47.3888177733197
48.578394796446055
49.22477779437854
51.60895328415559
54.222390829196925
55.9815286132173
56.59442721338306
57.21637388688602
58.229635815830974
58.867326001509994
60.66762373985746
59.671402101474065
61.708121388928994
64.11656858738937
66.6349428472315
71.20366399690826
71.93830118633572
76.55772804417984
80.67121271661556
84.72148886640561
90.22451749826928
94.83588345747643
98.9511536700845
99.09873254013118
99.27853820381694
97.13049186921246
95.5933621280647
91.009125250917
88.00227668586327
85.582842695887
84.08615960624894
82.88552368074662
80.20073880021286
78.21046825596629
76.69989980997062
76.9079989790092
76.87062324456537
78.18347418210006
78.47221278968435
80.4618655522958
82.06068786013591
83.30357759771698
83.3735397439417
82.4017549844834
83.78302216830494
83.62932820073814
83.88648105525017
85.34970838295375
84.60772012303123
87.08484960316196
88.70324311880793
96.66727491105924
102.14338288905847
110.88942142663564
118.17603776671875
123.0782021902514
130.78183498562498
136.66089108352344
139.2775483176827
139.98313237595434
140.86954853778954
142.61024732675358
144.2113537352578
144.45133741573238
145.8015930243582
146.41796039635156
149.52752548110448
150.3583512053795
151.07403882602415
151.6609196783121
153.27275643734063
156.12835357603734
157.6320804720062
164.60631190684947
170.7266893973178
188.05846722171546
202.88377530533577
217.94156124422895
232.9782233128207
247.79375185657838
271.4780180419682
288.0962790598304
301.9329110293474
304.0801305141613
304.7882498495253
296.8683738263415
284.5422431061462
267.25964345111663
255.15933781077752
240.05233849939557
220.5807813773631
206.08256998435246
194.2724863217572
196.77331501172316
198.60583569782492
199.24378710053094
198.8385313902516
200.1510213026767
199.79040363237834
199.6903338117044
200.15544071102397
199.90783396334288
198.37751286792465
196.85142471130385
194.60004026544635
191.48924213768615
190.86135509976236
189.23617425633154
189.25198629015475
195.20933821952647
201.40241147311522
212.42443000167535
218.80134575536087
227.4300110579126
233.9329549948573
241.86283794782142
249.4958493711203
255.10225800970534
260.9775971686035
263.43455901795227
264.8379080624784
268.7890238408737
272.4417298068306
277.4730104988101
281.46770630218356
285.43306987516667
293.70013934976924
302.64621948068844
313.8471225756906
324.44042719735535
331.013890924191
334.0571659428304
332.58582758921904
325.30473706717186
310.50963791612963
292.271030448489
277.5474493208727
262.2769119625562
247.05638341314284
235.74482733807997
221.38600578697222
210.02702093157566
201.41294231776945
199.78724637123594
196.29508837343428
191.93086512518926
188.3770908050482
183.29982150325407
179.331267691628
175.45770949074088
166.59317743621176
158.6330225735124
146.32721299196132
137.25179393530652
130.01095871747762
128.44931908711266
128.1631305405513
131.45390007896273
133.46275304566072
136.6800556955198
140.47020709496843
143.84654437003033
145.91697686448416
147.8159923217264
148.57327804117318
149.306615240551
151.28345760040256
152.21546839047593
152.42979044879579
149.72832565560591
145.26116924913146
140.31073087159658
135.99292443339473
131.4593842320673
127.58830275897473
124.80471164188273
120.23282371181627
116.82833307382708
115.00164963502728
114.10304393407813
113.08785067640117
112.19529629268486
111.17258981484073
109.99066525526487
109.05087802633105
107.58350859069373
106.20671002537034
102.32462546840704
98.18705976333618
95.57894318719565
92.43501529742768
91.99331448250618
92.89010693075396
94.46906441340178
99.94292481856637
104.32505210723427
108.92686465470096
114.34250826330664
117.64803982081658
121.37894999382621
126.2000626207482
128.74242945477172
132.64025925241327
132.86896499535587
132.7527774010845
133.11540873061918
132.94764669154878
132.79870489373087
133.74837216626221
