2
3
c
7.569126329208085
8.133439146434224
7.480830993068512
8.069072203252729
7.827273254121744
8.409937721494094
7.7311580742312485
8.235926531028628
7.796667388869046
6.180636430283488
5.992564001088172
5.611159140705444
3.974606756585927
3.722265453243036
1.4499620250131597
0.39391659344485125
0.24132152748476354
0.0
0.6699026630209924
0.22297561634824944
0.0
2.4041263258112213
5.658572285068203
7.808773442986886
11.417885766026354
15.070940735108667
18.71518374275707
22.9544127610816
25.52305554164985
28.8909497492325
29.021811737641983
28.10987889187589
27.186833213785558
23.431780589975027
20.252513896111132
15.361319440004264
11.142896029013254
7.357007573504111
5.75649726816031
1.0917188776623723
0.466417101848185
0.6811364399304252
0.9043333778792906
0.23819555558152
0.0
0.0
0.9811400776762867
0.0
1.377650946860935
2.4853296555963267
2.2377499315052662
2.617772963796856
3.0361972625558615
1.6199863692994665
1.6205785207708718
4.102016105384047
3.819530533804094
5.207095033189508
8.856744395571615
11.637075372658808
14.572366283353993
18.22647710342004
18.257996970062823
19.902378338963157
21.11513205855927
22.709647214683663
25.41027161114607
25.71076588659588
31.151562208869485
36.014371243735226
45.68870257379053
52.43206708876227
60.12529860745133
69.97852234943431
78.72095851881937
92.35456879633252
103.13513244799066
112.78829579831753
114.50252539569131
114.61203986900372
107.78643620660895
96.97194154170148
82.48313602388288
70.58965874484599
58.349020059810655
49.78174538929995
40.798850182712506
27.72750515382412
17.43197867776799
9.248682766364583
8.020902907442187
8.538906339877023
11.111262797614284
15.885636434542528
21.555666068000452
26.56707644371037
32.46734294883139
35.101038915547974
36.80532959544537
40.067314622607825
42.8357356053315
45.1961863379874
45.521006130804636
45.82381487966429
44.69295034435566
43.90802795948965
43.22905775947077
42.129943871009715
41.863781129820296
41.39538073855034
39.126034487793106
36.733175318088264
33.535819134955986
31.912166611077616
30.552253442172603
30.569791815559803
39.618112555890725
51.66760089600867
70.33944938969147
83.42167567360757
98.77229625245663
117.36607017643918
132.64743731424497
151.43901204331053
160.35254328712514
166.03056234918287
166.46535237110731
167.9430320327057
170.20811410787047
172.2919790692698
172.7757092177873
174.37175954228383
176.7322732436537
182.55783579685587
188.06189420783207
197.7627273017307
204.97810516229288
209.919249132185
211.70208754983383
211.95613312877438
205.01789575573832
196.6637039403634
183.88750445354842
174.2792436999411
163.53269506948317
153.55738910607243
144.58065192910124
135.39896436212294
128.02724988654657
124.06152373362097
122.6725181240163
121.40851428385521
119.18740403372007
118.05384708258134
115.74617635381202
114.0239948321152
112.80172165844051
107.29102215873412
104.94367161527781
99.51125639249715
95.14637210989473
92.71826965977289
91.87198249927911
90.5946102882837
90.25738199538503
87.68603883036427
87.15490885904754
85.41399387677767
83.92540955748717
81.14228077826887
77.16484967134504
72.17949914706234
67.09861090566552
64.04755040619216
62.01358822139406
62.900775709372574
67.34484515175032
74.19286592836048
84.98006114299913
92.93777015960299
100.87490617154498
108.18719963434327
116.242658277626
127.86270073186554
138.84696658779484
145.95163632447446
148.4478107030606
148.36262555527097
140.24078079190528
128.20286019307295
111.26986551797052
98.27420048807865
83.7369751549698
71.30659038001562
60.6754741266523
42.27767614542855
29.765421993596863
19.985445294816383
17.82523524556907
17.033917380754133
22.92592597555421
30.67536293517818
41.44076795256107
49.77448647961243
59.381773786510664
64.60333411252678
70.34550771787278
78.41986983682781
84.27290053288516
89.4550905044623
89.36054962651198
90.49030339820446
86.31083158278503
81.49233549651353
74.37867662945176
68.03986032297952
62.03837357075419
58.27670601244502
50.79034523640847
42.81656086384294
36.22539013566814
30.300854354207967
28.20853161254868
28.11415516461821
37.71728378714491
51.12870779335291
71.12781995505851
84.25350724466468
102.83221756542014
117.04588274120985
130.2219002458347
152.00375296478222
168.64157339957316
180.6816602314375
183.4161979904891
184.0590660796402
177.30987763020792
169.74808455897457
157.98516268929546
150.1493389962847
140.08853016480984
137.33400680598615
134.29117302603652
132.48029612508947
130.0060435315524
126.23608215653823
124.5229662628466
121.9376952577036
114.48063771130386
105.23092297358129
91.85279327251125
83.08766031933587
70.5891233348287
57.942093021299776
45.500016023201525
27.70938250393832
12.627046427316685
3.7507696858567314
0.21924967877295465
1.3830920606792725
3.019694363714012
6.311982580090132
10.365138279580322
14.236738246683888
18.901840431955772
18.864225446176906
18.544539647873098
19.034721914999164
19.33003478889217
18.694430722705214
19.129002058523533
19.674354347051917
19.324797623451175
20.51217010215595
19.998112346137972
20.676926415916952
21.01083539334926
21.18656852679678
22.88638837296638
22.03177113835532
22.826908303974218
23.308805136260762
23.335687620584586
23.578598051397094
23.55409603508425
22.965030179795452
24.172377125862184
23.533034841502303
