3
2
c
190.54771492570495
189.15936537592572
190.09639180272427
190.28043211782244
189.89287933652162
188.8631104448582
190.11981185993292
189.1195928210252
182.19369074205935
172.85588835128465
160.44478902742168
151.89805973288813
140.60205854763555
128.60825765725204
117.88829907652399
101.07905994059
89.99027215056914
80.3376039346878
78.73957279653858
78.5702888439053
81.20218125379148
85.16616288771141
90.25712367167732
93.97440927806173
98.2754941803801
99.16319222413317
98.89113750022284
100.41059887241732
101.05260998217929
101.88712333969679
102.07931772890312
101.55360781992943
102.76869678568148
104.710379124234
105.28974241315407
106.85193135567869
108.50803798305327
109.06010573132686
111.40211753807138
113.74326918457088
115.70449249833304
117.58959946623494
117.72093851013527
117.91301062287503
116.32451735297964
115.59860421944214
113.60448279782499
112.8116993748926
112.1027550375014
109.68977870706297
110.25814427067934
108.81445590102918
107.9729931151014
108.0092411025239
108.17804706415266
107.93427918605894
106.3645364898865
107.10650238368365
105.84331812075935
105.34335539179497
103.71148619221233
103.04869489804112
101.85248809766097
99.15012895837329
97.13020690060159
95.01613400255744
94.00749600457858
94.16255473341971
98.96084672389895
106.62617201151457
117.63257946990498
124.63369547943134
133.24504808155672
140.62707895556036
145.52070725135766
152.6587645232716
157.58074385637252
163.52602888765998
166.9762029134946
170.5962996951254
177.61298403998586
184.94150271743464
194.40685420063434
200.35703609129905
209.90193267660362
220.79841781883323
230.63004855814253
246.4950133986262
259.28092944662376
269.07674572893956
270.1788803992376
270.2650193706996
268.2165661756481
263.9686536069202
259.2145548881231
256.16161387536187
250.6806285140438
249.74163476364117
250.18341743018567
250.93821077521116
250.58703018446403
250.55117152158016
249.34393852864147
248.9545597671777
247.52621949480528
246.22591857906465
234.89783108850438
225.99496989371443
212.5821178922287
203.9880113426151
195.64775851815347
182.51225354934633
172.98284090038928
166.3929389152771
164.9213994030909
163.8880874165204
165.67136792251213
170.4461752282652
175.29819479124518
180.06540010499458
183.98453926513602
186.20962031463236
188.0177317839626
189.89590140250056
191.12652216021434
190.81112322652595
191.151184626924
191.68719391216055
193.02971603486645
192.41066786329083
193.0455168015279
193.57093672581422
194.70937876348958
193.69482653597348
193.50998916910441
193.51513545995337
195.2340120178225
194.7944268896155
195.98367439411928
196.3749935056154
197.32596153863784
199.32818601298663
204.95539335345168
209.03297631042707
215.5304876297541
220.87758160430639
224.47865525997656
232.0411603214901
236.79642697630453
241.01811674509608
241.71077678787796
241.92226529734825
241.35095126931586
239.80462613025944
237.17185455395912
236.03526529590775
235.50952113037417
234.8017766541703
233.687175323125
233.11994899540153
231.1505731325416
229.81043520803493
229.74997143790497
228.68685966247523
233.41634530545218
240.71393704621704
248.98248911596602
254.82767074921912
262.7482064170534
271.7797273774225
277.8937852757615
288.57449306450854
295.29058171578146
301.73322946109346
302.5951079373591
303.1115362944291
301.48162343814323
298.0286683508112
295.4966378096124
292.03822834964336
288.5848885516708
288.7642217323558
288.3631934057954
287.3782677061622
287.3576827106429
287.08389152269126
285.69064292307735
284.78361997134306
284.7272745239144
283.84296269981513
281.7285621402686
281.08215439435975
279.27455620688096
278.6095358369623
278.000265067171
277.0222423444094
275.71685913905304
273.6301205570362
274.19510058772397
273.59297829100876
270.7019981088878
268.5104286571914
264.1383939983968
261.4508922065675
257.4177114536679
252.5854186914906
248.3969682380002
240.90618946003957
235.7708636504141
231.10484204996268
230.6051343199386
229.7969606839231
235.62913287305545
242.5711194627409
252.82321043694589
260.8469958625018
269.11982090076515
277.85104368691015
284.8661318211893
295.8874412378946
303.78834660214187
309.6906998294757
312.95871166724015
312.0581521556151
308.1815793658376
301.54428518282987
293.5912349234928
287.54548617399183
279.0266314828632
274.01701022809084
270.58692391297313
265.32728312121276
261.29530734657646
258.53584412967206
256.8742607143665
255.18191676293608
254.55933041016914
251.13666530863577
249.29132048067763
247.80288931370075
244.307818850256
239.6945465970112
236.89140475840554
232.19452140264895
228.3819586989789
226.4996469778151
226.08100060784162
224.7370381162791
223.81021928909593
222.99902828678674
221.3231456360176
218.91729959523354
218.86535661528245
216.79510000669956
214.06403893117675
209.8153841062544
205.32608601494368
203.11436489279666
201.98229811855893
203.05806349851585
205.66840270412118
210.53808907978132
218.36200483751486
221.40021569942874
228.68899521316808
233.44729837040336
238.7410097905544
247.65203100398776
252.99694194501177
257.6257543223627
259.2515618456792
259.4805062944879
254.00240061694495
247.9568589841925
237.58282927699886
230.80047357969283
222.09864933624806
215.3114358217573
210.46754838629806
201.51637458475162
195.78064835022008
192.16656701468656
191.0967812665787
191.19140492738072
190.18128198737426
190.7082880182843
190.25602913881687
191.14162411091343
