1
8
c
138.88314395011636
138.97479026312433
138.5565363630398
139.0391239105005
139.30627224856485
138.54683218630066
139.0763204276195
137.07512204103998
133.97351843807363
128.31854522786622
119.50327724000458
113.4975869605787
106.89650935894541
98.1107411455445
90.75591126837708
81.47320742995798
71.92696746290446
66.2171762740768
65.48252187768301
65.68316126336322
67.84762989185771
69.96874237305083
73.60133697910484
77.93444060372961
81.15186309651416
82.18278168007215
83.30568911401032
84.5812861198657
86.28476693446535
85.92684739685333
85.41526207747154
87.51259416603496
86.73787256843197
86.99734112536339
87.93237062321602
87.39639703133655
87.59912319754112
88.4648086879425
88.59214358059761
89.77123770658142
90.46394170187288
92.06003530484382
91.32188910856648
90.7903319140692
90.95590660860778
90.9672564924422
90.0561299905394
89.96781555388812
90.53918113404096
90.43975488280036
90.61357518511191
90.3596517360747
89.30832658867624
90.43703472355982
89.8568052236282
90.01128425636327
90.59565151144555
90.03003230144175
90.04922145330222
90.4997507152049
90.6794870216737
89.42634867477446
89.03682503660058
89.31552044031305
87.98797871599538
88.3295708560749
87.79870434002164
87.63220995701415
89.19014620373294
92.51644343754523
94.97866504955248
97.57745574037011
100.82323129525277
105.61788458003514
108.85512313068102
114.23440396367214
114.40309335360499
113.8324232376656
115.0857900710937
114.12004261646437
114.05273551892112
114.40374337604266
114.64221311313845
115.03568387891326
113.98997777056977
115.54784046878747
114.72097231774804
114.52410484442939
114.43293997525346
114.97160845939524
115.57536269731347
115.71490121284974
117.18007286868318
119.21801235370397
126.83965730588335
134.22373973771255
144.07856644020558
150.55851445315773
157.53935922333326
166.51373559678248
173.49389069963857
179.65822883922812
180.9933326614848
180.97384455255036
180.33906627606225
177.99576732825545
176.04557844987872
172.82374219922542
170.86888467571103
171.11228846758323
171.7726970951439
171.67912493899428
172.21086042981622
172.89118719719448
172.87922660729689
172.04567899449574
172.495961316494
169.29385253165003
166.6858745607529
164.49717177724625
162.62986284153834
160.01580715686399
157.55646229442053
154.45161528794608
151.99554459486183
150.34416684508946
149.7625135329714
149.77645672693995
151.312515146931
150.7671195605101
151.05755405737546
152.8307727338413
152.22961715234493
152.30097837229306
152.29321042226437
151.0689889984748
151.8594165207376
150.4643300560592
150.70859629439082
150.79504839664796
151.40946608895788
155.08922898299988
160.76695634388088
162.82884044457782
166.3608289628075
170.32612239910426
173.9149298092573
179.21021291481767
182.56019016718358
187.31212297166843
187.02139908687366
185.8833400514474
184.5184902237826
181.25248782663343
177.2651423143565
172.36471657159413
169.07306588945548
166.2086520575345
162.16201979068572
157.61706094684732
154.92827954042482
151.43982637559304
150.20825552863676
149.9456742580106
152.9077786857454
156.87105252869242
162.7542907672449
166.1814339476727
170.78617624904362
173.83510342975654
176.48739816066808
179.3508589557742
182.65156438559472
184.7586723896266
186.15264919615498
186.80774507935712
189.79699517322334
191.49469849622244
194.60997365476578
197.08002543775015
200.02811747932162
203.98092793256777
209.0060659439797
213.7432692456638
218.58651259677262
220.71756054187486
221.85922432345518
222.64163175455388
220.6514603892992
219.187414364528
216.5610337942978
214.13323288945605
211.84439550855356
210.58254953020807
209.14674127373095
207.42303942506805
205.62286903349695
202.93183470041595
203.2869913288767
202.7587719904886
205.27894380402472
207.95095346306613
211.7029028932729
214.48036890484906
218.81793978426617
221.36101111553805
223.23051251733966
227.04390694813893
231.50193196871422
232.986998267735
233.88204731568834
235.81247908671506
233.2604048169452
232.55702408141124
230.0602145233728
229.10004220105776
227.27184067003327
227.05999427616237
226.68061183791647
226.9617990411033
225.99180122114694
225.91847342642114
225.45168117952417
224.9989924076052
223.6975965679574
222.6928045285448
219.7118589241926
215.85309301071717
211.23065838574317
207.05867195082917
202.26683106135843
198.32752152364415
196.02735235941134
195.60651595888473
195.82891203181146
195.25021056388076
194.17573853154343
194.25543726369827
193.66715161307468
194.0070575085889
192.7553700191977
192.8845068662745
192.283499203492
190.83680712003843
190.0441837825899
189.820751698928
187.60812594977583
187.70016588041324
187.83996569682867
186.85829087114067
186.22126121519983
185.90151902317845
185.42050094038757
183.73394015418904
180.73716028680101
181.80501060606707
179.45245051418772
178.84053754652442
178.11598803314774
178.55855373075326
179.15456327840104
179.06508406933713
179.10754402595637
179.32956739646878
179.82028263736214
180.97150783640734
180.50454877016983
181.04512126816613
182.38570633402568
182.07998845785707
182.98957869994706
182.9840085580343
180.4192944424692
178.1797557013037
173.29095317231025
169.7797130052437
167.94435617467056
162.95869835644012
160.37562606391492
155.3543805099152
153.3744622377718
149.69930846468063
149.82632161570416
149.98822684777704
150.04912486453017
149.9133486922993
150.19146865368344
149.43364097993376
