5
9
a
109.0581112341496
109.07636582063282
108.49593168779103
108.4649017042611
108.23099805853238
109.26952844843515
108.72434927438233
108.56730809338369
104.73202393603579
99.7292122467229
91.60110607847061
88.04326125024515
80.19522922497005
74.32370552022338
68.08750537451832
58.412124793893675
51.68451602950687
45.82732681674124
45.2988218194837
45.276749855403864
46.44550152844965
49.86522253655389
51.054477648890945
54.66861238719658
56.97572044456267
56.24426163440412
56.577044097766084
58.13232750002172
57.92296274769239
57.563543774577546
58.39456620089015
58.49054743367279
59.04404176606103
59.72315615771591
60.3681355227565
61.615739911153504
62.20279364440192
63.13817845991115
64.06196979714734
65.56536135259833
66.96555901318726
67.36698084985885
67.10578828966283
67.40384435090625
67.51619051543511
66.10508523056133
64.79091763196166
63.44683188280232
64.34352087972903
63.59508420428918
62.34920516008519
62.18293956609187
62.822995176501166
60.76757473453665
61.613807340703005
61.19238534433965
62.146984112306896
60.23497182319545
60.727524514033895
60.52731698529033
59.929981171212994
59.33473112352763
58.367231054297235
57.42924661085053
54.94698652230787
54.789265765086824
54.071740104551964
53.23819449705431
57.146468003361875
60.34534402823187
67.77046008723119
72.68951293362063
76.26459365927961
79.9020084637806
83.50606400684838
87.4251037639099
91.73845461545254
95.20357939932993
96.048356747123
97.95259470031563
102.10703538994687
106.97400621347995
111.63292887754473
115.00242155670146
120.67663639621888
126.79634263614362
133.4712413637249
142.33818267964278
149.7558510248378
154.6843572828126
155.73319269731715
155.73482570176967
153.71610741609638
152.7361800444279
148.98755839966324
146.4613845407006
144.73248898474557
143.88967924668745
143.4102475627741
144.44992679351856
143.78894659772493
144.25087262156157
143.13542880446823
143.3742687550659
141.8882510255331
140.68004346888887
135.38137593124335
130.00288872038905
121.74732898317414
118.12939007380031
112.32010969197422
105.18349360624295
98.62765796347662
95.69423330608944
94.30706011068847
94.76263177420893
95.16156752123993
97.04150406066677
100.41670546654633
103.4142542572381
105.84036265382038
106.53522059502109
108.19140873918684
108.82214797857593
109.6832969044833
109.50903944143892
110.214636108731
111.11393831277383
110.44846690492274
111.32590945252805
109.87789474183337
111.45573173643247
110.60708977746964
112.0434695838406
112.01246859900945
111.33835518383981
111.96448371089478
111.8916017471276
113.2903829198039
113.8494354440858
114.16546653464076
114.30415415844877
118.08317016245091
120.70861203914232
122.79330414784567
126.88542889701795
129.33901629393839
132.18614420830076
136.74279826033597
138.80448726468603
138.7011205927398
138.8091521414048
137.76842556530156
137.29122831924394
136.67023082519668
134.82759186160544
135.48054151158433
134.3074237094274
134.2089311706083
134.13042530473166
133.7980574975827
132.07016725196212
131.6156452404068
132.71851290039618
134.00188557535665
138.2487701845719
143.0452311274745
147.0107657819089
151.73021595355547
155.4210194667984
158.65450140888632
165.55370054851625
169.9172743607245
172.81826158425562
174.86775145100577
175.14968870334
173.67833958366822
171.09697322544108
169.89641820862667
167.2714962900427
166.58417389134294
165.70522433621625
165.60561228083435
164.5671314547534
165.22276403691842
164.7382236923738
163.9983189805094
165.1108311545417
163.35153429937682
163.46969092113406
161.78815487609126
161.7809496296161
161.17054070774535
159.17851653841316
160.15663675854503
159.6189070904844
156.85238676165292
157.78961952749668
157.31672001840477
156.69443530856498
155.76152241139593
154.10941551224616
151.8262943136002
149.90972230030602
147.79914419207063
145.51685714062637
143.20345048135286
138.95692837421117
135.3520762684657
133.47323661485873
132.53532338527387
132.5573709864735
135.11817925857258
138.74037161929976
146.6715777118463
149.51099268070843
154.16582884149852
160.07593267183228
163.62276597604102
170.36913354214374
174.17557347726316
179.26325028245026
179.83221543380077
179.69647325923276
177.03662292672723
174.01319996852547
168.20998100120664
164.59280283555447
160.46939161529548
157.37352594197185
156.98453009492414
152.68619140052823
149.7189889810532
148.43328580999753
148.1152814443957
146.50359999886786
146.09857720297313
144.65508920516277
143.30420124919047
142.0914954412837
140.33478114055478
137.8761145055663
135.9821115147057
133.3550542895778
130.86230412953824
129.96839242839619
129.31674900276425
128.3967716769386
128.05340649015258
129.0249005170717
126.8363635398019
127.68947715273754
126.02322063469224
124.9169831274917
122.60806891355253
120.32185806811262
118.62692149693099
117.16165349378714
115.27967833888972
116.65153713250693
119.70786940900359
121.01198214761695
124.65451432164657
128.14808306063725
132.02663759704822
134.35032479129288
137.75828112435485
142.7243270423197
146.2246123993883
147.93391587538588
148.23405132684803
148.85563149655212
146.45477695092922
141.74305550887976
135.84475564005092
130.98708754787543
127.98307406981064
123.68639110064149
121.08809613198311
116.33287208143642
112.11594215659478
110.91059857752494
109.56200550514028
109.62379362201067
109.49424615021016
108.6512923561862
109.59050392363864
109.635012214183
