11
3
c
6.370260382756606
6.388742773351322
5.593657683879442
5.833842587330899
6.016819695580166
6.594462158267253
6.422225048073461
5.769730349852217
5.8415462058277265
6.195385732638781
5.44443963133438
4.76744210918261
2.659681664480833
2.3499065441056985
1.478962742029485
0.4857877072514415
0.0
0.0
0.2727882100191761
0.1644396311296365
0.23983913353026404
2.1341384333225575
4.891122501646203
7.614948963558955
9.161094639173035
10.392545003002976
13.944532223868224
17.815290805927013
20.022602152604062
21.857705598691965
22.203570740707363
23.021524654866834
20.900102887785522
18.08508972663522
15.088846051964044
11.704761037584541
8.999598085640491
6.113963114922032
2.9947719591180335
0.0
0.21542386795352056
0.2986834581854499
0.0
0.4874573631108713
0.08902697277665722
0.7081615720443877
0.0
0.663140149542772
0.5254957267522382
2.051732451020169
2.3334562081868184
1.5834825424993342
1.538787597989486
2.012687631415799
1.8545762877817231
2.354775667712657
3.7029082490070775
5.039354020791024
7.205408527050032
9.896745557870474
11.599758479840087
13.342462723305644
14.93130944688246
16.27210972265407
16.651459862001836
17.468409839294708
18.870799706732722
21.29513750540709
24.29169928360754
28.023171019200795
36.76046165867267
41.75834159906999
48.31138314732789
53.91445713073637
62.32857544213297
73.55810882906493
82.19516503970388
88.98572008291215
90.49172855857086
89.70494457864272
85.4288655794832
77.50230340401438
64.47071949851963
56.34128425228378
46.91681467888709
38.73453164517109
32.33687118967848
21.258140535485538
14.21017873165161
7.702523076795349
7.524598523854927
7.167568975681163
8.38377835936317
12.691734391187182
17.487327699549112
21.28535417527339
25.30582827753828
26.502214824844707
29.20554141991252
31.646714135033452
33.87175321141528
35.42295612832308
35.00728232841178
34.77278706081234
34.54567781395092
35.47014886212323
34.144238518162815
33.40875845985169
34.21126411850093
33.25001238749273
31.374792881782827
29.07812042092526
26.089852439468018
25.790944267528154
23.015593347620708
23.453721898159735
30.895378668932292
40.72225252045553
55.951297828792676
64.93107067564009
78.54112637821662
93.44359228331173
104.88505096115605
119.94856697912759
126.45249153012867
130.6133113636865
131.57503473946423
131.99505956180224
134.43107347155814
135.30551289440356
136.95748842981376
137.5827166527584
139.8457164010394
144.62087174068353
149.27536478287612
155.98326444048058
161.34821830926006
166.37369819587926
167.45328513386048
166.7600826511678
163.34150116918414
154.72295628146946
145.12207825031143
137.25649950925455
129.20937709702434
120.29859487159669
113.9449261774962
106.53145349761756
99.86735443283308
98.91178198164287
96.41619910505028
96.0288197196015
94.16056357169536
92.40953471115178
91.46604314836962
90.00535319916239
88.37092707274643
85.4569735287275
81.65764293058594
77.72749733971337
75.46749227616536
72.65605450217146
73.05648025563535
71.81551547824931
70.56440919160038
69.52988998577085
68.19678671575204
67.20576804505765
66.45267278765441
63.57792443941496
61.2428727297135
57.06108883185091
52.990459397116545
50.28979405181184
49.343284101681306
49.58184724168813
52.25252020784512
59.256894201441604
65.92743074668302
72.59524774720106
80.11667517710065
85.30713629748509
92.14076784814553
101.72279302190955
110.76779957633745
114.64037751758974
117.26729131738487
116.57501312789738
110.94902617962921
101.35459604214465
87.32178971407284
78.76099914390096
66.11488105694502
57.37000289513723
48.608879046182246
34.40770171699538
24.056967176965006
15.855898532767265
14.888109149749665
14.337676610541015
17.168763177175634
23.76771298553375
32.214566615729225
39.3876308879983
47.10598574182543
50.60191867834922
55.593100496300984
62.09093821550958
67.04590433032165
70.45577550270706
71.25035521200483
70.66909787251873
69.54938129017886
63.88343586148919
59.813556657500484
53.627475898286
49.28194907924813
44.829475989342704
39.87182931110906
34.28885579452979
28.314263186910903
24.411811125152322
21.681167481106964
20.903680803521084
30.256051546005143
40.54501551077694
56.57424743196641
67.65746646278625
81.00055765482483
92.44644972180076
103.41625677864997
121.00853803299881
132.49049634353585
142.77653534027283
144.1499298494595
144.81612414132104
141.29390735635198
134.84078049944205
125.72150948736886
117.55895527986516
111.39861843610088
108.1515712952715
106.64029046674682
104.78276388201245
102.78031173713676
99.04725007527863
97.30599044301302
96.15959088261921
90.34995100888705
84.09790264516673
73.55739388527992
66.28093080950761
55.49078497133593
45.182973209522224
36.00877034667804
22.099552742474028
10.036429560115835
2.4275371443532556
1.1328457003153525
1.8223889926982095
1.4536868025432717
5.721077968407073
8.24638844558125
12.69309398886027
14.888907181664639
14.693217075956861
14.935430873899948
15.218698603627216
14.264428719587604
15.224053700350634
13.49934336963287
15.179871764187455
14.576583652471394
14.907452067888697
15.940150970145682
16.30016588905207
16.70894800594775
17.05980776995438
17.39439334169396
16.81719185087192
18.600168623473657
17.77563381419369
18.320161327258184
17.91183698098072
18.03587524160735
18.065478241847458
17.427450702286244
18.052747737023974
