11
7
c
37.43485076982217
37.88925823531946
37.47406171467434
37.05606914939102
37.30198535146581
37.560252475673146
37.08096779335099
38.28350219298955
38.10708143055523
37.249643644333126
36.48634313379889
35.790168998801356
33.75916824227899
34.495969845017164
34.35512771144366
33.71958574104262
32.6266681252166
31.97927597839506
32.3079668413125
32.271249463120036
33.452529006371726
33.24280211246344
33.84424206549703
33.92157545433079
35.88966466322954
35.82062507013733
36.29021079918721
37.86543830322064
38.3117846261402
40.04042171951919
39.06022497230138
40.7318787132295
37.984628271784764
36.638035894487786
32.990823345314844
29.787772790778646
27.837255770400517
24.23230652832475
21.605929222297874
17.630037948840393
13.935343362555038
12.226879710520196
13.09615676091407
11.877674507815756
12.960258450753527
14.980176393772043
16.807285901356693
17.77618970825745
20.899561823235015
21.0997237156223
21.58646516124479
21.807071227495335
21.68941678459798
22.26654010107407
23.158721791510978
24.275446921819526
26.177402907988743
28.749707070173162
36.599700669619004
42.39030979760827
49.936805735422155
57.04257527043163
61.26931271504681
70.69948976701274
77.63494555972557
82.028086684803
83.11998977365884
82.8477995309619
81.83778153968655
80.8815088520883
77.96661761993643
76.31416460797273
74.23104548697134
74.86619008195048
72.90019930477995
74.14959943469216
72.36319136568324
71.25049595407836
71.57088717827932
71.54605780942344
74.15334228895004
77.67469587511931
83.56711096136492
86.74153962033637
91.34549390142794
95.36259179008982
98.35566313507056
102.86105046531779
107.08567835638443
110.10715360404484
110.80281895101031
111.10171422875673
113.64051552977904
115.45105220772103
118.23845709145462
119.71162706690788
121.9116610744279
126.51042012537452
130.5250241230556
135.61562252424318
141.9768638226617
145.2609337461882
145.6459212590016
146.28807170886122
142.14491929234646
136.40186481523844
128.47794329072326
122.53893602603563
116.1068754135859
110.48048152324603
105.42812368385377
97.35984664461219
90.73030756435845
86.55507938582215
84.88875980091181
84.21166948383876
88.59937363055627
93.6840237598659
101.40305396543135
107.1445954404558
113.2491357740413
118.9361987720048
123.63735990721507
129.57523142749176
135.33970034371234
138.86988426621076
139.50629093967262
139.58070590133826
138.38075382315722
137.28095182174465
135.58298677905975
134.87065977265
133.4745112900932
131.93926569041292
132.39177281325925
132.52885540976177
133.93154107626845
134.34015606955063
133.63810591784306
133.87266809321383
132.1144118607218
132.42673440836464
131.1951850668697
130.29307186488526
128.03320535263975
127.36146885789593
124.80383075067226
123.09874678083533
121.24956443241037
119.6462241971552
117.90327123831663
117.74209811036813
122.26072770945993
126.9073657227073
137.2166707795649
142.88695604329374
149.25745719672406
155.17117877367664
162.2819112814439
173.0135337862961
180.4932724421138
187.23124682388394
188.70394358922096
188.27427929443928
183.77800491814438
174.90741779780828
164.09477958324976
156.3877101683222
147.42154882874192
141.62600564531817
133.86117651597775
124.32804862053307
116.36146964733241
110.587215464349
110.01522358691813
109.63282670886207
111.60471605683406
115.06418702969997
118.5871504236211
122.69517898292592
126.10270770397608
127.95968776517775
130.1921810095465
132.37936998206897
134.00283279517052
136.31787938217963
135.58038975037095
135.91311597334723
135.35979571253193
133.4159437171981
130.27614486093427
128.79640064940307
126.57806172120375
124.14097878105511
121.5777754935653
116.68294041731026
113.35333977412225
110.79246073615835
109.7628828769497
110.93824972248864
116.92326388870117
127.16820217268136
142.69476287833731
152.81534810472678
166.0363971733765
178.24850447207007
190.3645192137149
208.8759939377751
223.99834494116763
233.70504129462233
237.02243926006466
236.58798038280665
227.8629621622858
214.21853603518537
195.23347277380657
180.41290983340886
164.17684012263305
151.32509131098737
138.4900061767368
119.84094333393234
104.67645292178221
92.58796777888087
91.01080905202863
90.8084237402209
99.2836026803431
112.18994595859708
131.1001448743272
144.47209462382764
160.01306953921468
171.18714676598933
182.44688520132348
199.50225858376703
212.73833298475148
223.18764515393008
225.74161007815468
225.256549368861
219.13464510840362
207.75786183406834
192.85663610304795
180.93723562268704
169.32908987816106
158.49566538531326
150.6436746498539
141.45519988359572
134.51259614037812
128.69732447836446
127.39221209847156
125.32344430765856
121.85745980200784
119.03647910845402
114.86010972204387
111.23080293325235
106.44881351078703
101.0712524902601
95.69862682624131
85.9242706165051
78.31155802883717
72.40047502016229
70.66541177289315
70.39823587167287
73.9724145980322
79.80832119494163
86.76082698788605
91.22026244964283
98.27858506361176
101.24610310220267
105.07517387462076
111.35403027438734
115.2246969235288
118.80193396076187
119.58942930085175
120.21725406832017
117.0145821203133
113.50906423761957
109.12361377357868
104.59398602064236
99.6676707176253
96.52131638253634
93.26230284552439
89.92852401138161
86.20797648698503
84.79727014283651
85.3180721635728
84.34878354397192
84.42117572238168
84.09162582674217
84.95587278329134
84.14923855389395
