9
6
b
41.645855628066336
42.762419423498464
42.75692382388471
42.45366006479248
42.211639283076664
42.16482592453733
42.477262325718094
42.40970946388685
39.57894859534673
37.03333832319208
31.82382512523556
30.23885682650893
25.31328289599952
21.643192938634716
18.415848718378445
12.708914711096028
8.603160914505837
6.642769956540753
5.883059761675849
5.288657577503271
5.731413662986669
6.463657653440333
8.209259919468172
9.9117538540728
10.612543589018715
9.648735495803965
9.682331025097694
9.990846208589788
9.999688823980826
9.803929095589051
9.390075036214569
10.046654635189892
11.575076577952755
10.912407585364821
13.106093303914797
12.66295464256062
14.172832862520298
15.828327237901721
16.141183319342957
18.213374406724636
19.225550242135725
20.10633420663541
21.052273649264073
20.278364551365826
20.533570862976816
20.105275815357675
18.6101495266488
17.789974863047316
17.23154769035101
16.50095736266048
14.825331222978676
13.586837760553047
14.147520518987724
11.504378983845875
11.731410659746267
11.301359529616517
14.331845712436273
19.405612763540564
25.583592795933924
29.47618636968518
35.767822847183346
42.418700200084295
49.28355104773895
55.78093256901883
56.35305148842581
57.19465253238592
57.240221074179374
57.29675807141922
57.46860592056795
57.94018601160218
58.29304404600798
57.44817691252521
57.1399925000274
58.95447019185828
59.727199407448175
59.59907054107625
61.16180676673416
61.27811202594121
61.66507294980558
62.60598022867225
64.7044622031177
64.77043551655375
66.86724723708348
69.07249209218769
71.27265522647609
74.50239965058513
75.39557279756784
80.14890222810936
82.27087419138017
83.74020762569018
84.8032242065827
84.85662601028527
84.25921042372437
83.81534290981065
82.45779366250076
81.0890246484182
80.26123176644407
80.7740683344145
80.51301536051874
80.47916674883881
80.64635022440523
80.02187830765035
80.97237288437711
79.99667486389745
80.33682708574212
81.83009027045885
83.69891208063916
85.15017395088032
86.93951778299045
87.55182167173052
89.88173349552626
91.15242907079853
93.08129752797795
94.38910772190754
95.21336240429049
94.87574542159498
94.33253855319781
92.37741158598244
89.14471441886391
87.72955531672496
86.71197159694505
85.3649260597622
84.0096777993784
80.55760795322858
78.93467144925961
77.98714515713071
77.29932506869993
77.1084895375647
78.92176444800214
80.77072057377174
83.76956125679125
86.82830078997564
88.95100030386794
92.78885510397212
95.76766967448658
98.88911760772407
98.41843355248976
98.03390556510622
98.51937073413505
98.39132972740191
98.50569414215356
98.29162389765439
98.23071982378454
99.36177081712495
97.26835044768946
99.17840652669479
99.01033582219502
98.72138386029687
97.6081901031109
98.96706221949574
100.89643782392481
99.6754833884236
100.70770430670578
100.25008053846204
103.59360477597394
106.71378280332286
109.44236662072929
113.3627372498214
114.81667396639862
118.39256723896803
117.9824102641209
119.38697901085776
120.6912833741504
121.38545875463511
121.84291763149874
121.26000840879198
121.6892321132758
122.09485919355572
122.25622652115236
123.83273268867711
123.44758390959744
125.78002297635133
125.43796801639719
126.21492889534422
127.45505678766806
127.31452847479557
128.43659496843242
130.47188853167947
132.08797255581513
132.25892166873172
135.07156738469064
136.0920787995618
138.79728422509922
141.93756748825743
144.33135509102715
146.39277747568914
146.5854730679055
146.9344211045938
145.1089400735895
144.30717328141824
144.1458128978912
143.65328920604074
142.1170552217118
141.82185654744808
140.83552902821918
141.5961851190887
140.0633783532117
139.29034811649373
139.8234430751157
139.91656232631266
139.8942758182761
139.34752395772705
140.5454287124063
140.04504417841298
140.11999740067168
140.21568287559265
140.3534290320716
141.11972202601197
141.17130131096258
140.83923659835028
141.72966747291863
141.488429292176
140.4467714320921
138.6701329845721
138.81223094729964
137.2836491441464
134.46288599787067
134.4243079224213
133.51306571930868
133.65567331099984
132.8231268052945
131.3928374109305
130.64920756779844
130.3530266789612
127.729130359428
125.4030618289002
119.85352841551277
115.29620491734563
110.62774783445776
104.36653915208998
98.05200092916927
91.71406056837463
89.5582886224933
88.15086588812338
89.07504674494773
87.96702781593798
88.31125850466329
87.20854761643297
87.16091336798841
86.61179913054943
86.5052222837184
84.56412789765005
82.99524340794927
80.51391346848936
79.65954622422039
78.94145433344002
78.00932299283753
78.5246006503242
79.03556233301842
79.77037351463804
81.93063362613323
81.97318575262253
84.19561887377392
85.40029917478415
85.60823743426324
86.46268767145175
87.4344332660636
88.24973077547233
87.77633761253968
89.63392707277593
88.18895615051052
85.10386240625722
84.9785228807996
82.28024784276893
81.24049696895567
78.89828057503402
78.70255971631144
76.0931916174512
74.99737296372034
74.87057706563462
75.2876818211457
74.71612501803929
74.46777165062738
73.38519378010643
74.44277059543231
73.54082372546432
72.03730295393571
71.78298866381937
72.1457237644876
70.46859473917583
70.9690962187842
69.65507199470686
69.22960073713504
69.3412755637766
69.27095032341971
69.65697952422387
69.0148774529979
69.49870359227498
