8
3
c
28.658911266299633
27.338189445032242
27.665353337312602
27.35695489460331
27.707404957819858
27.670644996558224
27.93310635113375
28.21512350550767
27.770587492864085
27.35177646461256
26.1932617505654
26.64715198874505
26.56209998286138
24.08845308723167
24.772025849284567
24.227942502776337
24.430950220468805
23.23284952762601
23.70180075025998
23.923224389611217
23.797278875185654
23.718107996857157
24.490154804159587
25.377810150716297
25.90528775348014
26.55771231632284
27.485373151033208
27.744576253958858
27.711770630748052
29.05040783909478
29.144883438312068
29.621083270356515
29.457367998378896
27.062575033530436
24.195772915426886
22.48141458958787
19.584186429263088
18.135475584177676
14.498150438407297
13.40010720159926
10.438720471336811
8.708607372276598
8.32888231117304
9.305587396159693
9.316420027024389
10.750349714507152
13.00311291591671
14.311666000828401
15.474889723423669
16.02680103369383
15.815803532191522
15.55331964594542
15.89888775096926
16.81857723883682
18.067668045552615
17.328091940990305
19.033958679172414
20.20499860645097
26.07007052543838
29.968998197429798
37.22394279414188
41.173923911777756
45.53251867108851
51.36529084250631
57.39050257131521
60.648109609861166
61.382271669243735
62.11733007468052
60.27355178194497
60.01390637591973
57.226133508051284
56.120646152122134
54.78222213069353
55.51466084228127
54.34789976573368
54.23802070856913
53.54907678229053
52.74163724476939
52.44885229514476
52.89885951572148
53.90639538361205
56.11795636232573
60.60934790489797
64.01635763101604
67.33129856619892
69.88115867923923
72.67747975823899
75.2346496684102
77.33132440673242
80.76442801858562
81.23204879239798
81.8953249608861
83.93951835648583
84.65737485474898
86.81286604577325
88.25220265344657
89.94043482376499
92.78385273634524
94.98172888247437
100.42866010740356
103.90660328638921
106.54078774175093
107.27945997748604
107.24207421075539
104.72393602380187
99.92757304729722
93.84567532906482
90.11184809163024
85.73914603063271
82.34162098095395
77.6106658913132
70.8433693260104
66.06334852768899
62.56191083785559
63.40123304788427
61.71997585595812
64.18906577437512
68.33127370447687
75.73167444829956
79.085587534992
84.22406891993917
87.7368865647794
90.020949667166
95.64032157140517
99.33398527342784
102.41120033693575
101.92646541725897
102.62909191239974
101.98394443604441
100.7271169520103
99.1721225025189
98.85216642554025
98.28466045214216
97.03188456511273
98.81472134111418
98.05989700491463
97.12525653452738
98.0242545062456
97.74584888675761
98.0989491006946
96.7574816991979
96.70542900656169
96.00075493190798
95.65788558158889
94.83055108487312
93.016153747321
92.50306736548771
90.10922925695797
88.7685471222158
87.54600211125921
86.55357609451715
86.67155109997005
90.07462442774813
94.18352926346098
100.3097691393324
104.9504872751094
110.2050123653801
114.8295985130995
119.20928980857246
127.78571405988525
132.96937445814729
137.70181887333047
138.27342086221634
138.16132729748787
135.1326056016267
129.39044990004678
120.58354087362197
115.13285493121285
108.67408350051062
103.8255022985394
98.22859570084458
91.17549639184793
85.90598575454737
81.30935173727504
79.67936763732972
80.9871891246609
81.94832249797116
84.29557915363779
87.59643646978864
90.2371521677008
92.99319468735416
93.54077245853131
96.16706984068917
96.88220966332389
98.2178958539914
99.14102748724945
100.78973714506073
99.68228401760209
98.7312978412117
98.12751408469119
95.77543048307044
94.45758719781506
92.84544430841494
91.17623568211381
89.02620087741055
85.35619854941528
82.6075950077654
81.59904882531413
80.36360330880646
81.37014176778625
84.72941157096778
93.22085034618748
104.31030942578403
112.50898346468902
121.79696257544565
130.15870201847352
139.80191556091515
152.74130374953677
163.42169868495486
172.75921407134794
174.29935707782025
173.67486952308622
168.09793914494048
159.04485011973753
143.34236341090062
133.1022214908608
120.68406629734103
111.3888908570299
102.68886525856405
87.74332805434598
77.0701332856852
68.74511339142686
66.98851757020458
66.40484122105454
73.61113769815519
82.43197632774827
96.00067016227352
106.4518059055858
117.34775901209427
126.09278796730518
134.97185543743583
147.14940263806506
156.04863154242045
162.75622304928766
165.2718223163548
165.9894954042827
160.6150443348227
152.28055682446615
140.93705841355788
133.4830775368153
123.89290586705968
116.38277126266689
110.4309080482927
103.81335216278063
98.34232611583879
93.09879083522482
93.18980770448701
91.98499433766116
89.05239547511135
86.64105808938864
84.87641356192746
82.03846271791934
79.38383265743678
73.40012657362499
69.18818643077772
63.35284502536032
57.21304289792833
53.34040922922652
51.63288867017076
51.58208269333937
54.675123265872514
58.570162244067056
63.82025525230048
67.74721678059747
72.29858369708607
74.4217209765385
77.6075483586095
81.74696618958541
85.19401519223959
87.03046072928221
88.16018480134632
88.36972404174438
86.70596884628881
83.27532088684441
79.67076093985298
76.05348298872792
73.33610088067175
70.78393296488728
69.3173520492368
66.50123237270877
64.15735592792231
62.99203504164821
61.690487530109486
61.51601903809148
62.31281405703665
62.23597396648693
61.62252456390083
62.035395575777706
