4
0
a
209.73921032622297
210.21599032976357
210.8297378079537
208.99427576749954
210.02246690733622
209.96569276097705
210.84335360291644
210.77438412786515
205.9373090815913
200.93566994784237
193.92577453309454
188.9957652564793
183.3060509785018
175.29369503873693
169.3112997985883
161.1576399351578
156.5115948882701
154.08002727876422
154.41983820590562
151.61398417236782
151.77728012725876
150.07252115320182
149.18386054393494
148.00918490689443
147.1866335185357
143.76954908453675
142.62984143819637
140.08607551296993
137.93044108119395
135.86099188169123
135.82351911912951
134.22982827867216
131.42097875064596
130.6426912020405
128.47744016801897
127.62405046348388
124.91845319167608
121.88336380838814
119.79554375328136
116.47188883362213
112.34362734498201
110.31611184854906
109.39650467888343
109.76202318222738
111.43193878011179
111.65845570766595
113.8395286691025
116.32806241739166
118.21193014587783
117.57267002787093
117.70844338688066
118.60076919075216
118.96392638049252
120.25229852942337
119.15986844746836
119.62064154773509
120.97779020592814
121.96743720463107
122.42863690127507
124.501576066418
126.33449056360392
126.4060315826589
126.54955587503974
127.76175291508726
128.62512960269893
130.08105955561766
129.62255451891505
130.45003217577255
132.67737579030347
134.8794333023792
137.5546564032168
137.8771039357398
142.28905354155884
143.59823833857655
144.87779080657052
146.95261471492645
149.28082383945213
151.34106082011462
152.00691242359122
153.42885495949753
156.93251933697718
159.93790802072857
165.38271741176467
167.8581509750062
171.67038893903833
176.04797616376007
179.06111058231392
183.74804731514132
186.60998684650718
191.41716223070196
192.2431411157311
194.14066397046676
197.63636128315474
200.6921192041243
205.32421162724498
208.4867638307705
212.24201582845566
217.64276754339394
222.73717765297602
228.43090117180083
232.54067980139348
236.95504547800826
238.22348811171796
239.68900151386464
241.69228878346928
244.23093773221237
246.50319889674162
247.67451762441317
250.62989891385843
256.379671801182
260.18647081207575
266.91406160630885
268.582099723124
270.1980119956168
270.1766845881073
269.8650785140767
270.8839951894976
271.21242514616864
271.134303745529
271.87863670871843
272.6335228218211
274.440362274365
275.70775445614896
276.9353653807988
279.4274310649298
280.8760830838126
281.00465415238193
280.5276359533201
279.4563109319615
279.7646112240945
278.0926353810735
275.844806023568
275.61305963722276
274.2724697279213
273.6147868175204
272.8155151191676
271.7342503719237
270.54876164781655
269.56984439845627
270.3170100006557
271.0909836228613
272.6225730068717
276.56867623761997
278.36234033860666
281.01588710179834
283.88881907878806
284.3761694624525
286.52474660334536
289.5073375907897
291.24644070774525
291.0748611791503
292.16075360699546
291.6160659873576
291.0999278733877
289.8445604089965
290.5544760204505
288.8294640450866
289.1130231482145
289.6281580937656
289.3590162422737
288.8357421050547
289.6481719084255
289.4739398000706
290.21929688510346
288.90532847038537
287.9843908222218
287.64079947489233
286.60567072233874
286.663427984058
286.51174362065416
284.8272593686207
284.7384294626595
284.345805079496
283.5000038069364
283.68545861794576
282.81194781896204
282.6952229493082
281.80423782691975
280.2533410820039
278.74848732315337
277.1980019869763
275.75244158561594
274.7931458745315
273.671486104375
272.0293153157405
271.5768790396528
271.084573519006
272.2523080406965
271.0733153777682
269.8140389130908
270.8725412676555
270.25025424035255
269.6463065874867
269.68625606136084
268.6327196450011
268.287290577321
266.9825201869542
266.8636684662522
266.6170902501162
266.50295281518925
265.66607099014675
265.5287544819528
265.6414838397217
265.2176909778652
264.6670742882212
263.9602272011344
263.5516226714035
262.287139037249
260.6417244603148
260.7946060789726
259.90473881159176
260.2828322791553
260.0287172295653
261.96494752789766
262.17060736677985
263.8247579137292
263.8778540067892
265.8750006244591
265.5177122077628
266.1781046743059
267.2388634383629
267.2167846726807
267.8231915933892
268.5665834059941
267.1231602317098
267.28461038107685
267.4322658002396
266.8306707620638
267.3002147673262
266.50428663238785
266.8784082253653
265.95237950765227
265.7326283297922
265.44417353017377
264.51394265087816
264.5954306543051
265.4120845619212
269.0045659202591
272.04473159309873
274.77337210635693
277.151743537771
282.232096842392
284.60762760150396
289.0559241067468
290.32938332246687
290.79585235765757
290.32785630701267
291.15909878286385
290.3367838380171
291.77402753654883
291.25813101516405
291.9159883208234
290.92277892170176
291.1123166255499
293.5355795089171
294.2893851961802
295.81379493296237
296.21075225504796
296.85719497695624
296.1335738121419
294.87835851938246
293.95056196654605
291.825207017734
291.0116640541842
288.9013930149388
288.63055445618147
286.48689899753856
286.8769090389395
286.1185962320147
285.73244397911077
284.5637777058535
282.5186842838103
281.11912568724347
279.3957498545473
274.5652013661616
271.02480020432324
266.98971126325466
262.8562352146899
258.8498135429127
254.14866158288334
249.85243803149126
247.57099040972602
246.9350259063829
246.79991177113345
246.75832680991303
246.26871097234624
246.67097407337752
246.40581391771926
