2
7
e
85.51720332901863
87.00367483286865
86.25072770482383
86.31136168063725
85.81568706282562
85.68386710319857
87.32946689590875
85.77621705135189
81.30649180590615
74.561419423941
65.89831546278432
59.828034350501234
52.84847194658413
43.93025775445551
36.812047216479506
25.85574889145345
19.53251538940375
12.549882559877418
11.275511895557843
11.414813626831506
12.334758478456246
14.705886866092783
17.90779191024357
19.374034737733318
21.712418605457398
21.54709144388676
21.76947212293728
20.955201035873657
20.527377064502417
20.45373850611253
21.025506136135906
20.435013714101252
22.49364666441008
22.166481038537356
26.172059453875452
27.517580761532766
30.307610397251047
32.28779759939656
34.98218846012767
37.6084341539639
40.046849622670464
41.34867815932707
42.20273219984953
41.40983950635897
40.91972037569177
39.38172898886034
37.490215687217535
36.718686008073476
35.36225726351236
35.13062155379858
32.238482961654285
29.71653135023641
26.743489360437223
25.38994445915443
24.88077578940381
24.554955487520395
30.63102101272186
39.634201180867045
51.91958824888192
60.749071381655696
71.32874034537512
86.73762100073026
98.99842000156843
113.73109876420224
115.18942330387887
115.39743253722166
116.17672161019644
117.61362381148056
118.17730744721206
117.86810246206358
117.01188424482527
117.97319523502101
118.43629327814068
120.42995746915506
120.34006291394932
121.8458161286676
123.42849740948604
124.47021923496372
126.05150235845946
126.3671559092735
130.05176328360082
133.27041373358134
137.49870007347442
141.0397751645264
146.29730618669325
151.043146375924
155.034000677141
161.4080231315932
167.10930643568682
170.79904765108935
172.1329025584046
172.2424096457211
171.35564134678833
169.6382189451783
167.59083579160628
166.59818728955221
166.4519260894972
165.95970372811516
164.37747347024418
164.85715957417662
163.55612610425968
163.21757575198419
162.24733358918107
162.5573471946931
164.90895054387306
167.26651610775053
170.6818813052049
173.52832708915636
176.39620123454205
179.38421965876512
180.67296205264228
186.47041115477364
190.438013133717
192.48528848569165
193.81126457664564
193.31425312850448
191.05834751187635
187.1154069148054
183.74793985373532
179.78582043406064
176.30807633788856
172.65195677198085
170.32475608220577
165.52879282760327
162.20997885799642
159.39252876430382
157.2761030649095
158.18358250041396
160.81795977322727
165.2558872730872
171.7143640056813
176.09584059630467
180.504808851668
187.42559478519854
193.96481221608957
200.30004942729556
200.9330448765904
199.7147699118006
200.2051151798541
199.69273540116097
200.98601153453538
200.55339299373657
200.3405592173541
200.60865392764913
201.61430696505377
200.66591195449286
201.53442215852235
201.5076469393598
201.01593857240078
201.92558951471133
202.1689638546329
202.6317863390326
203.44575229670912
206.78118735315724
210.88301298276957
216.17675708018783
223.15777254124785
228.39171681447357
233.57242158854785
239.31187434385257
242.8843784045722
245.30492849311082
245.88062509354353
246.16126104292735
247.6962077671382
248.18911093811056
248.21355607667516
249.27328915315246
250.5486225175673
252.63254310454332
252.6868426326122
254.69264980110776
256.3696906573903
257.4330929078304
257.93836736891046
259.1007478076748
261.52592539610185
264.28727334075313
267.8051162142913
271.03113682860845
275.2322764268498
278.9470892451244
283.23859953054875
289.33995569947564
293.5672317028357
296.7602453150007
298.52538646861956
298.1583240080623
297.0789401780315
295.54055010512263
293.09485143587233
290.3219735592246
288.85954956636306
288.12971311429754
287.8252335773862
286.8485400945127
286.40930619051005
285.41772351315683
284.89965321738157
284.65211486701395
284.9173228079752
285.46265205109086
285.98975623621527
286.17383281204155
286.2889987905827
285.7675334257547
285.7834609524199
286.8165586953674
287.24847501562607
287.9773659141677
287.5674296796159
288.34130208276974
286.3535973924039
284.26101685302774
279.89973802137894
277.96055311822636
274.44282814138535
273.1590931887193
272.34278378002034
271.5072995066523
268.94456146489256
267.41138848105203
265.6539167935686
264.4968812183142
259.48861610284314
254.2551849269989
243.70333148662334
235.65579829974615
226.0176310624338
211.72235714239395
200.38855685967005
186.8980527189349
182.8334299184219
180.6980175959584
180.04481701635288
179.05213298326342
179.2050726192345
177.6348463279818
177.91615381603847
176.7075954521774
175.61491142078344
173.02129885442722
171.09446497510586
166.63373769585692
162.45331031240227
160.77986005909383
160.17919837358656
160.05116565343957
162.71555159431168
164.66800638240576
165.5149414964585
168.50527595074007
170.90633080244552
171.96417647199368
173.90437576849007
176.32775917351728
178.61188255827872
178.99377524756432
180.1969043181513
180.10940987099863
178.42829789721273
175.1044354612847
171.70462403590474
168.57564242722685
165.8513613971947
162.33414145093815
159.2156286100989
156.27354459214789
153.34840338447447
152.5398092034965
151.35664235448144
151.92214223089292
151.50112003548966
150.20637492209153
149.7683824732973
148.9565005871556
147.94562591518562
147.00785557711367
145.58364906392546
144.00869872658996
142.5479664707334
142.38844349065664
141.7284034017679
141.62074397814797
142.28688723326215
141.87504227452234
141.77192300187022
140.46089982154672
