4
9
d
115.70320986439022
116.35238068085707
115.04524633851467
115.99640192592062
115.94737070576402
115.36563661612655
116.45612122453453
116.17673857481637
111.87476301075054
104.03045507585787
94.0624040306911
86.6356923202644
78.25535634145204
64.45330624834125
55.009202969899754
42.14724943876168
40.533854927216915
38.98565271502463
39.33915313177498
39.16618616774773
37.623513665296436
37.69051259471023
37.84018463259312
37.19225448711247
37.471110641060626
35.37853902772677
33.99541168380805
30.159005922026783
28.858850026570074
27.28629039690174
27.08878396661992
27.5289404572517
28.64084432105903
28.07016245111754
29.836100657145256
32.48824803531553
33.704547926367695
33.958682289985475
34.81379787932422
34.67919266996529
35.26599862464852
36.73430226206026
36.31239498191721
36.324980747757856
38.96050680434463
40.55690090321342
43.83634532750905
45.38713304154331
48.84934596818092
49.73669240438701
52.35674857707909
53.66236041484136
54.7667596394221
56.327456011664474
58.25673865733508
59.42496144779004
63.281712620749765
68.90981126447792
75.95412892694523
82.20263286095272
89.74803832428769
98.48024962512028
107.0601212444209
117.13441648015221
121.3422769203318
124.37908001631389
125.20538568452949
125.44351033532693
127.0551227961401
128.99372243067785
127.86089341217271
130.09575430506007
130.05035023861666
132.21639873803014
133.5495434923046
135.75013116549138
136.14729640269556
138.0420202850741
140.21689623069852
142.65744325876773
145.21282434959372
150.42286754344198
158.4654179117947
164.29048539275888
170.87054640633121
185.374290789841
196.19831674753033
206.48102201739508
206.28869225870594
205.44828062539443
204.81771839189193
205.58080292822928
205.3505580043837
205.02048124885232
204.8012020357648
204.50932950149195
205.00791022278784
205.28629820883336
206.39279928890505
205.65856352652267
206.89867216590923
207.3859375637199
207.14083903381447
209.28151891814795
209.66238879192647
211.33121282074313
216.62958411037752
219.30684620646574
223.77799850467284
227.43994759504528
231.87601404120483
235.01592758820777
240.91929565020084
244.43633677404702
244.2793949215811
243.93905517158282
243.3445916345347
241.00239269275957
238.48265031611618
235.98516343322117
235.37747487229637
233.81606010953305
233.5956505756107
232.78788440964834
231.98119482879056
231.8019981730057
232.0702002997532
230.494100342947
228.73830804406745
228.49900091765304
226.31857068404432
225.9528979727373
223.3577037533336
221.28284938061395
218.97144088792408
215.61501742103945
211.64000725853904
210.48866619189903
210.10239316686307
209.54867911510598
213.20039584810084
216.06409416728255
224.2225526202717
229.066901236499
234.10919550592016
238.46527636970677
240.89704683561632
245.01011027388455
247.24322203887903
250.44767200026575
252.7711998441513
256.3050333437854
260.9267211844376
266.9718831016881
273.6346034474034
279.4554740468775
286.2552801191118
295.51846995943333
302.5454848142515
314.7275363376593
324.41679429854713
331.2016312946117
331.8359220546475
332.7425006038131
330.77871448160903
328.0959984460594
323.8564932761776
320.2452422035142
316.2761868226604
315.66428871103955
315.11277686334046
312.7370471225352
311.09330645723537
310.39869084744396
310.92633117945473
310.51616836835206
311.60168679109967
312.1120433639763
314.6025191238393
315.35797800929726
316.6662163664607
317.15750885987876
319.00469117627824
319.7829233736211
321.6429695401845
322.2272773659655
322.7612065652949
322.6814831414881
321.3685693612259
320.3532203685327
318.5539793714986
317.04033288774514
316.92725773521346
314.84957249283383
313.51590312086483
311.1312332401084
309.03462055261326
306.71568365120964
305.9549246351376
305.79607799380534
311.920229990395
316.9493875809819
327.2218735914828
334.45186965342856
341.7910328754577
350.80063213171337
359.90331619565825
374.28690512037355
385.5555966590338
394.09437996658
395.8780309862093
396.28048979046224
384.6286530517796
367.93094173709807
344.24752285434687
325.9462378586112
304.92674883306455
270.466600615543
243.95478140954404
222.62303471466933
225.93708281939013
230.72526960047503
231.29603420285736
233.11961160350185
233.0568873012836
233.6627474497437
232.245956070421
232.57197558581487
233.7717096939909
234.6243771868239
233.48660921362654
232.98723265247312
233.33958326670822
232.25333586508103
231.72053556653387
230.83543778960654
230.38005098946397
229.0933612694284
224.0212503898887
220.47399673133526
216.14345650689364
210.7178298026266
205.98790112249463
200.4308792967822
198.3970852234507
198.52856392847875
198.25283147183677
197.66369344926525
197.93353162437282
197.4445096378686
197.40861684587586
197.38707117469107
197.1982156752132
196.43130373262892
196.1882067174949
196.70893093907654
195.52638581388337
196.7060252601351
194.6422373613015
194.2992793932813
192.87025178664945
190.62581665216948
185.11604575046655
182.87274627486062
179.7180397970313
175.10146476324945
172.5022421975001
169.5127050719027
166.41869028420544
163.2387138336384
161.17733477628065
160.75058397150818
158.06886911270672
156.239769314971
154.47091781680905
151.64987801208318
149.80066572749976
145.0685881076626
141.95438948863088
137.26264478803117
133.78208904583474
132.06937080295197
130.0000413251725
131.14248096079092
130.7465222049051
130.8736456208259
131.20509330414546
130.04326276803846
