2
4
c
58.30592380792527
59.47704721170508
59.06987738295522
58.08955319608652
57.99173672758343
58.19317419690363
58.99320241643119
59.15172266929941
55.34348000818599
51.750741513073194
45.60812871640618
41.3211573298747
36.005441849489515
30.48779516426888
26.18865378084127
17.88219874151938
13.726729685458913
8.202534011640424
7.07265178063922
7.002838281533858
9.357329110635908
9.514467977671483
11.686142197533476
13.601696879086075
14.598858087757442
15.133404621405674
15.349028939271278
14.487561084733281
13.186326384864156
13.804318305324106
13.215741901271873
13.722021237992536
13.753274656614474
17.112284049597456
18.173302585671713
17.880396931448136
20.668881059936513
21.277940148772817
23.0472641152521
25.53081259289436
26.829244594214348
27.867541371396133
28.26171861805408
27.75822125246125
28.230319990673554
27.39311323906669
26.255132555396585
24.95468535566826
25.091605874214878
23.406507995202148
22.385206595053436
19.82089610972013
18.26103375369293
17.018465494115027
15.830008430625572
17.137619559384078
20.284702217918273
25.680055878760232
35.380954960620464
41.72780540130138
48.445473398368634
57.92361614897968
67.28861976964221
76.90851730948857
78.57952235431767
78.36059981024694
80.09117917996342
79.81410993695735
81.00146313205659
79.15069365267942
80.10984639910454
80.06498230592285
81.10598356430502
82.12967380541778
82.07248498821517
82.16804036659612
84.26255706902855
86.65452607701383
86.10858738780139
86.57262247095738
88.8133572141617
90.71450802070896
93.90615137851276
96.7057232230996
98.93101037767065
102.59018623448668
106.04496923346794
111.19709326567092
113.92955320928935
117.32912393803598
116.62195077895922
116.57654814762992
116.41515833061612
115.2048318241961
114.76135379226645
113.31439854293646
112.61434279818214
112.72310696147159
110.70112369683608
112.12245634590153
111.49939890065097
111.27622461618199
111.13214059549031
111.88597176263762
111.77888455651151
112.87840976967742
115.84554863024456
117.68914204294649
120.20387818926807
122.31952268041096
122.76430773226284
126.26825113315007
129.05250658274056
130.60938740288992
131.9480816500377
131.19361991479568
130.56628574204854
126.74445022575165
124.51177505964368
122.45785754532154
118.83550095719143
117.91869259825626
116.02946412537672
112.81997037008227
110.38030439937839
107.82396728285609
106.65964496311447
108.16271592837283
109.57896080774763
112.94258253142642
116.80913881538619
120.21201650182812
123.61952300993785
129.26536682039216
132.23770042704123
136.384553049357
136.44791728839033
137.6718396569938
136.5591179458718
137.5612268698681
136.5966280267543
136.6238995632608
137.38593934798655
137.8760144600154
136.51789768481424
137.3701886379646
136.14385044348694
136.87134531899702
137.10703807453467
137.784482227657
137.55342080634077
137.78144670623462
138.8710310246587
140.85299499239247
144.40031646235852
148.05542920213168
151.82559823582812
156.12858608845497
160.29171474881326
163.9538660706612
165.43025935186802
167.24303389139018
166.7724575844252
168.39900398927693
168.69501958537597
170.11869301624287
168.52754592505704
169.9228520185023
171.388667840954
171.74388093237448
172.66848081959293
173.57452042839896
175.0746064166796
176.04140011306504
176.32530534339492
175.9503587907168
179.202206763406
180.3143226462141
183.81198699634038
184.39975134577637
187.02614064227313
190.50897223855773
193.38658602520505
197.66656222717316
200.79587392050283
202.78268661956452
203.8244183134703
203.19828124369596
201.9839107720823
201.17424721516048
199.48992892487985
197.78334413741047
197.1700918025081
197.3411070112953
196.09254482687604
195.26027284869738
195.76874867330292
194.59942267016828
194.6745986433364
194.4357200037068
194.24723577621467
194.99834318497432
194.0517391800862
194.40687108900914
194.0131360528795
194.93692905907608
195.76142916197867
195.56908652923056
195.6688281120113
197.46748283441946
196.2299141330619
196.24594045755262
195.4068351187328
194.5121484818902
192.290788421247
188.94477819038752
187.10638533969347
186.12097798734152
185.46353820248345
184.9603176995044
185.25874463435966
183.39660889290843
181.4833122016637
181.4207055262691
177.8752643206547
173.18551976141995
166.97041050474263
161.15080170641292
153.0949733655564
144.45021371667684
136.98775583470425
128.0693027380682
124.30463784310699
123.22785478770102
123.71952939689679
122.4829395940418
121.74104883514887
121.98541755865192
121.54917982172167
120.15310262604255
118.60378205006339
117.63640778748372
115.97614891348118
112.91569599215711
110.91868730391543
109.32035473388001
109.34232231597484
109.08407195293249
109.47952958970983
111.50112411536216
112.80435911079032
115.20341434682173
115.79689668048256
117.11024831392456
118.3885004286084
119.96179399556989
121.66813174911547
123.24440416262756
123.1559500056887
122.37418410760533
121.39995395710754
118.11701965928484
117.2687178600787
114.03640651381538
113.08113445740854
110.06021520569031
108.99642166048649
106.62569082792963
105.18530382920031
103.38925396265527
103.78426263717421
103.6157989459972
103.99764826713744
102.0467683833289
102.28590553787454
101.76243590356616
100.7589986948237
99.9945177416731
99.99557771896178
99.1184909365532
97.26147643092231
97.03226487068696
96.46144968843602
96.40307849140979
97.0301426947448
96.15830749701071
97.11020557004382
96.26681849021298
