1
5
d
92.52577049192853
91.33572799128163
92.5788213410592
92.25452816064002
91.60221441049141
91.7816458636058
92.02400389495469
91.4443391798078
87.87570984759158
82.66069951711124
74.5462898933407
68.36899671323971
62.6707739715453
50.466800421691666
42.42874577102485
33.267721877985885
32.17226768494724
31.962835494164555
30.90699292832376
31.170631457336427
30.405252527165295
29.365153812304463
30.02044356008686
29.83379369992057
29.817844400257734
27.878107852688174
26.84730023849489
23.3150601448158
23.817640222696433
21.44277007250819
21.318787483756044
20.40758566163209
21.447169631506803
22.8784160579149
23.064393113548128
25.603886672080613
25.766653950862917
27.39326314988967
28.10608807834698
27.514240580047904
27.58640473515592
29.154932747746976
29.18529368805929
28.833534634533777
31.428277939763124
31.695046919274663
34.937679165078286
35.61925012095493
38.35655584720466
38.85487909669561
42.72673142825103
42.354068198439585
43.14633875068627
44.9897451693917
46.56777748259715
47.55198586568922
51.17973627915453
54.223897601530304
59.47005849295942
65.15141470643538
71.11604375529417
78.19550358013613
84.9947019718898
93.19219711525986
96.48518480233922
99.13533087315288
99.17710135982149
99.88194131040498
99.77226928936575
101.62028078717552
101.72304659372844
101.41867611851875
103.20737638985271
104.05121859015377
106.03967220665604
107.23020242528354
107.90651322506271
110.19201693625553
111.32464715222343
113.02263928249083
115.21897147390992
119.84035267647538
125.4059393990841
129.84495227757964
135.6323327321914
147.171131361563
154.21411707959746
164.30084207365047
163.43293923036828
162.3427357833051
162.35060147670245
162.33485689341282
162.34824850153356
161.9465462503084
162.59755678764918
162.45633566339882
161.8011966606916
162.23431528559053
163.3410727957343
162.87043840751727
165.12010943559366
163.67588008755052
163.44915983696248
164.1637565212245
166.92089644293483
167.15260014806216
170.97493489193067
173.80717922250798
177.11906092498342
179.97393712641323
182.92579823269745
188.26030443604003
190.93261787358176
192.55518416169446
193.229294862149
193.00651576559602
193.10232572120339
190.91840751713056
188.8656580293335
187.78646757967024
185.39238470443567
184.94046216037103
185.053472398554
184.42313086123306
184.51713417410141
183.01838754211755
183.14134035138113
183.26576878344656
181.28957407396834
180.48945649557345
179.40838836005256
178.35733796096596
176.90464316271687
175.6110933204529
173.06956028483114
170.76144383356677
167.54105859913395
167.1372788508079
166.15803970565457
166.1838838808409
168.2689740784097
172.07603448124698
177.45018148957197
181.18731985261405
186.1659713375084
188.9153067830961
191.8689334000001
193.87848584010405
196.19934409418576
199.16129250256762
200.3421308955068
202.2456975623986
206.32584856807554
211.43026851653346
216.68253039154035
221.13862701333892
226.56591974160133
234.57314124725
240.78654257852736
250.65702451274137
257.8294106091629
262.45204796501963
263.75616981924253
264.2112097243772
262.23421357328
258.946898364248
257.24359714382257
253.10904842938126
250.60978759222445
249.7458174197474
249.00755741236367
248.2619387173211
247.16339501505115
245.52939049221806
246.59441344885204
246.59847821303046
246.19552004911267
247.78544432569296
247.92482053534124
249.6218726607965
250.29653351809557
251.1714214422053
251.73240349304973
253.46866098962906
253.31636767056696
254.6818778566012
254.6411845909121
256.138379387063
254.43016392241304
254.24508289868987
252.63036443661238
251.73231378040416
250.14143380673698
249.6291026019744
248.25907118070003
245.13958741427146
243.28432759690924
242.04736085318723
241.51058747765083
242.87066767350282
246.3661217473111
250.40659120127606
259.7042298778251
264.0384077478895
271.8919561121957
277.9338970861516
285.5466622161533
295.8741412559268
304.7223616818341
312.71555800114766
314.28566453435275
314.4616096489847
304.8652563743534
291.33037435685435
273.25393851880006
259.0109444479345
242.0161264595444
214.03191653751543
193.03661891920854
175.21516554250147
179.47971874032586
182.213639583703
182.54430883467097
184.28660876801177
185.69182026582067
184.08968404650412
183.72414850405957
184.78667167991551
184.56432706400216
185.21659487614292
185.31664656169838
185.88310158759407
184.36006051785063
184.4119086067674
183.72739837123177
183.51819819097648
182.04639149884844
180.98597739125432
177.58709224331645
175.0223095460987
171.50604938547002
167.201478771198
162.8781352879511
158.4948123788522
158.84644582434626
157.7524310434161
157.27776669723653
156.66702003785167
156.6723635569877
156.52780394225604
155.93955578209906
156.06323830525142
156.37600142756676
156.34583161424493
155.67819204748878
154.79150759716984
155.01221375028175
154.31891974746944
153.01719536897693
153.12348037741225
152.39818384894622
151.23646162286576
147.53225741814384
144.5196415274169
142.0928993937643
138.7804381700837
136.45442360862316
133.2480819563476
132.61547463716772
129.2844008893751
127.25697736429862
127.56086477555827
125.50492053043854
124.0167518595286
121.84108986337515
120.10603234384483
117.68068456830008
115.13851318638521
111.72964757828508
108.14919285011702
105.39499720299715
103.17831737523088
103.40366712215152
103.32169954355176
101.90188579397113
103.59354545700918
102.2519073852487
103.38990059867118
