10
3
b
46.0493816184601
45.644198422596666
46.495834531541156
44.95290664601757
45.077158705757206
44.99692439990981
45.76668047323716
46.918269413469076
43.019174073789884
41.44639460745168
36.398297174535735
33.679913329115266
30.98179476126689
24.660964089401173
20.95392326545332
17.147119564614925
16.651985680719317
15.576574556032464
15.34432319322699
14.377437549964217
14.309986645631513
14.769049067771949
15.820556185205351
15.187425979438505
14.587938816824723
14.508661373115656
13.304617123191074
12.268436427831563
11.701024254568106
10.713248786770198
10.111790055405685
10.478234858470742
10.496629599133362
11.38179436123628
11.647504351200231
12.584319770481462
14.305413662484787
13.414272904275531
13.708961347365127
13.620592172906711
13.933951974916535
14.393448677187957
15.688706681507444
13.4262028988598
15.106797280180073
16.885222622708458
17.85237448861245
17.887437717353908
19.80429594396888
20.34450276197636
20.9194231675455
20.232459899712367
21.29973839295852
22.323335884413055
22.592514944373214
23.63334017312584
24.965186625911695
27.96878986788878
30.334059339129162
32.5588306181176
34.894837962646896
39.57140061108737
42.032036138601
46.28136611979537
47.92383881713395
49.561840634990695
49.61620077433479
50.12315654600325
48.931901691788546
50.82230084506579
50.73783344651555
49.79243547653446
52.160432785357905
52.905577544014825
52.98141150927604
53.37619882407506
53.34204471162694
54.50970093217332
56.85584460364927
56.19176454190445
58.54881089069322
60.22682418411035
63.60776321191848
65.09547638262171
68.12420700216886
72.98255945160486
77.14276440417154
82.05193193721837
81.6043307306393
81.00948159670953
81.1590386329468
80.88534235790944
80.64168692552808
82.21406814705135
81.74836500764954
80.40467655229563
81.61452530811792
81.07971606408496
81.62396788543408
81.80646052771445
81.37614866330455
82.46027396738845
82.53323333433657
82.22949756429851
83.25452498991578
84.22776021281778
85.77657137067897
87.23023161700098
88.8094075296305
89.68871338927373
90.57683625227925
93.98520266377389
95.32240609522177
96.61947450482815
96.18606447003992
97.00897513437987
97.52012039747802
95.74518333470975
94.8952308258546
93.96311528074202
92.35100667130492
91.99258830827694
91.8472927821067
92.51832956567414
91.977470238776
91.98382358337513
93.00402565800611
91.80550192766773
90.61595393191968
90.40709222347297
89.84715254322293
90.03646664701255
88.2381256679628
86.7352711898603
86.32178298792175
84.76331956987279
84.06188563845437
83.92431393069661
82.26026151363585
83.13903966863664
83.85262744553152
85.80690885166115
88.45209058205668
90.48422881116471
92.78164757120165
94.73248581322623
95.6635648055166
97.0303790712161
97.8653814562888
98.84147540270727
100.07777799277022
100.84090370766222
103.71544563452494
106.29563570330511
108.5843649982734
111.16965076054966
113.30507153890694
117.42257790130365
120.85016319016822
125.375926233148
128.5792155718494
131.5811824279726
131.89161686280187
133.03866163626967
131.7970470553935
129.4406105665508
128.07117241869162
127.70549784516025
126.16329979756581
124.58483520508402
124.41731095738278
123.93975517371886
123.16071111622858
122.72437678943852
122.6412733186948
123.23093417921841
123.45576377016415
123.23372670826018
123.94047556359855
124.14131640298505
124.85693838762487
125.19915667356358
125.88894250398445
126.9721589118946
127.14914240838297
127.18913010622995
128.6255751887618
128.8888862412916
127.26213864287983
127.15917625075586
127.2193611175997
125.8241545279715
124.22681507648595
124.5400745217635
124.38117748827034
123.0126786550253
121.74743881472664
121.21861020126049
120.94140484154649
120.82114036926824
123.10021842197823
126.30517254447524
129.68372262880385
132.84951172579096
136.50611414945448
139.39504048877427
142.55200384655666
147.25991859303753
152.95027406944115
155.8031866589526
156.78804837257744
157.12585157480706
151.77227006068438
145.63997520867633
136.22665001574617
129.23159841851583
121.44243761404975
107.01004308577058
96.083930119875
87.49182612427737
89.26095711810775
90.25672782810963
91.02163983421406
92.14725970612002
92.90261610106357
92.01949827201112
90.98923021536528
92.03941808084271
92.10055498640429
93.04449772024016
92.59132944248951
93.08058965335826
92.41729159749838
91.6973086286368
91.32725128972467
91.62213358554872
91.65066019755051
90.18525931009006
88.72117493398092
87.56839373557064
84.78892732488342
83.94384057794075
81.70287303947676
79.04128926995087
78.89480616461374
78.80085483928251
78.66221574730201
78.40322982052024
77.87901568099542
78.51483135405338
77.42352471455654
77.88399047086365
77.86572555053858
77.75710298995347
77.30903019999738
76.95347179774564
77.6768181381909
77.61746829000143
77.61828048828541
76.44977317007499
75.88521627670148
75.73056892256768
73.52854633218219
72.88160310131984
70.44767319606935
69.07358185798739
68.67226282831444
66.48309298139691
66.11850889817302
64.80397953677438
64.3458649199335
63.66443151740419
62.31954413182787
62.62624732446083
60.13246890639658
59.98200053036974
59.075092508796445
57.495218308387784
55.929858557315704
55.2159516892683
52.72156402069572
52.02917010013706
51.942980758929934
51.14324591978134
51.22936250976077
52.447660738307455
51.90818557115363
52.202638996858994
