5
10
a
6.401983559094394
6.238115957142401
6.338884137279991
6.167547156699572
5.9600497350208475
6.42075877848223
5.760426157258519
6.602049864685422
5.937200139200183
6.253682419774887
5.514255802548188
3.938574163066805
4.252888003520807
2.1387285169420545
1.5424782001603934
0.012568387144474613
0.28925139341495765
0.0
0.0
0.06521104987813425
0.2453242673342678
1.6536973145155416
4.5744818574982125
7.254091172826037
8.938755304406081
12.228804033700682
14.575572835061918
17.89786614670776
19.10636427668496
22.65718706134829
23.03975916454502
22.22425379558791
21.746566487764742
18.353109129684924
15.318273548000494
12.542340262394028
7.958350554488763
7.116800703075855
3.707151545582019
1.0438140004154643
1.2273419689395912
0.6353519639398756
0.0
0.7224114156288737
0.0
0.8106001446626508
0.0
0.09386410596163695
2.145397220693717
1.6702507606024783
0.979090173892179
1.0750876411016583
1.6342164831894337
1.8871271491257269
2.348530652778783
2.0370210676176432
3.8107273326430966
5.12391122495933
7.057560891012513
9.178580898079737
11.56821972228519
13.117318469830682
14.209850788913995
15.254371508925598
16.49506359380939
18.65628040078525
19.533106720237
20.84652138086101
23.668322791064238
28.43305174727815
36.74589116534434
41.61246808612075
47.59376334007764
55.00531560355851
62.44448649358216
73.45361070854474
82.15694853123544
86.93097599738525
90.22974510103454
89.41282823960654
83.93236112588184
77.66033895334597
63.888792739331095
56.31599982089831
47.27005486698174
39.29804129472938
32.41381356599121
21.267609473800462
12.49405186266361
7.582362496819457
6.529037961990328
5.753319106674786
8.230642131727771
11.331916772293146
18.004961999147067
20.826499354445023
24.8094024395052
27.503770272313822
28.55636142644903
31.610113578762988
33.60123942218669
35.02194218075211
35.67443847513391
35.50414064607826
35.19647541671468
34.543948136589094
34.00324792091034
33.30139333404293
33.67969457468193
32.24198333304486
31.461511900549183
29.104818527820576
27.258825709483688
25.538550719385608
23.84392918460497
23.56140903548669
30.82205327917371
41.133478749342885
56.1345844815064
65.45848903347527
78.01264073978186
93.67305730857967
104.24187885170284
119.53152190541712
125.6805291333164
130.9025374572567
132.3892963241021
132.22436889432117
134.82378513998077
135.2956648349587
136.2195889827604
138.10667964214468
139.83764071597574
144.4549572478975
148.68291453227954
155.2953495284946
161.88492270219567
165.99010963009633
166.96224397793458
167.39591261697652
163.37676887386345
155.31273276579225
145.37870918175975
137.38252815968778
128.93222921706948
121.1176347004846
114.92612662417984
107.09792509501837
100.47966537963318
97.13232104942884
96.34620938551865
95.05920449053585
94.85705760100518
93.40644195029108
91.58211356847907
89.75731019457103
88.78217106447244
84.29643163803401
81.84324324637618
77.49559649580603
75.4448023143394
73.11159376428259
72.48977740788267
72.58998699000736
71.39405304008386
68.8974125826735
67.66571505267615
67.5930571397154
65.52032814601276
63.72697816729202
60.477172272019246
55.78393813060556
53.430607573886036
50.84628421455689
48.46297202095125
49.34816520895129
53.44016194173799
57.86929456230551
67.7750527799205
72.86996498085796
79.83291440125946
86.19020557537954
92.13897952304526
101.99878379596346
108.57690860766218
116.21525867825075
116.2798369077449
117.5550286373262
111.07339776069396
102.1412331959805
87.76535105374137
77.67715354829336
66.52725533076224
56.098932326696186
47.00213269259696
33.52533474091387
23.301719334862216
15.911472681480438
14.2597260850306
13.950754656608998
18.65733256245769
24.00542799643077
32.68834868809426
39.136363822036394
46.52609318658864
51.25452856214081
55.29655249174213
62.238191444388725
66.65322312861367
70.46906376587539
71.97797046475414
72.01351623887822
69.58375638458163
65.41769643829446
58.56916918827864
54.25295977415212
48.33253508609916
45.976686971697035
40.92455444730592
34.15310398558193
28.654438501806503
23.7203006884108
22.7033139922147
21.891357509572526
29.9065520123425
40.88299039499946
55.727293259800504
67.40211825155056
80.40622270090076
92.4494975644627
103.76380898957329
120.77718076445683
133.55299771674723
142.28847714689425
144.67798586805097
144.26229401160774
141.0189551647544
134.59381332998046
125.90230209569793
117.48703814434579
111.23689824712719
108.07783218970816
106.077664879198
104.49078585043628
102.15119319828486
100.14244415261999
97.95970621736193
96.42104094972062
90.59925608063422
84.10124335738918
72.365937525952
64.47055362815419
56.27377037797273
45.32341783898164
35.72253616248175
21.17860640435594
9.899029543795642
2.8500476754194217
0.32985615599795365
0.5551243128890011
2.6748158390112917
5.162655630797754
8.547017713229378
12.73172274756232
16.29777598461991
15.919320796468721
14.873459855383453
15.361220107026572
14.535274434415639
15.279831090292792
15.775067132386306
14.393780034127378
14.849540712146347
15.661716107129696
16.430198759195573
15.773200310620489
16.777698905190565
17.576585589273336
17.018774747836595
17.834437989577015
18.629376874068978
18.328322068380512
17.38159999296737
17.45831232670433
19.24074452939848
18.253038877930226
18.431386732156113
18.397236045646043
