7
11
c
99.59429794188695
99.90957350876086
100.24084398530223
100.75084794683495
100.55946519542645
100.570304092716
100.18405621524278
99.49684096685995
97.18552841383843
92.39685018790871
86.20872628420939
81.44517841632556
77.1809558511936
70.8191618336482
66.0967450672387
58.99570802988084
51.7955124755319
47.912879794005924
47.37122499129925
47.666093656940674
47.738978587675874
50.523198612521334
53.42770412514668
56.76301257414265
59.80706681622439
59.069605718677266
60.96053470598837
61.023222093611494
62.70604774745452
62.22358342586738
62.55495147752897
63.01144409797035
63.48664706397308
63.57304341562617
62.36387915700377
64.18130777967951
62.68841929263836
64.13279012591433
63.72921670438303
63.5501541594662
64.05901752963024
65.49929197858319
65.3474482836063
65.74032098726444
66.75821584618669
65.21691699416581
65.4185007540335
65.0761494811772
65.21900860622742
65.25356236497399
64.8623163264412
65.06924303903907
65.01045326490367
64.33831423862915
65.08018136443205
64.7799619520814
64.1644355951002
66.06814382676791
64.87868688967912
64.4843320564581
64.27196311156531
64.66860501731718
64.69501570725538
64.0341734936024
63.74148173762552
64.36263645179659
63.13744547153946
63.68758172659797
63.885509903030766
65.87783457756433
69.48106685688846
71.26806691167364
72.86166497692636
76.24559945783231
77.55138706870946
81.82163551336485
82.7926565738542
82.4172931991223
81.4722693467986
82.44805358950484
83.73496190716565
82.47158402074112
83.15794698435813
83.12906055231436
83.35144874897298
81.99524379635054
83.54357496029574
81.57821073691427
82.82987039855769
83.34776395483641
83.22020623570167
83.65418617117993
83.48844008587272
85.90181884199724
91.72943263971544
96.0455757633751
103.57731338166492
107.99329723858155
113.89283806144984
119.61936640530104
127.0228555510702
129.76462385772442
131.3504903515306
129.6454920931451
130.34656736357198
128.6610490184931
126.63015434321376
123.67524089540318
123.48070630405303
123.35400981787942
123.48394310199194
123.70107198776596
123.95523517966488
124.71473908987534
124.31957523070028
124.21862398639178
122.85391313221895
122.93959233647021
120.35142211065978
118.60670092859915
116.57425332937947
115.56552171297841
114.10043680298463
111.90019489726092
110.00450425167574
107.41024142418627
108.03159731799602
108.39329103076575
108.77404400364821
108.55437575835745
108.78928790044654
110.88192499579277
110.44444549097253
111.46124698536404
109.22972213548711
108.49651632425841
108.61607170468405
109.11458623624159
108.87601821511869
109.26966857850314
111.01201857535939
112.39179533362761
115.33216927743649
117.13798844757552
120.67087308908036
123.34276448384855
125.08353015409855
129.58447250696773
132.12561624367993
134.29565434920545
134.70908154832327
135.55996120997779
133.1804283189767
131.2436360377029
128.12244472717592
124.09598372641696
121.59300760264433
119.23135202471762
118.04928589756905
113.4193529848032
111.70403176231802
108.44622745381025
109.36202919272569
108.71408254332985
110.49561603903622
114.09996054204528
117.92403932766305
119.8832405065949
124.34278707618118
125.55483987682335
127.18300513519134
129.19005663954155
132.00808006401328
134.0029229614472
133.79807196035068
135.46607635360178
138.1663468986537
137.6335931026249
141.01755854806177
142.83028620474326
145.05244911562733
147.35965961557025
150.5054600969768
154.5704529749202
158.11458608828806
159.70988254073376
160.3094130425085
160.1306039472656
159.36678087087958
157.9697115337012
156.0132051023075
154.9300982245389
152.64059081721248
151.2884370727465
149.99344425410953
150.06813570986142
148.2806553841491
146.60925653760918
146.84817814520576
147.21247353012578
149.65417846717216
149.32396055349895
153.5192847558069
154.6057368343777
157.256823385843
159.6302221162613
161.69009689229802
164.03701624422553
166.82795098598965
168.74701002253352
168.99079938341401
169.3525229607264
168.62635245368915
167.13627827689456
166.6536492308348
164.5481572724272
164.83471870775395
164.0166882305154
162.82392486620867
163.6470427564088
163.82929819709736
163.25544577941375
163.37742653674798
163.3442173550892
162.32202507617157
160.69692833023336
157.6770094573662
155.52697269741753
152.84317964531505
149.96977088166923
146.45621313763473
143.24569758225584
142.32485305777942
141.1901191232254
140.88527348815765
140.35000869741694
140.6998624560987
140.4465899555314
140.26720833528995
140.4793790105426
139.56473996624658
139.30238035805786
138.55561419688846
136.60069779630408
137.7869383917417
136.45258219757005
135.65255543046263
135.72297926486513
135.1311018620754
133.81658728579293
134.4229431412494
133.43370070939235
132.9352226712893
132.02642915414785
131.22634054118996
131.72948725934637
130.4489794727387
128.70872836602874
128.36003399155243
129.18622433104323
128.6011073063585
129.85461841558634
129.01277128408424
129.6814035544501
130.55117413364587
130.00710000673072
130.7938250276509
130.53068605346593
131.4857460974422
132.07774219478625
131.35571827166666
133.0838768946232
131.03077842865972
128.04770996257332
125.35149961250035
122.95237397306869
120.16963150694293
118.09796622005648
115.82929248961074
112.77238285171762
109.75792081449725
108.77712257984494
107.69414070121434
106.9987909639644
108.4113361458249
108.40405239054338
108.09877123823304
107.71134597798252
