10
1
d
64.34895811540302
64.15941097477575
65.47989986650919
63.588054621070334
64.10336617362603
65.18912884283817
64.47590155467208
65.00409270057631
64.1442092028755
63.39886957037068
62.03919112627566
61.82273388054346
60.94667283350633
59.93264355516897
57.99589898193773
56.76185630642474
55.2491261555778
55.34909902202132
55.19223250302542
53.98645378854084
54.92763330625577
55.47775642273292
57.364208458467495
59.37441049805776
60.10100434403704
61.47622964348176
62.37067835415693
64.58914987300453
66.66395095278124
68.12650238376128
68.66501248765191
69.15513792680194
65.9767957935311
62.479178733243636
56.23140501179946
52.05706199381328
46.859341204248814
41.48917199737853
37.59597029935251
30.55770096823851
25.513429533622507
21.066598111176667
20.34052232768609
20.51424512741062
22.198515243602255
24.591490019213033
29.709256655916647
31.688489020074716
35.888374050067476
35.87885838113696
36.03277301471438
36.33811664435619
37.655125660597555
38.84678049800952
40.16322709640312
41.191860599241814
44.65705819568949
49.20856818675789
61.691501703220126
71.82098161881642
85.18663269965029
95.70695597763827
105.58750514445414
121.65795439985258
132.79582042566219
140.44825947246133
142.53305245873963
142.3225544595497
140.82476001798284
137.69722675816422
134.1945069288768
131.21776954067397
127.96598378368105
127.38691427313825
126.04717493079484
125.88352345191427
123.33403715500364
123.22983933049512
122.23097139342066
122.34237994186327
125.66304786613908
132.37479453189377
142.4606458756382
148.02367946066872
156.26036657916433
163.22781291580952
169.35779659203052
175.6363550968219
181.74415278120415
187.62395264150814
189.08333525681132
191.85824906429755
193.67842058745748
197.31127122025683
202.76002606499017
204.46448184546023
208.95043763670023
216.16693878713397
223.78142904763132
232.97563701165706
241.73120180589044
249.07915319848254
250.76663265765427
250.29060403593712
243.87018347985264
234.064158818063
220.92717912776837
209.77976795442623
198.76163058105382
188.7590868989251
179.00071603177213
166.0559162118402
154.698070232405
146.9364328630207
144.95834598359716
144.21270558949539
150.57804591909215
160.07333752013628
174.53804019978975
183.8601234841192
195.05362688001225
203.75661070208847
210.39874114053308
221.5606260399787
231.36786040650745
236.68120265419734
239.3577274190699
237.47327621956995
237.1065853407428
234.55620233941573
232.4417280500682
231.145282853399
227.6610903602316
226.6289915705409
228.37023971806136
228.08452694239983
228.47586860059766
228.91070538195595
229.1259742358453
229.31873504011008
227.72527998050438
225.08368952817955
222.70520482414815
221.59246344376896
221.45695426943968
217.39234386600575
214.89048384266036
209.88853760832214
206.1398352846133
202.98272817859862
201.85374514792312
201.69624260157022
208.6398847059107
217.7816631456502
233.7334528938911
243.7615629714641
255.85825270328553
266.56340979518046
277.9138424919118
296.275701186787
308.87149365719245
319.47461310302185
323.3908026675312
321.868433270732
314.7005625872738
300.28219603668396
281.4480342945403
268.1321753237285
252.0651152304714
240.27831641154737
229.01124414409645
212.6270097765511
198.89761135266355
189.12280930392825
187.45781790811355
188.110321689991
191.09495541762143
196.0571721529471
204.33485500368184
210.11635938163096
216.56992338729373
219.24192183481534
222.19342604035307
226.77118538660483
229.53469171250833
232.4186259549754
232.9854396250991
233.4031865045584
230.57137815650523
228.68957223600523
222.92888959582345
220.8076137468023
216.6041364409063
213.64740695903276
208.37695187158383
201.4554161480117
193.94929476017907
189.4004382000232
186.387107069508
186.58015710507485
199.8717405492021
216.41629084746378
243.82939745288834
262.6028625573113
282.9509956923706
304.48358960367267
324.7627599620493
357.9237697051208
382.3025210690712
400.76747076416586
405.8162910017608
406.1660830411552
389.6426703856464
366.91844633340327
333.4455703022899
309.5705912177497
279.98671487407944
259.25287963138607
237.82494699807864
203.87476399282411
179.69598974680406
159.74354285880523
155.33985071802124
155.45179974985874
169.91893177609197
191.5109108443755
223.4435833032651
246.35732860304265
273.1012580649088
292.9889523368216
312.23578194494974
342.7937399617706
364.861387545383
381.99594967513787
385.9997271598861
386.25796072821345
374.3257415434781
355.3515943047301
329.36875997095484
309.8837632794155
286.810802263232
271.49524992913496
258.42180917772646
242.11364105482843
228.88792471413217
219.3816407208584
216.66379431990612
212.75052057236948
207.4115836743384
202.14031339461357
195.80275133801157
191.15421990490435
184.26876796779644
173.84071575042597
163.72965415861913
146.6506077590629
134.9572225849793
124.93777903937234
121.89014679982245
122.12381971836014
128.25321495923706
135.49752258478208
147.4148137207313
157.05859287132057
166.72037530490644
172.9349211127077
179.6790217139815
190.40997041427994
197.92160605257683
202.87993121326522
203.9306737103843
204.3993371641288
200.01590163194544
193.65123309356113
184.4839582472875
178.157075501684
171.28100017997258
164.19346570078315
159.59704144221217
153.18786254515862
149.41305001772102
144.87733018804767
142.84967273066593
143.8740822220774
143.60745515601073
143.74059566227967
143.80873247893328
143.3885471178263
