9
4
c
110.32981220514286
110.62385279359171
111.23648884989493
110.3995135191664
110.57360910761646
110.52150990273738
110.79621570167015
110.17938231240703
106.11840118359854
100.15500122911845
92.29026665294242
88.15682566532583
83.047977723035
74.65410206951319
68.06626638781039
59.44288958308332
51.75075383524807
46.42466906663112
45.41350410815713
45.527768711255156
47.82297168408287
49.2796914740818
51.782458637806144
55.064790464518275
57.181750110930565
58.636724380609444
57.94584619571968
57.637966630679294
58.37533633730276
58.92078090916077
59.26109308347921
59.357498958198235
59.98474573606709
60.67040984130009
61.24048966114022
62.60492020993816
62.69150271746694
63.29615626713868
64.52975071447652
66.32611921908618
67.8475068025286
68.59997458302472
68.8712454730515
67.98268737579673
67.53453974806186
66.77099768360235
65.39274204312404
65.39249852846693
64.8141965009366
64.75969167608123
64.88852033451636
63.93488827461452
63.31628351274534
62.82237397270514
62.36211799012622
61.225726294289
62.754384210689274
62.33466519913076
62.62431549880511
61.44865634160361
61.4274674109395
61.34356848750467
60.32931927112149
58.38363899706662
56.473548219792384
55.90798730681987
54.11190706283166
56.523569742145945
57.39381134303545
61.27807261308372
67.39554594439791
71.8120584822849
77.93828303403521
81.1240119480166
84.93131796275507
88.49540111025091
91.27062371939836
93.75722400810835
96.7514376746333
99.65439087867033
103.61894966552224
107.2897786050505
112.9191509292617
116.85904292823341
122.65932847206554
128.9812648997441
134.66528031757554
144.5528044458964
151.50378213930847
156.33772490654428
157.0243517183119
156.70687720269362
156.49646215929334
153.8500697169774
151.0530428611026
148.31666773673646
146.944627555666
145.51393934461336
145.84873588118916
146.70769854086953
146.10775420248663
146.5762591082923
145.94517397004185
144.77477316912265
143.74922049992034
142.56907769578174
137.1793491862135
130.9155348468234
123.59823234929736
117.77618396345098
114.12720770455577
106.93513935076923
101.32113472510626
96.18738578252956
95.80941462399393
96.00841966613386
97.36493267226305
99.13702061750043
101.64239312006382
104.86509792961057
107.34530028721375
108.3073397525166
109.32975233117298
110.71699970427747
111.75964131067059
111.80520628937339
112.21867447218436
111.71537262334417
112.17960545948819
112.13773847820913
111.77459808232973
112.30951542597346
112.30501778369182
113.21566138701377
113.16329032551421
113.4781418985577
113.07030183607033
113.24234231150064
113.62911835866805
114.54907961961199
114.89412418604219
116.50734041984168
119.03837931300541
122.64522317213795
126.47214679604099
127.88569274265468
131.82656662233035
135.5574898461112
138.4767621619002
140.64602773764645
140.6801300189994
140.6859028096249
140.94157445453945
139.49965534591277
138.92663254291978
136.85185494473097
136.56429351960205
136.93196711405122
136.02427356419844
134.96134531057587
133.10578994189726
133.79730327622207
134.351777848621
133.9481650692326
136.15888920211302
139.86751427365178
146.20260285546087
148.90496047922215
153.97994136493796
157.9836555840433
162.53174488505994
167.32716033352878
172.4905774512491
175.6518080130932
176.66045498730378
176.39969461865
174.9730871889788
174.07529935439462
170.61362219844054
170.04928040483728
168.6256100766843
168.47873570812618
168.57890860655476
167.67022318156876
167.04223398170816
166.6491326568028
166.30162798984662
166.43755176528998
166.11303278086308
164.7508371082267
165.2064025782645
163.37108377848173
163.04651363066662
161.3689809937355
161.05670296183504
161.8928034736631
160.43389851496093
160.10949245416805
159.38630773289594
159.3674929509537
157.24701477364826
156.6497739407388
153.22125692498244
152.70873980650413
150.6587092448512
147.67244579395052
143.5869412373493
140.01772729606915
136.69253305627993
134.41118876723866
134.01254225216152
133.52868999076227
137.2016877294627
140.21013054097483
146.63399972364724
152.1470644942416
156.7299008237828
161.99565440949704
166.0763091510967
171.56995473370347
177.41374783902833
181.35090179271947
182.09090553184163
182.1486615137746
179.21378821670828
176.32547087286144
170.85416008704473
167.63157273029285
163.28078724698224
161.00409676736322
157.19087810016964
154.9349785288551
152.84402353161155
150.26273338253853
149.36275992934856
148.992737746466
148.0029555780749
146.64421925669146
146.0215747896639
144.91838438024706
142.68528156744213
140.11873804521292
137.86837856194953
136.2520558203779
132.7484093395466
132.2407247319851
131.89474395359366
131.31274108937572
130.3126669007969
129.63705890846114
128.64441268709928
128.56355070292824
127.19101335380938
126.83272041809808
125.27617910614343
122.48300376093951
119.76646050650649
118.23557674161977
118.79062012714992
118.18576908305542
119.85068787455343
122.72733893029692
126.44728070375604
129.6593273731355
133.75011427137508
135.65210433190268
139.33511128780685
143.10915758297116
148.07295690938133
150.3840313149983
150.34377058893264
150.54928724118813
147.9489145309891
144.4468683676859
138.84219977157844
133.39179459496717
129.27785772201094
125.8736929478603
122.73682301703252
116.56529874036612
113.8374454252592
111.72622202223226
110.69440668506905
111.26908172595732
110.95703066691587
111.40410546316743
110.33827878606672
111.70771838996681
