6
4
b
7.2642365741987325
7.455074733895879
8.014827314316905
7.869020004750922
8.567129356029774
7.845700220339742
8.284290745863467
7.960741874009428
8.328948682879341
6.802354609749454
6.043316233337663
6.028889738402607
3.918800131163681
3.5165110323230526
1.7063617642055728
0.4060613445644678
0.19137289157518783
0.6324568177294294
0.0
0.0
0.05432067254457725
1.3378944814548341
5.561998424036511
8.10901496084306
11.481531104272136
14.79764352588647
18.763670417315673
22.08758744319458
25.58953578578275
28.69998318428245
28.324813380139204
29.183680091746286
27.104968506247047
24.459748130121323
19.70350201822762
17.552786716440554
10.49300818686257
8.336726903502043
5.496250533263537
0.9202639983935201
0.0
0.47812424497725453
0.0
0.3863926311473809
0.32827126314712934
0.0
0.0
0.44176874418405826
0.9372395521708471
1.4394328374434047
2.1125382501110628
2.1350140734764977
2.1437693560186686
3.6451808876332814
2.351852238477953
2.836162547304098
4.778759161139447
5.089453303368746
8.225749397907714
12.796725233887367
15.13191763854494
17.543875868129426
18.323743516340695
20.58072655199837
21.42057416523902
23.23055380848092
25.423178518052943
27.550883900066957
31.21436766797535
36.92435579408226
46.118930483448075
52.30819399815721
61.636657114726226
70.88772701285947
80.34053302473285
93.7460584660664
105.01505579524198
113.38124140508548
115.6590326306648
115.90606827760594
107.93864874266694
98.20355568494894
83.37669461617212
72.72390068668439
59.74415599306293
51.13982251552829
41.859023467231445
28.405008029673084
17.546837872261456
10.672848344209239
8.295423966470707
7.997263077684347
10.870450826506122
15.974936908902432
21.295413619845494
26.616306079937406
32.88932781528341
35.04529963895273
36.60719305001132
40.11462178909155
43.56762120686755
45.77721422351471
46.33229432453038
45.04097290016692
46.413686101058005
44.781990234639075
44.021303694276476
43.43419246747925
42.771661181128785
41.74065264294012
39.208893492469784
35.98021770532939
35.20560310647394
31.991738050929143
31.06389810984667
31.679665330620434
39.08251595864905
52.213046110823726
71.44073441684348
84.17985709494732
100.58730495102832
118.75964607292691
134.70145611503418
153.71488073719934
163.46504302367782
167.17482647966605
168.35807236924592
170.02225849630204
173.07802949230205
173.90055242170092
174.63927285768793
177.1933167798271
178.51870235302448
185.0023671762053
190.71606385177824
200.2309014445227
207.8877168723621
213.10083059929767
214.01738951425054
214.803267425493
208.53012143631048
199.11898725663454
185.79679046893725
176.76828648444166
165.46946158319702
155.21824396455497
147.41396739871976
136.85452764472012
128.82388300330464
125.99052746570648
123.50910453758931
121.93843304262111
120.21740458542628
119.2911551134257
117.07086461690298
116.09269790390148
112.786722751307
108.21648853620995
105.63438578326394
100.73840736384861
97.39228287713303
94.18354721285466
93.36976159560699
91.54117558682893
90.0221704018407
88.53770858990377
87.00298016552593
86.2814331187142
84.3499834711508
81.73645800321984
77.58711461604885
72.90350345590359
68.17725044769175
64.48759937159443
63.32715645228291
63.42580281366506
67.76141913006171
74.87066248016882
86.53295542289914
93.03329585172686
102.22368902220825
110.44742741645145
118.88032494488891
131.62246178934134
141.46296129656918
147.10726688513856
149.42477355297518
150.04612265789558
142.10912350315775
129.87058063238547
111.04350790417087
99.56193364127722
84.67481887143084
72.80866621773687
61.1528012150216
43.84965967262848
31.00231936948224
20.302763913556582
18.74266805098798
17.67399713334214
22.7069419617754
30.853122309615088
41.32276459443028
50.3644497725699
59.8699879577321
65.54344696210747
71.52321117793696
79.10492697223333
85.80542772022528
90.20693063483775
91.61140014844982
91.58793803287156
89.41577784520508
82.77919823652914
75.74804795979566
70.3547483930533
64.02400096260942
58.49022201454844
52.32257084482841
43.37615563435079
35.879584879267185
30.435981259277092
28.88433141465887
27.95580044078126
37.26143459466069
51.16816009519433
73.10749033882564
86.75259483784153
104.17952731465111
118.5718075990248
132.3837187681941
153.96445514547992
169.8838056157989
183.55312968471694
186.26201118845077
185.85248301273901
180.59177647759788
172.4846025971935
161.2101716032856
152.04394872549744
141.89338564126825
139.45358704292755
136.7966238753171
133.9565226713093
131.8182694193831
127.86923273292662
125.03891291757246
123.05400850807796
115.87523252973514
108.15489410287961
93.83763728840665
83.79444696894123
71.38784909304692
57.916129266946356
45.67662915148379
27.27684666699328
12.830466431317376
2.760498024379144
2.8956694042606816
1.135939788032864
3.1852076446659705
6.4504166554367774
11.132640979323483
14.98552185356978
19.34294056215349
19.469284740003452
19.871291365925927
19.794259321676837
18.32825310455285
19.101176412006858
18.570314909008953
17.704584541179596
19.08533704764667
18.739945983488806
19.481163170057954
20.73479683486487
21.349331221070894
21.83907193824579
22.395066340410665
23.05163039597843
22.522173276379448
23.211677321825917
22.186433708398692
23.475815659696956
23.501221589317012
23.513003053724276
23.63852490629283
23.76456185854529
