2
6
e
158.4814445381591
159.4330275168361
158.4250838388647
158.50923821245516
157.71925578002526
157.405663569901
158.5183758976219
158.35265174144135
154.74501068390666
150.8864615336078
146.18411378578983
142.27975772770208
137.67992392481506
131.31117614698564
126.9374546469402
120.67173165136978
118.68075560576983
115.25242309431975
115.12280936919333
115.44542391580254
113.4955387578358
112.7754381322178
112.30871387188559
111.83602710361434
110.34610939595306
109.23619675605146
106.70827948109421
104.61659951587428
103.7808275756509
102.26493573028021
102.35753027700416
100.18731526155094
99.41308124098697
98.32532200541694
96.16402622158564
95.84353752496851
94.2660046038659
92.4370881320685
90.70596415258582
86.67120575074148
85.04630639323686
82.74280699004677
83.15534998348723
82.8997012751747
83.58751855972689
84.8764191305268
85.62345348681743
86.66867094874246
88.27288740167764
89.27453978422129
89.43126579576848
88.21961575712162
88.90628669355243
89.09531672404151
90.31761031239849
89.97991307426933
90.91490531434292
92.20759674005299
93.49849110232027
93.42823580355304
94.06929409212148
95.34373811708436
96.18135937618491
95.67039039205261
95.82280435758004
97.86066539216812
98.46392843495575
99.32327091761069
99.95616920643782
101.32300613370754
103.095416397679
105.09379376996216
107.25312230802102
108.29117910176461
110.47689077590583
112.2277229832769
112.1091888510116
114.38008608049775
113.83521614483537
115.30028772184824
117.90959024663141
120.92901491058139
123.87656345816151
125.72802087228334
130.32763994485478
132.80615923043223
135.7151076440834
138.55015957923206
140.6024226861229
144.40380837777502
144.5297649607166
146.65641211694486
148.58455263413808
151.8008975778377
154.91882918185576
156.44009231867648
160.2859711811857
163.741140222801
168.20081003610423
172.84892417230608
174.2325435648586
177.82783374886944
180.27104395902785
180.8131854552012
181.8822974677615
183.17136314820308
185.71510628563786
186.53448520696548
188.06859537002236
192.28610893360232
196.00221565086545
201.517624919187
201.9287641374716
203.11388679184216
203.39000304874557
203.41105807243304
203.99970634176867
203.5527193504558
203.92004204431998
203.7777785988208
204.38081602812633
205.9157956968186
207.09640883123367
207.47970491312785
210.2438252719335
211.24424422031512
211.21765570145737
211.71782291185838
210.68355619619516
209.66217026488593
209.33812315602623
208.28548099040125
207.0836292057896
206.8322431310725
205.58199886520362
204.86659631845552
203.98272388851015
202.6404848086914
202.83904343590294
203.52807667863647
204.84103714145715
205.0552013466696
208.27743109794207
208.83734504512267
212.0378461454671
213.42611632593903
214.00468329993862
216.51595869357536
217.08044304841388
219.08489898584503
219.11717827280015
220.3149800605264
219.23781433898134
218.40064727459912
218.2822464830949
218.79069631618313
217.07246680506498
216.87348194373973
216.82938643557935
216.92934227030827
217.57358612620052
217.49894997572403
217.90521194758665
217.41125140960835
218.50476848729542
216.99433114648937
215.8447262296246
215.63507324073302
214.59587375349034
214.79438640349522
215.48529568164983
214.10701459590427
214.18700451065524
213.4549044133589
213.58326910371932
212.77500338308363
212.11426863988984
212.28223171719154
210.86147696003198
210.02512215486584
209.7584509424953
208.05244391579424
206.72508470957845
206.36304479801754
204.1212626607801
203.47255629188453
204.10146623368112
204.06993884957765
203.63664138030327
203.19825139640653
203.72556962638018
203.52248875194604
203.126150564496
203.10334794397957
201.8713754763531
200.34824197266306
201.7632071323576
200.85810181050667
200.6986417088824
200.60234785579723
200.44017718396572
199.3144656227574
199.88808900622865
199.42140221173645
198.8093044879921
198.3478515492578
196.88783176926117
197.59341743685414
196.15029772454878
195.91888574400798
195.73464738209037
195.71719483781754
196.25801543240655
196.6611320160954
197.81253876234385
198.3880149837828
198.33966377914257
199.8140204579341
199.88122017768322
201.4708874360679
200.462345749435
201.83428908812766
201.2231125282771
201.7437522239987
201.06045696849185
201.78300070545097
201.44953778969673
201.83255286094393
200.8976599767988
199.90207874271755
200.44980387664322
200.00315135982288
198.8410732018195
199.51107845194673
199.5919348605617
199.7487987517136
199.79119133247872
202.21496255498525
205.29983413862433
206.41794878516905
210.07989143827083
211.8155262156679
213.94420657713374
217.90007343450344
218.92592189358686
218.74966845366316
219.11448574974509
218.002886031028
218.94600240070451
219.702956115641
219.5091619805914
219.8044767245971
219.4056592135474
219.48785926871102
220.14155317639973
221.0190743686654
223.30983030964384
222.4932831138575
222.1792444475496
222.63809777539393
222.38384116157388
221.68406542173426
219.9454046600743
218.04272825520772
216.84101691310917
217.0529912437167
216.729747548099
215.7885102708068
215.17136122514125
214.17476697076032
213.99557445249386
213.54261573757657
211.11631256801238
209.59634283965255
206.84427049353675
203.59069169386748
200.77722353053207
197.71629643101033
194.19426415885678
191.05251304881287
188.9952554240123
186.710717474126
185.91421649990795
185.5345671915416
186.48805840552012
185.11094187586286
185.32846187051615
186.04138145568666
