6
7
e
136.19877797417718
135.5875003027066
135.69901246612693
134.02734890611646
135.1104264968504
134.46766674619775
135.3733932606905
134.45271543577343
129.10990903023267
123.38928502842256
112.10865765976871
104.20052764179597
94.95931699346707
79.35941633175099
67.37978384482491
54.91276549818699
55.140696489233086
53.76664539427219
54.612108452404854
52.96539645043712
53.76233922319486
53.9140536034662
54.07569579209156
53.3650385243932
54.0986243766606
51.55407597006164
50.04590181651579
47.86232341558629
46.87943584059167
45.36049490057175
45.606185683276145
45.01643620422543
45.72527225099206
46.342529414935726
46.01929375466671
47.8503195793648
47.7639561842574
48.0425870601853
48.6115632470883
48.69280884883888
48.44633753165733
50.870804105994026
49.85068953502979
49.94000811867428
48.514691845817595
44.438337439553315
40.5037203923623
37.06058772638647
32.485698237137115
27.90477049788331
24.309278103642438
18.139134981454752
14.2178437476313
10.023250491006788
8.74862990541029
9.064266976143566
11.230907540962168
16.277345734329
24.1900741350374
29.316128833778468
34.89671319812429
40.40627757420015
45.11673161323914
51.25836509957928
55.306104130857214
59.61018285412812
60.54314196232551
60.85043145683297
59.98240128229989
58.00760015741854
55.26765476368797
52.88594719324577
50.22348091744514
49.25089810529602
49.623881895367376
47.75579016975411
46.45835541599605
46.012274696156275
45.05511125178861
45.811622237458316
46.91306305764496
47.64045774252605
49.18439235233387
51.52027596988334
53.5494448528754
54.53589097374679
55.52382479803564
56.93251435135108
55.80156430946948
57.00982860854283
58.37901338461193
59.615350446003724
62.12356853598264
63.68508702339967
68.33523150425046
70.58708241375302
74.87438189399059
77.30648817040203
82.27164923429113
87.68308628485923
90.59694325671234
95.65020360697508
96.3219925516751
95.44582695024157
94.74822309443553
92.54014297777567
88.9375033809789
86.69146639534064
83.36083119227706
82.63058917137694
80.21777184264332
78.6187998558205
74.886434571115
75.86349012984228
74.25556398005487
74.4579439895676
75.99166401008975
76.53948890555091
77.2754275881431
78.37531500572888
80.17007600868419
80.51337887954911
80.17269252303677
80.66084679992606
80.34818323910451
81.83129716985844
81.40928094433801
82.79450311849247
83.82447084501301
85.49031406268861
92.32709454201095
99.35244099318167
106.45059494035472
114.05196115252981
120.5784675378576
126.66564980709609
131.9941372187261
134.94265613467653
135.08275190896885
136.85082955224152
137.65322758902394
138.60964375215275
140.48808507151182
141.86269611968626
142.7348524499944
144.6658542224486
146.08244628937797
145.96024345790752
146.97081289317484
148.38351931396627
150.87467028867184
153.11407094139247
159.19764722996058
164.18855364017375
182.61685662614335
194.58138706931913
210.28807607460658
225.6581568043098
240.82780545132684
262.26086567598963
278.899774685318
292.1727637978128
293.6251964314175
294.98408182388715
287.4016250128303
275.004139259867
258.47831330131686
245.71280282388244
232.2806937211737
213.39586333993162
198.95926201281088
186.96542734399586
189.04244690020548
192.00504844832417
191.25003184355327
192.58032509627003
193.72651972702982
192.74404459260754
192.57119787192443
193.34284609442304
192.92242459281715
191.48366961446814
190.12508847506223
188.3298874845451
187.0837239980783
183.77006081212681
183.76191634285954
183.31577212027128
188.91219909694746
194.8113225174114
204.89660439480622
212.27487905355548
219.84908415515653
227.5748503075387
233.3481998449178
240.59094515515645
247.34312642952654
252.52983341255248
255.23366878860625
255.6218883351971
260.92229621262857
264.8990578034406
268.8440629684758
271.09704454855967
276.6301029847034
283.7678804483605
292.741387327171
303.8672401545403
312.7167557947691
320.3859623521858
323.10160163640757
323.4892380971466
314.967453306721
300.673623643071
282.21130550739485
269.2085736852156
252.43695115448062
238.31022604771283
227.47480654961703
213.23447588246933
202.42226395522258
195.76698358402524
192.921114713706
190.62997130452726
186.56055046939147
182.7116352615253
177.39025837564873
174.09788177654997
169.4363529213464
161.44424199680327
154.17969678553976
141.72340417018577
132.29186182032385
125.51787726682593
125.10814046993664
124.41961047592915
126.93545064719822
129.41033778045013
133.7333354852644
136.97613096203202
140.429036019734
140.24116811122107
142.03965971001972
142.76945896619992
145.34599777335973
146.3231817452835
147.23351673232557
146.8643575893988
144.7508284702652
139.90180050386775
135.570906049281
131.64231333791614
128.01240739602076
123.64554517253502
121.18368769940922
116.73787945373502
111.65354952862796
111.4070543270118
111.46408651970148
110.41063690144804
108.3562677406321
106.91045758196803
105.53748129034271
106.43146044384645
103.95300718881985
101.9554184300624
99.40036271670402
94.30106716259931
92.20839566154368
90.01439359311316
89.47412474704105
88.93591767959444
91.73835751912246
95.75107732358653
101.94517606481115
105.75607759613459
110.61341520225653
113.86107639300693
117.43427810150705
121.03272175126841
125.31890866509656
128.2407042070269
128.5178465439309
129.6504912018108
129.46271318639975
128.5132383135149
128.34521539471737
128.11129720165096
