5
11
c
143.0240451399709
142.30771762265516
142.82027007054967
142.92081040289742
143.28139441934118
143.6782181193857
144.67638799375294
143.3671864842708
138.38241908803903
131.89566351359917
122.64959130367102
116.54586450710441
109.89894956106049
101.48323460489999
93.85412472845543
83.57170763728774
75.66052496993505
69.07342806526975
66.88524960864476
67.27643649346078
69.59886567306813
72.39556691867101
75.80735043998925
80.9246598342599
83.22525257009488
84.78082365924107
86.66434057350166
87.80630856669335
87.55133055243495
89.48558500069045
89.14167760325758
88.47727132105544
90.1864477169248
90.55582236888756
90.23346331865565
91.1010080800814
90.85094935136483
92.0653386431243
91.54580207483808
92.42498893482635
92.34373417518066
93.65176659551275
94.54595872658705
94.18822116528386
94.06413351093126
93.0393712472683
93.17347233102988
93.84341713886893
93.74746240978422
92.85090426134286
93.12564226065983
93.96911462003041
93.78874969942824
92.9865970617487
93.7074314248171
92.58762045783406
93.34048491049691
92.30066899870985
93.01407321999957
93.43948494493252
92.62012546393393
91.91020798352041
92.54749276290441
91.59716286822035
91.73378478175239
91.33011750371526
91.24672177526166
91.21921467251622
91.9425926315826
94.96020091637355
99.28905927202632
101.66161342661923
104.46918163882331
109.45551390753543
112.13931335511188
118.06612930123059
117.35694950015915
118.43080679127233
117.7255964056073
118.83140840780553
118.65906605141016
118.70469208243895
118.380625773124
118.66142703206442
118.19526357473946
117.37075416106528
119.00689396010166
119.0782191944785
119.58664068955204
117.77787098052899
119.31995977451369
119.90488758119905
120.20670069878071
122.4102051128135
130.0382922888666
139.2166588757292
149.57438215811487
156.44185311958458
163.4595297855264
172.23795836374626
180.3397200924706
185.32929552766342
186.37566542654778
185.97216449485614
184.85904901700107
183.96562392517836
181.73784641028558
178.1565453370723
177.399936513358
176.9345640975008
177.03669559529362
177.4019755773628
177.79594153711116
178.56637315621217
178.55981803897615
178.40686769938347
176.6364024695257
174.4322970573638
172.00523705768805
168.99676498800196
166.12978209107595
165.06205059931062
163.8695306428175
159.99795850554662
156.53402907447293
155.225549300097
154.30524307432043
155.65903326684997
154.82704340898104
155.10229731749223
156.38394533151873
157.31469421766707
157.84292940613057
157.05924390787362
158.2149125182967
156.94231353169198
156.3269643666034
155.04083080543933
155.46321319157414
154.86443864674388
157.4470679497273
160.51907817419058
165.71885277851646
168.31760062102555
172.50538797158174
176.47964577115755
179.5835164151024
185.6477242368939
189.85919047351032
191.80381346743218
194.0280649689795
193.57964081077955
190.85980282068226
187.26844602974262
182.14192120842785
179.20913549391412
175.71646148053543
170.32021497445544
167.96145222812433
162.30950331908343
159.53108985645957
155.63136121779408
155.17896370771714
156.044493776998
157.957799181969
162.69656965725352
167.20018669440546
171.72733385644563
176.33042627407863
179.71765991422325
182.58027532569196
184.974103003603
188.12214994673812
189.7089355989413
191.1224088230502
193.6941254251563
195.80188336826328
197.92728944251448
202.15573317011732
203.4174270543668
206.5834859765129
210.66468212911056
215.7594099260341
220.92675290826813
225.38329961343138
229.40081726343888
230.04168792213264
230.06294001150138
228.4102323819965
227.0919167691063
222.96002229165094
221.0137668499298
218.95657312070026
217.7878709022024
216.87215031820213
213.2275989328805
211.5488164888959
210.94982162492474
210.3444733304648
210.18852896925077
211.12795487316933
215.25654847031055
219.57510964409695
222.01155539532417
225.58335107372926
228.60823709692494
230.87445483918557
235.82994345681664
238.58885511956626
240.83339882673928
242.09897620668355
241.1057880345233
240.619866842357
239.7544465163887
236.9464449707495
236.26111734067288
234.11283164646323
233.93472669699415
235.00553540752156
234.10308900649338
234.4535116044442
233.47684972346264
233.83603634934556
233.61712790222285
231.22852011848659
230.20526766338114
226.7347572726101
222.75806260754638
218.47796719719545
214.1976511457014
210.93341653602613
204.96201423022862
203.1756945939705
201.89317485447947
201.2757716111673
200.41826471213082
200.7891413881329
200.70347358600895
199.53477827033544
200.36365996287367
199.9570619645166
198.80873705340167
197.55854537640752
197.0946876720715
196.2841696252033
194.59953814718452
194.87955047790942
194.41789680180395
193.4527343458577
192.50870335583167
192.0019328473214
192.31818350146943
191.34407614692176
190.4266416452628
188.46083528412203
186.21791260863893
185.866413536831
184.6423625180349
184.10080687690206
184.8719048687257
185.24132003935915
184.52427990986322
185.569981199217
185.16121017161768
186.20695363376888
185.70188070323582
187.38465922242688
188.03901879276273
188.27054922901357
188.13075690680935
188.83068990817978
188.3025844127403
187.41898955165544
183.42793271004777
179.36487935163512
175.61303664291327
171.8638822677999
168.92978307462076
165.03526609816961
161.31991312311666
158.59872643240115
155.38646112772787
154.28968679088504
155.05648799848464
154.97906656948422
155.17978321397004
155.17916070519198
153.81605955891393
