6
3
b
92.51021466873694
92.80567008091074
92.55221151737831
91.38497077932637
91.19316557493815
92.05796249451708
92.77721382002261
92.76391076422142
88.89716773857816
83.95561439245247
79.09396946577898
74.09400078614793
68.50944330099506
63.262550942271396
58.09041066099915
49.77855035953507
43.96384102736769
39.24684379206043
37.64245144995168
39.07891161461822
40.04480489738031
42.2506297517585
44.162412102066355
46.23985464111671
48.16650668516939
47.90659960506501
49.18533723532393
49.496884029016044
49.55994729291999
49.89353827837659
48.938500407217475
49.875857616217566
50.63514486283001
50.23995264177811
52.003247958402824
52.284498333928255
54.1721288829238
53.74350538183164
54.168861673894284
54.4498735683473
56.533322593712725
56.81791141760277
57.86601133725295
56.842932787789294
56.74865827312177
55.7733088768192
55.82332698034598
54.705842072739
54.801778630691736
53.32272011535476
53.80182597296733
54.042945991201385
52.65719880744448
52.71310925744129
52.04330014371667
52.15011978554448
52.22118577614619
52.456894586514835
51.573784416728
50.691633743666216
50.07968875610581
50.51810100999344
50.82113476591891
48.36480614570851
47.966138819618514
45.830821219244434
46.17083610402743
46.80325677859913
49.30788110543802
52.20674484585333
56.577748858315736
61.34969046107908
64.69634360254373
68.51599106503026
71.55085387132262
74.88837488644525
76.36802130410192
79.23251983347542
81.78737405202774
82.86675401974391
86.14629553774212
89.5787117734769
94.47636668677944
97.94416717680186
102.53896586058765
107.8285100988401
112.60672296477048
120.19871092598777
126.63031065404331
130.65659957076747
132.82009067970358
131.726203651263
130.62539761565185
128.45738538882327
126.16643538078296
124.89883113045983
123.23888322290418
122.62051731903327
123.17613854293117
121.68588759420436
122.26533665565495
122.0013686212479
121.9184878260277
121.26941834716985
120.77590376416936
119.84902263087734
115.17312935425097
109.67953695498935
104.12617214271854
99.22832816018833
95.74567001193996
88.73398049549625
84.40018009991157
79.92920784438184
80.94265040970406
80.0858719131624
80.49007665170176
82.9062933842841
85.16625952412362
88.3549622200399
89.9118365092819
90.8192645195554
91.39565789283265
92.09654200608162
92.7971420224834
92.6082151630384
93.47953024763514
93.62397051559584
93.57199162696817
94.02338828494726
94.41969869506597
94.40664020439064
95.70708068475963
94.51077080054544
95.45981723352183
95.10682526612446
95.2345626709736
95.16401572984768
95.3687918850207
95.67203515173054
96.7211738434214
96.31277308682473
101.15010953615256
102.34245660759184
105.23543476627162
107.62135820100723
109.22348198704331
112.97320066388846
114.9777736788463
118.36688299083612
117.4368365290854
117.29926900165766
117.20780722573502
117.94156928662458
116.31952075041929
114.84849934474569
115.25257413920792
115.95171695556067
114.50599515922394
113.15032933173961
111.98365050877777
112.7533437673607
112.78081401311321
111.60917760526064
114.28843151499036
116.74075709680119
121.40093558628355
124.3643252302304
127.51743814612409
132.65439385266941
135.43398729629627
140.16891443218395
143.84511454308574
147.20051303356823
147.07694218971542
147.77339361887985
147.3670910231431
145.1831606259936
144.36982526078927
142.54024931006413
140.9413698910017
140.636105427669
140.76889180068827
139.64644769880195
139.19376549606736
139.8005463119349
139.30747216082753
139.8960937082298
138.19550190721526
139.92585996346733
137.46526273141737
137.4175552926096
135.68752771915115
136.15070772462084
134.84885758721117
135.32843757172532
136.0656835263328
133.87968105724389
133.3672507473455
132.93978588076905
132.2487707925967
130.7119193139037
129.12467600169975
127.16113183649192
125.38167147238919
123.57315380903657
121.11813109489592
118.63953684717072
115.1902993579042
113.95240129608153
113.0647571749024
112.10646834458278
115.43206161301343
117.64007943601578
123.45435351376554
127.7174494272143
132.8533983161679
135.45012001515542
138.37263597055005
144.38523472603868
148.1314233960096
151.24758895761295
152.2298038818768
152.93969133670427
150.38056215127793
146.64102326555584
143.46357065583854
140.33257787985033
135.98337108159603
135.3720798952608
131.20939388965328
130.03227320943083
127.40852286233623
126.07387425763356
125.79326799360544
124.83252269499339
123.8862659829764
122.69632440988129
120.86650998491552
120.83646158117392
118.33893235133372
117.46540462740934
116.62509947131093
112.29242330730649
111.34557244038838
108.78222866268977
109.51522469084567
110.77830408969452
108.65665652243031
108.56493416879546
107.53488046957833
108.00715585632359
107.47224070644633
105.43757656874942
104.17076964476837
102.76526830668563
102.14220303720302
100.22814255791148
99.80084393847784
98.17885949466488
99.77283080095
102.22435652795274
106.90736078981725
109.43286582631708
111.38530608666896
113.55298492491602
116.10657637627187
120.38886619325203
124.02302705147974
126.12290174285053
126.67806815167663
126.74241558811401
124.41442656576478
121.09671153891388
116.99231463501933
113.36563053904064
108.54200441373342
105.04906342069239
103.56810091797611
98.2959132830355
97.2386189205777
95.06889566173881
92.52732767138154
92.28425636092452
92.77874644009013
94.2454688724755
92.85573979282546
93.01209461114732
