1
0
a
15.258056349446974
14.976980038115165
15.483720651902892
15.420645473848548
14.757139643259555
14.391000892313032
14.245057201145778
15.622966279184155
14.475214409398214
12.990241072333168
10.932857624221924
9.391869868720276
7.60644998642464
5.163380040176013
4.670150499497938
0.5673622954012856
0.020093909175528293
0.0
0.36218033340233097
0.0
0.7889642196700837
3.844108549417025
10.256721042395547
15.273417488251013
21.45934173143088
28.22729502311771
33.29038017762421
41.083695516016284
47.960480195375474
51.77240292687352
53.58068128411701
53.8796901319152
49.19033447485072
44.29659084004535
34.739065839912044
28.96410131867695
19.092680698007598
15.05609576689867
9.848922275079977
3.626588357026342
0.39102749470967785
0.0
0.11211850558105756
0.48819371434259584
0.3169217250237971
0.3996297302530895
0.0
0.296138468643689
1.8202665654489305
4.662083171556281
4.353205264263841
4.38797939458948
4.539778770855334
5.96192324916151
5.429958893308389
6.937972890841931
8.622240009669795
10.58357210227419
17.8613422724792
21.89337054098389
28.88297104053868
31.297107448152325
35.29839957960963
37.64537873627287
38.86572051129242
42.27168530475081
46.482765942299366
48.97735191061407
58.21342707072312
69.14701011856003
85.27811610131906
97.09049365433992
113.56536097610602
130.15250166951313
147.20507530411209
173.96270754061015
193.3236901856045
208.22604548230402
212.85663426581868
213.7356256305227
199.80045932290716
181.1798590873767
153.38226921668098
132.99865867561502
109.2625834384365
93.48752904850723
76.49324499435612
51.217958736415596
32.90495801700518
18.847000802500716
16.057428352818018
15.51430968621675
19.803663665437693
29.001512159926193
41.093805006309815
50.72879031041374
59.9824765969606
65.20795577015163
70.05531324134381
75.63182812647885
80.81584185658141
83.60108482627565
85.00121538275317
84.26388973278677
83.23069235899723
82.33725232867667
80.78525023596953
80.44575438406093
77.54824776763294
76.71311287523481
73.16362629742738
69.13477176712937
63.875676609592276
58.89051488986984
57.35843105193584
56.93416071692189
73.07674913421002
97.01514186297796
131.9826217622341
155.4589037273064
185.20974417367404
219.86374834367422
247.29415513961587
283.0344048177402
299.0442393739502
307.80468611796226
311.1386437401951
314.5111642752954
318.012212813823
320.8701026102738
323.6342436185983
327.26628314895487
330.03332860369335
340.4399013391427
351.93764263129736
368.63363080352366
382.1157673006166
392.3847868354008
394.7203338857968
395.80326366631715
383.8235001960101
368.30354153582977
342.9091620188562
326.1633970137553
305.2879308113987
285.8311314223096
271.172605763953
251.384810604609
238.66753944927024
230.96348507497922
229.87361613973468
225.8335914401926
223.5294638241263
218.762940514562
217.34096431316343
214.06850783642992
208.2370648649376
199.8057430554695
194.21411315707851
185.28224304590285
178.77181240372465
173.13533944520321
171.9592804382097
170.06440060244267
167.20693137750038
164.12767653221198
161.87791236529617
160.53309550789334
156.6798176379678
150.0324841701909
144.31990118120973
134.02485278622603
124.9608940622769
119.46926990596334
116.54352840110167
116.70120281483614
126.80674966009634
139.21782586309584
157.92117485007896
172.27535002784091
187.99739813987802
202.5545209611434
217.8919536145442
241.29581517095468
258.09918774474164
273.19892224726897
277.12203037184855
276.99565987195524
261.7445284656921
239.5570555467249
206.10796164223203
184.0250279382119
156.07235834098537
133.99199969819463
113.130864654422
80.78738529286686
55.420450058998306
38.0132678792677
33.507626246022916
32.863243519129426
42.778840967008584
58.21020535604884
77.45464984149649
92.44367667771971
110.24777081326297
120.26991582121171
130.57930729644013
145.77657225802213
158.24576074412727
166.68727417945374
169.70540581634737
168.9824634344579
162.38453773560863
152.4633616547643
139.50279453686994
129.6859271469596
118.22820544755977
108.23580452517481
97.53344858080212
80.55715945659027
66.70957313178235
57.92249230180906
52.71511355744949
53.07655221979967
70.86451806002493
96.38956360339698
134.06073707375467
159.83736993011559
191.11836960931396
218.73100431095338
244.57192110214285
285.4584370568862
314.75835483780224
337.1837695277972
342.68770097889
342.4425132063482
332.81211102774404
317.49565300173975
297.08489269987956
280.4277335889315
262.95798342104825
255.58299208421028
251.95821712009788
247.32988962778234
243.1256670128926
236.0316161133775
231.31871688668656
228.02590710330887
213.68760736689902
197.01528320228402
172.38892815862837
155.11999834915014
132.0478692956318
107.72488495937623
84.817635474481
49.939028942182766
24.252617622895976
5.376263594442613
1.645030267864595
2.0707924005477953
5.4367337733132155
12.458852664917742
20.13549236948282
28.63361756475101
35.71405013664294
35.12114862619181
35.85382668268808
35.33613524022104
34.944662573012735
35.66316123957584
35.1312415763969
34.15941674358842
35.13731789835909
36.31174646004835
37.080201887864995
37.519015438542425
39.590803174723355
40.731993558848465
40.43937559392863
42.34468985897531
42.934694957137495
43.692255735236174
42.81432653787808
44.37446249631651
43.00292220311653
43.72923475256675
43.78939054892528
44.35635748531175
