7
6
a
90.3586551019763
91.11273857167248
91.14068916663958
90.12601681359723
90.42848099495049
90.1197197483177
90.72182246751466
89.46774943091715
86.23075826018348
79.79697657487277
72.71141075498353
67.863179814206
62.279320362544766
50.50949208811655
42.02592193293546
32.68665185795795
32.299712972883164
30.776085202289316
29.737093137514055
30.12599211887551
29.930878098865517
29.90601965085022
28.657893553814272
29.54105312167533
28.85306085504826
27.735270138845475
25.773953373336095
24.41943747294428
22.090033606084315
21.006346884098562
20.124805771155703
19.900911969495674
21.425443028155552
22.88581547866203
23.539314104616714
24.43928858976812
26.236711698674174
26.070485857812645
27.48255502114215
27.729756365855277
28.009819484662273
28.904707172243054
28.09528133417866
28.37802126663803
30.061256936684636
31.562800676239053
33.852834430866245
35.58134712616255
37.67542074588682
38.564515756270005
39.693066718850574
40.43862235569062
42.255675861207294
44.6897820356035
45.27879926432583
47.12247703270969
49.01533470506107
54.18410982591488
59.177586377756114
63.20871911604294
69.22102230146868
78.05513263376
82.92499801766
89.82418635586943
94.11571419037014
96.59492916542375
97.11011641733454
99.00519669169596
99.04853000734153
99.0517291961748
99.64146116194372
101.08648109335748
101.36684904758253
102.56781514897708
103.47349349132965
105.39477033169388
106.071395230389
108.25279164959638
109.63347272642078
110.53223475870982
112.95825377185159
117.19113426345727
123.01123835710086
128.68891907305934
133.2370665178527
143.41727290651326
153.0136538442006
160.79978352078206
160.30783620121446
160.84213343342924
159.50704471104748
160.06584767438088
160.19871399575402
160.53014593655567
159.29847432594565
159.22174862603853
159.54700862259313
160.25905320594248
160.66771882441446
159.29527968913197
160.30083425120813
160.96851901359693
162.16609623585347
161.87175832084776
163.50171761963048
164.55627533691444
167.9342424856796
170.42079750524871
174.19914592451116
177.11474281156774
179.53702742413066
183.98142461731797
187.59634778400527
189.9944249455923
190.05109362509265
190.15766107625382
188.8438495865526
188.63049632198621
185.6271881215658
184.26771388455086
182.7819614504122
182.13323693434228
182.9877074488943
181.15008267139856
180.94899466555032
180.43240341828525
179.95720686179519
179.54264706659913
179.04011682328047
177.3430122461499
175.2442122268069
175.49412627756053
174.72429387889318
172.46652234883734
170.28853830529988
166.64357644611647
164.57980107833367
162.94636566102412
163.81526049016625
162.51832270503502
165.02725645176685
168.6479810844038
174.20007896017216
177.80003964699821
182.36849196147847
185.35888254697176
188.6954045385267
190.48510365423428
193.88931710105453
195.24657285983645
197.19934069196552
198.71320135042788
202.5035020746864
207.87292637500582
213.15344692850445
217.62136332506046
222.52509952264677
230.80638288304738
236.5415626063027
246.10694560125114
253.03060878982222
257.81272988963985
259.5429627534462
259.14661154833465
257.5326554569558
255.04625614290913
252.2200458272096
249.6500191920272
246.51076929081614
245.99287941011306
245.02229997556498
244.32373094515106
243.59762271318542
242.10078222935607
242.75791412757704
242.68860536887055
242.871567679487
243.67790425123277
244.11281013501144
246.73046512774866
247.02925377776631
247.29025531287388
248.35262430121412
249.30266585345694
249.82612908851252
250.63766491975832
250.99438096604192
250.93455302980965
249.83370843966932
250.8360625603634
247.43573015770946
246.44230967924636
246.03373282813877
245.8344757210198
243.53292406269145
241.98660515238163
240.1033552363226
239.29643910901
237.14896641226144
238.11034481900452
241.33512056662366
247.14255502204458
255.16397039778698
259.61125708796595
267.2094626768735
273.2313687722707
280.33992174765797
291.43575679367666
299.9561243608544
306.2915844313035
308.5626436900483
308.76678601162746
299.18162202375476
286.89570641623
267.4896774858643
253.34347745976962
238.1961690028384
210.80788348243817
189.24154488163228
172.9676527887256
176.78647703251315
179.94396151117292
180.25242833756425
180.9882850616993
180.9648455768622
181.1678284803558
181.23999347510033
181.11775820032432
181.80364510102453
182.2758135078186
182.19833535651028
182.05142039012077
180.50025665543947
180.67253676907842
180.43224120240862
179.66720078681345
179.31320547109328
177.72874522119798
174.44442518011383
171.55909354980864
167.30215604334444
163.65143048805948
161.17764270226377
156.06977942898484
155.01946069250167
154.8286474500678
153.89090712948646
154.58171082065238
153.92109972824716
155.17725816598707
152.72255277341992
154.44042160051842
152.42115729609657
153.46810715536472
153.9351971165329
152.223664261915
152.7596951150033
152.13348813511945
152.23228205671086
150.94935964203967
150.04293386426383
148.10612120967716
144.8422282340028
143.18917576760992
139.21347956862476
137.2732781943121
134.49766548706128
131.20518112582624
129.09580339315482
126.82193484522752
125.0198537613512
125.41675022910833
122.41245030663441
122.4911950731939
119.56015573359575
118.36583192945099
115.14465510488853
113.24111417093927
109.26516457849073
107.20652547672105
103.8223380118067
102.86808821237533
101.90011540714522
101.30339705939004
101.2439556702306
101.72878861494641
101.91551974626385
102.10682805421767
