1
11
b
10.920111331241662
10.60069442837068
11.356409760599218
10.482885988247348
9.478499484289049
10.49180277179791
11.007375356437912
10.526807354613656
10.078156726065107
9.426528666880612
8.477596624653359
7.820278997399885
5.126408495026859
3.8063197564832705
3.592742844649183
0.8535009763957009
0.0
0.00202519902256375
0.0
0.0
0.0
3.6460618276625505
8.102593370846591
11.686377616111407
16.436918321301917
20.36662628094699
24.51177764081721
29.81979726500768
35.28148116938644
37.5679680789552
39.97772304945095
39.57249800917482
36.38987576908702
32.63071917462208
25.44086952458747
22.274662772428965
14.851250195157489
11.658919917353368
6.896015535144162
1.6910165702602393
0.04843829676443973
0.0
0.0
0.01007679498168168
0.2688375240982741
0.0
0.0
0.7049309377086707
0.7963097978818076
3.369668850914771
2.8841275666669395
3.2484342669297424
2.3246339510935634
3.1673491333482042
2.545007917611074
4.253548889884296
6.604234779144914
7.845005532893302
12.699892546420578
16.486607073188903
21.641329351993036
23.57788625150718
24.91621393449151
26.37646439697894
29.70173995237249
31.66047964228175
33.80987928403989
35.86335446878085
41.69969252066658
49.9731698681795
62.29079667967698
70.39375632241807
83.34259092031442
95.96101432509745
108.83970295346353
127.27790575501521
141.55274739267688
152.73370489520448
156.50009814316076
155.96324367893214
147.1580578317778
132.36344633831118
112.7156442026241
98.39157734570045
79.90968999108824
68.06734928958244
55.47696943601589
37.238922606317004
23.840722882498326
14.294436612145152
11.434895676158078
11.799996084247855
14.149372372650662
21.19227828364673
30.52084252603176
37.932896556613954
44.030656594963574
47.328209126858354
50.15465423970338
56.149505400639676
57.99063764570207
60.98811802949043
61.849666675772646
61.87560897453403
61.201331782657476
60.90778874559909
59.388941685109344
58.33615877097234
56.76882075172253
55.465085589811174
53.72525602735485
49.49158091986084
45.72482864114071
43.210499228269015
41.40491228855044
42.03999803954053
53.727146162687944
70.36797065627448
97.06131072435872
113.38672943998792
134.69636758257383
160.81250578298824
181.83261448294206
208.02734118533925
220.2167324138299
226.66209051720023
228.60163125437364
230.3464452058662
232.55754706578895
233.8978079643554
237.3237716286559
239.2765600115602
241.79261215296847
249.9592109782142
258.4343048337033
270.21798906662264
279.79496512306366
287.69320131089404
289.77685156784906
290.00979141200725
281.62962155751103
268.33988581627347
250.9768257174634
238.57317958953726
222.79840712135933
209.74928987031333
198.7234562470264
184.73937460207074
174.27014915593412
168.73235717071503
168.24209956796656
165.87913632340684
163.64022164021412
161.06564435699937
158.4248479983509
156.0700788544903
153.25283890894278
147.1536014550711
142.41136844903122
135.45860706901183
131.074632661186
126.90167793753515
124.94106356609986
123.97555909188208
121.36765587532302
120.5870074793748
119.38394499782004
116.52047544433418
114.51541795282397
109.79008307594557
105.06818527082028
97.81620672523927
92.0888456789849
88.07695460712938
85.53306192680903
85.40174946949351
91.9888417046238
101.39010885971268
115.08259433787805
125.44401588203728
138.03261872968037
148.81253728056183
159.37312645004042
176.3951110247774
189.4734441741075
199.94713931355264
202.4479824472209
202.9710637787077
192.33528451369892
175.90453862752503
151.72720037999568
133.75371299194097
114.74761018154356
98.7216999380904
83.22122706249637
58.337890168303986
40.83045386632952
27.797546033597822
24.289448588803307
23.989347294174102
31.30562983504217
43.1006768266988
55.954699023919005
68.08576286541881
80.33532942494713
88.3417938849988
96.15183781339738
106.8771393301778
115.94334221099554
122.86895247318175
124.05703462779636
124.6355117375402
119.33288344956097
112.64544992793502
102.25754224427857
95.18641225686721
86.19886766953057
79.07979891355761
71.19744461074109
59.008066629649406
49.57154346938187
40.88629727825995
39.65122257845274
37.973348422821374
51.377770855931885
71.2524978270208
97.88155478613123
118.82063472861094
140.52066775448455
160.0321608295064
179.09354556814708
208.52224697939351
230.5617029554145
247.09521518932036
250.79065663317346
250.74484648662573
244.4533656846519
232.18989059379527
217.62386297537057
205.3023706704076
192.7003260881708
188.23143327534714
184.97707081285444
181.36001836389474
177.73386670936614
173.18708169735
169.53061946337834
166.4841256346135
155.9133210392759
145.02854367327996
126.19539342814079
113.09894382770057
96.56262703384228
78.63054287374823
61.97873256397166
36.68484284371515
18.14864351389263
3.681041356538503
1.9055492946108625
1.4783462657268525
4.3857682693053235
8.143900169207729
14.898439845433224
21.870458891563395
25.736459940727624
25.565111202225843
25.866822962036036
26.41951086570088
25.4167429721219
25.755418971128428
25.220275214664973
25.291884859990514
26.166192394750066
26.360712354451493
27.20764225282161
27.922240880659125
28.337022164725408
29.290874781339095
29.6682206005704
31.3705513807845
31.28298834812371
31.040525375606965
30.882247314675453
30.568877708468513
31.77134428832698
32.10607281315465
31.599622222604825
31.97178749515894
