9
1
b
67.20429970153947
67.93524264991493
66.23670630807705
66.65949399250131
65.72518264457052
66.51095750525985
65.72190844915932
66.62611938726
66.09151580468318
64.43288611622522
65.35484564275704
63.444123668270684
61.8602275280208
62.301896859248465
59.75074280879993
59.30647655755265
58.00608827138831
56.17245560131015
56.80614088071089
56.98981637629012
57.71723697635151
58.58984866083794
59.77011600356836
61.42209063099077
62.05056271268374
63.30431717233818
65.47617638170229
67.23815405092894
68.2359014904662
71.02132989785756
72.45140965146673
70.59200516735919
68.31468373506402
63.59718778532862
57.678515208787445
53.96856572030782
47.39017305946101
43.79891318664097
38.92156608896417
32.41590837556302
25.684184220031877
21.953087653847547
21.00005034284507
22.19128198955941
23.376767050254927
25.95023410330249
29.48524726155119
33.087187180019534
36.615697887424155
37.60593302077831
37.750056380707186
38.52253888397992
38.692502001437184
38.71742828367442
40.16428702762557
43.194739166764364
46.85279580871241
51.3653049344496
64.13208145633166
74.60285262641098
89.09645235738442
99.62744178947308
110.85780592560121
125.47881226191909
137.28447481703245
146.11251588894524
148.60287844666473
147.18273771743918
145.77551572699934
143.05625361395192
140.32013050844077
136.14759342509
131.8844639189064
132.22306904044834
130.816468961162
130.19188334847695
128.89979728165966
127.17122983708569
126.46050006725524
125.8296891550847
130.80999249530691
136.87733145740182
147.8438091154034
153.465124503169
161.48919271515982
169.59414511891688
174.8785915526417
182.36295043531484
187.96300822806052
193.51648605604427
195.37362222491018
197.91017293668466
202.16448855884792
204.63998586123515
208.14369537113984
212.21708008729456
217.23031159786942
223.25279017036237
230.40912904722126
241.36492874068895
249.860789360118
257.5867290325276
258.95738016522716
258.75726684864776
252.40182486057103
242.54666589967135
228.9559670087158
217.26246515555542
205.71908462662816
195.28279776934238
186.71140708583775
172.01905883630917
160.7321714881989
151.92890366267824
149.84219865152477
150.4403248368604
156.23069900137077
166.3876156599635
179.2180842327486
191.00854617195006
201.40021401576
210.9426669151373
218.1527116064467
229.7010164409272
238.25929818495885
245.2989312845018
246.57199643552298
246.6418565111766
245.48527831114896
243.11788313357522
240.36036073203877
236.88585360608548
235.55418219581108
235.28341351411643
235.21767252782405
235.339959319343
235.90707386149714
236.3279814973611
237.08479006915172
236.97086592082448
235.92522794451975
234.28066018389188
231.3783856501747
230.83068443567183
227.24097120968108
224.97896915323312
222.51917109449693
218.1426336663425
213.43806908908317
209.3645671865653
209.09945861479795
209.61174903543008
216.2739150044817
227.00909730878044
241.7874019395693
251.45977476500266
264.8481639706781
276.602236306214
288.2097812830128
306.0122368340378
320.1882495659366
330.02621506499867
333.39741499065735
333.3759278313912
324.7997632021702
311.32849482871063
291.73875645847033
277.42108676602936
260.97766562665663
247.95217307038436
236.69446345015908
218.79918974707158
206.75064872942215
196.4480330666443
193.96197023559165
193.07372225361138
198.3711875121201
203.25920472322622
211.48903713746805
217.74750094129587
224.50821921269747
226.4160423411391
229.62203318092094
234.5514414892236
237.3977237385924
240.9073612052053
242.49342752459899
241.2169662642266
238.9956628431048
235.89360242282365
231.41048273119387
228.08337417386454
223.70739910668004
220.31828663674946
215.49101454898354
209.0314485228032
200.34247944640032
196.43874899323785
192.16415159833429
193.39411667450904
205.64816610531156
224.7822777851815
252.49912655082434
270.1335222997895
294.58507867966676
314.11462059375594
336.8743126604705
369.7824323259093
394.91351474159256
414.61857388261086
420.2339046946016
420.98929888405473
404.73328611083605
379.5114740963932
345.1588207396748
320.2621286630037
290.49479261068564
268.3468283986152
246.25014565901208
211.92983698506708
185.7639238583005
165.7883109975033
160.88475040839978
160.93856443299586
174.98478893194144
198.76512836210077
231.2144861548561
254.7963492311298
282.31236493966423
303.6577395197847
321.89207623910886
353.8413053588281
376.983947011715
394.7492717091814
399.45976709726165
399.9554499860555
387.0481727203839
368.02712149922013
340.86922178150724
321.31032340029407
297.53485347369195
280.51001839748653
266.28299781705994
251.482105535492
238.9882182462008
226.9099797678512
223.1773657862119
220.89752411145366
215.21276634911803
209.15313916135318
202.82113879361262
197.56769268885424
191.21093729465147
179.62407277737347
167.92888994178588
151.05618737721613
138.57220137963412
128.86183427505827
127.30229824356738
126.0239631647235
131.66183288109042
141.15818094336333
153.4152432611479
162.48560224752757
172.49251183508287
179.24663977181245
186.02540593851523
196.67974239304314
204.16630919507318
210.83971297691073
211.53019433280852
212.16507277292004
207.34151081597406
201.1276714362032
192.04353380318804
184.45634014273486
177.7465820602983
170.4047962181715
165.7867347155632
158.23228544905277
154.26438677461314
149.93245394963554
149.323564428067
149.60765448657287
149.26825777474122
149.5792192815739
149.05385383341087
148.72351542173416
