3
4
c
15.565872205764432
14.363490043773567
14.944285762875088
15.207436588934764
14.206803677766723
15.059894263768395
15.550406090756228
14.901332320127072
14.630914117137118
14.302364976885531
11.598566532260284
10.648302471870354
7.991953827330369
5.695002993291886
3.568317674982783
1.06601850233656
0.33777222770181575
0.41573944263576773
0.0
0.0
0.42918202606505285
3.9484663054565594
10.582728112303332
16.332103629470964
21.46183478834331
28.769864184034326
33.7532202308695
42.62518244875827
47.54149656222301
54.081966775374916
55.6818120389029
54.807528225555785
51.3748711790313
45.8737397441525
37.21380515500856
29.743823040323356
20.52635146343112
15.679990869163518
10.34606158108844
3.5608595813688106
0.0
0.5542899258239811
0.0
0.0
0.720729005821042
0.0
0.0
0.0
2.2253590491441946
5.0781784251661986
5.256681349960926
3.7993970307772154
4.842324586635805
4.965704679585407
5.84167138237134
6.025837577405945
8.851164058184889
11.676230662724734
16.873137644728043
23.15901394477683
29.470877394953757
32.36487742420781
36.61129569369042
36.79493049949622
40.922529169725394
45.161351648857035
47.525931854364785
50.67290162650096
59.750638340562816
69.6175796462512
87.21369824196911
100.86710950000531
116.65491130428836
134.4791768786566
151.71708639682677
178.34974895873336
199.2100514144342
214.95760496933244
219.34250090173313
219.46635092559552
206.9242864438651
186.04275904412725
158.57848896868327
136.89864602923188
113.04623896965711
95.65238685657323
78.74381423868188
52.92748516725018
33.926045001940764
19.362712839709218
16.09928996566561
15.72462074010751
21.042530434491912
30.294938500587413
42.02427906495708
52.0428612127804
61.389091870490276
67.39810025048716
71.32387663918837
77.83244809179389
82.39289969173007
85.41651776647714
86.96788965240988
86.22122499131943
85.70417500217323
84.42915383650202
83.29699388986562
81.33657894966315
81.02220577250193
79.04588405125405
75.96842638115139
69.76006709762885
64.9879672940815
61.278897074946585
58.192196614370125
58.24567546758886
75.64934911118071
98.49598394547846
134.56371468276689
160.00970735913856
189.94617604919097
226.04952427203708
254.43835508084555
291.94583684133477
308.8382313788709
316.7658142147802
320.10004145579063
323.31087630380404
327.981309809377
329.95245303640644
332.38243712688677
335.56867295222094
339.230065217394
349.77659336568655
361.6185339986437
379.861541394957
393.00598899473215
403.13182784710716
406.1172910474921
406.3440053624812
395.1977693428033
377.8728889580842
352.11543526999316
335.58451076456174
314.159738324428
293.58466856876527
278.78322984250167
259.14970948293444
244.55118368139168
237.51008966627674
236.414267731047
233.30754582525557
229.04255285863087
225.8841681213897
221.98726167140836
219.49599538317997
215.3674146435441
206.50300733865498
199.55084144606815
190.04394887740162
183.66938461761035
178.1534203162524
175.3909228580106
174.44667867545354
172.02689519532535
168.87434208819602
166.68483994694327
163.97059455695643
160.2607377756367
153.49517811361773
147.85642722167682
137.530927828336
128.98537697618258
122.01667540436283
120.04990100485274
119.26165454061753
129.34325757034352
142.27983989685373
162.02249349882905
176.13102084636384
192.6056050741302
208.36159094238073
223.95813975289454
247.50488721503314
266.6234339713139
281.38758213963104
284.74765493766495
284.2574284519488
269.9360649034659
246.7485327898747
212.6700971530109
189.96561036519387
160.0701151197025
138.11227166915577
116.41221145976498
83.13841823092837
57.751265789336564
38.357882559613735
33.63702794866521
33.29883283177421
44.22204621600072
59.183594392656616
79.59867309222786
95.13717032102059
113.13573438164994
123.96625923873323
134.26084495593295
149.40390880498904
161.78659328567173
171.0832905434704
174.57298937183901
174.16396992267426
168.0097735828971
157.61150269141282
143.14298572028795
132.06062176203795
120.75733428685213
110.77884575587399
99.82062165790882
83.29607365338823
69.44235706371039
58.91043841658581
54.157305300568964
54.58830227010485
71.73385322293284
98.00179759158749
137.14049493295337
164.63814110642573
196.86896200479043
224.21974161721747
252.3562173813034
291.800724477559
322.95970067922855
348.190875375569
352.9303218090164
351.6439705851391
343.06434482624803
326.51565462815205
305.8854164672571
288.0686335733342
270.6128320147474
264.1842432774147
259.5183130004147
254.83362530132274
250.11407976336483
243.45784844349035
238.13265163870054
233.0401218438317
219.80152406378448
203.92450782817508
177.06305573535434
159.41732135219732
134.80516793481397
110.53305510791236
86.92249228095424
50.53590052517977
24.946650274264723
5.866257014690794
1.9264445358449191
2.219392653900818
5.456772963001239
13.392738982741578
21.24943715633838
29.735293613049077
37.63139903122832
36.64100973393379
36.35043308885977
36.54227541837816
36.16884396898521
34.92124292538753
36.50149214557762
35.63537147144198
37.016751806787305
37.36401389150561
38.434575630472686
39.48021171629986
39.81257200492144
41.040840175698946
41.82463559001203
42.50669350194844
44.0952584042061
44.81603120902452
44.36453384767961
44.638806214001754
45.097259843149125
44.533421059033806
44.948569170185706
44.388986181616175
