4
9
a
56.05708708861659
55.74696272040055
54.678702713117715
55.890168913688676
54.889701573072315
55.0235755549527
55.28222196886822
56.445514863991264
54.93299299536243
53.9911103541507
52.65574115258201
52.231726154164924
52.16931461452942
51.28839703810141
50.03002194294551
49.27472747253674
47.93512983533777
46.69670634147761
46.55775903411422
47.137149749821305
47.68461500052721
48.399820413788675
49.40317120204048
51.11573373137047
51.93754887475465
52.49740284982628
53.9863374946032
55.50019932017319
57.45347777811019
58.20705871045492
59.18772505878502
58.64067224662911
57.17115582972748
52.94029008821646
48.65956309506075
44.67118465549426
38.42547026052041
35.16994819097416
31.391225839973597
26.349889215681802
21.183336532808298
19.814656954354763
17.71978999888845
18.033098056259973
19.812437643081008
23.0636112435797
24.61973815916438
27.65782207931839
30.50699881710837
31.92823241133278
31.802044507918133
31.724570265380517
31.391251384339917
33.15278269911254
34.602676646980285
35.22641486904282
38.585175272468696
41.720609963950096
53.964985838301835
62.11059532366717
72.45208414371498
82.0778920583477
90.88765417445062
103.43623756162394
113.93944417900518
121.47688878377885
122.5908999301132
122.9356837900703
122.04538577016858
119.06242190729628
116.23029046141939
113.36575065910783
109.65149163573054
110.20904062743934
108.80711843785042
107.85583379537786
106.18970293052558
106.03895043347929
104.65735914904235
105.1355485466844
108.89319028685132
113.74472487483096
122.42709027867868
127.53279121534719
134.08137550915282
139.38788581428716
145.49467139760745
151.59610370077127
155.69240758945853
161.0999130887849
162.92755186009276
164.35317783317308
167.73636768200822
169.55638919384057
173.77420752480987
175.79772650117084
180.03394052469307
186.0481799019022
192.38613981668826
199.67795332665753
209.01911105143765
214.02230800029207
215.22604496275346
214.62476456193994
209.01958370057272
200.82390515746806
189.95110174240145
181.35822063922387
170.66913666608
162.84243855037707
154.63023350141114
142.33001230538477
132.90767044056437
125.50186306742317
124.18572752792937
123.68069472804675
129.487199035488
137.73462072611716
149.489015363234
157.800086229242
167.60519888461025
174.4665518307738
181.08966011359865
191.35282170906822
198.95052162592594
203.43208041999523
205.73668430469647
204.6519981937522
203.9025064956064
201.57081769847542
199.4110522599656
196.4808159804809
194.77222794889892
195.94213952388213
194.79117571625733
196.43435065243645
196.78332688836002
195.76279254450364
196.95584158906513
196.1979568495924
195.202929556604
194.11856893585613
192.20394918019215
190.44679374034519
189.42467816917613
186.60653751425795
184.51198656856226
180.84861503633695
177.3959847730132
174.18723268465186
173.30834038993018
173.94355970416817
179.18603978051888
188.67310716539836
200.69176245542866
209.19733486572363
219.3714853547755
228.6288968505538
238.77574964650597
254.84487191102596
266.2590819886029
274.47007583572
276.50268397103497
277.11338048184524
269.76075446139197
258.6907322661308
241.50722131012893
229.54678229970534
216.06116375887362
206.73487001599028
196.44877891397584
182.12761939969587
171.0334962789483
163.31556724163335
161.79728722310747
160.6451713759367
164.48885328177585
168.65772229524148
176.00577630769445
180.70368018737483
186.2463541456274
188.0636335393143
190.25480529072604
194.47167888880367
197.44608085057416
200.6131296850656
199.58179715241712
200.14638836587756
198.6102303529772
196.82172710042275
191.43372129137273
188.8886318677988
186.75730626583461
182.34939095121484
177.77498319368885
172.16648680699808
166.79429291277674
163.37882528099496
159.9104501096465
160.4601013067788
170.9641609867498
187.01880149516566
209.07973252517283
224.41974891882984
244.776317601081
261.8745793341791
278.9731932522691
307.34377753867085
328.2206735115993
344.3128367623316
347.89369324480276
348.33562487252107
334.90756360325963
314.6212528669167
286.4674178089576
266.08126971812845
240.25562664283535
223.46670448491832
204.75882433994926
175.69105163156354
153.85638515732484
136.74930660216785
133.5553301308807
134.0338266901837
145.97796186630868
164.5573396780737
191.1513616960642
211.8807021666077
234.27942039332817
252.21366648215346
268.50148909405897
293.8323906614471
313.0026921513532
327.8270449188023
331.508257052742
331.2483378151409
320.7505096348602
305.2148029131422
283.3574583687732
266.9226805424832
247.38869425606035
232.46842007121242
222.13398270208245
208.20130310943458
197.48527786914417
188.7284256585052
185.07066778708324
182.7628680822762
178.65560619111127
172.58702734267507
168.5942638951178
163.31548325341262
157.61319353145066
148.8913007554858
139.09208498996767
125.24158418569566
115.06182711936796
107.1486343061174
104.20964602370658
104.96532162425368
108.5971888088219
117.41510280901797
127.1167780741605
134.67374530234025
143.0923256249268
150.18957050797675
154.65299055273726
162.816290035415
169.86583025694586
174.91866041668177
176.01488013360446
176.20095510089305
171.85712994788028
166.89288840542278
158.03958323821092
153.3634178060473
146.23162763111057
141.07972892358492
137.4486242630277
131.33642331976586
126.80589635677087
124.94431456943143
123.76889673055919
123.62664152625814
123.08455357803352
124.31780766896715
123.80276446871221
123.70394880082264
