8
4
a
52.3824411764828
53.156031854761416
53.486644747699714
52.79221482220553
52.68392849876663
53.77457202193046
54.204926251939966
53.54280082375997
49.96277240404088
45.68917946192855
41.50704300487102
37.06701953702117
31.974280574907
27.748142381014716
23.02445750838875
17.51428747918774
11.211921180629757
7.602852875385756
6.850207182537952
7.235589491027187
8.126640795477932
9.494622914226323
11.410766876204205
11.958895810014482
13.780824117650711
13.354290409140772
13.490541669093368
13.151193884123284
11.99060888278841
12.652451612290855
12.557018773289792
13.164570400709392
14.14143573761921
14.682408893586247
16.018852429132526
17.384432584063518
19.415484010069566
20.09767996603679
21.647343545740565
22.637265339964475
24.65459037885128
26.238320712508706
26.027032988411126
26.47699828170338
25.452158896557805
24.80343911455524
23.342422252664683
22.577957409598085
22.623922043335263
21.216143214740665
20.279408402326517
18.271690678552805
17.642383950584147
16.244679602801035
14.953931435819333
15.503384833146995
18.296541647603114
24.336959593162888
32.567348736654694
38.38693036987929
44.93914599032005
54.05810274264276
60.98408802006213
70.2848876165453
71.19327492623776
71.66036565952604
71.4995133076965
72.11853410519024
71.7118021133783
73.1356687078479
73.20549330161658
72.61380793508091
73.01725355898833
74.58793231291699
75.13844145792692
75.47958632046785
76.53743416135183
76.09402406064909
77.52820995585014
78.7372700375771
80.43015069213638
82.4998018241514
84.92433932896478
87.1808173215
89.99002768460265
93.08533832794494
96.13976533705352
99.96568702439106
103.71163852400082
105.60516015896397
105.70253370102174
105.59177923094384
106.42980016137474
105.48681688609307
103.68559420647996
102.95802654003313
101.5205913570569
101.3660926233535
101.8436543446991
101.75462140239546
100.77095685533135
100.34958791705165
99.87705899516821
100.04572023170563
101.35532235025018
103.24669238715164
105.83042300935337
106.57121628996408
107.95702469165806
110.38379264622138
112.11811633882655
115.2334814090589
116.76398540898678
117.78531604675537
118.38587746329524
119.1400654290659
118.8062287601785
116.39480144526463
112.68460177989446
110.87878643350376
108.24703271397789
106.99435799805211
105.06447463327197
101.74280826361334
99.44783659916641
97.86408461519981
97.58679372283578
97.87159741040183
99.43169991031914
102.45458278275544
106.42613239643975
109.2023632765809
112.1806779840846
116.44439058521762
120.66392312540584
124.3627217792311
124.51142384885557
124.4292224379267
124.484119626313
122.90080627501894
123.84788432664473
124.41434652727108
124.20901833193045
124.43077726502685
123.44563743950982
122.9904398296598
124.6890223060682
123.9302747144451
123.40419021895643
125.57004209763211
126.06934582107095
125.12200288424792
126.50334499341223
127.07151732325043
131.557773613853
134.5904336040497
137.46794110502978
142.59392594183586
145.02661686810052
149.19148080350237
151.70680076230093
151.49571743882885
151.93220104237048
152.21073941251674
152.28425829229013
153.6116317288779
153.5985278045127
153.22622175393067
154.71200184807068
155.19242585399996
156.95152551348923
156.97611472243696
157.47458548603885
159.4644345256311
160.21252174134142
160.23583880239917
162.6391486779968
163.66819250355144
165.6955901206435
167.75373819663304
169.60710771037114
172.87343688713324
175.72367426838787
178.42110354596286
181.7808583020512
183.5752909745628
184.0730171124641
183.17554821985283
182.65194947179077
182.38032117895074
181.6967700967265
179.7352545243588
178.25071346409888
178.627103908582
177.9259513133272
177.13150536182795
176.4321926483312
177.37704862420412
177.68967490738
176.09245344252167
176.44556815890834
176.34899107762706
176.47810276941868
175.36929615488674
177.1214648864286
176.82982244425912
177.4747182014396
177.15210831918606
178.3321851803348
177.17982842928924
177.64553087144395
177.73225992147218
177.4590449768029
176.07548131356864
173.12039163814634
172.1393634064786
170.85596904532628
168.33386436179572
168.06740243105313
167.39706321755105
166.1113886400976
164.85647035067842
164.71566667997038
163.61264154631675
160.25009122286403
157.95365796595462
150.78619361201248
145.24807972581698
139.26673346856737
130.94318174822672
124.2149091862762
115.43242400859359
113.03131935538991
111.87297830043894
111.39379722780023
110.73493207496904
110.48365493195726
110.35234711040266
109.40307283477867
110.0067065528871
109.02976714787006
107.49048087635774
104.5312208015624
102.77874662322382
100.64320978335674
98.45457867709074
98.35537496577336
99.47887905500485
99.63482490048605
101.36743371009051
103.26531640415743
103.48821737590539
105.01132182520199
106.16722554760896
107.29669402699419
109.58349421843278
110.50385318387254
111.34336517915531
111.17529036913815
111.6142193186138
110.44690513384485
108.38591795072
105.12627567115891
104.19298140061296
102.3140327295029
100.42433108011016
98.61745729870786
96.83532662019019
94.9267330364574
93.54007204611956
93.73457860318051
93.64565581929179
91.9913129503449
92.69117256754805
91.54124361723905
91.29303636224572
91.52860573619779
90.64808278069171
90.43012170138503
89.07075601359107
88.49441478939283
87.70386221143735
86.97354945142942
87.79007884239695
88.86882564465374
86.34593420801487
86.9647849085824
87.1865075281557
