5
8
e
127.64240980551465
127.93923899815042
127.28034785224696
128.25023987719115
127.49334017551125
127.81495545746081
128.60206816097448
128.1873973290129
123.92711000989277
118.22251507070911
109.78927434204333
104.07986572120635
98.05690465987583
90.39174805598715
83.39641984426143
73.63549264667151
67.05272880166507
61.01868101899482
59.645577639340765
60.121460248319785
62.51577098479856
63.335940876973446
67.98733702964648
70.92465591560097
74.85552276779917
75.9179410953166
77.1211399751181
79.33055087818028
78.9000452958934
79.23320165916076
79.74237014657467
78.98251538451203
80.52106663302376
79.9534726285708
80.24417996828562
80.36250329155597
81.55190584694823
81.69174959159187
81.61585538986978
83.03265142410085
84.11357316891713
84.35905766613438
83.62225175879081
83.41234747680144
83.96650049767445
83.2644936419862
83.30008871431599
82.4483085359297
83.22426257187323
82.98989970864619
83.10276186777006
82.96456317213084
81.86923912482636
82.35829667674534
83.20011847008374
83.6201264808525
83.18337988191254
82.68183802511398
83.10592825590624
83.21030272871309
82.70547606148442
83.4330515840068
82.39936899546255
81.26827576436635
80.67397019435197
81.26914268641922
80.95383032938342
80.7107723659797
82.31275881684894
85.57261435255809
89.21992434631696
90.78918742889759
93.9770921536777
98.44219774853421
100.66945879073619
104.6482078893788
106.04026546025281
104.84802648495062
105.26287791689646
105.54121726598684
105.62575736044279
105.4996692066943
105.62881877983773
105.40428906736557
105.43398255090074
105.94769720074052
106.0969507401967
105.64544396409617
106.06199755909371
105.54499937149707
107.458087825608
107.14740476192401
108.78684039878296
110.35081904933894
116.28913026427006
123.34829282351805
133.31919399413002
138.09035947006416
145.60355308312754
154.08992955927263
160.71926646483695
165.7920903308778
166.51426406776048
165.58607773874178
165.05667116767393
163.391183439748
161.64509568782412
159.38094138801
158.2071221216263
157.97213772212763
157.02795350265262
158.72161586152566
158.0793759090307
159.3540521860574
159.2144188960911
159.30366559699473
158.7505440314539
156.4287622159439
153.64685942241175
152.15488663290898
149.86379727596352
147.7482500794987
145.07152837409933
142.4651384667557
140.59634961058418
139.1218581768819
138.77854802099893
137.86028238301918
139.06796748876943
139.1802268873497
139.98147071775645
140.38219422992765
141.381311601838
141.18948660450278
140.89968125435607
140.4814359090962
139.14199905718027
138.1783558827113
137.9316496088076
139.40361709575006
140.57630927447846
144.3898932827426
148.52854925886277
148.90339765146393
153.9611675646822
156.20641490168273
160.02125624994773
163.84502861720728
168.27580794491354
172.52741350329012
172.23684258159528
171.90191026508606
169.95568537892115
166.7166972360562
162.86949677606833
159.91135226042428
155.62485197654132
153.263542265071
150.36823408646885
145.3915443247442
142.78416338165223
138.9237152988952
139.5480077185034
138.83804096593462
141.4379289116569
144.68554730328404
149.8758150521288
153.72801203797786
157.90567038236455
161.5213314290522
162.89075880378
165.11071548646007
167.57433473599303
169.6329851037848
171.05016183331605
173.82696718094965
174.83410724836045
177.25986578124713
179.48672459895982
180.98897531244702
184.0247300311794
188.2903224815845
191.6169906515668
197.61724308444082
202.35090003982714
204.88801062568757
205.43139248714994
203.758474837887
203.664845090615
202.33726458811228
199.2487656138988
196.68750519175677
194.99947445244018
194.6234764980044
192.4099062220789
190.29045713392603
189.5451608346379
188.11754698529316
187.3102361252765
188.20507631192115
190.0194624946662
191.148603862092
195.33674839872188
198.14408377644847
200.31209699899512
203.2968935073846
206.29925674169655
210.9635228079107
212.99159881446462
215.3802143326611
215.94034961878705
215.23567783948837
215.48137689328152
213.93803079560567
213.07976113012992
211.78230025370064
210.17688801609117
210.51290728645424
209.78408503878376
209.01001032685778
209.05333750860572
208.82351116032103
208.20512882471698
207.6642533637744
206.87699888685376
206.41203744686715
201.6550075447158
199.61939717502156
194.7842936278057
191.19059716796508
187.43577852996054
182.45197003656628
181.4244212029141
180.20119554998536
180.8034901169788
179.21565015394074
179.45534883039412
178.87445207652183
179.23956433709242
178.16839664379606
178.23300101157682
177.4736723806739
176.63333464452563
175.88288324980002
174.27481443846597
174.64898839865714
174.1356440900524
174.2242275017199
172.6275963245347
172.0735664657511
171.39092659362208
170.73098445587425
170.26036316049002
168.55895195220856
167.85549044947405
166.656021629714
165.28537734605783
165.4486634386027
165.10180599301785
165.08689726338892
164.59121962926693
164.79357355886287
165.40147046611378
165.41391072737227
166.0209045611296
166.55124928904218
166.28394055218143
166.28375056310162
167.41485379644755
167.95588070523058
168.42984288609094
168.5441724562183
166.5221743047016
163.83763719752923
159.53782072697788
157.06760272668322
152.8388940044066
150.42446162034324
147.6823812668562
143.9422096050172
140.8741952292992
138.9180006927384
137.72337225119136
138.17210473827296
138.51679054776727
137.35729865503288
137.75544289808397
137.70183960530952
