3
4
b
138.29133394327016
137.59443802068427
139.73799843078868
139.6034351746988
138.18811961282438
138.20506871462575
138.74028221578118
138.43443354963333
134.4815849144175
126.60381092608993
118.06844932245855
110.32908683966593
103.19406451986919
93.66913362577849
85.93406630349516
74.51690456131674
65.25734065549948
59.330767794178506
57.42560007874306
57.644741875159895
59.657355222921026
62.58870142750103
66.26368597654887
69.29129312331267
73.23171436432702
71.81896160168914
72.22850249582196
73.4436710680562
73.5578472055715
73.69657746552205
75.02442484889512
75.15855442954471
75.2201020961069
77.34886062755201
76.50925380667006
78.27021394720138
78.95004091425623
80.29024996345649
81.99551469098982
82.70568919917169
84.60710857469088
85.01572371425958
85.75246218700073
85.33867571836694
86.33124312684473
84.3386791558142
83.99426209085732
82.69425903875967
81.51888349098328
81.02738027241239
80.91285206931185
80.00902708210754
78.95994727169999
79.09910985185027
77.74987632781287
78.26171040269371
77.5077768482007
78.47382999661905
77.47106527850161
77.82977711901111
76.63839770905142
77.02714658566934
74.8016796080172
72.44643237853235
70.20387672296424
69.83524036396219
69.15434774389475
69.57614317867426
72.19376637392585
77.81408922973381
85.12967329147688
91.48793212409285
97.05852838085026
103.32570017224677
106.86652597301226
111.89693419068608
115.15829366346273
120.16700306934273
123.39024505566238
124.69778659879465
130.6411194077289
135.69147272045785
142.01126733315112
147.17249348695753
152.48492559464188
161.67734867246295
169.32384003015375
181.5611186262187
189.9650650754779
195.8212399055372
198.17981948913803
197.88170391847225
196.17432618786873
194.03434813648428
190.59348087941305
186.36273315499278
183.69205029909025
184.3030401037473
183.06984171254854
184.1950109502747
184.01110985435344
183.51150410360248
182.7259800773408
182.21196629555334
180.840921538872
179.83778693853998
172.5868175585217
165.04754503975443
155.17913542649202
149.25309669459432
142.85255834846325
133.83937262312693
126.56349101301613
121.19975378859945
119.57663202967416
119.47809308970886
121.82071863216383
125.95994519018079
128.23065252791093
131.6949821808073
134.20814529587932
135.9528162930446
136.7528186795592
138.77566992585915
140.44700115827285
140.82308622205588
141.1105656268223
140.88114994636
139.67216285132858
140.03907081786895
140.27224488473098
141.50630191924722
142.33849973469765
141.81696493012458
142.3420200785134
141.8527818804776
141.81540943917042
142.26274211609052
144.03906989162033
143.06448682284878
144.9394952906933
146.2059813156637
150.8741928409035
154.86871459610637
157.72452998222087
161.78056504762642
163.94819553254123
170.3532906611036
173.96741647218283
176.09238242227562
176.77210738972806
176.7320945581421
176.59804846026796
174.6896818294709
174.27596459758314
172.49797479220598
172.1492412467447
172.03419975384648
170.76483521861977
170.057594913893
169.10234593467172
168.30914219144415
167.98416752300292
167.41450963758965
170.85810882832294
175.60300431472817
182.78522989204708
187.76414827476864
192.9607223128724
198.69805619515344
202.93841474057774
210.31649791439924
216.2450138023095
220.76130303433766
221.5788578723907
221.7718217112322
220.2625033962956
218.39842467043903
215.79711095127237
213.89123786998536
211.98811321404926
210.6829409573577
211.2952862057858
210.55649544145524
210.27364167383783
209.7500161160389
208.59261335147562
209.3478326490483
208.53156010142942
207.77983677518293
207.42549100444464
206.04430864342302
204.8295997344169
203.61470849635992
203.25021410375052
201.87286065681323
202.4459546450266
200.83995580908757
200.29734805955394
199.67249659243055
198.01178104395666
196.47662250596466
193.93820575126688
190.49735053342584
188.3118953099148
184.57439624384006
181.75806606414466
175.95640642792085
172.0346140800645
169.38584559652733
168.12663646873273
168.88493715032
171.87809801050145
177.31552228476042
186.20244967114596
190.1914019466516
196.90286415373797
202.5128810311976
207.91561143153626
216.1337253468818
223.54267622078535
227.95884548164668
228.50567684335982
228.9534336108388
225.4825198266066
220.1902160403071
214.9246926049714
209.49948631387238
204.42699511840092
200.5942831477121
197.69815294910248
194.39395904709215
191.90706410888396
187.92023540813838
189.11423119156083
188.02726166795708
185.8351135989016
184.31038868496967
182.6808922338808
181.61712659094877
178.66215315297129
176.09826392777612
173.69130848849346
169.4473605666385
166.74796315027888
165.53346227811073
165.24847603228648
164.86526788399541
163.63249025604227
163.1493054083361
161.76140298182173
161.25022998328535
159.6575283492547
158.26286915936953
156.41447016214312
153.66129246527035
150.31719171550617
149.4235878307382
148.6917757875106
148.88437207208335
150.76031010038076
154.19352438974676
159.75090323220104
162.79977967450068
167.02229135412898
171.93209681921175
174.87830861641262
180.51193178136197
186.18702718428005
188.8880187275618
189.8363368939236
190.523154804293
186.81521405807578
181.12417577447482
174.32050712534846
169.66551489229
163.51707709237604
157.8684596021721
153.97668493877248
147.77608061292497
143.30466961212616
141.41263101022545
140.21922670091672
139.24990230522113
139.7108735662196
139.36650101945156
139.57989050898576
139.73672908071637
