8
7
a
167.10703813995238
168.1867254016774
168.80960603020498
166.67295517428155
168.2949583354012
167.07455060878257
168.4041216210419
166.94677979439558
161.7102128420848
155.88334053209027
144.6821805472986
137.68062179449026
128.44860806251978
119.3924443422265
110.72161964640102
97.85914364447272
87.25741212089987
80.5760821748778
78.65730832338636
79.47626647818096
80.81742436758535
84.52996784092397
89.37575602899672
94.33188299311277
97.40085364266461
99.70733586985318
101.35991759615557
103.18120684112047
103.76305936163949
104.3087681177357
104.38193348917915
104.59752253033298
105.1548109852728
106.6101660419693
106.25488134557658
105.95888159698073
106.46291528967852
106.26109129540485
107.24848677423654
108.60573436093597
108.5041090164229
109.57692980163634
109.16207905461535
110.65970636265016
110.16319622843832
109.62482428261286
108.49712161435174
108.77097306263062
109.36216334492663
109.48907800412805
108.664158821919
108.78839273787182
108.59586319941832
109.43857512598757
110.21355163047079
108.37330588218461
109.37195181085329
108.89934934486473
109.42221967632528
108.69887061318391
110.03169057361727
109.13252061352406
108.1341362783486
108.09649392789328
107.17284948290876
106.78218541419095
105.65537552338782
106.51406270469059
109.5225049058611
110.90495183537155
115.51766006010952
119.08080324973069
121.84591478052599
128.2029526893501
131.73117512547574
137.1574212680287
138.08001121754572
138.36436704135318
139.35534052712785
138.886633048337
139.44491986334023
138.5655685929578
138.57922178339007
139.12122555057883
139.21055920033115
138.9326630890241
138.33096034355108
138.29559929380457
138.11900530734516
139.69005689268695
140.65464678918744
140.643204580812
142.25717585410982
143.1963908058137
152.84358935721258
161.1897175484955
175.26164624631664
182.195584050286
190.56669432296994
202.44058466688338
210.26834099258645
217.71190074746
219.47933530606414
218.14369340889402
217.98737625123613
215.0052046397741
212.74408001539518
209.56158322861992
207.0898057751708
206.23060481898204
207.78815874971986
208.40044076637543
208.58377747656468
210.37881429622553
209.8669702280641
209.42644359193227
207.10232544238542
205.15108330113765
201.77444496606415
200.21334514741878
196.15613766585264
193.74839813670616
191.44455853712685
186.7322139339635
183.3986172275091
181.21883331759273
180.8866112379956
181.87765830947754
182.17361408978164
182.79794235631724
183.18620627943974
184.2673749207512
185.87260972395626
185.51642242096614
184.7225045598523
183.33591040012107
182.9955134229707
181.44202825352613
181.92674813770546
182.08450739314705
184.04108663037687
188.32170114887464
193.93822189440326
197.38929928334468
201.3189157505888
205.74371593200414
210.0395944807434
216.85937209347173
222.01261429933538
226.42266562114077
227.47273377776867
225.99708851434426
223.73251161296
219.90282521947827
212.53375321126347
209.08596825660584
203.72084279698092
201.13817100943936
197.9295071260327
191.76918543596113
187.06730044817095
184.6171647557787
183.46661205065575
183.20996865866803
185.60245152263929
190.6667318396595
196.93113661497367
201.16666260361006
207.10489275280233
210.96477318040223
213.39939854187037
217.00429917452817
220.89150321921733
223.42391455091868
225.51462953402086
226.9273447744617
229.55807443150056
232.49412928882757
236.08416422677828
238.7238710718976
242.56013493778494
247.4332170072195
251.51091661901827
259.5090661309958
265.38853887931594
267.7507309107345
269.76673437609156
268.4476168804835
266.4364848074433
265.4183750558155
261.6474237583482
259.29869667022194
257.07588124139806
254.12234350077887
252.66691785201942
250.1150817634362
247.7348241606426
246.9740634544153
246.19636385301632
246.31754112439552
249.3186067591092
251.94169369602125
256.51646420749336
259.49791339050773
263.5131395029342
267.94715020539405
270.95226343800226
275.6109706920308
280.70320482098697
282.3413740787584
283.1431265839612
283.0684624884247
281.94097918991974
279.64074486961744
278.80679054271627
276.6596475217205
275.6133487857169
275.35206677930773
273.45361878910023
275.07186165542936
275.53138333210205
273.7085107181487
274.06891821739697
272.7751859364403
271.7305101740892
270.54185206779385
265.20751428342584
261.0590034194341
255.8471612308501
251.03868744612012
246.03728695215625
241.6230244094586
238.114136190212
236.67432584713677
236.69421606213393
236.04430000255897
235.75958972084857
236.24396800677462
235.3606230677554
234.77450898765247
234.98950476924185
232.83193436056553
231.85892364798954
230.92721819584858
229.95924883258124
229.77367358983255
228.37030019805673
227.17176244644617
226.29304239985933
225.81751033102537
224.11042221670016
225.01698347880802
223.08885857034792
222.63037270282936
221.18364168800207
217.9942474393334
218.55502760479752
215.99375379641515
215.98937735942175
215.1651659619919
216.31569644638768
216.98425559982405
216.99652360233537
218.2535368956384
217.7243004592898
217.46444340392074
218.89378279406537
218.82479471065184
218.93018023737716
220.4051230941184
220.59147062075698
220.52672947954804
219.31589243504595
215.18985000019435
210.06574174111154
206.44883317112678
201.78290211319236
197.432952668342
192.79188262344675
188.19899512674954
185.21212567414727
182.1988287751574
181.4881503987929
180.7813699175733
181.0807149018513
181.28586947931163
181.34947654121504
180.4835953259189
