4
0
d
59.31352002647072
59.13576206858201
58.74903317546996
58.38902857517309
59.318387727039294
58.030054484371476
58.561749589733495
59.733872253884726
57.913255574735906
57.26723217063984
56.78698757214895
55.51960722948289
55.4594066397915
53.47291026543928
53.07056546695085
51.44927887081522
50.63418544396316
49.78995637880377
50.46531187527849
50.9022674016134
51.40894734867455
50.84382756223204
53.0821321964139
54.081094914767796
55.534220526171865
55.97324295447996
57.80722932231209
59.97475985592067
60.96135292842825
61.70454559635226
62.341109081137255
63.44215659348049
59.96960791240561
57.07989085768743
50.428912945460695
46.91806300596651
42.51832629467835
37.802348829493944
34.85895835199998
26.734328023779884
23.059221423662063
19.923722534607652
19.047532986224997
20.689973743937582
20.104570668567593
22.401683772393607
26.791783251701155
30.513426165509966
32.0026458931858
33.08737890316866
32.96317770696275
34.10884861136491
33.65294979970611
34.80528505889615
36.93972423296068
37.36014422522164
40.99996087139688
45.36660765888109
56.01302886415099
65.62992009569273
79.03608982369931
87.19299630930618
96.72040331634791
110.43754031963422
121.44195626915415
129.39240155304364
131.24150124555015
131.14286501799384
128.64741170452754
126.82322499628636
122.67425248755885
119.46631006433137
116.97003322934106
116.35292939945334
115.75400541412877
114.97265353006004
113.59921484548936
112.3136360505312
112.20898011503735
112.55471234434103
114.99569082281964
121.67866361070044
129.48381734099445
136.05938664935243
142.9147313876789
150.14720418032556
154.45463831174752
161.33271954145948
167.24924299195678
171.60981152455793
173.3894381433746
175.0117332234581
178.24528172149644
180.48956349067987
184.86827086515694
188.36796729989817
191.75424166569593
199.07943025421997
203.79558649583421
213.81877457757614
222.34699493765842
227.44546119551808
228.76418881432787
228.52198480573585
223.39153333360466
215.10568111464252
202.14482650717423
192.9630723188655
182.03688227140495
174.41706885145118
164.7965235157319
151.65024552686052
141.11982108673897
134.50665083333152
132.70104448475215
132.6659111384021
138.22600436414163
146.4605790580564
158.6955009179894
168.69130978471568
178.2128091490209
186.16577588157995
193.41689740662153
203.37929617940404
211.67910700471433
217.54944232259135
217.2167222029483
218.73355675035998
217.80665573935946
215.4719990139766
212.61506940458594
210.82465294490564
207.360055141749
208.31608796628586
207.82686027221843
208.5944307924538
209.29584057582193
208.66957911920235
208.42469404836763
209.15961717866838
207.6075358505871
207.29567650024586
204.36046850227603
203.1211665769154
201.59208045542783
198.79895754095915
197.1254263764714
191.97779426954642
189.59150293259745
186.1412749348343
185.62001627931053
185.04913108603148
190.51403736808587
200.76197855595714
213.68884762850752
222.80341550211415
234.0138201284155
244.05248757517563
254.13633325711015
271.186594878712
282.82186982228546
293.0136586121213
295.1135485913458
294.98273260356757
287.0870374803774
274.8566143792636
257.60972195221143
245.0840380559327
230.85666071105973
219.94633791314521
210.37521279800617
194.31897863351378
181.68303678786066
173.90808751800597
171.85445233934743
171.71379866367937
176.21938110583608
180.418300074729
186.1882845416513
192.1467808930506
198.77808440923235
201.06937959629272
204.05661225860163
207.43719232602572
209.78340031731463
213.10672105453952
212.8693372645924
213.46677460889478
211.7204014298759
208.37592804152447
204.96834300436717
201.7749633632083
199.2009215018517
195.03874700318664
190.5687768380673
183.1913196970967
177.09485816547655
172.9502243268539
171.31703751635138
171.30393406130517
182.2867675234891
198.7664199592569
222.7322966593778
239.96377950870954
259.38835969911185
279.8176348810637
297.9964416353478
327.39843173268815
350.03676849144017
367.0852814665287
370.81686538231696
371.68752489455545
357.56811018620533
336.04130959413624
304.682590207182
282.2586663456267
256.81586825276673
237.12076915194353
217.43978248909377
187.6698641872759
164.2099624089529
147.3282745759972
142.1034516760907
142.73873054203847
155.27222492935496
175.28006779297198
205.02746684163958
225.0927537784261
250.35223921222197
268.1757283140046
286.56317394850043
312.1077810428539
332.79963117511613
349.4485137019141
352.9619817545974
353.35825161725097
342.36170831422356
324.7504280023129
301.4219035729315
283.2043741674099
263.6213912814354
248.29335580817235
236.80381720491346
221.7046387274592
211.34125168758257
201.05914994348382
197.7010576363438
194.5251580319224
190.37685318082842
184.58866147069494
179.72611105907183
174.72630778990913
170.01705261745607
159.22488692076763
149.05861579811912
133.57738736532932
122.33142376464926
114.24152110572976
111.4037890121441
111.40722518343514
116.92453699071177
124.18666522824249
134.87461052969223
143.66919365989418
152.44486753079343
158.21764043985567
164.429906453381
173.39842057250522
180.5237903793498
184.71963302008527
187.57870479110662
187.03009262231126
183.5879433134626
177.21902282630543
169.2684766807531
163.28501971432388
156.3607515423541
151.19777910454954
147.57912231759937
140.76939810473786
135.1926894674243
133.15090257222755
131.67203323178904
131.72886440445342
131.42139705887513
132.13434317808225
131.02715754010566
131.78758101749474
