0
4
d
53.319201944731994
52.997733722050924
53.347721849074766
53.046587385481864
52.38891190394565
52.97398192629865
52.106406748129274
52.270450445404684
51.36449489843746
46.99295373083672
43.40766368429803
39.20876336209268
36.190108915640685
29.569614616742566
26.137425759716884
19.238174841766256
18.48766688451023
18.08061223976117
18.245120897060744
18.19591546196878
17.821852238193074
16.84466886988978
18.141851611457337
16.995865434055304
16.909268599575746
16.240021022755368
14.923267193879491
13.176679192729056
12.63219639026515
12.8952851032809
11.79623236651919
11.927623997510969
11.288210803898298
13.20081308927981
13.383079216233838
14.814810678326463
14.966808579782633
15.098990693572224
15.088800713365897
16.1919201465074
16.610619106987816
16.446314569760943
15.925143621866857
16.527948975377555
18.009305478787486
18.76349008194557
19.680035175248197
21.44528184040725
21.622123926967017
22.641085158045765
23.25815221564517
24.663135545492782
25.50479760381062
26.43894359876586
26.764594259400035
27.59123453984741
28.45937687608907
31.842470747005038
35.458899384001136
37.31882022804251
40.66260022389405
45.221071374804694
49.09207500166627
53.07986396248529
55.489624983027454
57.20040783570773
56.85613360902732
57.13082211067866
57.62539550321098
58.11652810559104
58.504647780416626
59.77677013928531
59.875401023154204
59.91664844111166
60.164508455084636
61.17906526572334
62.43276269250783
62.39945692495192
63.96998414434396
63.86327248088173
65.98097485193522
69.60681925007223
72.19898376635891
74.84087726530792
77.518014199725
84.82316819924714
89.31086325762337
94.95367833720661
93.88112473368022
93.7899055957631
93.74845931218388
93.82790350576275
93.61519051541056
93.55356944186416
93.4062413475543
94.01989822856854
94.15185078584835
93.39361919555918
93.92252180030515
94.2086994207796
95.14753859666642
94.59543952993091
96.28714912595848
95.27173376279742
95.62547398764814
96.16645542278758
98.45641656454521
100.83391478391796
102.3879782430139
103.78239667867655
105.10739105830305
107.54451333710723
109.99471586343591
111.65153354492354
111.20023984674587
110.8700140775377
111.20515011665988
110.53576907698013
109.04552599429292
107.40285255697002
107.08718188651135
107.2405266302126
106.39324688951146
106.50346947965892
106.14027370641372
106.51554642522848
105.62402766513009
105.44193273360037
104.54655723368236
103.85964854921362
102.58884631343433
103.02825478040144
102.00207397289144
101.33597914958615
100.35991483042885
97.55600687710607
97.92184157652767
95.66598338143567
95.64554168719353
95.40015365033813
97.66525328295809
99.33899261413677
102.31441069226011
103.42338607710948
106.84686170984499
108.66578156089359
110.48433274665508
111.61114664646091
113.53081955998273
114.7302840391426
114.83640729993435
116.06551422513444
119.48011785438842
121.66686424495455
125.00084140285533
127.52381829768768
130.92695363110386
134.91690195842028
138.63533997662677
143.99462548924322
148.64330033866867
150.9441543380968
151.77910943009462
152.45385497855858
151.4941816389153
149.2625607385949
148.44038731026623
146.5248329111701
144.72557199369257
143.78396632800911
143.89693335121086
142.55465248584204
141.27915003320257
142.49283752632456
140.0572467834747
142.01962208001308
141.8236873891035
142.47819174247567
143.45926952586814
142.91813751131446
144.86239317861907
145.7270367525954
145.50024572313083
146.15841260495856
147.01829057229946
146.7461887297296
147.12927789076096
147.25974574504656
147.51632969963862
146.17152433431212
145.38765845307304
145.5429265737989
144.86739286015086
143.81151305206166
143.6087903874936
141.59874661767196
141.20073800071629
140.46049273103108
139.4915355257128
139.61336465924524
141.7825209492047
144.68555771363404
149.29362705983715
152.4706512972393
155.63159465564308
160.02202367978725
164.2070790602775
169.35678627246398
175.21376164938906
179.54290544749577
180.8644018126082
181.4518261336752
175.49143872887478
167.83664231645827
156.17988923661983
148.81022036023097
138.86492950641227
123.64353061924307
111.02086414809673
101.49985795459702
102.75161974074076
104.37023165507789
105.409475154893
106.20228061552683
106.33914651733623
106.11991836205958
105.93221892140383
106.73928561751286
106.29681969210303
107.00734253742553
106.33107063688125
106.46604626701973
106.57155173500344
105.70338150701217
105.73576173164702
105.90464205700486
105.01892518256169
103.79214742323792
101.48380160444601
100.76098606843695
98.7175891828797
95.81112167441447
94.59904368994948
91.82480525367325
91.26464639956109
90.6538560533026
91.09695590170844
90.76568645431236
90.87116970466738
89.25145228808196
89.83276059855318
89.55566492195081
90.00012902861515
89.47547639875607
90.23919072726646
89.77495492475407
89.67861814426116
88.34646900664366
88.48389274578028
88.23647415686197
87.49106414037553
87.02946855870572
85.07987952949676
83.67896404144457
82.20220559245578
80.0319741423037
78.83888390428041
77.20679116714543
75.85349768406735
75.42967765256981
74.09183211441598
73.63744712025687
73.18949941096297
71.5784602246246
70.24869309385343
69.44845761167957
67.75105819087645
67.21798501792219
64.95833655334764
63.192706627781284
61.48979824173773
60.50924520151949
58.66667486940205
59.5442772880523
59.444268497856626
59.3181558780192
60.02525798907508
58.76416247747728
