2
5
d
105.77605452815143
106.99588257354256
106.77472534034187
106.5190540284954
106.42846375326369
105.27490993936982
106.75396593922673
106.5819751816454
103.12231575026027
97.22235982495559
89.69265531524974
84.76069179745421
79.37757891958245
71.592178703058
65.9888993624234
56.67475334655116
50.02025775362012
44.882139512834925
45.04789477995152
43.86916372464008
45.45303575777989
48.07698006003528
50.484848064190025
53.16980096466162
55.36370282379504
55.478921305836785
55.537793757733894
55.40933825117486
56.48992536430856
57.36271950236614
56.94974778882845
56.50245810913671
56.97581342055357
57.76980375786266
59.213180510418084
59.265404934880266
59.951040701343814
61.922007343838445
62.88373987837315
63.65190838806518
65.49546552567921
65.89420127498012
65.38577956434551
65.24247656234827
65.06859112006325
64.02350146940655
63.973570696223845
62.72051229045183
62.74647932125026
61.79097959735717
61.22398933065223
61.396553882499816
60.59247550315802
59.74354055615523
60.528504934161425
59.949202087269725
59.23610355837347
59.22662044097466
59.32526115639958
59.245675487376296
58.547944848834454
57.25824907344284
57.108315965330604
54.61486325879177
53.74329511769121
53.139891320182414
51.79867726228784
52.08313875855567
54.83356336166984
59.504050304041115
65.56632859127721
68.47246377876252
75.48192045077859
78.82305301707233
80.9963542947542
84.6867152356156
88.13356288124848
91.36365699793502
93.81613063136379
95.03294709168756
98.66662015089962
102.77344424851192
108.32025207567348
111.24046431001815
117.39966439326477
123.17437560895297
129.19942997125517
138.46271234556417
145.64782559684738
149.47844837114692
151.2374873275327
151.0065288262653
150.50534244727265
147.90054555962956
145.4849884485254
143.0496187214044
140.269865330787
139.84789927584436
140.8990281504163
140.65279296884952
139.963890293941
139.80492752096177
139.5128957542581
138.78339330078418
138.80991784657905
136.98761385392515
131.0647895067235
126.11010239438068
119.30738792556133
113.34153517234466
109.81234303754962
101.77489368808867
96.9652981699964
93.00588305236913
91.2623853901006
92.11963627170284
93.45868093430447
95.64987952976912
97.96526830178132
99.38668399189612
102.90271675214899
104.80135958265467
105.04045926562677
105.68683589175288
106.20349850659863
107.03765662744425
107.03179636722886
107.311829821895
108.61920183250976
107.393092976697
108.72274337138175
107.60808429270637
108.84641467828614
109.25801510998114
107.96891449259422
108.81375125346261
108.45216317017473
108.80609840544105
109.29676349819874
109.21569765542286
110.14534136503778
111.40722775730997
115.31965889064513
117.64830212451633
120.04198560487066
123.48608221386628
126.22736309577027
129.2770335851124
132.01395593695287
134.1257446858744
135.00368855418256
134.64071563118603
134.63518605627
133.8290770540617
132.8600208448724
133.03168585603146
130.3655989185949
130.88779493534133
130.97427069838372
129.58619414091055
129.83087634654498
128.9771442767407
128.01641897191473
128.4895738844058
130.51256103826185
133.38068138429554
138.9131731746749
142.82526591900177
146.84263138743677
152.26655353013695
155.5622410490151
161.63939094348186
165.76325977642037
168.61191931394174
170.21837121958745
168.46562009812888
168.61958241259634
166.62068871325752
165.04611428561844
162.72838101186622
162.09029378023735
161.35078235014484
161.02023316294375
160.10915336510482
160.86586957434332
159.91035474557708
159.59610766835667
159.7609186159433
158.50321976218726
158.82236889731786
158.30499009147482
157.4773211290265
155.44185696728601
154.52381544251398
154.61097358188877
154.83466823279943
154.52707064073323
152.5450503611339
153.22060651694702
152.47386821472824
151.9694469330812
150.83107408745246
147.38888105363435
146.8431269893448
143.92254214657274
141.2325949000327
139.37151598406388
135.0116218498322
131.65796614774808
130.46176712018234
129.2947883176914
128.34256562067455
131.24594298654202
136.10860007275627
141.4954365189166
145.1330242062066
151.8339898308317
154.8194571566845
159.2998031066197
166.1887721826765
170.16958965601324
172.81973904214632
175.19455777364874
174.22699452465108
172.51997903373123
168.75973624513273
164.08884484470747
160.87997207620475
156.17559521676617
153.4477723428585
150.53883518596882
147.6182135472927
147.23362550331967
144.00354507348717
143.498780033687
142.54632199027742
142.18948089936734
140.97715466522263
139.62174229103778
138.42855118399717
136.45828046818144
135.20763868211577
131.2896772254596
129.72097360000984
127.87164530324607
127.02576240128079
126.31298690951643
125.69054429162485
125.26669366610857
124.59288904292139
123.8920340293272
123.59341489295012
122.40993397811373
120.82893083460522
120.62337085719807
116.00302407354306
114.07817132822309
114.63566363052729
113.23525651705432
113.25222053127177
114.78987939473139
117.52338036699237
121.12647695222499
123.84651879712996
128.07119847071087
130.63555716433362
134.41016002112832
138.2657510712538
141.3939037672376
144.46987468814018
145.42086620350005
144.48623894978397
143.12060822080704
137.40282242312367
133.39377450541008
129.9972765774117
124.32489802961622
121.00563545336053
117.37020739830693
112.55271813422173
109.66006829126518
106.71913747867083
106.15279590046043
106.18279612629075
105.59194086181435
106.53921387648553
105.71998629991731
107.0490795854595
