5
2
d
6.036850719525967
6.3592628898987
6.348675808777255
6.097206398361609
5.831623322281264
5.775410600008746
5.251684846801357
6.6108843899557534
5.602495466355009
4.927070165857889
4.124426117934478
3.6304267465211035
3.4914310717692683
1.9738972350562942
1.6033004821413805
1.4748667860157716
0.9237141919544988
0.20690906675366058
0.1732486941739178
0.5753657419221649
0.9176217659746051
1.2189769529872239
4.764932727971799
6.047207148992187
8.566699375604298
11.018431500395137
13.438046397994537
16.417397442078705
18.388930520111515
21.31503626334111
20.540360695132875
20.840895362232494
19.640493564842323
17.10780228272863
14.422497750242922
11.900914393955315
8.026933052167552
6.422884726056438
3.3257306675356064
0.5244307897298507
0.0
0.0
0.5309657924907624
0.6627337215470455
0.05716473792632478
0.012388105597893967
0.5059579021240439
0.0
0.2858374888847235
1.6332255199527355
2.175618961610983
2.3093712397247774
2.314276739171565
1.740001048650385
1.9104525040434461
1.825599751002064
2.804091995428867
3.941520980788161
6.950730217433107
8.071740762701001
11.96923887711822
12.656639711656979
12.960443582433086
14.888246059125562
15.024670337458701
16.41365470487818
16.933133385885643
19.797673633660743
22.174653089559047
26.152569110248237
34.27771806071231
38.0595718482167
43.02902983427823
49.84890342626649
57.69818712696858
66.83059471722518
75.68252795574868
81.34218991178608
81.88796030773618
82.35201026115635
77.55813150841226
70.32662099996719
59.06967960044276
51.440460519043796
42.47233937421104
36.14921665911794
30.179552455850093
19.25760892024946
13.372882904975405
6.226509099943355
5.906460156173034
6.372409740275632
7.756368158388033
12.015560225865814
15.846775746622672
19.481036366803536
22.458258362607218
24.683553988603066
25.98957966713273
28.734133090555616
31.543100050272585
32.10240422933478
32.28119266980778
32.809450557809036
31.78077892103333
31.665592200856636
30.128894143620595
30.65970392720865
30.964035810268633
29.271564012560923
28.69354362917418
26.490705169237934
25.710359413269003
22.19058511080441
21.497419091699033
21.358693881416833
28.235646229379817
37.60810987667016
51.48820516285286
59.67162307750256
71.77284513158601
84.57453516506479
95.90677147685912
109.91359082517482
116.70112107889246
118.38424421192556
120.33307210315178
121.6446943332449
123.55904297343862
124.97773141993189
125.39350475904773
126.54604302693383
127.76989784491231
132.03229116923103
136.51646398228118
142.69851119262879
147.9379120845185
152.10015091537085
151.96365372924902
153.41256932740586
149.09750770776338
142.66704631984533
133.3355459007781
126.39357660612622
119.07991934453167
111.4382481467408
105.93076088056627
97.30449808865811
92.24095424203406
89.1760960254045
88.34767815776449
87.35619989689567
86.50902836545553
85.75375937708736
83.45663629627956
82.46538882649926
80.40316930832634
77.54474669655207
74.88352120053362
70.84966758838961
68.51761621389849
67.73824453076062
66.4681597447596
65.22346253200766
64.68596855097783
63.261760106511616
62.37444821218836
61.41262171946917
59.91017349001384
59.201117391485546
56.2334403450622
51.11948693466437
48.52790028728679
46.03532017974062
44.4762407735383
44.88478585982345
49.15886611923876
54.94946263442213
61.12463719896225
66.47511800595038
73.14156252291441
78.60552047526494
83.86461892320307
93.1826241565308
99.98246226862481
105.56503183448056
106.98712746695337
107.91025835430271
102.18875054962935
92.61727620425641
80.60008496890383
70.43892418545225
59.93799822374354
51.205929179156925
43.82097360016824
32.10758506962366
21.70694232944189
13.833165109164625
12.482809168867599
12.860169819515308
16.796024763420284
22.384999526244254
30.28494914576607
36.17178118108647
41.93422354427481
47.02577623871605
49.96292273511784
57.04514540992556
60.93733648090483
64.26130739879305
66.01065086662912
65.13790765889391
63.50046254884388
59.235111129722526
53.79932758766844
50.67002069844302
44.77518919569338
41.402739280535165
36.62529805492454
31.294152293400433
24.98091524021584
21.65557012713329
20.577009385612108
20.374369543643414
27.999418894400833
36.68902983869557
52.48985969611676
62.561976348180295
73.48113276019664
84.9805496264945
94.94075197867299
110.01466681564271
122.56148718847908
130.69943402528568
133.05005764497125
132.50989008200924
129.1101458072376
121.99441253428402
114.62129336069106
108.61165765088552
101.67784489112604
99.16257298403498
98.0844399232398
96.00963524969688
94.01463069417998
91.25511026880439
90.18413820605339
87.90527289921249
82.50255924011134
77.25090063420441
67.19927615388676
60.4663136021724
51.511907264667286
41.46413684268546
32.83584405438211
19.416186023990953
9.440179706214229
2.425370423249337
0.5868399332822952
0.45895758623150273
2.0734203434499143
4.909973612388334
8.054910163031911
10.64974948398333
13.41922558054756
15.120027902769282
13.553583895825232
14.21894992154119
13.522442380315107
14.166297949894817
14.76234657010723
13.734801071896316
13.976168326400417
13.558732465474865
14.158806982940666
14.746977730152492
15.4250690511016
15.70889900564791
16.470720249398493
17.144215920474444
16.092014892563412
16.904194194007403
17.00547427115131
17.30953755500207
16.74613070874912
17.147857873330146
17.09702979613812
17.42093178104611
