11
8
d
181.27006048493163
181.05830227632578
180.97845725070445
180.91112295219293
181.15284306144704
181.84286746288194
181.8191723029384
181.98489011426798
178.6025487533774
174.46047244160405
167.31447443124327
162.84377367692332
157.9894204500732
150.56792199030482
146.17668976249252
138.49874250885193
134.3511358895807
133.02150972993434
132.5051292992595
131.28437340257202
129.3068643638615
129.95472373242094
128.70689090892716
127.71992792226038
127.50365049693403
124.57847815275547
122.29964701199343
120.88509950323677
119.13482235822786
116.73660906921836
117.12438438297052
115.01272632398273
113.65703906005372
113.25432061131882
111.38370474039135
110.39359802660508
108.67935400998245
105.94461723015773
102.7604857829682
100.12716755625306
97.70327302795513
95.97111913152676
93.79611243501475
94.94922856841568
95.42827835043246
96.91897977341971
98.58024137733324
98.79142254603683
100.30262976680986
100.1518976925281
101.53554040288834
102.70027626946761
102.91591831952266
103.7411549180961
102.8584853693652
103.56178255346018
104.72718351434517
105.49604606908105
106.52194746942665
107.24834729854163
108.05627959756701
109.15477182921445
110.08611648598634
110.86678084378237
111.73142011073546
112.18877035462637
112.64167596566963
112.78602648613257
115.16121227562724
115.57389037577867
118.80730841310154
120.54319087453356
121.67969663270131
123.67780067902916
125.89735408922695
127.12366001109643
128.58946309117286
130.75077950205477
131.75460522370145
132.3613625902039
135.67220328408914
137.81678962883882
141.0761087269445
144.6156314474356
148.62209254855674
151.7988950553444
154.54847782473666
158.7273466351281
162.48899796880872
164.61907063174013
166.34268266319586
168.47206446458807
171.34162957440893
173.2121757114452
176.70128090610564
179.7079798060637
183.35760306501788
187.97935467852446
191.57868524761258
197.35458949860342
201.61077411837968
204.2351760163324
205.13118283778934
206.3751864589249
208.28568327214404
210.63326282186458
212.30034719335308
213.87338122928836
215.8311178373121
220.60131212563022
224.87002605324528
229.87415796743178
231.6978859473046
232.5424174988971
232.9885102214804
233.57145279306243
234.28713293915993
234.82653700627847
233.90604008030417
234.81980428254047
234.88294019003766
236.44532763052436
236.718028119134
239.3620269834955
240.38718424395202
242.7725339337203
242.70448554180365
241.51676519436816
241.42019930576822
240.7915679885017
239.41827448598448
238.9476390826832
238.31047461650058
236.4120847654315
236.153604478913
233.73513784117065
234.4677998526628
232.10165245844584
233.06021103361917
232.9393638546587
233.90665223067575
235.22232977572136
238.13511821598593
239.28330103081242
242.16439492858237
243.61955696720318
245.95703510173794
248.7770632263387
250.46703201123665
251.26774052796767
251.73106937098885
251.77211567036443
250.59796240964718
250.70779422111593
250.3216107623601
249.55615473869028
248.93396872925197
248.78278244324974
249.32355290043722
249.28834501700382
250.54599032751426
250.2558127873884
249.63069588621863
249.92372210804706
248.8269129954439
248.61936219948137
247.75722424165974
247.66208707316332
246.64649456918028
246.04061975655048
245.02115296835154
245.00444201698966
245.71603946414683
244.2480087997019
244.6730466641125
243.91316078227584
243.64622828359623
241.77879028442464
242.7656045627517
240.81541079933245
240.2894283318272
237.77684779357725
236.82243802861208
235.56929106716728
234.4717233631247
234.25049180261337
234.18641266655982
233.96309119786375
233.5524411614917
233.68019527503654
233.1718232980874
232.36050658569465
232.34068152451502
231.1610510264627
231.8046264979549
231.03944734449092
231.47182467030132
230.62134670614998
229.31719879684863
230.31445220739602
229.14865941316575
228.8354547954405
228.02355305537313
228.112388970179
228.19763651935406
227.0977943082391
227.38557484648504
226.64391444857478
225.02366619819603
223.29371598649325
224.9067338667311
224.21261539100777
225.04680599905174
224.9340126256205
226.564358665485
226.6789283530469
228.13802754565674
228.9147288447025
229.23410781910908
230.00805022083583
231.12207594412277
230.0589005239843
230.4544777371418
230.68650790911872
231.85680585237782
230.05026689480988
230.432032557197
230.538921841542
230.6417234960547
230.19923090711265
229.31412208509303
229.72054341105792
229.5320962167325
228.3161643955158
228.44627934420183
228.6880218673913
230.20033676088693
232.25719630291636
234.76250088166458
236.78385934032846
239.97917159361802
243.1780877887644
245.08213898584683
250.94355384565
250.53598275229152
250.13314283055223
250.4209403838339
251.082176849913
250.61818446178708
251.53863061797983
251.7650033525525
251.06827021158867
250.69064055178174
251.9687660772921
252.63409846844962
254.23874814616266
254.2328270202263
254.72172383910515
255.68162137073853
255.97777204414263
254.83334899337936
253.86851067946347
251.22467981114872
250.6807988732161
249.36660358870253
247.9825203960062
248.3596914277545
247.67568136873572
247.01875103414486
245.13913480702388
244.66380739070055
244.83835742212528
242.1995607510882
240.51049467454655
236.42184010026665
234.14826479677825
230.5852373583275
227.13627517642348
223.52513416467846
219.0214392350423
216.01191127715987
213.02066930900966
212.42050092964132
213.2423929515164
212.6539667439442
213.43202296871402
211.8522729540918
213.39046149593761
