6
10
d
157.45224870587901
158.1338657881636
158.14833495375905
157.97537031729408
157.65123842981552
157.8088651353494
158.8028087307185
158.01749298266913
152.1976741444734
144.4282443485453
133.92887292537918
126.26983897833642
117.06762835582555
107.39873117346916
98.77933832926512
84.69437001167232
74.29457260681414
66.49987782092137
65.08993538594748
65.61353598189751
67.96707801285731
71.30209441684869
75.84715012415974
78.24325444322277
81.65499219947027
82.02927714416771
83.35382124776757
84.28665995324643
83.79105965551827
84.36833675815224
84.8533622109638
85.30270409152291
85.71521782453297
86.6120207341533
88.02176129963588
88.39234132197937
90.76565747081919
91.2640143850579
92.3718455083607
94.83943496107815
97.18837120860985
97.12546355852135
97.63023464130892
98.19780029945113
96.50031470775598
96.09655875512489
95.3286063343247
94.45329728049383
93.06381995025446
91.73041896904043
91.3836911313666
90.70055337473454
90.86034931029967
90.2639903663714
90.98904806508584
89.14990674517033
89.15466802063861
89.6985871042759
87.92429597952682
87.50152513067314
87.29800937977335
87.09358084423432
85.59168813323178
82.39167482240835
81.60391490410505
78.56549144976128
78.28139398156254
79.38820057397567
82.1754680977887
88.99144826475622
97.70863363983553
103.73200582471257
111.97940134723395
116.18893392910142
121.09760787165065
127.55224761735754
131.61806981107642
136.65897936491768
140.14238972515952
142.55130152031867
148.4242860208849
154.2320257159939
161.94273672978863
168.00791263269213
175.09858348167495
183.876759914523
193.72609439089004
206.72447906288008
216.49671754362188
223.34186593938182
226.21302542597692
226.68264603412862
223.46057811584956
220.4285412244579
215.86486955345748
212.50308340776363
209.02786937694785
208.57529906881973
208.75156472633685
208.9345884929307
209.14163116786597
208.73819800141618
209.06153232911234
208.77684786445676
206.0609176799111
204.44574965751366
196.89897264940322
189.1336988906062
176.68925757353065
169.63734751418036
162.37699670483255
152.09709484929127
145.18167751995145
138.3224787786793
136.7157615864164
137.086318601035
138.57721410180991
142.85653058517147
146.7979889445463
150.5243169176898
154.27845058379575
155.01729002324316
156.5534101931397
158.19280287763576
158.64762246500064
159.05561794367503
159.83038035763047
160.8630403353054
160.73254364543658
160.69359321061498
160.84812136570756
160.6066902506499
161.2706931220349
161.8441637029709
161.81365247912115
162.37962024326114
161.70088815372839
162.68009890795219
162.54761467326318
162.7739760369059
164.89207875801168
165.34452033241786
171.8618962382712
174.570625012042
180.13382339457857
183.00415212849268
187.38170516980855
193.53775621143137
198.39196846822074
200.14407882001666
200.69671885071278
201.34213729263777
200.69754531135513
199.5691672947709
199.46678203570417
197.54958213377253
197.0365673480091
195.9142183994706
194.0075872413229
195.1721780103371
192.56346014981224
191.79613020790444
191.4701503632484
191.45650890595743
194.32293852389535
200.30615263094418
208.12812345054462
213.98753841827713
220.9280134922556
226.57609156507897
232.20636998115677
241.1330780843346
247.28143061706982
251.67053148236238
251.67758105350927
252.14344504936443
251.43251218796198
248.82865701692035
246.56411349084638
243.02265686244735
241.5316025809676
241.38994369186187
239.7636420690236
239.74458882475523
238.67684186435187
239.40501407527606
238.6774769552665
237.8603811121085
237.59670433970712
237.37832061114895
235.21066087467025
234.8784760708859
233.12669416667694
232.07275372673817
230.19944941149765
231.230520173849
230.16329378681496
228.6013538465984
228.7271894700855
226.95951768522463
225.58018659546346
223.22791043724672
220.12933459508983
217.34719612908594
214.6424136456109
211.78552936088568
207.09009424290383
202.10778526008892
196.3462563966321
193.0656768040291
191.89191432921342
192.17651115536668
195.52896347184006
201.66475837057916
210.82429432031472
218.5055145468316
225.2382388427069
230.64447502318055
236.22008988162372
246.6676345208812
253.56577234907434
259.7555156172842
259.9649523506533
260.7010087826116
256.7470934001005
251.85298623221036
244.57553899206593
239.9494028654849
233.21440007806385
229.44587171182073
225.72499158165755
221.5838428544053
219.14146392568227
216.15398743576142
214.66144108717708
213.57897769048043
212.41509530655318
210.40875303344586
207.06171652968973
206.88650346415744
203.91737704844533
200.05002843809908
198.42428917850867
193.75693628338536
189.6994670320964
188.4139303656091
187.87146983981629
187.2395771495156
186.51062660196905
185.15671392089195
184.79277270353577
183.95715878846303
182.06160940138506
180.99339238982978
178.3638897995705
175.5976433830907
170.96174491647747
169.23272644627386
169.03756331215214
169.40291541517186
171.3436987693184
176.33518723895477
181.41115519644583
185.69081303180718
191.30724373571672
194.71156261559383
199.4455458349231
206.49350023685477
211.22963195411648
215.38689501747862
217.25193600855695
217.5840631202033
213.22900870620612
207.56248266138903
199.5811583495121
192.38540816301557
184.87745275711637
180.3421569467833
175.70056311341318
169.1122400938511
163.79691110708046
160.3197548447672
158.8086270751401
158.88046023593617
159.8888709072234
159.68579311492945
159.68319274402702
159.08639498294576
