1
7
b
28.278106208288058
28.337237078086957
27.96434401635014
27.309535551995495
27.77160185762331
27.953520140685352
27.931374642269738
28.169292897801245
28.84518186406862
27.391319831678295
28.000452329162556
28.260330890794318
26.260769770235747
24.838403497630043
25.6182971962727
24.485087930096334
24.475113571505265
23.45024726847876
23.80379147901524
24.32714575029757
23.622910134605117
24.246606803562944
25.97125559401277
26.00386651575902
26.468946229860425
26.913338836014432
27.406611185146044
27.502298354539235
29.522574433250462
30.519778875725706
29.453377950361727
30.574403769089155
28.92632387817069
27.97296965903362
24.498654459941513
22.34843170697094
20.091090292409355
18.35150560653018
16.60328694903201
12.726908627121372
10.995859062507934
8.474220706708278
9.505058137318981
9.123763638814577
9.212994315831375
10.83083243094922
12.900481421240276
13.67033394203292
15.724181391151097
16.13569492651463
15.942393944698779
16.456780639268825
16.45150876632978
16.857743108570237
16.59002888556417
19.174969200820186
18.932266465665048
21.46545810693588
26.888893541731814
31.10439666000583
37.6690326005562
41.626654121618316
45.99817341965663
53.78431201643104
56.806223534262145
62.29542554610021
62.26626585810564
62.82357325050817
60.77526023945129
60.60551384925817
59.284607135024245
57.13419966770639
55.19530409062944
56.133291527920804
56.13383405838806
54.32969255504535
54.51538961556881
53.02252481549414
53.87396930463238
54.200442849570926
56.43445215386944
58.3851144703069
61.682877676830714
65.4018439097955
67.78214775332731
71.07273107901324
73.46250312190764
76.72502225269531
79.6094409332337
82.56244998926813
81.70472160216227
83.43811128287642
84.13097031271376
87.53223901561577
88.47316347887119
89.26149695645732
91.4741606705267
94.18335653060194
97.66791980927592
101.48088162126204
104.72502696481413
108.4417280027644
109.27369424786245
109.33185022431883
106.15969577015854
102.44817757804104
95.55408118628365
91.73660972971102
87.13280407128316
83.09792811510624
79.15777255904956
72.81337606707957
67.87394034087568
64.35163545948028
63.058698632717345
63.2355374639492
65.86735691296627
70.6522406715536
76.42443483766496
81.01178856334451
84.17771769666749
88.59514089064815
92.86381394366737
96.62646875344593
100.82783208445899
103.38915542073416
104.40446198527748
104.15400246765375
104.11606568438889
102.56923514754403
100.37036535132711
99.94954379981553
99.23030240232815
98.6934624177083
99.37833077638886
99.18908699566403
100.07203265601524
99.37435786282255
99.72010817226939
99.87035190848759
99.0685499503646
98.90302413737193
97.39688552204528
96.75122539726885
96.44293457304437
94.87175229490654
92.9613743040459
92.367846711566
89.64703877607495
89.10124997053603
89.05738194428044
87.90581889511711
91.52435343724264
94.73431293632412
101.08889157945684
105.3193640411505
112.23977726299131
116.44113503234018
120.96998282454922
129.1782037119619
134.6159341079644
139.75393075445047
141.1429941924714
141.37254402641676
136.45463813384322
131.40748032513474
124.98537683253464
116.84227412719916
110.80189118141928
105.78386881046202
99.83025032082686
92.84520921912136
87.14579124655752
83.30974599329514
82.69192438790613
81.82095490582819
83.74209609438454
85.5416523405704
89.58566429422879
92.63549303639195
94.05039752457324
96.8752919730298
96.24089279263742
99.64589239140929
100.33227090682246
100.70939690016792
101.28629880285993
101.6034589327621
99.62305984755307
99.36822487266615
97.83053809634644
95.98321056378313
94.25996608915881
92.70405439881549
90.706456733817
87.09783657596068
85.09793334930747
81.69856813928138
81.77607922055519
81.34228834517648
86.99324144605221
94.95269106134252
105.60342025270184
114.62027429020698
124.12813705676484
132.42828864785346
142.26658140915492
155.7223219132559
165.41800707300402
175.4610103852989
177.1841589994832
177.92387151487884
169.46617497125496
160.36040364918307
145.83597437151673
135.4234602190696
122.5424135436153
113.71051809453381
103.69190851379571
89.18265994071902
78.49860484368541
70.70133584308492
69.01415099620917
67.28214217520019
73.79091679962362
84.4762461996549
98.12121903434506
107.48497825718931
119.01962496933756
127.82136032126319
136.83656680414805
148.08660809230506
159.6252765976981
165.93245077814657
168.75439406909308
168.35490695186584
163.48489416790642
155.0899842221712
144.0069796795729
135.6543433951412
124.59843795349346
118.35496921890984
113.42039216777209
105.90487917695275
100.82402096529938
95.5824944866074
93.93277570621676
93.46284263004867
90.16221219633245
87.5226966461831
86.17696924155946
83.62038244466754
80.27252206819834
75.2069968827229
71.01396155595083
64.58823385999023
57.65866337557448
54.131129615023
53.38747772005865
53.19171973571494
54.94055376465298
59.6605206298047
65.44788633244245
68.69514933290331
71.98934407214172
76.6467523587874
79.00598013959888
83.92202839222685
85.68148457963363
88.27035974150104
90.21868319996773
89.52695015280592
86.82555216884955
86.05808603388566
80.11828571743297
78.62205594252347
73.78434082068961
72.26934425399139
70.46135225694849
67.38192131808466
64.78159698247582
62.9119562780078
62.50952228693867
63.37242943771509
62.07918535869416
63.073391644342514
62.25558261946924
63.99377123329152
