9
7
c
40.86290428724107
41.20732613906933
41.793232361571064
40.983507053991666
41.11878712004905
40.822218082001896
41.214890703412756
41.19065317835326
39.64154835237815
36.07759768187982
31.904893188918155
28.80158783011073
25.225043575550924
21.832568063974882
18.5225513397645
13.416735164977387
8.65468932682761
6.324863432972417
5.274398345199348
4.889433358001237
5.595449765978854
6.541649908020757
7.937575528498537
9.309055649731787
10.843570093484157
11.283047239522144
10.579419894052801
9.644459207221425
9.612337207671146
10.135845547587198
9.255514065614928
9.847276327125421
10.477595279225788
11.12589661358585
12.401888521422944
12.89559483052616
15.047577600796306
15.668057948512443
16.052104411858156
18.37201211665036
19.215018011764382
19.907736490664874
19.906411213793348
21.14963142254122
19.251299732589253
19.43157851978786
17.695371332620383
18.383920233766304
16.860616294316678
17.32439868643311
14.953937852277836
14.8222135250632
13.177790213820968
12.129555398585053
11.57631592803397
12.296041014969331
15.038172419695819
18.42912825649857
25.2605891788389
28.542254983293255
35.404212759811266
41.594887507713516
46.68585513274229
55.16588378969935
55.328416958948715
55.798205427320454
56.22444068010636
56.23825688379118
57.644387266749916
56.42359434627033
56.714572320913
56.82759321166841
56.54496137509493
56.836457119803924
58.74936206701393
59.280456554929565
60.08625975233133
60.927129635257344
60.89229099858697
60.6490139379472
62.65423565449904
65.80361197612106
66.9863886253162
67.85609988540303
70.11626451702325
72.32654171649173
74.20140443644883
77.28640929616681
80.49365433184771
82.77888714931147
82.72848392403618
82.58602095260392
81.25482047942548
81.60682075337725
80.51169007570522
80.19103411219287
79.08108096563107
79.27438728494789
78.53535530263869
78.9893994849121
79.17919739376744
79.26626361579044
78.82838563011614
78.61242971315389
78.50852282322178
80.38979963220552
81.65034559667514
83.40644322542887
84.77470030219958
86.53200153338777
87.86486032436495
89.11032394629359
91.86806695041251
93.15224219623013
93.01197446633306
92.73297458943594
92.55105874785639
90.3155727114162
87.74305146658085
87.15009622096585
84.00253390388309
83.15665371678789
81.59564067167814
79.60405092637177
78.17080591555536
75.62425439098857
76.2762754154538
76.04205186697575
77.7323968383318
80.5058156142254
83.0243136200461
84.96855687704921
87.70541580117103
90.41490516204126
94.05171632996174
96.3210531585556
96.26952904224498
97.48404669368568
97.14832252487216
96.16050953416084
96.57067724986612
96.10170281373397
97.54976422121264
97.15290143555661
97.09995268882703
96.49616789636917
97.01884280489276
97.12497258396482
95.91545361783514
96.59584981349084
98.04294731376922
97.45514222208232
97.48922395099049
98.71516670202702
101.98589125332596
105.04875971546005
107.19604112887605
110.34676664120315
111.74183774347122
115.18077463362928
117.53007067090965
118.48883325758143
117.89325686520934
119.3301623117392
118.383744903691
119.89313911198194
120.35930280397143
120.45028539792958
120.7664836427223
121.05998122941129
121.7406717156417
122.90608523945426
123.53573733541961
122.93447273823358
124.3164948309185
124.24289131551352
126.72607843387254
127.58663180601748
129.32529057333744
130.90289204374506
132.89304454880832
134.2055611581753
135.07917266413028
139.2534861430929
141.67689666973325
142.88137823861928
143.19609015291508
143.1583300526511
142.23688609231067
143.22621667019715
140.74582586328083
140.30132244723328
138.7598166572471
138.41695775664653
138.3028150851303
137.55031916404494
138.80452242329994
137.1324464841401
136.8543648494539
137.31241062074895
136.6500099158875
137.26235671250984
137.3292588148899
136.98511739584418
138.1169190211069
137.66346254690484
138.57259129775196
137.7790720133145
138.39756079712083
139.5170677208391
139.8114274662594
138.94657041429264
138.36679927042798
136.9273898309337
135.57360896943896
134.86501906902407
132.80215089563703
130.9173240933203
131.13563406860314
131.37131510936578
130.24855577643874
129.12425196220462
128.5959488701793
128.01814990153323
125.30513721925749
122.82065702558306
117.61674097353381
113.9305900851867
109.0107911069272
101.9075774616203
96.56219142931334
90.21503645497113
86.98650824163863
86.3132232165401
87.27136854406005
86.8133288479459
85.63109471964596
85.30747522386477
85.45696861801915
85.51899096745608
84.64668583864508
83.72597579992984
82.28701433225316
79.54465712702518
78.23252257433761
76.66804376396233
77.60914123626608
76.7275901983686
77.90285922464004
78.44311096799825
79.78137324267412
80.5688588212978
82.78245847348263
83.0738135637582
83.3882763479877
84.54118940414182
85.8016541376056
87.09770982780539
86.51170169521897
86.33610623183978
85.98136716029443
84.17753881554215
82.28700054125277
80.1799702226514
78.48280282026492
78.42804872901831
77.11167001277403
74.41078577840966
73.40145143135246
73.94569430748844
73.34135659169971
72.8362612409859
74.0568775660808
72.73841005405048
72.46620260567728
71.78059044856397
72.437061079142
71.37348741217409
70.15555420458232
68.55336029418488
68.55909406654277
69.05554286862622
68.07180481751806
68.14767591565175
67.75527285102503
67.4734931664911
66.93951631209345
68.03837830533267
