10
7
e
13.21125100392869
14.056415093422896
13.377187740127507
13.24472297317475
13.891216881796204
13.045631123957273
13.572747113270218
14.11579572243666
13.48913933179025
11.915471893151405
10.298793214327068
8.380156703515322
7.139267493998033
4.5443831642659305
2.989863766352402
0.47188738484264925
0.38471598758074543
0.4514802735988611
0.10761706178153682
0.0
0.190812010669092
3.5808101281140785
10.372434719131588
14.421693438847713
19.71854802099064
26.048173081724073
30.34133073537679
37.224999429163596
42.342122357344856
47.48115830829448
47.95535084181062
47.86680086091193
44.381437691415194
39.918952545686736
32.25634611036325
27.253655150834657
18.159640349400632
13.573118178271457
9.619863722209166
2.4925049835175423
0.0
0.0
0.2854666748775867
0.0
0.0
0.0
0.0
0.09907883680311111
1.3965549358694191
4.012423125042693
3.6571071048166788
3.7941179867194137
3.1580682170321266
4.527030244601508
4.701363240499095
5.135691835531402
6.838191212019369
9.202366556812768
15.766057884545855
19.299966428524
25.19884438383062
29.132805268348143
30.51137525622773
33.1670161410775
35.58138931476823
39.020092672892986
40.92219293243085
44.04685025888309
51.30063558573619
60.91273827284428
75.89820656352133
87.6705879015194
101.60115085370855
115.75056309651137
131.74684109519703
155.0252557544366
173.42788153331662
186.92338105110255
191.20221134713904
190.9145185005429
179.50050865587428
162.40012093092037
137.58068479215794
119.56472906873351
97.35030330181934
83.3776465557092
68.81005194650372
45.86864939274243
27.618033773977274
16.40846584278045
14.508973773512853
13.563681124283873
18.200069168039267
26.366901114316498
36.438136700934535
44.77193955641373
53.651407389723666
57.537103784559626
61.81290689689387
66.44822151209408
70.4142435517086
75.7070822480009
75.42897074849422
75.38422898622856
73.86594759484792
73.78772556990742
72.84981999493054
71.22993079648025
69.53160762487695
68.61348737623123
64.91118504362476
61.00064198996934
55.817443435801685
53.35795250816896
51.38558719651581
50.299893925569485
65.91441847837085
86.17010035506617
118.25879556935945
139.6827103832119
165.20666231961047
196.75772709144496
221.17131845854897
253.57085988471158
268.7124965753625
276.16657086235654
279.2973365113598
282.29837808645794
284.5578039717733
286.1996554522827
289.01832966722594
291.4299770817568
294.6966332045238
304.0636369205194
315.2201884458039
330.1909112272194
342.1352535369695
350.93293072966486
353.38131278257396
353.1289447090993
343.8490125566235
328.9645024582301
307.74750008900537
291.6209029292079
272.70327777054285
255.55157131017353
242.08537143600444
225.9619018789513
211.8362104879433
208.04944823280704
205.01571301886014
203.35496511854763
199.5693937003923
196.13164130861628
192.9980315955229
191.46019424044565
187.29372753119432
179.92687241562777
172.65676113836244
165.0510445123994
159.5737717665876
154.8651679374159
153.03065301918048
151.79396348773938
149.2096218551365
147.07738298684464
144.73266523728665
142.09020865315554
140.84037889184177
134.50095091226748
129.0881093231452
118.7798797506734
112.84069384120389
105.8858099654792
104.49124058413605
104.12969047715113
112.58074396957066
124.52420475523951
141.47578745994417
152.70951298033398
168.19519547799132
181.08735038544492
194.83293983252517
216.32472913531723
231.30792827656728
244.32165704269858
248.08273527438521
247.40970748238286
233.8886622864254
214.24083964317717
185.3040836554685
164.37456774913124
139.1486248311493
119.82018605749587
99.99448067933554
72.50140362908127
50.27545657240814
33.94827961981825
29.353710076531183
30.56700075511267
38.14144000208786
51.15854937171618
68.97441314954749
83.14170990213717
98.38591047283388
107.49371955288335
116.63942123705243
130.2701619094313
141.16548682596706
150.05751926570787
151.20870915331048
151.6434565448285
146.73228796332242
136.77811040396887
123.16867129289975
114.77157915181806
105.90993135686028
97.08799999401359
86.89970763113764
72.27237678907683
60.175460618550545
50.02393989041834
46.648509763858115
48.05652907923516
62.42249110243639
85.82223629247876
119.30242855366582
142.76852564122888
171.1216512925519
196.16887016162894
219.42075200972565
254.9655098541278
281.1839753974233
302.2404238338147
306.4629654566942
307.28189419942265
297.76963868381904
285.1628185492108
265.9413289097588
250.33672992830083
235.06332293164158
228.65746665329485
225.10377885412848
222.147688880108
216.8463360495305
210.43043826197027
206.79825076464215
203.40434954924706
190.57166878752625
175.7652017509231
153.84166259663132
138.55827602184897
118.22663243968621
95.8646607646448
75.54616310418193
43.216089049607035
21.70010001674395
5.595934456312004
2.138370978407365
2.446768537070113
5.5136982107509525
11.112570055645074
18.69018371842459
25.67701487842873
32.169038211195556
32.6233804095114
32.03880485880534
30.597631113725008
31.374928861425776
31.241693111046327
30.68822929336381
30.683081300651395
32.37916893520777
32.39996345584931
33.70686285485674
34.21679079243526
35.20531036453586
36.02366672415016
35.76362415540623
37.33454019834843
37.986062743425734
39.222915142555856
38.9685318262449
39.34568366239535
38.46998014126505
39.059170331733846
38.612643392909334
39.2521319437605
