3
10
e
82.65011583517274
83.00658619095886
82.94972770054777
82.08983234442817
83.00244431129258
82.31710536472089
83.72813210225422
82.52599950629042
79.7516392707793
75.36071015916772
69.82786950184709
64.21419763824505
58.03567905824223
48.98341060774219
41.78643134020688
34.39598848164885
31.982138529194188
32.58313973849515
32.79370362123995
32.214224653080386
33.77562954026892
33.13579600407067
33.141034300295445
32.78417129739074
32.10766782326123
31.777294813329295
31.040749065374904
30.52684775095328
28.810922966724668
28.055408224321997
27.85649959123215
28.367814424227795
27.55628599120995
28.968691066493957
28.678652008222947
28.50670958861106
29.005806184710575
29.065068659481298
29.86080184438874
29.682335734358055
30.096254986902856
31.01657973195161
31.209499315919892
30.769779493840513
28.839445937507442
27.874113344008073
23.437843561511823
22.743439844802708
19.150531761146333
17.818177575618293
15.053302612715305
11.181254671276443
9.084101701940302
5.721369092821368
5.560951912944242
5.909320036747701
7.72001917849494
10.490596192229575
14.704576583227476
18.421872261892766
21.969819759756884
24.213794520737416
27.397613421795263
30.908686284793223
33.93522474033486
36.28363409039202
36.72845768076483
38.11876817908459
36.43015576722205
35.16686669554978
34.07359821375826
32.48458958573536
31.19599435666301
30.33173908063222
29.498128513666792
28.528613091431826
28.73053450640259
27.98927660439559
28.681716740317793
27.423673884936132
28.277884839798
29.560434393017292
30.925956609078458
31.301152276933475
32.8212964376671
33.2969042141408
33.807061094719636
34.802914697332156
35.71244429961136
36.12167150019804
36.35582879538407
36.79854901785257
37.63519016323149
39.22111870647747
41.557143118325556
44.01582940382305
45.158200853322406
48.37811811748563
50.333334285810714
53.67694523571481
55.605759799675894
57.975657120600935
60.111167561835686
57.46916252674517
58.26278656122062
55.976724713219994
54.13706102989965
52.77882188767939
50.896285568401304
50.513491002745475
48.81559982997828
47.17967581003082
47.36699829584236
45.46330191287264
45.67726074385552
47.05070983025897
45.38014925125349
46.21064574171795
48.16988746076913
47.8904571848516
48.22789249465483
49.31360871462333
49.466785354633494
49.090351709061544
49.99550796592054
50.1272055498654
50.852564541961144
50.214492923464796
51.81817705936873
53.24162579741046
56.779754767662325
61.020947356259754
64.91348900245501
69.80318341242842
74.4334612328444
77.8874517198053
81.80649385869839
82.2044029114082
83.32747851850418
83.3227665685132
84.32264848346085
85.19066352318062
86.1981474645546
85.62784911919996
88.6101617343043
88.81799314386838
89.72329830262312
89.7811544585451
90.25654580904987
91.74325252805643
92.44269521320965
93.17761547680365
96.7022218620929
101.58319634628766
111.54948425512694
119.72915166434859
129.0499989418417
138.1599651325226
146.68811099896527
159.69828541566838
170.5610318799938
179.19975542438272
180.9810224146597
181.57896533588956
176.79705677886895
168.13991296157027
158.68381217794953
151.20801275776512
142.38429395413323
130.48603047132505
122.20926040353886
116.0078577943491
116.89475712828745
118.02395079409418
116.90206319967626
117.886429362019
118.29193663033901
117.98246953142092
118.82778674756328
118.78062208558161
118.40420334147638
118.24405631931349
117.05491908893927
115.65957848182065
114.56948574286697
112.60454362623003
112.95536580013463
112.81642453727405
115.10135517947282
120.09779363493631
124.71628292151291
129.77641071310265
135.1414187892577
139.93671891179983
143.52804604698733
148.48905282555853
150.4469823953447
154.5678588598933
156.13572664544245
157.64810880655682
159.81556544454222
162.74262399579592
164.64275279062304
166.3050757559908
169.53538336194018
174.27846728780457
179.0642227165359
185.9540068914406
192.8551291298737
196.6458635670449
198.04001028740493
198.48145510600307
192.78193376798836
184.46641700408276
173.33959297902652
164.70889508445376
154.14369052242085
147.23081759786416
140.35643311610116
130.7319639845592
124.54367556844325
120.26154521424809
118.89689566436074
117.18151434927978
114.5899404498169
112.71121716096035
108.44878189043001
106.91043938780133
103.57483704132517
98.94723055706297
94.47797335107401
86.88182731186699
81.49887250594344
77.48887209150953
77.11635898003514
76.91094945872679
78.10168115450102
78.32100938266233
81.50001483539653
83.69239307911886
86.46525630101476
87.0584219250247
87.46684698311618
87.84698908429756
88.05552556986592
89.62675708512036
90.88745861159941
90.80915385505367
88.02284782148676
86.25773996818317
84.12032136499006
80.40640832131285
78.34347647026661
75.76356189114159
73.59521472319484
71.70879754688934
70.50338493581872
68.54996888513196
67.80019697723021
67.3940406516283
66.42821812299583
66.49419230121686
65.02648896630254
65.46434102679022
64.00063787002676
61.50251223263322
60.25993914868334
59.14887391896239
57.26647991475295
55.26585939573703
54.69947492772024
54.93659077121172
56.249705232961325
58.09075262963778
61.37816572358364
64.00649546338553
68.40842426424136
69.63553054935812
71.8674748808894
74.61610087917579
76.62867278628515
78.77356346662845
78.1145239034708
77.5920398034901
78.871333035562
78.94801380096006
78.94974408519813
78.57590025951266
