3
6
a
39.8848626501458
40.0578208989579
39.92373388771293
40.038590110250546
40.09302204215822
40.05204766482625
39.09912142567605
40.514842687904995
39.68374708838278
39.91239676355525
36.82274381527889
37.56136878496603
37.76636883807064
36.33964972284824
35.48955199234935
34.87569822511309
34.63698445879296
34.22675124958383
33.890210601268166
33.906284240610965
34.40089379677383
35.571283068907555
34.47914506972443
36.12528031290711
37.540429419335965
38.57197371051689
39.67495385788597
40.94683229913391
42.13905342289713
42.6317000668793
41.769727344125606
42.07431720154922
41.06645397007597
38.16649698846746
34.77816064402526
32.84698714567678
28.834940771580563
25.955525195049873
22.573858679869694
19.410603235351534
15.748982877629803
12.733847976568338
12.994727632079762
13.169135483097865
15.040525578754323
14.790000558821648
18.091321490752662
19.495127405369324
21.94609032511301
22.719887106116026
23.11136404168518
22.412969630613155
23.121464486392732
24.088728103536692
25.158040308038103
25.74925620748063
26.601565647881056
30.32405579276989
38.129411025370835
44.48759185688906
51.784341893049685
59.64783765099411
65.64114916583125
74.7585893252854
82.47173167760378
87.38222001627919
88.29637833094895
89.12922326241163
87.62836970247581
85.89154490058232
83.54033354198577
81.19172933072163
79.0386078821707
77.95809441262826
78.66721682390258
77.38119899238927
77.69434454008513
76.47478103838294
74.70132485448917
75.20011688931228
78.36936008246963
82.18413982781533
87.49526913198105
91.7917863626555
97.01552081327061
101.70681948582123
104.61645940803945
108.80032375609848
112.76639432713252
115.99693394907831
117.51637406417686
118.27695362036731
120.27927873792129
122.73806316463943
124.82234845678052
128.46502645932836
130.30797417499954
134.52094347741007
138.9751647178791
144.84319171141166
150.08166587950606
153.88108314620655
154.47766449219714
154.5400686180767
150.73047269510366
144.06745912500304
137.656780284481
129.4375670168837
123.38399300799418
117.59764525314947
111.64788373729328
103.18792059435953
95.9522489882792
90.86593171172181
89.70378068540124
89.75949976883162
93.38115185456277
100.47489311801723
108.483654955284
113.82430781922614
120.29661425965168
126.38420828062375
130.4867639512964
137.71514131430976
143.4179919557661
147.00002020519793
147.28243871707798
147.2870317773197
146.83861932144634
145.30320305884848
143.77605392414816
142.88170365423238
140.87180286628964
139.61071499319416
140.4155328866884
142.14062913863998
142.16468444786722
141.37375676740874
141.8453254963111
141.57536206245322
140.87338793329687
139.46169595009007
138.72355074122575
137.66011298179515
136.49355843236555
134.27319230975212
132.11331162400492
130.35170982118547
127.82510602275657
125.72287665236554
125.17904426643054
125.1421092709433
129.8794789747051
135.1343545973283
144.90032649751515
151.5774336220954
158.56285535130067
165.09640888930113
171.5537627714275
183.02974660492907
192.30111155200288
198.27972491402525
199.14309438265047
200.50601104675178
194.8519025702956
186.4366392968346
174.93023971098913
166.12479511396864
156.4094214374406
149.06473187792386
141.64348769418777
132.48175421737682
123.34680810629033
117.64687724144113
116.6977904476842
116.48476406604999
118.69476650367567
122.49610343977433
126.24025624309897
131.5423726655103
134.61405863664692
135.84784711462265
137.50605470044349
140.87733150094394
141.73713748801015
144.10728035549116
144.88627132873683
145.05115088463305
142.47706978173852
140.67848677310104
138.86194763548357
136.5967255383597
133.899800870439
131.15920529400668
128.17202795498753
125.16398122870537
120.39282846190893
117.6395961790605
115.83818710212282
115.59469807883079
122.7027450955056
133.90771317794386
151.37642912629389
162.25176432969505
176.76145152908944
189.03057605129936
201.78622335473497
222.25482311138043
236.81000858660036
248.42652768352087
250.71635666975806
250.99619422998413
242.28568543626375
227.8674999281925
206.0504131877669
191.4310173158355
173.71667823205152
160.1853654632159
146.80272999434735
126.62494875651376
111.47389199256936
99.48275144413348
96.43324635535275
96.5626301061204
104.82001638191403
118.19684694921669
138.07959244311004
152.93939611583275
169.73093096041327
182.20570200777857
193.80610036493113
212.13195205599573
225.6559931403703
236.489080970803
239.85601282764912
239.56253270684368
231.3172275050893
220.18311986458212
204.4118888231074
191.5931778754203
177.77549081882978
168.04475082425833
160.64499944715263
149.5912115112083
142.68150874461872
135.28575882495386
135.0780161388646
131.86402792050905
128.1592554727263
125.56379270349234
122.19844449275014
118.50653378380905
113.50251971854459
107.5452140201062
100.3955744228667
90.27166561757272
83.16688726376087
77.07913019764591
75.63662060026004
75.96729780377291
78.06485873356127
85.03284178514376
92.8287285773484
96.95571163293764
102.59742768841203
106.6080481445163
111.5739018892451
118.18872256032897
121.98322170743843
126.13384161894811
125.88712248491697
126.60194701292346
124.4611991943468
120.49322358093424
114.28482328525445
110.78352167769579
105.925007272736
102.48670145300366
99.52655024027398
94.96910789333188
91.81194495720841
89.6498103329734
89.31502157945121
89.50136305479185
89.02277403006892
89.20487585778197
88.86121167329468
89.98902254735805
