7
1
c
72.85254283929976
72.90721654045782
72.85635037754902
72.20750064637522
73.06013863727914
72.98796419450353
73.25065730905015
72.87561401506184
70.14300590113127
66.0531488585315
61.16316748013593
56.21279166020707
51.83885479730564
42.21913130787045
37.06066894608844
30.354284523822486
29.189436361367907
29.330726043022143
29.22527013759811
29.108993810655036
28.945429443067074
30.11178403208446
28.811514385907
29.350717521125883
28.566276070591847
27.116915094551096
27.03840193741566
25.0998866772081
24.884169907810964
24.12920553196185
24.554410875473664
24.888309491866796
24.135513495961057
25.269910204252987
25.13978251578378
26.107695509641882
26.20227468349977
25.136670777838287
26.008469311240304
26.615790664307067
26.998087470105812
28.186497317266046
26.756271501875187
27.361582686597266
25.44316329630901
24.138422402675463
21.85086533742183
19.948684598500467
17.2404337685043
15.074373722909385
13.785399506203422
9.53970765644765
8.213159811789735
5.207776515243201
5.844487325203241
4.850906621188896
6.179496693174047
8.890683188676068
13.140919282232035
15.615771182119547
18.632940324172594
22.313385275963295
23.27717073071646
27.320791476624507
30.79122215701574
31.907260968059397
32.085056664602625
33.5625466320457
30.981587611032445
30.496987533027976
29.271601409825525
28.53293357521962
27.422513883486335
26.733247932787414
24.86781111646538
25.677134786270358
25.373714732269004
23.681699701684078
24.698490649857376
24.24289998088426
25.13438567824623
26.10293747819862
27.04853866054352
27.65500049550223
28.6820366447059
29.574824828501722
29.24461257220935
30.216796859052483
30.8008170107993
31.43274644546582
32.61551558549348
33.21138940394286
33.342175651144686
35.117548687730704
36.48527721278196
37.86069518345889
40.682869978209624
42.09923008783524
44.797629608739925
46.98187662687238
50.00344490016314
51.13313996531408
51.82386349996107
51.995509562688255
50.462224286255825
49.91350586315289
48.62798314262707
45.88399207825479
44.605293032938455
43.12270614501094
42.7638104563217
42.13373464334602
41.52038692703902
40.68075262240457
40.44184183842154
40.344561808447935
41.48942789211916
40.604270745942785
42.39775550856255
41.80708168329597
43.105322824225
43.755386113706564
42.59723299066483
43.459791679274325
43.336275861813
43.85472840797947
44.58236352762665
44.15717643167174
45.95456651369822
46.71780361907869
49.838035334380294
53.30146235898106
57.887465776466975
61.81658614939853
64.84650933261169
68.82756951911722
71.28014917384384
72.24983548874992
73.59132755563343
73.59590705943242
74.42897704010768
74.65590661777429
75.67519603217994
75.43859335485557
76.95173845648658
77.52867855215912
77.45644411894547
79.10214287076008
78.41913596760101
79.35875335303986
82.0099484835973
82.07606640262625
84.92341778600493
89.1889130351234
97.03985810369836
104.71574461012504
112.60357613478308
121.4940331658915
129.54338464379148
141.36416536639123
149.9321275675008
156.47151478061005
158.29479980878193
157.61211519528416
155.16962980654108
148.22077224066857
139.45283037380506
131.83828671828016
125.25453546711057
114.68939372180674
107.00061700352504
100.7747867035091
102.67592703135315
103.19597813640868
102.76578487170556
104.25341598417252
103.51551344614023
104.28804060856525
104.32399800531394
103.85337925073473
104.28568215301074
102.71246997966031
102.20114122346843
101.49013880176501
99.53204370018737
99.13554318990379
98.88955331714703
99.6693510660332
100.77042984653866
104.14144999078226
110.61045967684535
114.438657675896
118.87490513640805
122.98612394655677
125.57535034485784
128.50323691420937
132.6309585525181
135.63061073459423
137.17375046791128
138.30323830190943
140.00175258928851
142.9250233229271
145.13252244295975
147.37413656883768
147.9646862707476
153.17366519573002
156.89913562513573
164.39363040351995
168.8011613856193
172.12058809487988
173.65819925719273
173.95606976997567
168.85133634210814
162.32630714549023
152.24944767474818
144.70670187630603
135.90219507346603
129.4874371901394
122.75174610275587
115.42819745671477
109.16566012448011
106.2837939113424
103.92472463652554
102.81498781128343
100.22524492354596
97.97863476733424
95.90839413532008
93.47095077407027
91.1882126823597
86.96160505244937
83.69886192934591
76.39818493947152
71.4465207296789
67.5728542760488
67.40752854223123
67.49544637324317
68.06352573211566
69.40161357670196
71.57707108693519
72.71003558040479
75.7232305512815
76.34546781348972
76.2375387039309
77.54248472059808
77.58883314348049
79.47134735095736
79.73645306213245
78.75545947467593
78.04891573430034
76.31291816691673
72.54565020930993
71.24557251015119
68.53068462000763
66.80859887858944
65.29222182395695
61.55000724666185
59.79675236778919
59.69724666450832
59.61519066712976
59.397315983789845
58.18656093698287
57.593096710897704
57.85105759621896
56.502042383180815
56.238571785424675
55.22905991190484
52.712633114045154
51.50615140232455
49.04561319383075
48.33661770174419
47.4233330459768
47.47735394804138
49.65976080961478
50.97458559176747
54.44929257856647
57.27654927814509
59.2485018017799
60.85488462818042
63.426247216443244
65.77702668847785
67.33752780286181
69.23151825927886
69.11937806435957
69.01782178715038
68.58746013567173
68.9808163039641
68.74214525157123
69.36829161203282
