2
10
e
229.58961109268287
229.49967606238783
229.01168584173277
229.15444994756973
229.37465615558438
229.92327284035937
229.76706116707672
228.92722520321283
221.98995705911602
212.6543165059877
198.3489774892449
188.62574478062
175.53150642526435
163.46031510434761
150.44365639867522
132.3704323118295
120.315676545231
110.66169161843746
108.83081282156085
108.12407534619959
110.81104320150237
116.43528214578379
122.88626182591338
128.59815419176198
133.72712854687953
135.70760197478995
138.16504168325218
140.009733889836
142.17297095362224
141.950840456291
142.66692777533356
142.94826721055168
143.7895583591717
143.69940918543435
144.486263195303
145.25720441973445
144.91192185123936
146.31671075472477
147.40125491483562
148.2765098063683
149.14384360775878
150.90570891322812
151.46473633400288
150.1308244132906
150.5099080179911
149.23801586141042
149.41892705421398
150.1037328400396
148.39055892261203
148.8823007817809
149.05193153813406
149.03225920130015
149.36830972747444
148.6961576272297
148.14848694516024
148.1711041902389
149.25809172939148
149.20847542656267
149.25333461666378
148.85147127856675
148.73053630126023
148.22424926090434
147.41384905696984
147.14709848280629
145.96303342537172
145.37605709120876
145.48653163552447
145.24897915702527
147.72699843988207
151.69216864470096
157.6016536705873
162.6764070261937
167.18817315197796
175.10580423825468
179.66628864650698
187.52802456928003
188.37636604650024
188.79386783588458
189.04512079494882
188.7742303041801
189.91473838990208
190.05087874986788
188.6185644923679
190.09830688295315
190.42129510037708
189.2047777959041
190.27150364867768
189.47271856998555
189.05378612168568
191.47611228064397
190.92720608169088
191.4398961536927
193.06615552286016
196.06473643615794
209.20223913612867
221.89845136029018
238.04841941947078
249.32907938866026
261.0661262123087
275.5654691347972
288.12049297410016
297.4760764456095
298.7166061217273
298.90219052818514
297.28745239160463
293.41483002772765
289.98925311578387
286.29738575670876
283.54582464751155
282.5257075870288
284.0985930664395
284.3222879802489
285.4872114627336
285.40744056302583
285.45817114101334
286.1213499897662
283.0432138738855
280.6563002079062
274.7233813400388
272.28578444977984
268.15797597644905
264.2044019528006
261.16836823999324
255.7676146731813
251.49093226834205
247.79417607874376
247.9664353847535
248.76731910649755
249.16321896873472
249.93619923704716
251.07722901151647
251.89290312478255
252.72254300541073
252.69493082664303
252.31168831183652
251.3673636664095
250.1092923407321
250.26965645556652
248.12002162714543
249.8581094994359
252.00902373703153
257.1304474031745
264.6824455963824
270.4639720870727
276.40300876704663
281.9350992456549
287.4464383415157
297.47994294537807
303.3376753357464
308.11175659986793
309.3235981823944
308.0484653006372
305.52954014849314
300.06233878118695
292.40783362572046
285.7353882815464
279.01923101333443
273.9784593951257
269.15319534558074
261.5961662846355
256.16799531146006
250.88622841463135
250.35164444311425
249.79419351713435
254.341555722102
260.02384677005995
269.17413132498376
275.78988704240675
283.673230025655
287.56767028631674
292.26117092979484
297.17928168611905
301.239032734031
304.8250861229799
307.9850293162039
310.0329017325875
313.7172313979664
317.7615087490738
323.4887902703497
327.2229841936661
331.8389417284777
338.088707877554
344.18070585007496
354.83314262292396
361.86862954140037
367.37820476318024
368.9756933285041
368.37416926985253
366.07958408971837
361.5889962913875
357.4293182948887
354.08622964830795
350.6625884964239
348.38691760314754
345.40674390366456
343.14798031302894
339.58226792928315
337.48671597794026
336.33192636278727
336.2986158983534
339.69092192836473
344.0160716957061
350.2893613710337
355.4715582716296
361.32709269861414
365.6221237251939
369.6218938643482
377.8176570767758
381.9466225513491
387.01180209468623
387.70829080770983
387.29114635540145
385.54518769441216
384.0130309625743
381.5956892588003
378.04919316697544
376.75146520470787
375.9867307137152
375.13755275425643
375.39351630014284
374.61099856227145
375.14809185383484
372.97540767592204
373.47732200183594
372.4700661479599
369.2036483055956
361.93084516994475
357.40906801297433
350.3050418094977
342.2329847389686
337.484218606086
328.86983165326626
326.16635338063196
322.9397069306651
324.5852658890823
323.6331874155767
322.3976477152787
321.8971767376435
321.62847342961624
321.6318562326084
321.2196338447942
317.9272813829033
318.23054108464606
315.63001338762047
313.32103289641174
312.13940242812436
311.5113623050843
311.0155103544555
310.3251089697527
308.58818573484393
308.1193099532735
307.03599173589635
305.5961075282446
304.2052143446045
301.29825724129984
299.27236700351904
297.20789604791645
295.6846563120192
294.6932585565801
294.4962838111713
295.62244817277724
296.04220569848803
296.86641305012483
297.1871658159427
298.9134069745958
297.9772128851477
298.7694562864455
299.9607570407295
300.67990613672464
301.94110013332255
302.0253211041599
302.85641573187746
298.7633568064293
294.8656693224175
286.0342887852263
281.6641364417873
275.27773952639603
270.4769722581257
264.43929397358346
257.601976855481
253.25271204529687
248.3690836457211
247.9354014430875
247.74229702772632
247.1300794109845
247.4935246159906
248.19959609313847
248.86881845893748
