2
1
d
113.98152390981728
113.69340971604038
113.56630133372974
113.94072062700623
114.18023997453251
113.11819333841002
114.4617899563195
112.21850427760438
109.14714023169003
104.6187371920027
96.26069010127134
91.20542364827308
84.81821253601245
76.18609392340836
71.1496084354785
61.58826507803807
53.25392562570412
48.964517691101896
47.648623807178595
46.951556556294456
48.95064567682181
51.156722886679105
53.016756363061496
55.70278665889748
59.61767565001512
59.783677298730694
59.45258152445846
59.39725474940261
59.91252329572586
60.954932501081935
60.878200643922575
61.54701156377372
61.602090964769964
61.598346358274775
62.544811282420845
63.56873266227266
65.64926077718184
64.73306518374532
66.52050586732855
67.75440667749552
69.13596944500601
69.27597777571467
69.92087535415241
69.91297732752336
69.71806668070448
68.15102169011374
66.93854275450539
68.1329653077633
66.85576983826658
66.57176581822075
65.20300025480005
65.25048245288708
64.24213492638215
63.21833735333708
63.85171572249794
63.84213360047469
63.83858109996855
63.597290961822274
63.11237482636946
62.673477349922926
62.3890787940114
61.56901368118476
60.34049551463684
59.60011537573968
58.846498627421326
56.824241003464
56.63594645167373
55.30901791189209
59.72175489322771
63.24316081234507
70.47539957984108
73.84664336308371
80.12255378416897
83.75973062982223
86.87949226819494
90.95069099669772
94.57311356191254
96.84712342843937
100.01930725563003
102.12769647667271
105.56370359863925
111.46553476785785
116.07618558080354
119.8024727866816
125.00790487332242
132.9566661212491
137.97820300504034
147.57573156583746
155.40225281039642
160.00667031510704
161.88611499739773
160.84548844273587
160.8562817548224
158.4550921508132
156.41742266971582
152.7123423465695
150.65943252168867
149.68550756200736
150.41996238218
150.60686279748995
149.817119953703
150.66824229381672
149.5955108006683
148.0827893042043
147.78005886963166
147.08073667386313
140.57384875106806
134.44387012437195
127.21596292620657
121.95176823856934
116.77271311030563
109.51269201569487
103.50593019096245
98.79723619610766
98.72569643153103
97.81486046823385
99.88550350429229
101.63524258871607
106.6742048564932
107.91440742629922
110.00098859815253
111.54277624119503
112.7767668565785
113.04843931901168
114.28195928799909
115.17482464021074
115.15540020314268
115.8390647649694
115.29330663758189
114.68438405986775
115.56175555156615
116.10077610673687
116.41632122115858
115.93552607691826
115.96466524820036
116.78697227970602
115.59943706577086
117.93500129591305
117.30716593326716
116.90270016020244
117.74758656679923
119.55760584201387
122.90939158130246
125.32976344136435
129.01537884567335
132.21183535766323
134.42183046194896
138.67683660901832
141.2766644711141
143.96420584831623
144.85612851408172
145.17590227383667
143.6364827237012
142.5442511530374
142.5589421807773
141.2467040444821
141.02261665867923
139.96073690276202
139.84174814495827
139.0098523654214
138.95159286812483
138.162208503161
136.28013333756408
137.49874921274758
139.43471285126415
143.37660953422184
148.98324747686033
153.41836336660998
157.02723708616836
162.2939686263351
165.7821524958805
173.31427703123538
177.02638371453898
180.5380316005988
181.35035198762694
181.38388991780096
181.2839836552257
178.21282153602422
175.0027006975486
174.69767463366148
172.43609178646827
173.41774723544233
171.59704466940536
171.4063302918768
172.54199363425198
171.6607555561025
170.2225340517874
171.26105557836564
169.76317633728138
169.241455021861
168.3521175804373
167.70051569800233
167.91018963292046
166.95558212833168
166.17934297021614
166.06537495694192
164.91933167214046
164.27860072320524
164.2551894887565
162.39166316240735
162.14258407414434
160.12574942253426
158.92614414480718
156.14709701061477
153.77929553763494
150.46605138538771
148.97696281560903
144.5197715310226
141.159929345669
137.90286068927625
137.37382875770336
137.3914819984613
140.95001344354944
145.15640451780425
151.69293174899354
156.12703866552195
161.79499902051714
166.68203756868505
170.45419367570625
177.47492150146678
181.9083638087469
185.85270181570536
186.65768730662165
187.38464403200706
185.28304151697736
181.12553877040673
175.75394793475297
171.04629266989812
167.15877977512915
164.86568724403645
161.76414969665
159.16639133216623
156.98696170913675
153.56799512762694
153.4664982901628
153.1079931731001
152.10066972635025
150.41421287071498
148.4416620299418
147.96851717630574
147.02103044826268
143.46967840804004
141.79267618310308
138.820528413243
136.39727724315475
136.21499355822328
134.71869118288814
134.18251750454195
133.71739647562717
132.76296582225967
132.90394285585631
131.62913799453244
131.37886208455342
130.18316869269037
127.59573306643746
126.01158471523944
122.90853267365202
122.20693762952811
121.12827433893314
121.5245528950494
123.04102539976974
125.40981867907439
129.63801946353303
134.18127446274568
136.17390677913698
139.3573474755458
142.129923098818
146.93871282571422
152.08832075108663
155.23450758102985
154.6727479421967
154.59391148588745
152.17571063803817
148.33397961144155
142.2095156159359
137.6336302008091
133.15944853029052
127.9934693829825
125.3127724066499
121.38281138134221
118.01369638427417
115.69542037447226
115.0509848893018
114.07181466728858
114.79928412031218
114.29953351666198
114.10014546414898
113.8897619844002
