6
1
a
161.4829840590445
161.82080784238212
160.9759398488212
161.21096622463787
160.86351659638137
162.0816069244546
162.0995063519621
160.950663296241
155.37569166525043
147.44534639529405
133.46368140868282
125.07696095412552
114.10197675300206
95.21879628654867
80.74020217545052
66.16116854980524
65.06920563418518
64.8563644564725
64.37347907686163
64.55256224132026
63.194739397480745
64.31190508017453
64.02600411020715
63.71531212756343
64.02101695756117
62.77170550582539
60.85350959738874
58.63517754884253
56.57966785029689
54.361671347621744
54.43237952001689
53.925984656580994
54.94870673199459
54.84822499341946
55.71012980050127
55.991170947622976
56.483099401418094
57.36941861648118
56.62433785756742
58.510438402966514
60.01419974844271
60.448107648630234
59.99403784031875
60.72132914659316
57.04924866471514
53.59897743854911
48.030500121763104
43.709768107379226
38.287304040115416
35.26447773225057
29.292482731563144
20.96900935569273
15.885335167382822
11.076400224322976
11.013383925764936
11.191814165169099
14.416361941381206
20.563142406824287
28.535687203570674
35.567498927959385
42.8845530649334
47.9568234495507
52.89834506148853
60.911865706240846
66.86263062492122
70.94996033941925
71.57518365768507
72.343772081968
71.19645824271826
68.4706342351909
65.5008211381157
62.95422047624232
60.68072207725932
59.618065384825805
57.69707591443765
56.97463374662512
56.00171938413314
54.47623906141854
53.81836837760666
54.764390416873006
55.419559487296674
56.87144411745886
59.66211723502707
62.28642749441856
63.87327064280873
64.80674787487015
65.75330003282689
66.534629536122
67.98846941002417
70.96837243722695
70.59215045516942
71.13092732149588
74.03466765333988
77.07404717303001
81.67811359564321
84.46083970354834
87.97287397166144
93.16435292028031
97.45777286071223
104.72153054169407
108.9862445978221
113.43273005355765
114.75442208004985
114.62127046351014
112.15895871760083
109.90423508878453
105.50332860431033
102.27759220271469
99.46776720758125
97.91463993402071
95.66622695092218
93.10615034699104
90.06449892365276
89.23526918363669
88.53222951133924
89.91452488752127
90.54070538263962
91.58164918918226
93.00605154817065
94.74098243317665
96.25179312270697
95.84207920013557
96.06343050606299
96.67667844618369
95.75793589648232
96.53166385801954
97.78673703304038
98.56024820973906
100.75059890936147
103.25038199674252
110.78352620831456
118.50292108234463
127.78644895682767
135.75543044280002
142.92939568539543
150.84397636902474
158.3032799781508
160.14053396159042
160.96289252304481
162.30058761275154
163.53047854481622
165.0537253059442
167.01404220438562
168.7971358750595
169.84109188018394
170.956374318209
172.53085797898456
173.27389906777637
176.00885825819594
177.1643515851408
180.51756684990875
182.34395718585466
189.07561104492606
196.2874525159801
217.1090415110297
231.769878424254
252.89229741426578
270.50439988665187
286.8177590402578
313.02434379878014
333.2494388165606
348.93514656280234
351.5190084056575
351.01076464557417
342.44962869181893
329.0309947994452
307.57919982636645
294.3912091752693
276.5889143146316
254.80981252949746
237.849570619771
224.87655068012518
226.7238389914712
228.50847146751673
229.28566086421438
230.15324833998255
230.53902935913914
230.10301941363346
229.2984669494257
230.1957721828081
230.2972455129549
229.45351291975183
228.60325204733365
223.86665932133036
222.50080238934845
219.76784663023156
218.77494401015878
218.88726401794236
224.33534589088373
232.55325952804432
244.51310454385666
253.14140986525783
263.84524381157996
271.43119808109657
278.4184588843045
287.7141108893427
294.41982165902584
301.1168326161724
304.14892371708237
306.28467835523185
310.69316787126365
315.42807213602094
319.5739252253947
323.86695452016716
330.16633854965465
338.447492030713
348.11400864717433
362.73396749982396
373.6544572721441
382.0770089675452
386.19833120479416
386.0378364234394
374.61313668451874
358.41365716502
336.87107398627097
320.8985227500617
301.3489007464407
285.0623526346011
272.2540754327618
255.08816247898196
242.93585628252734
232.3242919525123
229.83501636888107
227.27510532061137
222.10318149534376
217.65318352024823
212.57830165215594
207.0699440433798
202.4278900048131
192.49365526389954
183.13083905661352
168.54777206491337
158.59899275715057
150.0452576143443
148.7311355862773
148.03947812276851
151.20754467980976
154.61483143664543
159.3235600222864
163.2529758025246
167.28971285472008
168.00287744708484
168.94326426230575
171.25922747937267
173.36994364802996
174.53118206560134
174.55824599186866
174.9877227784799
172.28491781651752
168.2929772536077
162.9718209242006
158.11005001612187
152.8488289686288
148.07525217719004
144.14231973783538
138.87389196485307
134.98018053484967
132.7480438450125
132.00686840893752
131.1048909190169
129.25696062804877
128.38642270566314
127.52876137467153
126.21293546019908
124.2983775485275
121.83402934515524
117.81933981320527
113.35376592352053
109.53279291192938
107.7672176881579
106.25014156334616
105.51592933569064
109.50439166875351
113.67928247884048
120.49542348816281
125.8109407879018
130.5693261430267
136.1215892140445
140.50278943527695
146.16669104218772
150.00914550741396
152.44396933424414
153.69267919814837
152.99517291071805
153.2194165045146
152.0227415856724
153.01985561992834
153.7602449413593
