0
2
e
8.81170462741463
8.901553432143746
8.711915779498318
9.301374723299961
9.129134716271425
9.87184455914846
8.250499462899924
8.10771938373481
8.187928844864112
7.567169984138478
6.6372961709899325
5.09770027870233
5.002897440530465
3.6030682205286695
2.1824605729061806
0.21742747186328
0.0
0.0
0.8574730001974683
0.0
0.3834427309515979
3.151562915884695
5.540740346489464
10.08686083011741
13.660963889855996
16.436924461999006
19.66952695533176
24.84631650808151
28.235407454136134
32.18254459770818
32.2700122782072
32.377601913823796
29.626700465113547
27.078697044146693
21.68042016755751
16.88293815045472
11.401542102575661
9.358321598875895
6.029364510856999
2.8614432667509884
0.12470782484872127
0.0
0.0
0.31958170877071673
0.0
0.0
0.0
0.0
1.9514922405402793
2.8694917224580445
2.5963884349068733
1.8123313691853096
1.946270487066773
2.035850655292496
3.0174480162646877
3.5949876971394343
5.030340784091072
6.108603732776461
9.545921445542326
12.754476396271704
16.98185071628074
18.26612300059663
20.113833050255998
22.24667627317823
22.91850584144253
26.257375025821947
27.059170660565968
28.67854393653774
33.91577198009469
40.02713170038114
50.89915340642158
57.31215856397008
67.88498801648566
77.47311811208021
87.95149370782723
103.09523720064236
115.57350581809378
125.31263021834052
127.69577829124044
128.01130039282734
120.18116958653957
108.19669256972941
91.92064522470966
79.81426666260535
66.29018138406674
55.47749730821333
45.495499152250936
30.57699604453745
19.735211923489114
11.749630764455006
9.349227318203138
10.053719427730076
12.422068715849946
17.2214914760518
24.990221330214858
29.867426394166102
35.746671103854
38.774878115028336
41.20214805298741
44.993784747632375
47.98878387632741
50.08416885254758
50.23623995106303
50.97107797742385
50.73295467209974
48.98571986870308
48.40606508178702
47.02230305958341
45.99325292791677
46.235859932205415
42.963475740644874
41.28276064963577
37.944204666536066
35.87469057137995
33.4657133907772
33.695469961412805
43.72826924583767
57.314822146950995
79.38675712568978
93.19507141709605
109.40361647657683
132.04771126260317
148.53673280066099
170.18330305740872
180.08143332714883
185.23013145422172
186.3050333733974
188.60970507173008
191.3458660086317
191.9313318494572
193.438816026041
194.82589308791685
197.55860264629231
204.39023563113022
210.75897532250994
220.7725070447499
229.3016590485367
236.12671572654014
236.7921930653309
236.03833499944764
229.6290728284508
220.5807859863893
206.03614208489154
195.60539401914534
183.0541805025576
171.6157131318724
162.7980087045006
150.04011291770473
142.75199956100744
138.60206735051221
136.74533156673974
135.60001702489905
134.1533427494497
132.44831792952198
129.8078884031638
127.85854798246154
125.45060724235725
120.11662718158276
115.51292964963517
110.72334973354677
106.68046695764762
104.20146927113532
102.53095538491316
100.8329014258267
100.01355582634383
98.99965881593296
97.27449209257168
95.56567143714904
93.63345776202547
90.0159831697084
85.44043358296595
80.19938011950991
75.2262973718842
71.64896163190264
70.14313083888248
69.91343692055891
74.33311736116269
83.06087039885
94.62516072485651
102.90687457593674
113.39496058888776
121.06744452597448
130.2054768339655
143.85122723021863
154.39042710652697
163.68865144744342
166.06325919375575
166.05979882794577
156.87790227269502
144.2562414346979
124.59664775125786
110.05479157667034
93.93448822688194
79.9457190645654
67.49391411698093
48.34278925527369
34.41483910552892
22.102158820374235
19.320167516822977
19.33818733201611
25.88441923535095
34.959640041531934
46.109805939086534
55.73271477616635
66.42809805162177
72.31383821033012
78.99283906133411
87.31894641225227
94.13147869607127
99.32405008287687
100.84738717892101
100.82034485298303
97.8999332881654
92.63018679842898
84.15631074437403
77.44591837325281
70.39636709212232
64.42575154262423
57.74803701402743
47.88958203846511
40.987337503265984
33.86048053661625
32.192148421492426
31.371062993111558
42.17127788663206
56.73326751440537
80.56385804276142
95.85022746539074
115.03459266363275
131.33811803539274
147.87078210140848
171.8828203373649
187.89802589915476
202.0524769305062
205.08988141341206
205.49830740051993
199.28232863232634
189.60640345955923
177.68346119036073
168.50363174254127
157.77968602482466
153.22439540479797
150.85453663652166
148.5220017455374
145.7422163123501
142.25821657114815
139.50579553540612
134.53078467268494
127.62286011235891
118.00181859048271
103.73267113825817
92.67251761697408
79.92729301695601
63.53037368188502
50.52738766432322
29.968726386402913
13.860236311413653
2.8118945925772394
1.3188041073235512
0.5487042991420021
2.7965599640511933
6.880394258525506
12.555583882235767
16.73383681783222
21.13994998061808
21.300396026275095
21.308625996626244
21.486685893179228
21.289198000572263
20.918202367581827
20.764985083669877
21.265121877259958
21.012472016169603
22.2083003593775
22.137479299934327
23.392088976956128
23.494881021658767
23.27071110259618
25.261086811761675
25.055858453628858
25.09904391595594
25.891559595172307
25.711355479884624
24.74693489642816
25.2475536323785
26.725805910201704
27.00545748575672
26.568686939308726
