4
2
b
146.20788839110622
146.9691048654611
146.18197059417037
146.22476833572563
145.8362135789225
146.0197265459707
145.71542115132291
145.17639033438599
139.65064664858525
131.57514226994303
119.71534182640983
112.48523980071322
103.65837263803631
85.4868323993974
73.36805743573888
59.17364551063422
59.267249669202734
58.642498689967994
58.78943170542194
58.2701204375525
57.68355088825989
58.62888492998192
58.14263017728778
57.030656981838014
56.76081240574265
56.38266007381566
54.019074422392535
51.82472045881009
49.73914222992084
48.74151476425767
48.68536788491948
49.814501363271724
49.67982403760795
49.39751539979386
50.4491004549209
50.86789385303678
50.801810195392676
52.007156113396434
52.16476527847036
52.17133601847801
53.4910665546139
54.24177728193134
53.22668185788204
54.986961982931106
51.209971709952285
48.151945941452
42.436096107861815
38.71696893590874
35.942641291386025
31.32500654840033
27.065925261291895
19.60001732376789
15.358189002611528
11.055092377844401
8.918302169962109
9.591142833209402
13.769708901343634
19.023945497502126
27.39837572565959
32.68470435629534
38.39451725092381
43.74295777582743
47.62667603923063
54.901958004140745
59.832954155155385
64.84267135309932
65.4476245456151
64.69974013985444
63.56035809208536
61.61634682454781
58.50236646007513
57.10041537396261
55.14697149085478
53.79978578857461
53.1037484305221
50.59387305498009
50.37739352162249
49.95759199855826
49.17043205515211
49.706490159863684
49.481729611207214
52.07721701070011
53.647951525051525
54.76068211620104
56.81837714344136
59.01601916827541
59.23110093726544
60.42945149701768
60.723328947499354
62.61513754311795
63.64646763888164
64.33687827486752
66.82037124829544
69.3280883831227
73.14586497203426
76.9049096483298
80.6153778564856
84.07084591443385
87.38750957801928
94.26727180800734
99.07550454702005
102.29118103490634
104.01608468878153
102.1028001558474
100.48227734118919
98.76776549303459
95.60124795578886
93.0479070673829
89.63507288822927
88.10869178895922
86.26940645949792
84.06467597635846
81.51267221324754
80.30937231107819
80.2155948328007
80.88099516843565
80.73930201208051
83.0948360768346
83.35572640966424
86.081354335403
86.2367584171481
86.34604447616272
86.53888946489484
86.83851684301075
87.42250985323827
86.95004755095398
87.88510612468157
88.7834120891178
90.13567240444524
92.87683103686552
99.6238559258257
106.47788145934682
115.98570492993541
123.30251827445802
129.16077225486546
136.274232565032
141.7673099902407
145.2266563729046
145.4768503993069
146.1060897032195
148.68845933640364
149.31861066722414
150.97453445480826
151.12386305064325
153.35267635659122
154.8938896882937
156.26411656900967
157.24024576438214
157.68966589928647
160.33496964491167
161.9038791495892
165.4397109579233
171.1080479634214
177.9949307029671
196.41268439918383
209.55687662566177
227.3123236412328
242.78290062084153
258.2394681290732
282.5659306287393
300.8752099014335
313.6866713538603
317.3611633964574
315.9550201381501
308.8016993659161
296.05825103958387
277.2913298211951
263.89657541344616
249.24857642344344
230.10199359403677
214.89365936656864
202.25695984577231
204.64759967510878
206.4921877151148
206.36202974912456
207.36389270994238
207.4631919308717
207.99209018938572
207.62073943031285
208.25754391777107
207.21690356022452
206.10337126057033
204.90137805238075
202.51028604727586
200.17726938747225
197.39932582266482
196.75532752039078
197.06398543147242
202.73485963782406
209.71242340366845
220.73723389680296
229.0317135611835
236.11413537549527
244.89014263648497
250.74260738408802
259.52116956832907
265.0156609898707
271.2325468214922
273.92569440808785
276.09127436549153
280.6274348176003
284.2490976417562
288.5470353251658
293.8345341365776
297.72592914708093
305.8014270366806
312.8515515355926
327.7734703384776
337.06129771750886
344.85309697404284
347.8431687609235
347.35915657670705
338.022906897915
324.10112436303814
303.0584026960728
289.4872456273635
271.9370052006038
257.2661704623922
245.13348584815336
229.54117141002004
218.35941366111294
209.829252098751
207.42005819861907
204.61388838679787
200.6450540164484
196.76883848162706
192.06501044978884
188.06127798828257
181.75118403257272
172.76721627067928
164.68704598253788
152.14201544506452
143.33920443063965
135.46266436962966
134.6518819630493
134.56917431388268
136.0700078253905
139.57142155486852
143.08562406290864
146.7854296844382
150.44839954862076
151.0311992154299
152.17714484990427
154.64297783033464
155.9268962434725
157.35799570903012
158.03472178796275
157.53773335964888
156.06258036279476
152.1154499629669
146.64247569156595
142.3710291981916
137.71069638295492
133.2838281904871
128.2474100640533
124.26269621231823
121.23358714126549
119.94059609016918
118.62808964247769
118.13398351999486
116.21892152103747
115.30322302351965
115.07712754309733
114.11351876970758
112.26018967271261
109.84637390362
106.90663210291534
102.82262926117004
99.38235363398576
96.91734848738501
95.51736758735858
95.80116005833186
98.51738931936346
102.98944242693071
109.28262235421147
113.857580213106
118.3356272326174
122.94648165125147
126.44465345539618
130.92983503524533
134.08304862375797
136.78061532639182
138.68774070549068
137.418910114506
139.09721129489017
137.84592705328112
137.89961540389365
138.2843369369038
