0
8
a
182.3623756549007
183.0723898989995
183.6957715446849
183.61272996495993
184.12743750082458
183.74234010533314
183.698178594562
183.34146294009602
177.93106284835204
169.13105864260282
157.70934085886805
149.62846834585744
141.09780474059107
130.12364187601096
120.21124759493082
106.32805570806005
95.66325995658397
88.18614534356962
86.06139624605069
86.43047097896194
88.66422130386049
92.78752890026895
97.44475081660234
101.91459599886359
106.87753022103765
108.54153981534552
109.92954113682562
111.61410143569168
113.1481625763922
113.11751877903254
114.13590043669076
114.71660133265337
115.31315978151603
115.29121794151376
116.14809315007248
116.33218396693398
115.52479705964716
117.5677196860608
117.11247358853313
118.59073806541691
118.99159748528042
119.67872886751634
119.7215310020974
120.02598871736838
120.7885571998704
118.82717979981963
119.6677081266059
119.82606224392951
118.87666293908627
118.91241968196914
119.76053218166898
119.09033771462607
119.3335804285013
118.77987753364876
118.74394345212417
119.24313431243625
119.07774233182744
119.5158608023248
119.01068289797232
119.70376696744545
117.79762181446968
117.32270270191864
118.26249752456343
118.7041394121998
117.00509575117594
116.47528532993212
116.19901105282182
115.1967910673047
118.21453640118742
121.16922036646093
126.5123763580731
130.17881696604468
133.65605197953082
140.30769523532356
143.2815137457678
150.76269826239198
150.92912224663797
151.56730193901205
149.93974209975514
150.9541817229107
151.09448621288396
150.81087682522605
151.4494065592328
152.47626836546172
151.19029576672094
152.04238630939258
151.53626221153436
151.10734126679014
152.25317762637667
151.81777820612936
152.90450857598614
153.1583543088278
154.35575187992555
157.7539437578099
167.58644192304538
177.19172117377687
191.29994665563348
198.93723626415272
208.8326601441401
220.940488736639
229.62679663009433
237.61919587868576
238.9073289407654
239.37727058692363
237.0983118666253
235.00299206322404
231.3990162054385
229.8538399697988
225.89386975470748
226.46238194174515
226.29997493119365
226.60591131610897
226.89175052343163
227.99836309148648
228.0291026837849
227.86267073552858
226.06998006035258
224.48380605428437
219.56222533587965
217.6094655412656
215.0388314724829
211.9110104619525
208.01772364701924
203.9231981624851
201.36263123969465
198.9331255043539
197.30315278293355
199.04708753156612
199.2285494469147
199.61886399893433
200.59288867604272
202.09204942930376
202.33876052351033
202.2110368939662
201.14302071520993
200.07305850249674
199.97007799662947
198.7930641628248
197.8427715143845
198.31041834648414
200.7532205814719
204.30118720510367
210.4031870180455
215.64116048943845
219.64135883233197
224.84901405181773
229.44706442228184
236.96237506263154
241.52673377476367
246.0865422063663
248.01009246163122
246.77283568058817
243.83318968190628
239.471472925492
233.46639390538647
228.29774048992022
223.1980408268308
219.58479267291077
214.8078313666962
208.52853529908217
204.39914151158112
200.96202033670056
200.16476011909046
199.20260670211522
201.8549601791722
207.13173096441076
215.4973276081745
220.1261699732957
225.80178455348047
230.60083719060856
233.02529330173962
237.59325139464502
239.70820812993298
244.33614794626166
245.66110899397663
248.42975742130167
250.45959383562624
254.05823317451097
257.9392700197328
260.9001389546995
264.1137813306953
270.1906958201507
275.0664500395736
282.8157387773705
288.77050627527296
292.3717275095312
294.3015985982836
294.1434702288717
292.02361830537757
289.10141398254905
285.79707246896515
282.4504196068379
279.6217871552627
277.8832672066716
276.2480513630564
273.53353275495584
271.6122746915653
269.59155163507177
268.09522863183304
268.61438562730274
270.88550339881806
275.78214915910365
279.60185308920313
284.1473434220863
288.1406501219184
293.5372958680198
295.7825250693566
302.1443562791917
304.8605328641436
308.58604491145485
309.8849913135674
309.0061227974198
307.9547976270242
306.58599081085083
304.5105810496695
302.89023006702763
301.2031757575213
300.17396668585536
298.6535486766879
300.0814235866544
300.38100710899727
299.0914707197986
297.3017795537762
298.3065925120879
296.5666789280948
294.71115461674475
290.0289881809016
284.34485115976537
279.8424109085567
273.48170857336765
269.5704315737799
263.0482810614069
259.9226154904055
259.2505447999772
259.19574716695485
258.05020925005806
257.56545572722575
257.39923449578913
256.9441899400145
255.50832756228667
256.039244155382
255.14921150350705
253.80728535433747
251.6738716144289
250.58577567436507
249.27026843346826
248.98556599755617
248.69789063242743
248.71372731222831
246.9062187181454
245.064781116041
244.57594204783416
244.06783415125182
243.19269766742977
240.8976128372406
239.29941861592908
237.2975746457511
234.9519519052132
236.14741016430548
235.92071966239794
234.55691335447767
237.5707986283289
236.06295130395472
237.54267932195722
238.30216697993626
237.60488970916657
238.61298304556414
240.4471788243057
240.54894329456573
240.1157003516919
241.55900206789602
241.7065011200292
239.18119894060453
235.11996728651056
228.9678404673329
225.7023291177786
219.87568963356802
215.30974035995982
212.31835546158433
205.52362522376566
202.5843538143878
199.10156470026877
197.93999299017457
197.34503573490994
197.8691730729754
198.549975452414
197.21030683581338
198.32634529328905
