1
2
e
121.17066954398338
122.43842825895378
122.52395983651594
121.85694568557437
121.50873567895088
121.62464481019866
122.0817917000858
121.12652098339234
116.62403669089507
111.69622008433201
100.01161872881765
94.14914904224082
85.75684587433602
71.34806167524721
60.893970362189485
48.84532971939116
48.568660345685196
49.19036801796664
48.94119925126128
48.385671606594755
48.146448311532055
48.134485598239934
48.47099595027956
48.08339843649541
47.9371002372533
47.84438224280774
46.5845387377895
43.77664957870642
42.16787686723937
40.6879616583403
41.39238825422578
41.58776421564647
41.07574875134438
41.90679370356014
41.91985920090325
42.303284401959125
43.242383224113375
43.09192811953987
42.573553485487935
43.75928577405952
45.18310866948258
45.016187531130626
45.816453451452794
45.19809936800146
43.10757281978838
39.91839346383674
35.74460107863517
32.824139347254196
28.77504812374956
26.388224547410562
22.921703089331587
17.824342663992663
11.918889124583337
9.48226393444037
7.84395107813146
8.425892300888895
10.673307683367312
15.585847980148689
21.15761301038901
27.25141767823514
31.737758578292855
36.484788961544616
40.44900169051106
46.242899068292175
49.8450324991634
52.547209894805825
54.53078331699866
54.4115401739576
53.294255809047165
51.43686428024604
50.24382898936223
47.281268657202965
45.574440080650355
44.59601652340901
43.96476129785619
41.81102270323796
41.83604462191377
40.9410595516143
41.00277684704594
40.723759651227205
41.3644567309289
43.61270187837477
45.365169011397384
46.365331872437196
47.59164309590408
49.42308134817746
49.87040416853277
50.63696934117389
50.61536330710882
51.648287637573894
53.729111562946024
53.258301879245316
55.69246599644726
58.511406424467445
60.89147655087534
63.06857525502603
66.34625820496545
70.45467363110012
74.56566017808348
79.08005718160598
82.01820870718764
85.25604909454607
86.15091151214727
85.53463496516011
85.43490725343656
81.78526247290253
79.38324152592995
76.55562718345847
74.95237328944282
72.90218990087199
71.8967257228032
70.54583151677375
70.20678184817824
67.46903271296739
66.662455060844
67.3264682122719
68.60987113692603
68.43521378129628
70.03242493890797
71.16513786794849
72.50167827487768
72.34698443619553
72.18790679743678
73.43053599749769
73.84329669748445
72.23376427806272
73.38124623235801
73.08699531480332
75.67652359059761
77.30941759679702
84.01475047797626
89.34781192082265
96.39628090544313
103.29077528330822
107.45537600020306
114.90823316669123
119.82611173731398
120.72120068090463
121.28938230602148
122.250518983384
123.81063727960307
125.91713977359488
126.16724518713671
127.06654345497314
128.87512580773725
130.21729294361188
130.10893600705117
130.84634938648304
131.69838391321045
133.6935759272012
135.83442582257692
137.13373456730585
142.26419881271931
148.73149567905745
164.18756085198027
175.05347775737175
190.74856000795103
203.719129539417
216.61004955337864
235.8338717259518
250.32614290935405
262.0939694570011
264.1447449235547
264.8331583481363
258.73688254024114
247.6299082969704
232.37418894720696
220.87491536401308
208.6303611047984
191.7066625637296
178.8628158061881
169.31144940330398
171.0072735151845
172.3331687236029
172.99039213605167
173.6926364666725
173.02880575505108
173.62935820881893
174.0167077502416
173.36941522555935
173.49847480448673
172.22184939886677
170.8793006198361
168.47801013354805
167.34623540292546
166.0540770276825
164.74738830069356
165.9856688165854
169.15816717372755
175.55453583361555
183.21835313498912
189.9040509841245
197.7000207035644
204.51732840127434
210.5863227508733
216.38682683406935
221.76409032917974
226.77956496998388
228.613750051585
231.79885516447075
234.31515568686447
237.12216874526257
240.84632145858163
244.05882858933998
248.3615154665629
255.5100596340972
261.831200749973
273.34444830949025
280.92599421839594
287.95932106672075
289.5278907726877
290.00697437549815
282.9038980482206
271.2477310872587
253.72185335086297
241.16212542401124
228.07114282399388
214.79371995718836
204.70957280897485
192.24752440678043
183.04417393003322
176.21942570283002
174.50270560238985
172.07267460805855
167.39506535363182
164.3969807312886
160.25122245547576
156.3575435493575
152.09859152859778
145.42997203303744
137.77409296257463
127.9053436950241
119.27452030905754
112.82104377285144
112.87045674978967
112.92859377332313
113.00989192964725
116.44378177001992
119.62859891397709
123.0280433658145
125.76636000148488
126.74734875336016
126.80211381876158
129.15311160145353
130.56973569999946
131.5713778252461
132.78612663081165
132.29741195511684
129.6343936973003
127.83165244105604
123.13127522744591
118.3908124652053
114.91865854621986
110.44935589946948
107.98310481774097
104.7099798490761
100.16192103299653
99.93117578694911
98.59180596821108
97.29780369591977
97.39163447568745
96.73671816848906
95.72138910103291
95.209978429443
93.48243913094494
91.83840301348282
89.19819121490261
85.76086109291698
82.84765260652084
81.62483294686339
80.52513530943779
79.59937182302232
82.3191137060494
84.78494011312591
91.02653200498183
95.3051093382608
99.71966679941056
101.81735890332381
104.9009797057504
110.5384203049464
112.63494582193746
114.21956505793551
115.96677000480972
115.77399826313706
116.1058889539236
115.60834541129395
116.18132381707338
115.781493763664
