3
8
a
5.4611166606144135
6.16493885216952
7.122629750238243
6.046643043358959
6.3942092954712555
6.504685167344952
5.765832239252542
6.972275756420903
6.43954944524268
5.068458142446323
4.297999926764571
4.155543701564458
3.136272071333095
1.8581615082811855
1.2357011239105793
0.44602010121241725
0.0
0.5959378731395933
0.517474184784703
0.0
0.3051409708407567
2.1058912448438254
4.479294786046452
6.20869085756977
9.414897575705698
12.139707647014609
13.076680318764998
17.214615873371947
19.98472766917363
22.639285316457016
23.159405009902795
22.690936520830707
21.9512378028053
18.420301407234547
15.106224149762886
11.861318135091228
8.270051419707713
6.0579868473285226
4.148486444320213
2.58556994160399
0.22727119805614696
0.0
0.0
0.6033560204708065
0.30213920200837435
0.0
0.5136841826556582
0.09652333598543578
1.169907954483898
1.8888446818416478
1.6870092279122721
2.1347147254671546
1.5663952854974064
2.7852037939354366
1.3362595870295912
2.775473082592651
2.941465208195313
4.960916825458849
7.071326451912843
10.421164921434084
12.32742222313381
13.789927035887452
14.629854338402454
15.551797610993173
18.1541197724424
18.313990862402118
20.008938239838283
19.708709139944162
25.128138412519824
28.91383013235692
35.86631829605218
41.23193127975713
48.508238109257995
54.81774232729388
62.29940665000968
73.6774596586215
82.01811900667731
88.6792777675296
90.64693793411445
90.29692677229376
84.8628791903875
76.12506575762586
64.08872941418332
56.14227372457574
46.78862423142606
38.765436271423425
32.004322837290026
21.124141913790904
14.212364582027261
6.395609167444319
6.311278725287657
6.655116470125477
8.91061782299758
12.430081911888147
16.945486603999314
21.418836081655396
25.170789630977637
27.229210790262236
29.099506135242724
31.33160406022903
32.77534079935684
35.024313175429974
36.14912989985375
35.599906334809035
35.11221234065561
34.77288010228412
34.4804497022141
33.84141774890605
32.17353771395181
32.26624352964448
30.119165851446862
28.85884329989299
27.330364842801192
25.49119677536637
23.937725781410183
23.479600203376563
31.15168060674026
41.59437418017508
55.754871033866614
64.74914769307694
77.97149531562967
92.80589350845712
104.40546392813127
120.42049588601674
127.71019689555895
130.30123601056036
131.82974782882374
133.8112087900731
134.6215613246886
136.17695892895568
136.75791344876785
139.02024159780308
139.05404495934474
143.96088346547404
148.60862003422488
155.92203224666198
161.54290142817376
165.89165450487906
166.69276202136007
166.36677725607896
162.65980253574358
155.63743014745424
145.27864827305694
137.61390284544302
129.4980566296695
120.60459238218161
114.2125644697995
107.07278214111606
100.77263339004345
98.1083082032666
97.60806227473905
96.73892303575157
94.42179058140184
92.74604101283349
90.99016758377789
90.40208275348827
88.4595144985298
85.11037837457958
81.60460612038194
78.0683326179632
75.1882037416967
72.3378263445186
71.66991793352217
71.73027366399283
70.64908463343542
69.87900191469427
68.64692508805118
67.24152007274091
65.84117111348799
63.19964145333099
59.569811253880935
56.962811948751416
52.49466230670285
49.76023437190195
49.89824486440922
49.125460461475896
52.769490967184716
57.35589567666641
66.73823847092464
72.86892628393953
79.6253106217871
85.606170437816
91.90320234286641
102.2359630183933
110.8934025642846
116.17450555751077
117.39730741869946
116.46633904672284
109.98223350046672
101.09742074605306
87.24458293093787
78.34187409815847
66.35581634319891
56.766482824226756
47.095343952344436
33.43172959523323
23.355033306203378
15.79073469700799
13.889316329619632
13.130243554679693
17.75777895514412
23.9590634635416
33.208334717436564
38.78219777902354
46.29218320231294
50.678340623271886
55.668130221709966
61.56667857786504
65.5749448448062
69.60384321808132
72.05133150945252
72.07176563129845
67.77675668419324
65.08336942729552
58.1920828269598
53.82682091740026
49.30674943030323
45.928797572659946
40.842363367737725
34.35758528508943
28.411463263149535
23.763558546074876
21.953615241765636
22.276183169316017
29.732294414871166
40.153555564567974
56.144685563577546
67.88246075488263
80.74475553591806
93.29094530217054
103.85748561859324
120.53581779060976
132.5956216233863
142.76452051604485
144.27536896388358
144.37542068627715
140.58889568374923
134.0509608441589
125.31443070436772
118.78485217339859
110.21039828267072
108.046553752224
106.1505795692469
105.30961634248308
102.65887340834108
100.14301906186175
97.49565113624793
96.49856428388001
90.80993991686954
83.64270963377328
72.25219932040321
65.64217132979978
54.92276450973022
44.250531234618364
35.925759344375294
21.372891176179763
11.084425325546995
2.1488445899090096
0.3247217697780399
0.5786221504426622
1.646151888807907
5.774710324105604
8.589867135528053
12.819107391268771
15.09566622299704
15.264400063778275
14.703877772884288
14.580134334465251
15.21500494330072
14.493757879154186
14.904552366573633
15.071062025675873
15.855819294756177
15.659308560938412
15.043310041823862
15.382648660351713
16.432443769453187
16.98846013560551
16.987657102285876
17.97514440758113
18.3548212026265
18.093947742140823
18.632850009053513
18.93496056327419
17.826636315086585
18.54126332708176
18.569061002003934
18.76133632907965
