0
3
a
51.059087134806525
50.726025683111764
50.70389431882893
50.969247113536476
51.62156145847044
51.01865722206529
50.890318247222
51.33940605729403
50.95410956744775
49.9029368437977
49.20732648273018
48.73270645272963
47.357964564185494
47.85970947271751
46.28463393376136
44.91566978065107
44.3726009921295
44.027966749905346
43.37175992455911
42.858964500594766
44.903490629789474
45.97296931858129
45.54272112898353
47.27300972817324
47.34453038962652
48.53026613664634
50.70537091387842
51.616831014342615
52.46350480887653
54.24890644293441
54.49448778666269
54.13406987347477
52.72519311140056
48.8926899038559
43.963360581101746
40.321450765421105
36.84075815264171
33.226222523778006
29.940755178543096
24.516682802451175
19.7306343136453
17.916024276199806
16.785192743674163
16.515843866339235
19.18591964808786
20.748243556841274
21.943530369571693
24.90119011626683
28.093158706001127
28.648751761679026
29.22309934590544
28.95551419355534
29.94066928748119
29.959379034029553
30.574123138878562
32.373127278697886
35.75785075231439
39.32777084598114
48.38294579336248
57.62127682114621
68.1680193209168
75.91222182172523
83.78194652017052
96.51735495701892
105.02074151564655
111.40099624787642
113.42158626164107
113.23060040529056
112.92548384514731
109.8579217962542
107.46396733605583
104.39189347052778
101.9676848998546
101.5406092083842
100.90992781425793
99.16719901131638
98.56163037360353
97.6082816183266
96.85649362240466
97.65978298847831
100.62182279123299
105.78200410848956
112.18925338506385
118.37592963503334
124.46471417214865
130.1476771252256
134.92133715317394
139.69733188614182
143.3978550579846
149.33300084686965
150.73406470133196
152.20353278553952
154.74622157330222
157.66283642209964
160.66378283005315
164.06006069027427
165.71449029447768
172.34909819673868
176.7691235072418
186.07666208335223
192.18961014440768
197.69763638168197
199.2285090053762
199.18468463118475
194.09913063923324
186.97151155066985
175.30056811432797
167.30693270778005
158.73865884578993
150.63919145685202
143.61147913248698
132.5622103044636
123.83263102456148
116.67219145631574
114.87370101809913
114.76686504193418
119.88105735149475
128.3979675146951
138.20816225605867
146.89444967253547
154.75569671301582
162.29270696933625
168.3669521649382
177.23237066994346
183.57202430736908
188.7865352647235
189.62707725186152
189.96786056104364
189.01298516683798
186.74761083540176
184.8241626316605
182.8784668801798
180.36757174749047
181.04732622262281
180.76628292479717
181.05903799639614
181.97072402219274
182.0683877956687
181.41568768528631
181.69021074235783
181.7881174988461
179.21954867001054
178.51587663043432
176.08758270466876
175.1875924599221
172.80800252391046
170.35078851040396
167.00530269563586
164.02955827468926
162.2260684488715
160.5928156483853
160.91063524754531
166.0841629183726
173.6771350262313
185.8673688170584
193.99119777404368
203.27072342044872
212.12733675694017
221.8317152308556
235.15365126473768
245.93102095236432
254.96074279310483
255.6103836049616
255.95370291085845
249.41117003508853
239.40528892288208
225.0657411359266
212.99062427322215
199.88593841249389
191.03786058652767
181.70157496689356
168.90210376749806
158.6040704985941
149.53368177325905
149.23341324075787
150.00651944953148
151.64080526620558
155.9072745743707
162.38565606151047
167.58777748916927
171.90363735583185
174.6753050438075
176.971849571557
180.26668573876958
183.64327911107497
184.73701285739915
186.03006949968693
186.23175358590635
184.46300624164863
181.5590542843233
177.98027304533383
175.5309779109307
171.8379971262139
169.76088716222483
165.87795837243303
160.0241697839469
154.40420594699896
149.7773336895936
148.8282778921013
148.91241952194252
158.28795701950207
171.88103123259538
193.28240063741111
208.5576251745697
225.3196761832972
242.82582757343405
259.87020140677043
284.4185216872494
305.6148228434463
318.50698435882134
323.4731500269841
322.72213182575894
310.7457066186686
292.2724117865562
265.71286155311634
246.08417938306823
222.73911852556256
206.40534098691228
189.21583560890863
163.14467706444367
143.40858828036903
127.84313747086388
123.40386798059491
123.83089052201008
135.7659471444986
152.50643892390767
177.99357928208636
196.14374315963025
218.6126327992689
232.59003272739065
249.52369587381042
271.57809198722515
291.1034279370712
303.8397506277959
307.2821231629832
307.1742102323301
298.0616619454099
281.91959652048683
261.6848900302577
247.1770887378163
228.4283293610003
216.37085766659422
206.72365709560196
193.63534583898053
182.50468874583893
174.0552800952111
172.00755665020958
169.61914161882504
165.31362053592042
161.24318025519736
156.19366335109055
151.8945022081658
147.4662031777599
138.45436944644732
129.78587937172261
116.7477745634402
107.33774541803918
98.92580170101472
97.44129725302875
97.01561289432236
101.39045554338426
108.38165796658035
117.35504345805265
124.81967416606552
132.77320156426865
137.5008660308598
143.80257469955677
151.0221348712176
157.3963773128765
162.47696657563804
163.12367667009826
163.02602503852054
158.29460172846396
154.10272277049566
146.43246477820452
142.27846004872524
136.05204424641337
131.43861626922757
128.0299079991443
121.38719889348458
117.93058587134387
115.38189821322048
113.91583250192892
113.8608807424107
114.84424842053973
115.22113174527293
115.60416904271875
113.88111614327082
