7
4
d
54.45467679282885
54.045887298833044
54.88620614144245
53.50271509535584
54.31204980746912
54.739513236750156
55.06077629976292
54.001152781516495
52.35001225360415
49.380172253135036
43.55711043398831
40.8905010306981
37.02749778045359
29.454980217161157
25.610805064274043
19.539400103154634
18.89809084627151
18.53015217222223
18.328917432794125
18.77393830564322
18.020045720267554
17.457240820335574
18.067756870821917
17.58915424093246
16.85346208804932
16.32493625646673
16.49391623634096
16.154927562412578
14.08217011098817
13.370083815888076
13.244264357470366
12.790359121167173
12.37382171106387
13.501612324552399
14.166034923135134
14.08610228414436
16.766328602993916
15.675318349539989
16.715760894069945
16.448364739237686
17.716589016160665
17.010490383876085
17.771513583093917
16.33073997640216
18.480904856401487
18.736140537081024
20.451778050702863
22.324238936394334
22.246148303186057
23.57335272338194
24.108391592781643
25.374810868561685
26.7858591281135
26.12990687570149
26.81556862883711
28.27044820215233
29.88566615402127
32.98499531104451
36.85747181521803
38.54860046670318
41.74651892549652
46.861832593914585
49.89776300717488
55.164822886478404
56.82400451782359
57.68171621135065
59.14087539239457
59.998322882883635
59.54967500055827
59.7571650232958
60.82958657241613
61.02129857506667
61.81399383350121
61.92907746088168
62.89393966007073
62.642966465294016
64.05807836133597
64.96508177444743
65.73093757029247
65.83998830752569
68.76478964846376
71.23786373381952
74.40886428321227
77.12525266690263
80.7699931505402
87.47306823158893
91.77618238798685
97.10321122815743
97.54399817256693
98.05173918432733
97.32036687650178
96.31322962141418
96.87927892039899
96.58602616767567
95.90422596419499
95.61056587284946
96.34569702019364
96.53332851475335
96.73147660723279
96.42308111173682
97.78831401091642
97.39260300138764
98.08566694361157
98.7803540810124
99.17807252260432
99.56634159936958
101.67458706265082
103.74741865976306
104.23366455288559
107.82428036280601
108.27389247813556
111.47612433864413
112.87620966493425
114.18084016802783
115.59744682738966
114.85751578944509
113.99754904737259
112.82291690500725
112.51344866239839
111.35533860373508
110.43356311654456
110.79812700665045
109.65213494169853
110.5439141590641
109.84078418081708
108.25236081319558
108.48859550945953
108.68117582239935
107.60955513830542
107.70803587925374
105.92951881052252
105.1801541076589
104.66731582962798
104.30584329217687
102.98644224170064
101.60704406381065
99.78744663532375
98.74611719022596
99.2050872309099
97.86598058104535
100.31692658497529
101.95999308526875
104.42966816203233
108.82650308426729
110.57143556670994
112.87960018131596
113.28123494105685
114.79791123767949
115.21073844157242
118.32949310233643
119.35683015701618
120.02800906184463
122.48296908962115
124.45521613902856
128.7422000164877
132.12759333024013
134.62937442913665
138.06128368886547
142.716653327007
147.65030200757923
152.98317214083903
156.25281240385854
155.63823593608328
156.75032023730557
155.21011382656764
153.53806195258687
151.59990209218705
150.84895026502426
148.63076146056576
148.31386769853808
147.93393329453284
146.21094770124145
146.43380455229234
146.87934717245923
146.57326971300577
146.54570444714864
145.17673029918086
147.54832443365333
147.69199219322186
148.17097429746454
149.62164501952572
149.59008590477714
150.07285371832148
151.15875133853655
150.2104991089158
151.39289147475353
151.54435564862703
150.84963170159955
151.31690979143806
150.6315266127323
150.29667688192947
149.61867420446143
149.0045158026299
147.86412426111724
146.70527146647734
145.96439514713626
145.16111143260656
144.1487664100379
143.10632254361477
143.59105461682088
145.4216597777025
149.37700315418985
154.17220322321165
156.89345186158243
160.65877757671265
165.560298562378
168.96346071815375
176.06302124611094
180.43919207869547
184.92471538650992
185.90038944937112
186.21469889519574
181.3604825009477
173.67011037565976
161.14487200684587
152.63498169895067
143.47074306290017
128.04045244854345
114.57561891965906
105.28406124875582
105.67085013278961
108.55797787190987
108.35758883783176
109.44356722980565
109.15781323796547
110.30646131575809
109.76376611947566
110.22498844865954
109.99440179925566
109.03525568067319
109.73858287007793
109.1016375504408
109.22274860414434
108.8940330864182
108.89534415543523
109.15838886969482
107.08573642429327
107.53792035086862
104.66302354797945
102.16644263410527
101.4141109671088
99.06613268551573
96.81135398029694
93.59757917510402
93.58707744875831
93.0518334665755
92.72059114118946
93.11042868931752
93.07019062302948
92.82372570230815
92.87492345550865
93.04018271150616
94.52453838017686
93.01626515006814
92.07832263781148
91.9767081334877
92.38230419041864
92.21782137029705
91.44828053712948
91.48407096019271
90.72736233978604
89.71357395986868
88.42079380980543
86.44255017698806
83.68387338721367
81.23183362141344
79.86007471620763
80.20169064992474
78.58912295345537
77.14207307279537
75.74521508721399
75.4852374119709
75.96735179686736
73.57817689086791
71.64158622656211
71.3164169930173
70.459512015397
68.58590929352577
66.39866992291755
64.84290856341757
61.927228176280124
61.849516633470635
60.77978670270647
61.13470932909925
61.531154892465445
61.9534811496424
60.81644320152082
60.8720106390127
