0
11
c
122.61445243364419
122.34231440903471
122.11447263981773
121.84819044045639
122.44584753062165
122.78758575146759
122.42987129150058
122.30021246627206
118.75925045226997
112.19346446855384
103.64587861982729
98.37711051587428
91.51702114933893
82.1079549772245
75.68384781898187
66.29135188352645
57.439410353811155
51.96051314610384
51.596432182708014
50.46374763559686
52.1512506726445
54.87429128604848
58.6864209852915
61.12508619273432
63.119679095988964
64.64479594348133
63.75296037804603
64.86105016766284
65.23142304423098
65.26510308820029
65.39053268183764
66.78924530194298
67.06468669505624
66.57537386452779
68.00017489859407
69.37384616560826
69.08067377449987
70.31263108794145
71.13140180731733
74.04653036368518
74.31419837349056
74.78326833280721
75.15970540354085
76.2388249663309
76.38133328443999
73.79772222844208
74.40029898976313
72.50554711606429
71.25684356613218
70.70827479464326
71.13398788622273
69.93711031395462
69.36908877809489
70.64212444356292
69.00387468460929
68.53462267102584
69.02507228339485
68.99413428280936
67.75584305709452
67.93455568920106
68.38646730291603
67.67756001834928
65.36884577120249
64.69519129086318
61.92258714454283
61.64461735817698
60.315648065082364
61.2884417850227
64.16238844116765
69.84852146720813
75.51861614209598
79.33747098488676
86.33290011840143
91.01708322561831
93.85226617418651
98.04989223121258
101.78500656011141
106.02648319792283
108.23168493600066
110.07735826275643
114.73025456173072
119.57522256478236
124.60653944127738
129.43084241072108
136.0466140206715
143.17932185776232
149.47134644582266
159.9957482587891
166.03879628701512
173.29035500383262
175.21334508135448
174.2489280041915
173.53974904933955
171.12396708248716
167.25457436799988
164.47763533985113
161.5428487226491
161.51900064590825
161.0212816137396
162.5265305589482
162.03116586799104
161.5765426348604
160.91646390417623
161.19366227658307
159.52213408594972
157.6451843827698
150.8290383172923
144.2311398010978
136.84087428654544
131.8560252159453
125.68167201623774
118.48499705866845
111.14913413498255
107.72701231726444
106.20874065670286
105.78720159123161
107.92391442795356
109.95609494181949
113.42061106238879
115.96477695883983
118.84744287883862
120.50333434701298
120.61518493968542
122.46983166602391
123.2439582849226
124.02073962176793
124.32372932424082
123.79451626303553
123.9868715214764
124.00360851150589
124.79127284382817
125.84561410677854
125.10862066407819
125.55555536169815
125.24729847543433
125.86821669753068
125.26582401932978
125.5220259931709
126.42575366739041
127.26599075564421
127.90044833595037
128.96786255519555
132.7996080758612
135.18144492159834
139.2071290724803
142.17644045283646
145.38806523233382
149.6923047161688
152.82768929594445
155.87178607221227
156.03381787971588
155.96235944830804
155.0429139105447
154.507295874843
154.4682589743352
152.48506986169585
152.22501783564664
151.551565101329
151.1657597933966
149.6339662873116
149.44623949318682
147.85399555306174
147.96235535487395
148.5083504998286
150.52007322267855
155.68085176318823
161.25652463501876
164.64785908131793
170.1545878701062
174.95247273171975
179.0781679101199
185.43368641694855
190.49040528040985
194.40976428656623
195.5756541739909
195.89647179103935
194.19074444295578
192.02739009917616
189.75095975554575
189.32559291597883
186.49935911185327
186.0447103067437
185.71411791689775
185.5765576011047
185.74413884675644
184.25300217764766
184.71116901128158
184.20606497814293
182.9800216745992
182.45766180279495
181.57697449561473
180.83550981058778
180.63526588256602
180.08782123455669
179.16456136405915
178.28158501961752
178.62115315633653
176.21003352472036
177.44552822797604
176.37764300602225
174.869447234774
172.79967723721384
170.57723417814546
168.4559175077992
165.58650565866762
163.4756115175066
159.5078477200322
155.26618878421678
152.42305250546372
149.19829225050657
147.87531747476638
148.80316164807002
151.67835768260088
156.86406655785677
164.02974663882603
168.78130363957675
173.90344047301758
178.4221005732857
183.8257396115965
191.27534925228312
195.97151700695662
200.61798181845595
201.52394971639455
201.042409409258
198.51343232951604
195.50707258070318
189.5762593081742
184.88635151498573
179.93170007038592
177.6085038064171
174.7193720005611
171.104639966002
168.9422153371651
167.0758810552482
166.74077627217565
166.1195251894886
164.46808153537486
162.24334846958484
160.2963678703569
159.4661362754827
157.86080373892528
155.97484533758015
152.1941481874639
149.27954097165104
147.58084907247027
147.1459715874121
145.58960861927108
145.3710975425321
144.81291668669184
143.54846367700594
143.36238942087047
143.18358157910012
141.96471486276775
139.48206701870035
138.4120546072595
134.92166352497165
133.48793303330467
131.57609159167762
131.90166768797204
130.45544610320079
132.96566717557118
136.47424204871726
139.6088976063287
143.23454725411014
148.01647432278912
151.0452986043633
154.60698287960452
159.18926724454897
163.15260993396777
165.85404115508857
167.43239483902494
166.9623870238559
164.4463862664898
161.1784037927999
153.5131094202768
148.14608789967065
142.67139497002833
139.63384063148854
135.19900188543556
130.53531702537333
126.96962899927142
124.97708677331154
122.34654119652325
122.50665028202476
122.5040990955082
124.02374968169606
123.7833156493492
122.5466541978183
