6
2
c
137.8183713644562
138.86199171285628
139.2404205162226
138.71365769252603
138.33344116495687
139.04798268894163
138.91861444793687
139.38134674652758
134.26219358231685
127.0830895638791
117.1052952358306
110.82905403312876
103.46923019201648
94.1413984531483
86.92677722863311
74.7676679403936
66.28251045190248
59.27048716251024
57.15741815842262
58.47026881269239
59.18447909074681
62.36321537686682
65.69389683584448
69.52380184194998
72.46075366350925
72.44969811212424
72.01158109954984
73.2142023999426
73.12907587065529
74.39612089927502
75.23600103803835
74.28003770003365
75.13624912832795
76.49847488017316
77.6319156583393
78.4027555852553
79.55898811612082
80.28003462575124
81.90493262552435
83.7727550749086
85.2221356414839
85.83254157747872
86.34124603969748
85.47619209107252
85.31982117784877
84.36892646634648
82.65952678295714
83.13114333510372
81.2308607723527
79.98168658980207
80.60213823350917
79.9656058114619
78.81950849173425
78.25343993702094
78.79972637062104
78.2171971307985
77.90082131774948
78.39032027258335
78.27727207290171
76.56860242906585
76.7274192635624
75.41692293958148
74.36106313841631
73.01431703202981
71.43873926101973
69.52722757273497
69.21972770995527
68.62516302751901
72.21550372383373
78.44916761402182
85.68987565774296
91.40285249869274
97.57532451996086
102.77377183453106
106.2698160235204
111.71828698133388
115.8720231493152
120.10766829877421
122.51747544510528
124.43558066367784
129.65805508821833
135.43622379919464
141.81740739086624
147.2365630712373
153.91836451104254
162.1435572245285
169.05323073821162
181.44486007720815
190.22875294017533
195.75307603952848
198.92860914047267
197.99326894567645
196.04378798830226
193.107824645274
189.45756052737983
187.03923685150204
183.84077939984005
183.65260303241985
183.99472556818017
182.67184442573532
183.60343610253975
183.6713909364898
182.32670748196412
182.97889779540924
180.71529787649592
178.13177739581738
172.0089950479955
164.83693016152273
155.46452440046184
149.41142420011272
143.16170640690248
133.6537608208481
127.29477721370445
121.2032933407477
120.91933588266616
120.01689212124018
121.77895002049482
125.47956727215636
128.9065176861153
131.5412652293061
135.26348543638733
135.89287454026356
137.9091447719646
138.19467421906214
139.67065082324103
140.92765111453116
139.75126208082744
140.25611676425876
141.44603460634278
140.20751704919834
141.37990190179568
141.25293983419598
142.21616192428326
141.15528768451875
141.94494861802636
142.3233470724844
142.85423296771845
142.11806494611173
142.52149066085678
143.8262245043119
145.13576316381997
146.63270016539965
151.1730936514915
153.44113841193416
158.99657190738031
161.62708591364304
165.24196464974864
170.50346505875112
173.58784701878352
176.85694383977517
176.808690226647
177.05542004018733
175.56901967654548
175.93439675065085
174.4091888108844
174.3758327770899
171.64280686653362
172.40811188213726
170.63203621294645
171.04835407888623
169.26981646470682
168.38135330859504
167.94021540932562
167.99219601353124
170.3275073288036
176.27427586448036
182.98363320804611
187.89072902901208
193.08731242985226
198.10507030046833
202.9773934814855
210.98614842010187
216.33045086183637
221.15525591380066
222.39698244301084
221.78259226284266
220.68375274503262
218.99421513874066
216.6166122688003
215.3993998960449
211.51001323742125
211.25608374768436
210.44692123401833
210.33218819133126
210.38115374224103
209.9013000489406
210.00406409999425
208.84393645617675
207.87215845145363
207.10859982822822
207.16410861758618
205.8132008748311
204.56146849806856
203.45720672584122
204.1449460065106
202.03520392643716
202.67729308216138
201.08909575613544
200.70081797018656
199.48723875680813
198.45722004931392
194.9878499684403
192.5016287883433
191.43032566873774
188.87944275004924
185.34831752646912
181.94567203400402
177.30496741281723
173.14677780201603
169.537453947888
167.91682281201602
169.14349002481563
171.51390998773869
176.95664059854943
184.92142711710852
191.19454535634372
197.72959495336752
204.1838231757079
209.04335267806857
216.01125942556573
223.8900196547078
227.136076706212
227.56171344911235
229.42791227117758
226.43045398023415
221.08744599784544
214.5323004184217
209.71135194852337
204.06412662729815
200.5609346211691
198.67141870907489
195.02075186022617
191.98564186325606
189.22934803009045
189.64299039691574
187.10752949725102
186.03626946159852
183.829022870542
182.85000621024972
180.96733535393517
178.91448255083213
175.0933501295737
173.5863443834976
170.0546680091508
167.07672655326846
166.49553166462067
165.2011866796502
165.2556667820722
164.6572031984275
162.9959757531223
162.0507119194903
161.46316388111302
159.81995863267562
158.8606922733905
156.31959533724088
152.91786833711
151.22504667948374
148.21287963203787
148.25977224950984
149.180453464876
150.775783137472
154.82874793908857
158.4479262644403
162.20376323989453
166.83127488678127
171.14333691128272
174.9977889413691
180.3272988790242
185.49683640988295
188.8086817008452
190.57149683829147
189.12787581419389
186.54016617628142
181.34248543878334
174.44487556279293
168.98660661508424
162.4176599275471
157.10154889656346
154.0109407278571
147.74132064926633
143.50166114659334
140.76079098878276
139.25908098681688
138.9488545126142
139.17669222064077
140.3008454208407
139.5333619380105
139.29398393974165
