2
0
c
135.63117084636727
135.097346304078
134.8027898338589
135.25460992488405
133.8695482948715
134.97343285137512
135.69304778351815
134.72350875886804
129.70326770128844
122.718133395042
113.76880322452513
107.3706179870823
99.4536789290263
90.83790744946238
83.43980166762991
71.44137258843398
64.10556455411867
56.98264008957151
55.34137175650289
55.36380848605455
57.79119862896423
59.362965682083065
63.75459590895032
66.7892571533222
70.37961779714821
69.42869973724285
70.0612965622459
71.01800397567912
71.07824458937932
71.28257378833737
71.79893506973629
72.0788977852864
73.24847132631395
73.74354335819108
75.3323168333973
75.44719905119993
76.44202922808866
76.80322215933901
79.0131058698608
81.56185267642532
81.89290428381469
83.07783712722585
83.50932634127871
83.2618840894849
83.1666727105492
81.42232140576121
79.9477068429688
79.4145132947963
78.7334755229904
78.06428722323908
77.35211480245758
77.96808085039177
76.58188788602699
75.78265931733114
75.63379443450626
74.75671526771794
76.39185827536718
75.19783590009989
73.8781665413673
74.31778877929261
73.93604825166896
73.92010121370487
72.27736958837679
71.30301284852148
70.12655702167675
68.12630951341049
67.41279061127193
66.2040184228664
70.00160093612459
75.82311806718107
83.15050462478834
87.63077360711914
95.45236452138697
99.80501601687492
103.49803656170795
107.63615661332335
111.27765888975796
116.23201310886682
117.35899701131676
120.1708257754034
126.08159925766019
130.8156411305989
137.34910382281373
142.72717076641456
147.63892048997423
157.51464729907426
164.1883501635649
175.50098183802353
184.29589254979987
189.9237120967893
191.60476297911455
190.80164746198503
190.54840361451795
186.64347239715514
183.69515086239693
179.40873433514068
176.76832391307266
177.9986849189669
176.65198398125247
178.06447254362718
177.55421344740938
177.71630086852332
176.71549757620988
175.97611558185721
175.77506695766593
174.33158333425038
167.30207531553123
160.1279095111844
150.87711182703893
144.69798869023612
138.77241516488814
129.51790962392894
122.82017011978502
117.31601072672026
116.65294261752193
116.90956267391465
117.99906182674319
120.28721337437807
124.65764311530323
127.24589827230265
130.31244850313803
131.62578563378375
133.17689567149876
134.5263103315673
135.80742887580197
135.97213113078485
135.73499940894732
136.42311134955946
135.42449703483823
135.44102812725612
136.89454937033676
137.32541964131852
136.82094665876886
137.41296377487097
137.86840478668555
137.40051625948823
137.72290041244437
138.11185350288585
138.546268618828
138.80817373850215
139.60998153469646
142.21032416786616
145.43297885648732
149.33249548294359
152.68729034882844
156.6974507801907
158.9463919070429
163.9783275558018
167.9686450935104
171.21105466589262
171.2939427290231
171.31715385646137
170.702956151416
169.80541380847578
167.8500386814398
167.07919511999572
166.38926965973286
166.4646103310668
165.30011904757924
164.5148392062885
164.01291598414588
162.78737347498273
162.3008951581476
162.233217447088
166.06158715237916
170.34235728355762
176.57081134716844
182.0307133271416
187.0004902835309
191.44055214316393
197.23061177298055
204.26684703815917
209.38572854058725
213.8091268035518
215.15670118725257
214.70523345917192
213.53932663677702
210.80859243732849
209.3734256620271
206.65305201595405
204.07348675487182
203.54771349618497
204.76562647832273
203.40586589481128
204.04672303716507
203.06370578829674
203.1809809118713
202.6181376337238
201.16972241087268
200.97671365029328
199.71363718190014
199.42258059048655
198.15035597395786
198.0673906215795
196.8441068254117
195.83945266564518
196.32806835664906
194.0399972537662
194.12451040342154
194.3323598377012
192.49128417481217
189.24734136529932
187.23898653197185
184.55704084096325
181.88764699163178
179.1496155989931
175.3206829877492
171.45647219264774
166.377079222719
163.25093226600063
162.7778827551276
162.85507568113331
165.97495830694598
170.96583404714687
178.54759686776566
185.2286035364641
191.41309539877554
196.2719795746197
201.19152486376942
209.75495304099167
215.09461563021807
220.26808737290702
221.24729677733802
220.58832806981204
218.52682862546467
213.8539547023435
208.46493509424826
202.75667271789723
197.4469108499485
194.42274175733422
191.95089245849664
188.2691009667727
185.23973385575115
183.6058238149206
182.33094751037925
182.00698149124418
179.77183647756863
178.31454114938214
176.536500084936
175.46456181033437
173.36390367119867
170.44105200490415
166.92888975680268
164.1694998080653
161.97695314803013
160.49484220107425
161.6206703103035
159.60654949726967
158.94212910392235
157.70629074425423
156.7734181271488
156.04657584239763
155.5141313822758
153.01261160768797
151.81763234311367
148.92073795429948
146.15174747553553
143.61744256463365
144.36395423625694
143.66036285677228
146.3986099615939
149.24943272384075
154.77192416651656
158.00351670045922
162.71645571156256
165.76402568416043
170.03854861240316
175.49054975589345
179.3491392542453
183.093838867923
183.38155678450298
183.99785762392855
180.63500799075305
175.58491650845724
168.89900391287304
162.43058081752363
156.94835397694465
152.40022585726376
149.40097739888034
142.890721728811
139.71725080555677
136.4395548150722
135.147077960657
135.69730794984972
134.64442795967466
135.1360495465001
136.20686863988706
134.74223598058248
