10
11
a
105.33365921690879
106.14076308291851
105.28811944188524
105.40652511032867
105.30746460317768
106.40287611930366
105.356329578966
105.29897642762081
99.22911691912496
92.18653006370299
80.23777057810922
73.49523870580002
63.983892196464815
54.91729151028394
45.477929096354394
32.48765036718567
22.16283716276077
15.70655585891297
14.40493113816026
14.041831684850862
15.682120240157278
17.445294160970676
20.908168311004957
23.24618102941294
25.85748968871604
26.489269966257027
26.35915394665973
26.064409725655363
25.2900600173936
25.49505364089722
24.56888445882288
24.544597744928904
26.79125176868757
28.528057213673033
31.522684869389945
34.40367795022686
36.654960863597836
39.71406279911856
41.972485246807004
45.08978227313366
48.40139880881383
50.70035052946891
50.94343073039933
51.467987914058014
50.07063365130585
49.55859622526586
46.007068802794045
46.02022975012032
44.10783542001973
42.14906653070751
40.182224615508915
37.04979375113572
32.53309616664462
30.506232662259062
29.88990701811289
28.533689303168725
36.832016977584345
48.187181020538276
63.33743121264546
74.09597722320645
86.97139247818164
105.77467903875639
119.9162340942568
138.83828352692868
139.95269398301986
140.44633637361596
142.3707399948292
142.20584520326656
142.01615341957324
142.66501482699567
142.69435051434806
144.429605331037
143.4653782892742
145.31431702532117
147.10813466814676
148.385267742664
149.81089583246174
151.98748433581557
153.67645753289912
154.7683877931484
158.20856398201275
162.20099258652297
168.30782723543862
172.2402696576164
177.55372343415974
183.51130307271436
188.5516703460263
197.70052254778543
202.75641742799547
207.81861787675484
210.63508593082682
208.5017583993001
208.00585873849522
206.29352193489623
204.53224565994356
203.3632926273636
200.0455467266387
200.93505494016603
200.64823931285278
200.05149977614246
200.42485731002455
198.4750713577809
198.03253867318261
198.1007173095534
200.51791849735667
203.11353595723492
207.9165542145698
210.8933452062235
215.0126456101664
218.09123733568646
222.59274612280825
227.49265382354125
232.0084298263982
234.51272085761354
235.25233686281615
235.2254306976813
231.82316090126912
228.4748450231763
222.95014966927707
219.07009032627454
214.81055998238315
211.22971473879693
206.76231498206073
200.74585489751678
196.33881736563623
192.96922867846655
192.19526373948602
191.6909283204145
196.0781428978315
200.9863893300594
209.17920410749508
215.25855046171753
220.99228416334861
229.6077452198642
235.15667798671114
243.89743883729133
244.91445246608706
243.28494109919282
244.5268670148363
244.3650667130342
245.66118187962542
244.70395677207821
244.2614730268704
244.76288733156375
244.21858550989612
245.17626339357545
245.2102113525832
244.38242731801543
245.28774602270443
246.22580715497958
246.45638876279114
246.17479677155328
249.59313404915738
250.05262406913894
258.878733995096
263.75982389353084
271.17030627264336
279.2798580736325
284.22791462295
291.9041957726233
295.4604455948196
298.9954936544647
298.9724804634624
300.43880105066995
301.16860319768097
302.530551388368
302.98486653708215
303.99840476640463
304.80773347147846
307.2284975216671
308.169897664145
309.68569937028286
311.2927193288981
314.1297956178085
314.43779181585387
316.5563337808794
319.1965247464982
322.72875873433946
327.1393446542651
330.9285513491081
334.428846059889
340.291460809926
345.1648489695765
353.3972315076248
358.7883968577521
362.1144630727674
361.795813332933
362.67265336041606
361.33860458448237
359.3976063285958
356.8482071241017
353.67317732511043
351.71489423981416
351.1422791684588
350.01917284842216
348.4996221754599
348.0255377456289
347.78765515701207
347.5752252157762
347.14412756847213
348.3043086195643
347.3818483655605
348.0388822860855
347.20111145899
349.18394856282663
349.5139262649839
349.2312954245758
349.3925730940579
350.2928127088354
350.6256013654017
351.44289764919824
351.4773008470666
348.8511646473392
345.5711854357272
342.1328010772431
339.23260356672773
334.3704515714794
333.95205263442745
331.8675780395469
330.69158162296895
328.21238152075335
326.8575447379075
324.2822689936574
322.6517711807187
315.894871904361
310.0016791628928
296.65108448205007
287.64899746451397
273.7890234721004
257.426136534136
245.15401340469006
228.00849186583295
222.4161864165145
219.63053645878423
219.196169486229
218.24147114860287
216.60780697217123
216.76068988600696
216.2055041092365
215.22637909968464
214.5908050467102
211.65496105908917
208.09574991034836
203.0446268208696
198.35185574091295
195.86713446162443
194.90340640689962
194.70530565764076
196.85009282663611
198.55483486140625
201.40587917711744
204.33851602608308
208.17810186523087
209.27387186418073
211.05573151092707
214.3011666914834
217.13271373085925
218.88755353609633
218.47461575093
219.32590782078026
216.70503809193517
213.578793701302
208.1792079795127
205.8233372945843
200.7915362637828
197.03195148877407
193.0793112271789
189.83668586578912
188.34239628682155
185.2291515737976
185.34204937739452
184.5375260840283
184.25719010190798
182.75614229273341
182.21050799596716
181.73702304180443
181.29963115149002
179.58516285305637
177.1591733875908
174.70695071147705
174.14728585992825
173.13776193200164
173.08578207338826
173.18389999108425
171.53544669197538
172.1382953743438
172.26233441975972
172.29694395559716
