8
11
e
220.36423822785912
220.66885055195482
219.81847575868264
219.44824710496454
220.07474490352354
221.09368569879376
221.2933091150162
219.80788837163894
211.83400633056783
203.41970902166148
189.3121470873816
180.0145361689857
168.52087999959267
155.90912894171254
145.95622543791467
127.76013657177293
115.77604755814683
106.174654985031
104.08877174552319
104.22730257004302
106.36288038937829
111.4927890872562
116.68171165955373
123.86457053425977
129.06566768425714
130.78754877695908
133.10172799742824
133.98925266632318
135.25108368802307
136.94527338658074
137.06964152866382
137.48806943894712
138.20817455234362
138.2558634693058
139.40436937256484
138.70676515550215
139.61339546379776
140.72190450436838
141.7207699698218
142.63651430644413
142.7175163928665
144.16225529606203
144.1318559781723
144.386217676692
143.64008481021008
144.11554318536528
142.91259793797235
143.46124794712267
142.5643205049139
143.39232064236214
142.07805533604426
142.5393614903395
143.45874270540858
143.15993965262675
142.75562784618725
142.720250991983
143.31514690378788
142.6330073346169
143.38423009897895
143.45327033583328
141.93262803495168
142.30985810403288
142.51622075283098
140.96642186530715
140.12246635041302
139.154691874102
139.77569153451876
139.97939132752913
141.6071472684517
145.5962765885322
151.64300116539988
155.69578320979446
160.48961238055546
168.13948236013852
173.6816473237836
180.33015585473316
181.1314697253061
181.17555203522863
181.65700378313593
181.78746063854808
181.70291641002711
182.7724133330701
182.05772950546827
181.89044859007012
182.65326905228505
182.38260665436323
182.92180772812077
182.6445301040146
181.70197962057986
181.3227564224488
182.18585661836204
184.26089567663743
186.90279576905257
188.9065521862675
200.67309341341448
212.30328701095291
228.89291020340576
239.40402814279219
248.3686751479133
264.75373567732737
276.75025639658327
285.0163574326639
287.27564131836954
286.6511154028311
284.62502873814725
282.2001359948913
278.59198736019937
274.68460083797044
272.2978734684828
271.54914836847206
272.22803518493214
273.7810386000432
273.8939617471529
273.821225529535
274.13088657587696
274.33893070373165
272.2487578079351
268.4338724456997
264.78387018767324
261.4971299861914
257.4840645111438
253.6169595164259
250.21487293391795
245.50035097363954
241.33265170500434
238.60963523814314
237.54110499582174
238.11619922296094
238.05923268591363
239.20877469596982
241.38842768911096
241.72293885278884
242.33015738752064
242.36641660115768
242.59947560411638
241.26359692818414
239.61972245065726
240.0518617015756
238.69316867569663
238.76892824640402
241.36346596310014
247.03571930211277
254.2235442799054
258.6731997656421
264.4319810749216
269.9946718397159
276.6152486256624
283.8280566351122
292.0224480649248
295.6522384931252
296.84133172338915
297.1955990037336
292.9573628968425
288.4014943304217
279.92626979264355
273.82392103221343
267.724437116323
263.4016899629472
257.86027437807115
251.06899093492987
245.529567756408
240.182492749801
240.5202059052113
240.12510913649942
243.30177676074257
249.55977262425628
258.32981977732027
264.971773802853
272.0548460304323
275.7411350049027
281.14257954182335
285.0185873771559
288.93935474038966
293.48280264954013
295.5305350917725
298.08231429838753
300.7572303791498
305.78784652704087
309.2384421353422
313.5292934968566
319.26992089879406
324.2511282390918
330.96132212688894
339.4269396558769
347.4206485317036
352.2762054655549
354.5228050146901
353.2074697832213
351.4512735279684
347.88029775557214
343.22644449398706
340.01644956369825
335.9069732370144
334.2337133350878
332.6560682361822
328.66543372622425
325.9387498503941
323.9702661994861
323.5488815880532
322.51081335552146
326.68744542531675
329.795901979878
337.443316270993
341.22223413949365
346.05468619938966
351.0114565953272
356.37273773745096
362.8714938628341
367.0395613944707
370.9281923244155
371.4112614540832
372.4321585125286
371.05166797786757
368.1513076696967
365.0972411798029
363.67130728089643
360.4699905237109
360.4391839785503
359.92947724906605
360.4493571793884
360.2128368914212
359.00481694170077
358.0394375414852
358.45202764938875
356.75236267162455
354.10432984736656
347.4706497036332
342.68452292760986
335.58465498357737
328.74688427662295
322.545078210132
315.77171623029386
312.8333377153253
310.565128744123
310.63980117174754
309.83046524421405
310.17788982372
308.3268423335852
308.78477416920185
308.2738689422727
307.88805487006385
305.0419515803903
305.0521117158653
303.46105804395853
300.5287613189202
300.34968893617554
299.4338626201649
298.88085112870056
297.7464212663117
297.3543776255464
295.5246155081176
294.35061561018864
291.65092099651247
291.04033851973537
290.0997209944089
287.3400321375311
285.3876249971663
284.11647704342795
283.47197633023364
282.9511863414047
283.92754591752396
283.10584355951056
284.3623505345528
284.82218388183134
287.02382751476085
286.00755819825844
288.1057739622602
288.1216837621039
288.46673897100726
290.8113662327075
289.52983724767705
290.18482411640764
286.63195810414624
281.56634372801943
275.1355977156022
270.51524413939984
264.13883614779184
258.7692271123693
254.197793676048
247.40222575584045
243.1633948892799
239.01650199774096
238.5065987319893
238.23266955824963
238.19369514730485
237.9602109426097
237.83281849392662
237.49080477786882
