7
2
c
161.1900511473046
161.29471062406284
160.63085099925206
161.19657079142422
162.23894038575747
161.99831107666716
162.03957739019194
161.1080169104404
155.57489102254218
146.6574490029422
133.08786684256734
125.60833947023168
114.41092171258218
94.8388424095806
80.48277040468234
65.52212718582938
64.43834961438932
64.69284857516881
64.43036393968636
64.34455450565092
63.033191345635046
63.91595905364696
64.6576432427972
64.08294294335191
63.91576967529213
61.37502501830506
60.35592886334741
57.82451913376837
55.16766964975862
53.95049102229053
55.00811940948066
53.415371082239375
54.967411915778264
55.321664160626696
55.801169303512644
56.15720255079097
57.841374545607266
57.62757555185629
57.92887517998511
57.94855616126719
58.68362642104774
60.316276707254055
60.33657588108329
60.14982227459167
58.308534898743794
54.40293259738776
47.724341088633494
43.86126694850439
39.2460562114645
33.814423035499104
28.936425074789337
22.19433047636862
15.662096314635853
10.956954465111217
10.04983326117139
10.156684068244498
15.223628096094194
20.940360412067065
28.78653349610861
36.0951617602348
43.23274644114408
48.522622672895515
52.481865979023524
60.52664554985543
65.86217734060975
70.54922890490337
72.2517067186056
72.18438262550087
70.41658511760615
67.37556241298843
64.40495508208927
64.2834345714117
59.72049113418762
59.782916308946994
57.6956498785395
57.1635606021143
55.036986668403955
54.748448691617064
53.85538525778353
54.88814817630088
54.993863460965535
57.356436776316265
60.44490207282316
61.88717979066992
63.60061058301578
65.3689493816643
66.28941059574177
66.48752071007227
68.45103968894448
68.75348726043568
70.49658102440141
70.98070827893798
73.42716054478537
76.5571938528956
81.32920202426654
85.19702768977942
89.31631675410183
92.91899209983973
98.66127848253127
104.96551392848696
108.72823247888958
113.51809089132544
115.13933787146337
114.26599844207188
112.89046348368039
109.74276934564793
107.00880151782773
103.09958463933114
99.99348034664075
97.25932561401487
95.865563598114
92.79526717088598
91.25535500580443
89.25028297567074
89.25871593934193
89.82393824646223
90.54262917738947
91.61447725474666
92.14550925107275
94.8101143101403
95.4476696085713
96.04853780295288
95.64485055369585
96.16690083964168
96.06545761139094
97.6558091493921
97.61318784517306
98.23416989325243
99.7761720855392
102.84068231595505
111.00102599809189
118.02613895709014
127.9845703578202
137.36259685910065
142.87780804776085
150.76783723476441
156.98671320232728
160.44305319938184
162.09376118975726
163.2268053531826
164.4282828062791
164.45218194956118
166.66157107665757
168.590035602356
170.85204631584895
171.98964857244218
173.47728450227214
173.77948023382447
174.95531845134346
177.4783959101351
179.84054468064352
183.25534268727694
189.5812074237192
197.17315243541466
217.82950125668663
231.24158474622521
251.00303115506367
269.1526528552712
286.9818391365984
312.98898407113177
333.2736739194236
348.81025991609096
350.8398786763254
351.3704773727943
341.1323546374611
329.1628253752243
309.4313531794693
294.36556695109925
276.54318521325985
254.9049416520694
238.53189570199117
224.46982618801107
225.7911711496025
228.52748359643388
229.50007902388592
229.39021723114124
230.96787291805936
229.9324376464572
230.1683323557243
230.50733696115336
230.534692197276
228.8214204745969
227.45787077426593
224.22426009060524
221.5097819354725
219.47555018056974
218.67643150091834
217.90521377176205
223.55872192367767
231.39899909428524
244.53121998655024
253.1511448997339
262.5914257944304
272.49651833342705
278.8021096918821
286.75516656541146
294.64838073366474
301.8874559423031
303.71379341718585
305.86248818472757
311.62927678784774
314.9699233934964
320.0877482417737
324.1103079787897
329.0533346542548
338.8045116767476
348.48702269195434
361.9944199410439
374.2990644916926
382.9921858468789
385.4395761623645
385.5295082071576
374.0509415252374
358.88499903783105
335.77031398552737
320.36771212503936
301.5134689071177
285.24602352624555
272.1341070884185
255.1786548550386
242.97982963636733
232.37921927840972
229.7044267399087
227.02664292351224
222.6678058107196
217.57438973105312
211.86793199377374
208.3254423016346
202.93703460393712
192.6054616733848
182.4566728567356
169.25613060637076
158.63445771630677
150.43128580268825
149.15637063643075
149.50813044077407
150.6541788857473
154.9300568501628
159.10929210076526
162.399923011582
167.34549220903597
168.39757979611795
169.6976372684828
171.87868179628015
173.1994437755237
174.035943474451
174.1814291724441
174.69210959516914
173.00433528249565
168.23316116740833
162.36483115355688
156.99482012134192
152.93068769347147
148.05452710837773
142.73242738946416
138.2235865037441
134.8790342069909
132.21384968568043
131.27274682243086
130.79253815217126
129.30493593863383
128.49203548620721
126.81113968028886
125.73019149019744
123.96809970328506
120.78036743986877
118.61923315824527
113.6337871431474
109.89421457955187
106.97351854458556
105.63708148339389
106.03834613107868
108.68950938695595
113.4118532487794
120.45589469390593
125.9241213266503
131.34851745883876
135.52346033521377
139.10258499564927
145.78634892830257
149.96731646669613
151.8127209664812
153.24726961739282
153.91542891927656
153.43076042075776
153.61506075231836
153.52686008631144
153.60955085375377
