7
10
a
9.471781644984949
9.892574633366841
9.70725455079128
9.233844902568583
9.870224542815128
9.834164486956853
10.234616222368638
8.96522856309317
10.303907608434097
7.869934886631148
6.645288707335811
7.05262220480141
4.387717826846518
3.1528306653932257
1.922484213872433
0.29268144158463905
0.0
0.17065318791880957
0.0
0.0
0.40267833571601974
2.0882785902872647
6.2739748667142194
9.828304285417532
13.7493747267465
16.482429422882188
22.248884938726903
26.217353102494158
30.43090299926147
32.97980151065839
33.54613956910542
34.01489656465929
30.8859408890907
27.37175871092222
22.827380707918582
19.604163977400614
13.118879969118753
9.865226905609557
6.452529842197352
1.9501273989105017
0.25128564085010263
0.7685572206947061
0.0
0.0
1.1409032076044423
0.2717581861083399
0.0
0.6608702079589985
0.46201121098581155
1.9073109537457105
2.70522250062391
1.9067973216353071
1.810929523389129
2.0442743624771564
3.861936608275947
4.04982484127992
4.51040533474262
6.761243065362894
11.01474216402698
14.173767783188275
17.560173583469325
20.108344458361287
22.383101088421583
22.53339510147555
24.782175163748526
27.395283252862534
29.400421260421638
31.882187139174004
36.13669761584996
43.966899988058145
53.608647045795564
62.3396412038347
71.5979097720429
82.47791764770892
93.39811442264504
110.26795269884916
123.06408307242569
133.01322444156634
134.89704035254715
134.7371056043786
126.99865427081178
115.44840836275941
97.05165077240194
83.95262898853214
69.61956739486837
58.97215745755249
48.553624712275656
32.99746446553716
19.74464784247555
11.26281202518514
10.16240490156656
9.46363367598494
12.139515695845814
18.41589593520421
25.10805838824664
31.65279531885274
37.58007549623159
41.478845042774495
43.376659825027566
47.619278188697024
49.38790842251004
52.58444054737715
53.9736905962502
53.817133105923226
53.0311496508936
53.55997970311583
51.70174955132235
50.164868475001036
49.26570324080304
48.53336095234699
46.939825111627826
43.857407425862206
40.72444609768643
37.51113835234297
35.55894304728493
35.65492957062401
45.450717945438015
60.4038682856369
83.28125912041104
99.22681767546864
116.84864035554368
138.80983679815478
156.75945666667937
180.15733078550622
190.0431521364331
194.97703623884902
196.43647362001633
198.94142690785662
201.3263914238695
203.1240751583238
205.28917406697502
206.59305463555927
209.37600370343478
215.39086229879697
223.00834233718263
234.61741348562475
241.91196592671318
249.57072571932352
251.1707423907152
250.12136854558509
243.48581427691244
233.13899674641866
218.12526634232424
206.92378178177358
193.40904409659277
181.32964688379755
172.62092847232955
159.16610468269485
151.4055873736868
147.6432784240041
146.18276254620878
143.52344705308766
140.3669947499332
139.730694732033
136.31808933295852
134.86647376905063
132.61369514142825
126.08637723416601
122.6463342939007
117.02692477382087
112.40236515136802
109.65019147834953
108.66264236301129
106.58909579416482
105.78922634186746
103.17207667635601
102.52008931258825
101.11176151997236
98.08748547811514
95.95028244862155
90.79098804204857
84.36796035223426
79.19239070192405
74.72996565676361
73.09165623537123
73.37197628932543
80.21485634194605
87.88940289817333
101.07967095608076
108.48854670846676
118.49616521837886
128.34228725400453
138.30206581610966
152.75405125537762
164.26520322744426
172.88719810658998
176.00500593575245
176.22697017955275
165.95512786223617
152.37491542666876
131.93912625437272
116.55446275862977
99.3182172757968
84.30992036842834
71.87879975347163
50.947261344491054
34.979211570646
23.461961311234457
21.822392066798557
21.234935333766458
27.15615686668277
36.1170939420531
48.76570916234428
58.99709339691104
69.72735728261348
76.02100888487881
82.38411462893407
91.80574263073588
99.9301568562691
106.14554332056456
107.59204046223567
106.08469221395096
103.01126530111462
97.012460914917
88.49027171848667
82.16688071399385
73.731652313168
68.18375732721071
62.05879735615297
51.60638251660553
42.39788328391422
35.795879186060226
34.05997976535018
33.123654003813456
44.6977977368843
60.54837545091801
84.5464705447212
101.08870471336465
121.72572814973843
137.4031831442602
155.5469712360284
180.8760617702341
198.93295190520962
214.49686913072554
217.71716601225367
217.2564231921159
211.42801519259044
201.28990445940602
188.4724174593029
178.2056801714797
167.66104613195648
162.57125769558266
159.67806660917552
157.60299007344233
154.11815784243137
150.62919543907884
147.28827390079448
144.1218595171975
134.75355811764516
125.23127744136724
110.56153097920405
98.89115344919523
83.28093507366864
68.57299743053211
53.88391776990396
32.33969773155261
15.989059597675627
3.0722329991254904
1.5694117705459654
0.9863423328864795
3.269970031544107
8.78763933696007
12.964831530706933
17.58116020243917
22.70962633776825
21.217119003085607
22.809375428754993
22.13488100616869
22.455210448003445
22.07897259411979
21.34172054653078
20.474628998734882
23.626338846968203
22.987783644725422
24.084029474811203
24.13335620492102
25.458908975339508
25.51924198617555
26.15746885014813
26.486595388836477
27.352978354241802
28.03066273285114
27.979673851230277
27.484820777560262
27.84348714244022
27.56507250744483
27.574879557491272
27.50058520410475
