11
6
e
85.57798896189148
85.95942838344742
85.37442003988342
86.42100018964636
85.41799004168256
84.59582435153563
85.00387314098916
84.09770071964326
80.46988546865965
75.07805926424663
65.83131254601737
59.545087046373794
52.700862802536136
43.97045611038186
36.922161542342266
26.73022016464227
18.331247861599632
12.066189302255642
11.598597690269779
11.596913360646539
12.240648777332684
15.557098296475324
17.12953508195652
20.573793126131463
21.650990338795257
21.021523390959764
20.531712544248386
20.89505241190815
20.310957090626754
20.068662623833564
20.590833843166152
20.247301397772226
21.97307100809426
23.365670877363133
26.5170572115273
27.725152187263827
30.460395580566228
32.29156150322636
34.57870654814215
37.373543827232986
39.03695482401109
41.2411315820406
42.69516967698486
41.531346130152016
40.36464557207622
40.23236178998995
38.55664111147052
36.6570849606458
35.60916364202433
34.271429245816975
32.643533759016954
30.246007887323035
26.444381480165788
24.831186132030453
24.43759129531633
24.040533955858898
29.603090638019548
38.26027639383066
51.433392557679895
60.046057947827094
70.70978990521657
84.92595096761345
97.13038705092602
112.24023343767281
114.20176903736858
115.38012469985061
115.45475835682144
115.59455043736392
115.36119471886137
116.4183194845608
116.398628404792
117.60770472807903
117.51124125632116
118.42165184696181
119.28868140817593
122.19593460209883
122.34640732847278
123.85146340921342
125.24297540509156
125.69633593827695
127.95518258301342
131.49599528229527
135.8346133906503
140.61490688907907
144.26702592531126
149.690853569371
152.64098661475393
160.7213518458458
165.74264443841886
168.80478504906006
169.81610372355988
170.03617639013225
169.18667045879215
168.75765024022002
166.5086608327133
165.29009010754126
162.76132922490132
163.19234266398956
163.3328069431958
163.15780950235356
162.86928143787148
161.65542277126178
161.60097596685378
161.25102352509217
162.9524471884013
164.97490362925322
169.69390224309046
172.11405192946856
173.34278444090026
177.2635581942821
179.624839221559
185.56498823304514
188.41178495042578
190.76274988516897
191.31912861834508
191.82261638160992
189.89918978692037
184.76195423983214
181.5888060206443
177.37176641852673
174.12038624014627
170.4486045434968
168.08503131165835
163.83499594885654
160.82427849379192
158.40283658349827
155.53491567275412
156.59303096010322
159.19744546662918
163.54513200622836
169.381007726879
175.04624338978752
180.12635390380427
187.0438787338659
193.1966126623574
197.8339977961044
198.74810613286965
198.7977172411759
199.5155701963788
198.40816679854618
199.00489917583684
199.38173999978022
199.33754265999036
198.50921119965
199.70732174757154
198.9859369604319
199.58379116354283
198.4582200475482
199.24564816133008
199.23507190918176
199.91192723394312
201.37376720220735
202.91216245223657
204.4535009451722
209.56681083287887
214.87556390525822
220.49938180357202
226.0278670003405
231.33210257685414
237.52241204567017
241.01711696463522
242.41251650964904
242.72295719426415
243.54481216596315
244.6711091518762
244.75233682295607
245.96583392062368
247.42933652577432
248.31724129605163
250.51950762441356
249.79473017874543
252.594658874413
253.54226240785874
254.85062949962116
256.249668236768
257.7798007562118
259.7380211238355
261.7037695490301
266.4582325489663
268.93933180910426
272.4531959529621
276.27683564025466
280.5093084538222
286.3364184191119
290.5514248815676
295.09972373928565
294.6925709172893
296.02524805669873
294.2091710612697
293.20619674615597
290.05293576652065
287.6472049597033
286.5998658722323
285.3094267508184
284.68849161935407
283.56121140409255
283.230121530075
281.7502229415809
282.4580796940052
282.98197781532
282.06093691267864
282.97110313724
283.8463879668116
282.4966160371277
283.45109560602384
283.2830049991917
283.2755606093361
284.7950932780261
284.723540389665
284.6964528505075
286.1817713534905
285.7695928979592
284.1011144499846
282.46689866889227
278.06073791292914
275.74266164730085
272.29694498702526
269.9115805241483
269.48825634660614
269.2621272649763
267.6616821994838
266.39698102554195
264.5325410113717
262.7033604142039
258.1162876671997
252.25484249568225
241.07924149514668
232.95768781211694
224.27958060272567
209.61394994615515
200.1513665674317
183.9342775990378
181.08613968996227
178.52587094613813
177.5206363440059
177.33094961924567
176.13244956403526
175.94998612421173
176.33115839283164
174.61688654972446
175.10537783711877
171.22786132479146
168.51496814515724
164.34184253404848
161.11240988563836
159.2937198587251
159.32614063914517
158.02023239655574
159.9408054589616
161.54332568363938
165.65730449140784
166.8656327054948
168.6199602643741
170.98576221638507
171.9754509609081
174.91321924800624
176.21880674408436
177.01168312676452
178.2032022557336
179.28204314292964
176.93539873485759
174.28642679481757
169.99183088704038
166.62063381443866
163.44468431863655
160.20856591660623
158.39117479895978
154.1677264501926
151.15508610071797
150.78988887775577
150.71322286773406
150.61282441718856
149.84677770585856
149.1431252637451
147.98610769260654
148.00479802656025
147.51425194941504
145.64289630358775
143.47646657524393
142.29126289781814
142.19763553034772
140.3544769781682
139.2452330609512
140.2208361530037
140.4208319983655
139.9792990420408
139.51036850066882
140.34152843703657
