10
0
c
13.93904701606688
14.58284758312954
14.921627664414213
14.375688843987852
14.629021901341149
14.265104203896552
14.514332362360944
13.47917628293386
13.496205439117075
12.202145343318337
10.402330587709793
9.568661276590523
7.153593031049594
5.110500760124208
3.235476096741224
0.47103577903006955
0.9160300339621996
0.0
0.33241948528894
0.0
0.0
3.906504099539434
9.709823895485073
15.165924948445777
19.882834813792247
26.536249223548246
32.33592485734402
39.09533505360034
44.817392881265775
49.319557921703286
51.046061146672436
51.10278739263415
47.7512662039102
42.3292153522621
33.57012185311674
28.235699799992403
18.152383579354996
14.166908282136031
9.397411538955025
2.5420149404022188
0.0
1.3215475444019429
0.18526510404472446
0.0
0.5331613250671557
0.0
1.3208817235371644
0.0
2.2333302991806954
4.102973298054498
3.746284870940264
4.530179251930955
3.808517757483087
4.198357609435553
4.946303871947884
5.4259817442305165
7.336810668151331
10.27513192980592
15.37663369610335
20.04147736149961
27.512052142627823
30.824489049654325
32.64226352121183
34.707459592538264
37.723449882592256
41.70334096443449
44.28904725472307
46.84461151829579
54.754239481203314
64.58354917234597
81.08188991950213
92.53060319195816
107.78404871610438
124.5574393564924
141.36317518564144
165.6159354054809
184.5861603587096
198.89999711961624
202.82153806328495
202.58298302492636
190.68399894925335
172.6208682969685
146.04313135290067
126.78728825665293
103.70033340564122
89.6073445076691
73.59811508414927
48.36610550674734
31.40103198226577
17.84386852328614
14.872820015909214
14.274183794491986
20.031464023973424
28.464600374108993
39.13168490891446
47.61091605349443
57.23949801916842
61.546643896165676
64.70516673316968
71.11651885153846
76.55364768119816
79.14695477787882
80.18036805157264
79.68257411202339
79.84134316082836
78.92916982212377
77.19987545840146
75.45748616122174
73.67514028042811
73.3595491237523
69.98165233416114
65.93785206943397
60.037268087549094
57.04714494012338
53.896032797908596
54.11382648734004
70.5082371284738
92.13164843832236
124.60375959952597
147.4480443647119
175.2772512063225
208.80181194421223
235.26804801997932
269.0581284016439
284.7875766291396
293.27489075261644
297.5216614594256
297.9969194634811
301.88673498675547
305.1065078848531
307.77871137282534
309.6832851735597
313.3166013835647
323.02291885495424
334.599398468268
351.9744755061077
363.05657747832134
372.9525833866469
376.62992051876046
375.4157094685967
365.08167766132163
348.53572207028867
325.4570072678466
309.809373965964
289.90401945848583
271.86871119088545
258.38098911532643
238.92534727678998
226.08915662330858
219.351690598522
216.95060166885452
213.95369118707936
211.84836355488537
208.66566552227786
205.8074589401673
202.55421787721167
199.31607232558417
190.8145930215923
183.8266226892247
176.16373733268682
169.27842522153426
165.1625904855471
164.05485000611793
160.30366514416474
158.9982934398593
156.88222953280345
153.74447971123396
151.31812559651027
148.47981329480666
142.49611128992584
137.68877321470868
126.89734281868026
119.2333412901375
112.43322743920407
111.01652053128264
111.5371723416867
119.6335840902158
131.60785724880066
150.4757943619837
163.6577387760636
178.6471221129348
192.6678016192692
207.5162705860932
229.1930848377155
246.92598856485284
259.62820331713897
262.9394288381758
263.9014447781134
248.42793482758498
228.20744319625246
195.78837035038381
175.1059516872506
148.87654242788938
127.39191286511196
106.81024730523173
75.75996612489317
52.609706007701575
36.12888091340224
32.9314311103988
31.595994877142395
40.86444547208384
54.6113543598864
73.45393804441453
88.92244988419361
104.43838336426721
114.38101655909644
123.63963274865617
138.97608969316036
149.59938304475787
159.24066668677358
160.3726746624235
160.81862363634988
154.58889570405003
145.19199945783078
131.39581680986697
122.60290191304927
110.97601705452583
103.01030421811502
92.23254116829676
76.08241236800461
63.76853058718387
53.519306190005835
49.93719714283927
50.34465042197205
66.4957102941793
91.93873934235533
126.80464095207157
151.63680542917436
181.68891082850297
207.74050292133623
233.01597278594193
271.369030019486
299.92855712093916
321.1201898170176
325.0086602186631
326.49614857301594
316.1294147985909
302.16798872730476
281.9790128545976
267.19869625293245
249.5086812319669
243.70754050355686
240.12325907159408
235.48221401641365
230.8374866912549
224.72823654017208
220.49782478343496
214.84156129134308
202.65074742264548
188.3070749205376
165.2348598288881
146.7478111759909
125.64047180423793
102.54748421972285
80.34240901324374
47.04685740478842
23.399578348754947
5.6661782707332975
1.9322495491932141
2.130222269091514
4.833091185114336
11.74018139350252
19.48988659054716
26.73865502576333
33.89641905663737
33.54618082062953
34.76028341760076
34.21534388057236
33.17296376158454
33.055532273547335
32.952210891672216
32.990948320116445
33.251615876671806
34.66855302891315
35.56063747260481
36.00559198624323
36.455276292091774
38.25259604380222
38.55289822028341
39.81711313426706
40.5425843124676
40.827659040297284
41.943518443053534
41.45626468109947
41.36811624124527
41.81533843626391
41.365355448179976
41.49636423465879
