3
8
a
71.7336255379125
71.91713919906458
71.74893105699981
71.55605507119871
71.70644270396711
72.07161561726666
71.73127977573533
71.9396495460083
68.46857705098792
63.77579804816204
59.277902587135706
55.42208804673015
50.33615688960265
42.34419814574145
35.36228848728015
28.998273966497145
29.735059459572113
28.75992125007498
28.419217868993915
28.565075318105855
28.900899289586363
28.932549068587917
28.463441347403013
28.25587932687895
28.660389253699297
27.30073305429017
26.713222376074636
25.37452693339644
24.789366445285722
24.183912379379247
24.10974850896005
23.355390877255665
23.641528479568773
23.78586355273579
24.643247830318963
25.002949090760435
24.53454502347818
26.48140274420064
26.28450760194978
25.501267489403766
25.985021322870082
26.89233708345302
26.55576841014181
26.465933088790614
25.10835115923868
24.600996016379526
21.52492726647828
19.14393571080481
17.469480601757294
15.673476990428895
13.671933674160806
10.200216602641518
7.476956783959968
5.339996655930673
5.090382354553716
5.484346695752335
6.727413360192509
8.185823232246957
13.842267276126165
16.291864775997652
19.20995377040421
21.030005276278608
23.593827914315543
26.43970824363858
30.02828606279387
31.092438211520356
32.241221777238515
31.52727768593734
30.593300501620654
31.326166198010597
28.318921205117157
26.810846777799537
26.837399862986356
26.099220176334054
26.714937404268795
25.130350878628708
24.268052805274593
23.587076674629483
23.53485577925525
23.870987085524945
24.48635617345503
25.127145272622656
26.275118953714706
27.69618381445683
27.785015626672124
29.456438647547632
29.058791916582077
30.14938795754826
30.307501055362337
30.841025852744004
31.589405427085342
32.85839756331263
32.788784220438835
34.88767271090971
35.547754802742986
37.97105486297024
39.09138660827903
40.98069648513691
43.52639022007499
45.207578433282876
48.91494784786936
50.37350098204731
51.80209550325638
50.47768777834879
50.00548474438545
49.332606237435655
47.078048054958515
45.407879572379144
43.93389151396609
42.068403912466124
42.4711702187687
40.92449761700528
39.8594911019583
39.40982169368114
39.490140382716326
39.20464386541347
40.91498659750759
39.94378457196011
41.29206004973549
41.91944456111875
41.92748091423066
41.549327353176146
42.90525725088534
42.86291338150251
43.11026296703718
43.46168438725033
43.9505850642227
43.111761253265875
45.100343442347516
46.0683561459352
49.09216707011411
52.965906699123096
57.25271301828985
60.558265536710714
62.162865134417984
67.25847973271638
69.68493439877413
70.55446707306747
71.44898952473945
72.69159812862924
73.29058588898376
74.40165343831902
73.40420386324219
74.97544853965827
76.71822860321589
75.55905273678326
76.49555396872339
76.54951786525977
77.45478556423929
78.76956203585534
79.9528221842831
81.11952374273501
84.86694818907498
88.04721849276225
95.98768598633303
103.29298198813133
112.8151005601739
119.88221304633296
127.39527208876348
139.0694754243587
147.08508890439012
153.28752511620223
155.97401904392035
155.83104201303362
152.30592834072712
144.91702518730395
136.7288827771058
130.9688973140948
123.01204521025802
113.33892574919545
105.36559018434048
98.89476058765432
100.67934259370247
100.7713029000003
102.34922027548485
101.56243779534404
102.05782447811991
102.58767454699831
101.31220831725352
102.18701461877764
102.39325851089127
101.86250166297648
100.3161720472785
99.27787991334489
98.38585927115982
97.46305543557186
95.66069922340975
97.28549930281031
99.50909997062874
102.56860230380471
109.1787180910986
112.97136921672013
116.67375692585453
120.65519432256272
124.12493724113591
126.93234220560018
129.10966318318944
132.86402335193551
134.86127089739986
135.38343985987126
137.45114869479525
140.0688844304526
142.15493980155648
144.65700187898048
146.5690014954471
150.37978916916396
154.18945410007942
161.11720755606694
165.7333365982161
169.07108276610566
171.24203758354793
171.42794356632936
166.7370899420402
159.03298490238458
148.93163321856755
142.1846619208671
134.28474190406394
126.24138050797737
120.4269434678125
113.0999626317685
108.67496448862562
102.68879387419491
101.60882408581716
100.68733169806539
97.23407770421123
96.58217805908903
94.09488512793614
92.4792611312774
89.18604161505023
85.92155522410958
80.4489970634502
74.93586933526765
70.16797319352419
66.41042176979694
66.19777010528915
65.62495746980768
66.93723744976819
68.17776851736947
70.87290845633605
71.84629143040765
75.18734511695956
74.68416222294634
75.04615831120532
76.17495121292646
77.04437028105058
77.35043310330417
77.97571685078944
77.63882718870583
75.85145801628921
74.50118026744526
72.47226281445748
69.35522475871666
67.07924889289679
65.7382672519845
63.69989584779879
62.35874693780666
59.82210251187219
58.38867631256417
58.324379093595475
58.71039608938391
56.39233657928776
57.3692976249572
56.9553476782512
55.515274993798556
54.97489557379402
54.02156807092178
52.32503111987438
50.50945582502431
49.263642779342
47.00812340905581
46.81490898986874
46.8992101730599
48.403319131988695
51.18473768933961
53.72418897310054
55.325647538968035
58.32450141467864
60.41547267237206
61.904004359487445
65.67339285059339
66.86719910374634
67.69445600062167
66.8995764604584
68.15525723154389
68.15129196070366
68.77780325643063
68.28865485346591
67.59486420796854
