2
1
c
12.525998338869972
13.020088334543484
12.30856847558454
12.398375832468522
12.04617273821719
12.787119056586775
12.38790345648356
11.464529395952743
11.829780843701325
10.700780278039328
9.689711853581699
8.278331745121037
6.235857536839632
5.084158383500896
2.985725877000776
0.5963469135945192
0.2712779847418113
0.0
0.5861843954561594
0.0
0.1996266218798464
2.2547206063691054
9.023446000556838
12.67801338140043
18.004056756205866
23.198483526616844
27.392281696929818
34.939241821502286
40.23059120748589
44.331687455088534
45.385068875944796
46.0600251041401
41.59851360883405
37.0616882191796
30.12053296550708
24.166805405709827
17.32813364365609
12.755486764988195
8.855341255870606
2.4559812672638826
0.0
1.0050624096867258
0.8729187082014496
0.0
0.10996721704051647
0.6096094265302896
0.31895198675721675
0.0
1.827297933436308
2.9830334057975523
3.7053240963907506
3.153388026253147
3.0140536684691526
3.7317227252479657
4.424285220964764
5.409576621214409
6.8961527644613465
9.144699678019167
14.672658365439018
19.044807279129746
24.572074297537156
27.377812983203953
29.930318629508562
31.735352640532096
33.34572387465789
36.38989561661569
39.36267648678499
42.45149573981372
48.382219799980746
57.424956401683296
71.5702460677338
81.93422328991748
95.80232111849934
110.55459260836781
124.90700331694781
146.73646087124175
163.95952908942596
176.94931905942505
180.63111034040259
181.07816890411368
169.47742520495697
153.09644402942249
129.825319965465
112.84401257306118
92.08573799118861
79.23001253597498
65.08690539871972
43.90208164388471
27.550845538835837
16.331885011919283
13.73004272755017
13.362262516609896
17.17423396469197
24.31786397338143
35.0566537070221
43.39149269521768
50.826255629423386
54.826088500853984
57.75289921231449
64.01287654532318
67.59060174049138
70.36245496423783
70.19639317575566
70.86939543427503
71.459856919094
69.94803754397955
69.33488755221295
67.47022373924715
66.63223363639123
64.88972048227261
62.333272865532756
57.53766797052901
53.27085922252068
50.32799571395633
48.74299267853325
47.19688795465173
62.15921612496253
81.688708856397
111.57683269443058
132.13161430104537
156.2224785161419
185.55918297594613
209.12604776175846
240.50276363763038
253.20367657896603
260.2178071309478
263.6215637341677
265.11362393788113
269.66912893464684
272.01579359406435
273.80576902697436
276.87363147517846
279.52859771195267
288.28481460903305
297.3548195666179
311.4757157997163
323.24161243074604
332.0952297141325
333.95608303947637
334.3872206315871
324.1399462134672
311.5340417921343
289.7906962051879
276.11005651836115
258.2879702062209
242.17100344308267
228.90729997062402
211.80954494834208
201.1074803977511
195.8119517675564
193.5498140439989
191.9062714019518
188.3333887445185
184.37830098106556
183.17487035299317
180.3660389076331
176.9783564232692
168.859471206724
163.91245488748646
155.83413482241252
150.75187866292774
146.1757788432001
145.62977685642122
143.52216199640628
140.15578703602898
138.46194182486394
137.31461342489985
133.72135596687284
131.737111405548
127.55814377114876
121.64472129365238
112.70705245809461
106.2653500766638
100.971194114767
98.1721554863038
99.22558087898325
107.84345591756885
117.56163425368098
133.79698658414483
145.9225770655237
158.90998700496945
170.8089022132153
183.93669431830293
203.69046050629916
219.6016922053915
230.66163252175306
232.9830561799144
233.74539880105635
221.08149383566732
202.0413262333963
175.49465952845281
155.53517329424818
132.4177831750584
113.82985647955581
94.7887477426333
68.54292415849574
47.34737969419035
32.203046291449574
28.422724061275964
27.602551675993734
36.054283281177156
48.09036085987582
65.64603483133686
78.72745346425971
92.29629963573841
101.72488838079306
110.32125778420887
124.2702759805705
133.38491748685783
141.00964766950474
143.46532729141754
142.91360377518558
137.5305421266228
128.74056045723813
117.72077181199835
108.1586214154816
99.17277222301706
91.54977248756629
82.15233243501827
67.86039003853145
56.624483846113094
47.27645069673655
43.89560071739043
43.205552869223006
59.28382654089467
82.26701753292235
112.65154518271741
134.68912250166855
161.62782478212233
185.0623839999257
207.13060127003706
242.20825672580594
266.1755251494592
285.25658614581494
289.81835990799334
289.7146264908885
281.57611221387214
267.93538200263794
250.59146404169266
236.64252228838205
221.70453028663826
217.7028960638705
214.0018332541812
209.85422350245213
205.51096585111432
199.60447910694342
195.93322054874133
191.12055000230382
180.39901909853697
166.82243109603098
146.1657375402778
130.6578600430479
110.94397601895193
91.13460623529609
72.01954878667219
43.064253951192725
21.41859498219184
3.6857828726626853
1.089342420062989
2.1451101528220793
4.109689217205409
10.477929499223942
17.36550629545705
22.819619446710963
30.772585392534076
29.825744042975593
30.95502350431183
30.156334773680626
29.326230465297385
29.11757695496527
30.269489092565827
29.135798087382273
30.425375198488926
30.3264425494044
30.41860453703148
32.42938059149508
33.755322425957004
33.34428034815373
34.63251481981368
36.63415147424966
36.04401070138395
36.36055079275407
37.66424735187556
36.95376398982164
37.71165807943749
36.971651655825326
37.3974248393369
36.642879157469345
