9
6
e
268.2271656386491
268.2932933948334
267.14607019903525
268.47645796665273
267.58953008462845
268.3423823186784
268.9749849337319
268.44514935867096
262.71125588597414
257.9447204556886
247.35707919001777
241.63560137162614
233.6174845969073
222.35341810721386
214.9718196663554
205.19453038881656
199.09776335496386
196.37372539182675
195.25449255376262
194.67136566769256
192.19715957753573
191.26222605980786
189.80068606000214
188.6771250696149
187.39162177909114
184.4527796438485
181.39895880048195
178.80743345617782
175.85668733490766
172.646766584027
171.64668791914434
169.55270664630825
168.24056719064765
165.47204792521399
164.14086910527595
162.2823197419018
159.34292607969795
155.9528063883462
151.95605570595927
147.53608770574013
144.0293983632401
141.35714850636916
141.79812211586807
140.42690450999442
142.01588662999634
143.16388178490277
145.7154537483724
147.94434496525193
150.23859242746255
150.93469577323506
151.3922291375836
152.30477800446567
152.45391119846644
152.23035219279103
152.58354887660485
152.62585466492632
154.87426693722742
156.156807224119
156.2195839399161
158.52737455536888
159.73451889637158
160.55404272940447
161.64286225943167
162.67908005481667
164.89809290559467
166.04887800121975
167.45259819096663
166.92217258014958
169.626421507588
172.18272960040647
175.16958965596424
177.71963381481171
180.15964768078692
184.14146379274678
185.9972529217319
187.61561237741543
190.3182391168781
193.0488345341939
194.7701674644851
196.61064510336902
200.27214103125502
204.46812115941614
210.08133072246827
213.8335014567498
218.67441912075213
224.09582888804002
229.62585492898327
234.92471767735952
239.28696800915614
243.67498825653712
245.3235133273439
249.0342294443574
253.07942543427444
256.8186030396696
261.719442651474
265.7716569362693
271.2154065403924
277.41556491604075
284.2601622423839
292.01902452915533
297.39371143709127
302.0965638978601
304.5908669602284
305.689513830305
308.22542909743163
310.2576006423375
312.64220631810247
315.88499001991835
319.3558149219232
327.6229264197666
332.77839465991747
339.90292488328714
342.49482802557384
344.12020741749325
344.77357299390013
344.44977988621224
346.33689788200917
346.14523482126197
346.35568745355243
346.31222787104645
347.23247438922783
349.81177181429564
352.25705188470573
353.3795344924365
355.4236369405101
357.03313920184894
357.5138748046508
358.06684417553805
356.8102647151028
356.190001476421
353.52580217709635
352.24859241268774
351.36012205669255
350.76776745759753
348.5850169825854
347.3834604683799
345.33493248822884
344.1332944923823
343.8795980941158
344.35671207765415
346.6054207329874
348.38971507230747
351.6017573882184
354.81286502221445
357.982415812291
360.7321258746975
363.40583276026183
366.51917712008293
369.0135658033148
371.6687162343929
372.40664621377084
371.82063871989385
372.2321450829428
370.38616978152334
370.2879858306344
369.0796853128808
368.8394950130301
368.8887833860014
368.65571024040406
368.88117313010014
368.4623384337704
369.1395689810576
368.9441905763732
369.28023859461933
369.475501664922
367.4962205014481
366.8013297454944
365.7376941633188
364.8350986850997
364.14907014183115
363.4672248884266
363.4496553593078
362.3315869772683
361.8238158780551
361.2659017732983
361.03587692323146
360.5147468709665
358.35379262845845
357.3363746936014
356.1360220332357
355.1958511971613
352.13945224918496
350.10778411745684
348.4666083474639
346.56779180237027
346.57507930093965
345.7365278590741
346.3058103452384
346.1058947745604
344.1814978595327
344.3215335402501
344.67483111751795
343.9283602245181
343.0521107333366
343.2441351739381
341.37748472087037
340.8013692083263
339.4404501453237
340.16557367726796
340.27976235841135
339.9310286495743
338.52552935819426
338.6310472183877
337.5371480308254
337.17444809237384
336.5960959909773
334.8155579671801
334.1351252225421
332.39650437107247
332.1412753351548
331.8570696916064
331.55472449919705
332.4378297754033
333.3093080495975
335.35184032036807
335.5986475781339
336.5783161478841
337.1797642026579
338.0803301130805
340.01488622213094
341.2512215788079
341.6892683030408
341.784565605814
341.76021266768794
341.856704460185
341.64381832957264
340.68752173369813
340.5552807658524
340.0039688388883
340.9634643147817
339.40164948337974
339.39086707594964
339.2159199219417
338.28251962920825
337.9135782184481
337.96439738644335
339.83241126724016
342.8574582605243
347.5759898370989
350.8642389340094
354.22554441919095
359.79902053567884
363.4387414870103
369.3959107299286
369.430409670237
370.49339908868114
371.02250115738144
371.33524756160523
371.594521656132
370.9048322138389
370.8056483513172
370.91765205640723
372.1809651589559
373.5038195993775
374.0843612884357
375.44379236629555
377.13957302679086
377.35366922464505
377.767469238648
377.4152200662161
377.1270161815069
375.5595884413414
372.9076544377041
370.75512712471374
368.297194842874
366.5445358848353
367.3020536326985
365.15464486587217
364.4494395749814
363.85644055999467
362.9258730920198
362.5924369011233
358.5863429300142
354.6723943053328
350.06493110868604
346.4890119498463
341.0562306232819
334.653322343762
329.65762084816583
323.2863023174061
318.79089918373654
315.13782555155996
314.7028806822325
314.06386354021913
314.7493450615278
314.3970269684165
314.37512883238
313.8696404857644
