7
5
b
211.98457187843312
211.6979131218223
210.59965189453027
210.90528028821765
211.6743983957377
211.42148585229677
211.99173733988818
211.7798166936579
205.17828751735
195.72936503808302
183.047773026269
173.0258955491069
162.29458923868572
150.28553819044436
138.52799661887698
122.4364902596159
110.52589560019712
101.224026211473
99.99129561063835
100.06171517948331
102.36129162281398
106.78658926543427
113.5178093101769
118.73932953132172
122.53777245501088
125.48470636851881
127.04939639054534
128.67478035447215
130.250574635853
132.82853183600574
130.9444210116045
132.08296216621187
132.4536435986358
131.67060537249276
132.49414412412085
132.97533171746704
132.9686004969204
134.67380328520179
135.82201742378734
136.53740686791448
137.16926256408505
138.0306512917095
138.37645816650067
138.1013650684713
138.05727950445257
138.34706764495544
136.96545108237405
137.22759939853717
136.7064222643471
136.96439949102634
135.62098547654068
137.25279806256194
136.5164588381582
135.64432565842924
136.97954977871493
136.66853811789812
136.43849425197664
136.49811569696814
137.08933226206364
136.2337220631064
136.52778645218945
136.77618496869567
136.0994443883284
134.69612339470365
135.23221123493107
133.68768321347397
133.17718316471317
134.1261499569481
137.09623037674933
139.69422434008482
146.09569585743927
150.6951829377983
153.96655104824043
161.57608009086363
166.59430729579327
172.87901741201225
173.7182550237842
174.14350302588207
173.90429577736037
174.5993382511282
175.64915305335168
173.45275475677457
174.95141942334826
175.0016200862603
173.7086418422995
175.19184551947464
175.00355973671762
175.11871470114315
174.2875459462954
175.15657051479536
174.93274493352325
175.74209358870394
178.14938562910652
180.28248286612927
192.02660769853406
204.48573271280756
218.54561432758481
228.90108438950244
238.6325458081946
254.53221551751295
264.6332926502313
273.1897098884054
275.1332807486729
274.5079742247952
273.5772678533031
270.8057373150024
267.0322780701442
263.23466208688365
260.52874245707477
260.4895574198769
261.05767057138974
261.1916240053991
262.7829978467121
262.84221601389174
262.72200191541214
263.0301348068414
261.2671789920934
257.69604758110114
253.07470284648176
250.58976091184365
245.89511592562926
243.47781013676274
240.54872730446124
235.44434654342223
232.1213452878988
229.26137143191843
228.2423589398104
229.59112442299383
228.19542024958582
229.77368729263318
230.3116281010279
231.88580994437788
233.21772223665909
233.30173620195131
232.4153946983903
231.6467730564033
229.86197930364924
229.05465512399954
229.00673689605992
229.23912577936693
231.71091150134225
237.8980283297838
244.12515218379113
247.43102514724725
253.14582490052516
259.39950140682265
263.92986842233904
272.30090541384214
277.9274534907663
283.49275946298616
285.04828780173403
285.2051922183431
281.88881861295454
276.6086014781866
268.9197898823898
262.2689716948834
256.37128321820103
251.78389188994726
247.62941350658122
241.48017879931706
235.57972656277238
230.57130537539268
229.6170290983516
231.01912858441676
233.49174497912944
239.22568655434537
247.31776501047736
252.75749944547823
260.5775752255097
265.07209364227685
267.70998048988
272.49640437717795
277.67547863861785
281.5755449476244
283.2568558229407
285.4586249082836
289.1607199554604
291.5833573048215
295.7848035402403
300.1803691952856
304.88691041179106
311.87248069180794
317.65231913468165
325.71010518488157
332.1006819761072
337.9594447349776
337.84774456140775
338.3446665378594
335.8663200881928
333.71191555643753
327.9823152218887
325.6567438340666
322.0796788549493
320.22351519996556
317.23064429078516
314.24065826743123
312.81987444981735
309.6133345694462
309.3299655866672
309.91847122451924
312.30948962117935
316.71042513136155
322.5802480577957
326.8470886888871
332.53341615015347
336.5504088187645
340.49496620063724
346.87237090576525
351.95533373881995
355.78122762877973
356.5261600729985
355.99733374670944
354.7775293186664
352.8326523251359
351.1393564907495
348.61647829727906
346.10679755962815
344.9675345538955
344.69420570553933
344.4897772509158
345.72325064252874
344.49724802791786
342.9401174961439
342.9059425198658
340.840557730383
338.70255639771864
333.29346239456254
328.41979916043874
321.5196943015079
315.4867417273007
309.89225000656285
302.06876092280464
299.4857928972096
297.92835099106674
298.15778670950135
297.7525432908886
296.6665003138481
296.2035890679117
296.2690067916109
294.5754056420128
294.1387408299504
292.77512252543266
291.59324464033074
289.4688407655289
288.6621082418232
287.9011678823945
286.3963582771807
285.7565842069483
285.30493670256124
283.26142582375616
282.8217809150355
282.06236892246034
280.5674590411962
279.2082133170006
277.09734429614
274.67530754597436
272.55261251278665
271.96839637006525
270.7935837408883
271.3031519189947
271.6508889820844
271.99167038930904
272.6899487606374
273.8644619062386
274.433922631976
274.1843525879706
275.390190025012
275.2649881328389
276.34246571640625
277.8336756548839
277.46771871749934
277.9608667384818
275.07663713452945
270.5290907207935
263.97561526996765
259.5040098358357
253.80646234646653
248.41476671090075
243.3359321294236
237.3869076578757
232.63198134331935
229.144350619864
227.4819510924607
228.1414307743271
227.9170954360255
227.48494682336505
227.34795426461218
227.82822665837844
