0
5
a
107.89158324282832
107.79878294788584
106.89412404146921
107.07565750653701
107.62004591196823
107.17045997441801
107.57692014602475
106.72825948801683
102.3533778317534
95.91012726077462
87.62394846316127
80.39836084539508
72.32202542794691
60.26768115967599
50.17220323452071
38.921554593195104
37.93598128578428
36.35072097744165
36.44846556104567
35.02820523780768
35.11377896178834
34.34558707812223
35.80767610715732
35.26197582353485
34.39720564983475
33.99613350646083
30.847513083060722
28.808242347287443
27.13435114513729
24.88044969747553
24.284354993088034
24.237723432828677
25.081859267430612
27.303960168845755
27.88123364024547
28.465698648994497
30.14847011982392
31.28039082749146
30.66349647839814
32.75251477261546
33.52203839350701
34.0358416302887
34.24689900928087
35.04684213298529
36.0151081266788
37.395282527466144
40.24624720523746
41.56978423921152
44.71698844702596
46.95448772316721
47.51257148543453
49.51618218952248
51.583029811877154
52.562182526450314
53.13374407538003
55.204385941230484
59.858115660563755
63.82968330703433
71.53033717343015
75.49565285819466
83.33730085501266
91.99997177212957
99.1727895158932
108.26925375006446
113.0476036247974
114.28516846648036
116.81980210302652
117.19293557503876
117.72243768730503
118.16623347024084
118.7721369134258
119.84176073650718
120.62750253103046
122.60922540787506
124.61007360664625
124.2743386618854
126.5384675214793
128.94746303104307
130.25430996014396
129.7535393431425
135.35763636549848
139.78140403431803
147.2887253760508
151.4744762794764
158.0486361375037
171.8393298896661
182.2035666152041
190.96698431100427
192.4799243647419
190.95930610081106
189.85509979942893
190.2274910803963
190.08282526961372
190.03278632862094
190.08934101266453
189.8052993095657
189.66582774350726
190.16777911838713
190.51514271963708
191.0315077962363
190.3622044152919
191.48571555110402
192.48512943102435
192.26872191313868
194.38280340179764
195.0378570521857
199.9113049779238
203.59771000614396
206.8006203955236
209.7921541306623
213.85095457609447
217.93680979554625
222.01499610774155
225.5714265576538
225.71892815522511
227.41464526888933
224.08511568471553
223.78667879900766
221.27151396291003
219.4745229869501
217.66389791092638
216.13658898981626
216.56224770777396
215.56995342597108
215.28629090884075
214.49175374119605
214.90715167462912
214.04346365340726
212.30513904174208
211.14562511446462
210.12482731672253
208.557515267782
206.570446503354
205.15711961052745
202.74362476216507
199.75651182823802
196.80577360818367
194.21665547992492
193.97252465920113
194.23805367182987
196.7237802320147
202.39678928509687
207.5222922992888
211.78829735171743
217.14937463792134
221.19324601638036
224.32819099984596
226.43381716709166
228.6951396695184
233.78099702362584
233.79299488095242
236.50823307326357
241.14075204531207
247.6261695662293
252.8374721895442
258.30880371499177
265.8244377654182
274.2155443983333
281.28505182690293
291.9957699578234
301.22208356336745
306.8300780019441
307.9577604998406
308.73209944151785
307.3038827410646
303.5476024527722
298.7278949955842
296.84604625107096
293.3420398345107
292.9634918951445
291.8626540841294
290.7226142799165
289.5577943394008
288.04034855979046
287.6725747276433
287.861969155011
288.3066940833446
289.58705740421647
292.03856983173216
292.186564916047
293.51797412982404
293.84247670761135
295.2838326275681
295.5717239532979
297.4577515466904
297.9337411795618
298.0473666518801
298.26984992377453
297.9990318851105
296.22310104605316
295.17665626061904
294.1248032635724
293.3678226746282
291.31107088923903
290.67262773195375
287.79823137995464
285.9748135909432
284.1970361109118
282.61044375982203
282.41831775979165
287.4841842159465
293.6634335008001
302.698171316151
309.4046466546518
317.56375492758843
324.48742680871294
333.2504547748757
345.88672952507716
356.75043182212966
364.9579227157856
367.0142567892194
366.3677390950031
357.17540862741464
340.1466814731667
318.1537724843985
301.9189099916486
283.62067492376866
250.92086325802566
224.2743945177754
207.12129843699216
209.95292761637697
212.77187905828424
214.55504458939618
215.04106383448863
216.55955680044804
216.25702111853525
215.84010802372546
215.44118950674374
216.6532529949545
216.62922730549943
216.5142824190946
216.30176691795805
215.96707101987602
214.78966296288192
214.71667009936542
214.7106027236756
214.12335357194956
210.9921477825643
206.62960002255667
204.48044326211325
200.4094335184007
193.80633166063296
191.4926791459544
185.17316900876992
184.7981713443356
184.44543313366194
184.7582031848412
184.45744574814634
183.33374301713283
183.22707427779198
182.88008980400818
182.70089734814889
182.8845408320013
182.7131822919177
182.029871948873
181.47142322493622
182.02495507940958
180.64992886044692
179.3880397224479
180.636292709897
178.43346717528553
176.72497870772239
172.46860461968927
168.7951840412768
166.24691603947664
162.66231058736957
159.3148977719624
156.55278261323716
154.46700102520114
151.38576704689044
149.08484236187425
148.6033532517846
146.28744969742718
145.68336513340927
142.4069841795968
140.90033258454838
138.55109100017336
133.08455822468977
130.58529374155947
127.82653291904927
125.04249233316835
121.45978629749416
120.67663901019438
120.94016331323401
120.31896870235532
120.1385065815147
120.69144520654308
120.61418502625507
