7
10
c
166.53070734413322
165.12926994068295
165.2606096766269
166.4593337455345
166.42027367037977
166.1597271203924
166.46725822789443
166.21484981652742
158.43180710635428
150.95682185692
137.5031923395655
128.63087237054108
117.25194282964206
97.47547099399532
82.7695986563577
67.16494227491815
67.15655135875491
65.79797942951909
66.48075342873675
66.73619350011641
65.47420432725617
66.7755159442272
66.25306912423008
65.614072742483
65.14109487153351
64.15853330921563
61.76026728397703
59.34686930322848
58.40695489227822
56.07571961199074
55.525763847870365
55.2862813015159
55.392512253885755
57.035470338870624
58.587218226533786
58.08502134558097
59.28022356765823
57.82831162231803
59.537981336687125
60.33648592368421
61.14777016171958
61.70064780937752
61.9032093158734
62.2971951799417
60.01232872895886
55.496488681325275
48.9624664306584
44.61580484301736
40.489726926009695
35.58211375105454
31.324869677879345
22.019089940897288
16.830219285847154
12.14362974916452
11.65953734197277
11.283287722322326
16.588219112411572
20.745858952165225
29.250102171554214
37.29757151035784
44.45006602466378
49.37596186122952
54.41265356222626
61.79265048867893
68.552251421413
73.48554792776928
74.25866740162333
74.66954680112104
72.57860500191505
71.08858280223652
67.58235747917982
64.57555299786561
61.8213170972998
60.98521507313332
59.64708350098854
57.46864675626097
57.35737825475064
56.46451531514321
55.94296194449463
55.66837467634923
56.739675689986534
57.752396193098065
62.236235324793434
63.40978876209523
65.73545220310281
67.24168116693218
67.11456985478539
69.89710940894078
70.43184518029499
71.26819559008253
71.35461486462198
73.40988231509859
74.73100821702162
78.16785196357814
83.87097295557938
86.74965497206088
92.06327860963958
95.62558278174932
101.1547223930216
107.4446759084816
112.39983056042638
115.98928033599665
116.55023169478295
116.99963177752687
115.41415665860676
112.12808910376758
108.26744308126037
104.83250404997668
102.9301824494449
100.98676516561302
98.83158300652723
95.73047555853437
93.69707651540057
92.51959326838653
90.84869980829116
91.91056136990325
92.90127181974611
94.63293112420634
95.82987837030143
97.54757526887823
97.89985488936382
99.3300093582436
99.80732659027765
98.68727104658838
98.98130725195001
99.28809043955893
100.43227721414593
101.50270957507048
103.1273228552681
105.04478546156733
114.28696577710951
122.14977223763987
131.3837306826232
139.36131835769163
146.64185824931684
155.8970137360112
162.5973313064163
164.36650865822003
165.65220979077958
167.47344202770364
169.12141806697062
170.25433694713732
173.15211706152334
173.55898212313207
175.6782568228494
176.96288982739947
177.67814058243522
179.1552893699116
180.10558738337343
182.5473915633241
185.4383771940888
187.0176996565594
194.52883278230954
203.0010634835011
223.75856776654177
238.81693386161228
258.8389895176553
276.8771382489844
294.7367955919284
322.02128750804025
342.3546483181878
358.37308267172557
360.81383825672435
361.04094450585364
352.4884781447126
337.0859373767981
316.9515773380966
302.13507507549406
285.2713433692621
262.5598267719514
244.42070401037662
229.93455938303356
233.60087154248674
234.94535393814132
235.7140029463113
236.30856336908232
236.1936086446492
237.53190822509967
236.80059460186948
236.94621695273705
236.50453977543992
235.5141697914254
233.71550612750306
231.1960405899656
228.81165772056076
226.10971154216435
224.70732121057628
225.15812484613167
230.43931924015058
239.16119868644137
251.9994220242356
259.8944085139111
270.29613971709114
279.10483426492607
286.59914372134324
294.5442306525231
302.7437424696958
309.1707205235389
313.0428663824283
314.5000609622937
319.18910638738623
323.4668340145826
328.4442187479433
333.9236840168258
338.44408488200673
347.76709786750075
358.2512132603938
372.12651245410177
384.89979103862066
394.28577705721034
396.33017408761
397.0210341480519
386.4662264900127
369.00535563669524
345.53093621404264
329.5286336988143
310.2728558818597
292.66099085127354
279.44775035043347
261.4182417629974
249.61635150065825
239.3717772629225
236.72746262297574
233.2032057936618
227.97348394188577
223.56204887599273
218.93739857856988
214.1806894982692
208.18246476791376
198.54932510010178
188.4329955479885
174.20327976099375
163.5793218076219
155.28058624023436
152.66004803020527
153.6543935706454
154.85456797374138
159.48972473469058
162.92372075200606
167.8046348454089
170.9512069002302
172.17350355510195
175.13020443813377
176.4273423158819
178.55971745036226
179.17395116406553
180.5680780469156
180.93264568767535
177.81429500253938
173.14705675242578
167.65380052269197
162.3882707190451
157.07693727987834
152.4659043736202
147.90223664346036
143.2542962028898
138.4963906502676
136.21985352304006
135.99414808264243
134.76937107750715
132.21092680569902
131.86616658101352
130.55174283018542
129.0527160547355
128.19003998705105
125.00717833035534
122.0663844218624
117.05184102380468
112.98339335126934
110.5502797473251
110.04109342751742
109.8756961612965
111.98648231788685
117.66447885470679
123.74260943135526
128.50167282830986
134.72384125610844
140.0821752256694
144.68951403775654
149.95978404120126
154.1915919576014
156.86607837860402
157.33301014955418
159.03539299273461
158.48488823062215
157.3759268998878
156.5457280715398
157.52256224557672
