2
3
c
160.54526262118492
159.9459666224043
160.19713123336854
159.719542092514
160.58627137849788
160.34215014940725
159.78445030180194
158.92794998158652
155.4105514978145
148.26875671216962
137.88858290141005
131.75761871763893
121.39812057647194
114.6613511850844
105.37842736069872
93.0232640152592
83.79508947718476
77.17625215553502
76.11609513600524
76.07436807370371
78.8594657617975
80.79209362458467
85.15945994364861
89.48432303271483
94.00457774300408
95.13082101397733
96.91331632752643
98.2822554626513
98.67428562957329
99.2748296854251
100.28617266167348
98.97514351718871
99.85202468269692
100.83633357180666
101.2044554743445
100.79124982003499
101.19225504613104
101.90926070711966
101.97797440791688
102.86389742854728
104.13638085847994
106.17646232656074
105.02666125798375
104.23432952197602
104.75122708944151
104.72050615708193
104.1106091528472
104.68618370146926
104.52671262145417
104.44526524539732
104.60775528426174
105.21483533453588
104.40331787939436
104.2326013156332
104.55397615542104
103.56386336707558
103.74283030795475
104.56157669887769
103.81897683270958
103.62248346549592
103.62610806929149
104.20642220201678
103.1137941371687
102.93812571092936
103.05731602601116
101.27335625200391
101.24463797564975
101.64285998323803
103.14261059693744
106.72656370228549
110.07668829289761
112.94919815024313
117.02735549993311
121.61717968430409
125.08836910807669
131.28151742260337
131.1175058303934
132.0366628828368
131.35219512305605
132.29271119516525
132.27533901197057
132.63085268819722
133.19034761214027
131.5925288422036
132.23425835585033
132.7148265338676
132.9962234195389
131.7698140720163
132.48243352291323
134.05537799341437
134.12420839991606
133.60932400233395
136.06362021145392
137.00820734965927
145.18573876853168
154.7739591251357
166.0631136918065
174.37948453098983
181.65952565527434
192.90488466687603
201.22873916821953
207.43303754479916
208.84358727677085
208.84723622489153
206.329048857707
205.1417318309219
202.1476333167121
200.13351791524724
197.83620873283775
198.49767678714878
197.70332121572335
198.70718353802053
198.90329276542818
200.0918210036869
199.8767111232865
199.99957655117285
197.78290096696156
195.49284375834551
191.87530534946794
189.45781574824554
187.55070454041413
185.74346313563208
181.83945662076667
177.5356519571903
175.60514587643155
173.56917431181083
173.3180294417476
173.1697583438114
171.8445656210842
173.86970003626044
175.40935942283906
176.09181781094188
177.27459424422972
176.40462649851764
175.6411462484295
175.03408117431152
174.22862796779566
174.39412977830344
174.19431212347916
173.05463493791632
176.60453750680645
179.38084500694598
184.06577735680543
188.38926707532343
192.1928112177001
196.95686487864512
199.54268804434514
205.70308123636997
211.20377635040887
214.96006065774984
217.25807621719085
216.64699200921106
213.64640837517211
209.31988472820044
203.5483865129038
199.16534534923596
194.2459026047343
192.05712930771045
187.4495004432308
182.2806049894511
178.92929511869238
174.93258558873862
174.05371698754973
174.46538093861204
176.72818255646078
182.36104515444902
187.88495463027726
192.52046260576356
197.93793377702173
200.70278457327808
203.84816251662662
207.92658264764364
210.40369810770872
213.55774292528628
215.3640509386719
216.28779677520896
219.55395865455154
221.76646327220635
225.0842862825259
228.703187897295
231.9920817806803
235.49812180407565
241.16958738853182
246.6948108205052
252.17400901833236
256.06784677666866
256.80922350401056
257.39508487030355
256.6528401601062
252.03040144134508
249.9064525947155
246.70378641916918
243.780713302043
243.61253029624189
241.78984253811254
239.2420624270283
237.17491042285394
235.58241074021078
234.2676852714379
234.41887306504236
237.39607880098262
240.58882194990898
244.86089327937867
248.6120924887167
252.62299287826593
255.856014552432
258.6851247894882
263.348398045096
267.6205167831301
269.31560006429066
270.80051089201805
269.32642323950625
268.9414641621742
268.4548717599204
266.43468543520794
264.9476970188117
263.43019792994085
262.6328916472058
261.212819961484
261.52470376940624
261.41471867403425
262.1997471397306
261.7005362378381
261.3843891702243
258.9292448681369
257.8350341414417
253.24699133997
249.03813605428667
244.53342057167367
238.5589841745277
235.8558187591166
228.91745729173482
228.3353327865681
226.71367156115252
226.01861354705358
225.57929698316286
224.99012835304032
224.81597511536384
223.2863919546693
223.57946871172274
222.96403646650995
221.6136475336325
221.72531278367566
220.49422555164878
219.00041924221117
218.24118835897318
217.75375437590543
216.74232477861239
216.68137807947116
216.60957841791773
215.60347658478733
215.0422422066529
213.00649642557767
211.95748333073013
211.55800493113844
208.64375104557868
208.08613425294413
206.03819692243403
207.12214434425582
205.97734991648477
205.98673945101288
206.95172279757296
207.1889798669688
207.43281159568875
207.80946480878663
207.55772124837344
209.11370945966001
209.2957067030249
210.5181778223032
210.2115727859984
211.30326128137602
211.74725057470582
208.91086101451214
205.64080132452457
200.26834264795804
196.0485316340682
192.10424339989984
189.05687318411353
185.06626113043384
180.01899805390968
175.71283209936126
172.91047554659858
173.68410554398469
172.7575119824672
172.8013724196687
172.7091521677707
173.25718934026563
172.7281834167674
