0
11
d
90.13548673377545
89.38468014407844
89.9728313808271
89.51600953803657
89.72618386967896
90.23371278602568
90.2695852807326
89.8494043897032
85.68336286726945
80.8505270074537
73.63113596487388
69.79869052613087
62.811720449240035
53.497819084643425
45.15763410684498
37.26338860959595
36.176890789546256
36.33649016852903
35.30283549195841
34.92246710103815
35.53019091022019
35.699617128378556
35.67947349542853
36.35356793141551
34.931268181313115
34.06127769419478
34.376946725024574
32.01180050307844
31.695549887831604
30.62995091852303
29.311593231358437
30.238958192856316
31.091118761874746
31.19886061260394
31.282363345440015
31.924274118133145
31.02958796512673
31.764426133030224
33.05053298946438
32.755336782789215
32.87829498015907
33.54358429358736
33.778689093894336
32.87368924239141
32.18141834950379
30.019222173280728
27.059240064483603
26.052435900850956
21.460106511679044
19.196688935462788
16.854514027839198
12.405747155526944
9.028251136679526
6.510208117505403
5.601907892631923
7.238176100151335
8.706406246253161
11.034140912704204
15.911836906762305
19.517342100744976
24.039391603630172
26.296924243315154
30.605972092570322
34.10960425722081
37.33420503742392
40.17358105364689
38.76431522518307
39.46119213382626
38.9495265263898
38.476005278934814
35.944041554154715
34.98775078866553
33.59528604601884
33.04790710180733
32.46372018463745
31.20723907373785
31.15807797956727
30.1045581501039
29.917321089943407
30.228713662747193
30.50125242308522
31.89505329396022
33.19625938397145
34.634836695200306
35.77311180369574
36.36076655162909
36.98129601585753
37.00784606522545
37.38280320912675
38.80588122306438
38.44868948254219
41.05922925910954
39.84546721532451
42.05976043741916
44.417333379729904
46.88259412906397
48.867873354067314
50.870141062890504
54.06306798705117
58.28544120369627
60.821024544066155
63.332916977716884
63.24405275118066
63.281137477989546
62.745105495883664
61.27651859529587
59.08516242223304
57.30372858984452
56.244169677303496
54.603632423662205
52.00491601269547
51.912257540133595
50.63865768407351
49.974791267991776
48.87373680427036
49.79774150765736
50.12971719355561
50.94678294685175
51.2579451373984
53.17998377400332
53.97592629702713
53.824788849654
53.92075477853047
53.167999698902285
53.766494862055396
54.56736627497629
54.89359630640289
54.71785116499215
56.6651634389294
57.342309714123715
62.020845662017194
65.95722263040179
71.8446480322033
76.30312886158457
79.35320270476261
84.34006596237646
87.45884545821806
89.86503736420447
90.43130575532618
90.86238617254689
92.20789292980757
91.73791285504142
93.17595059672672
94.25697263928002
94.35530046724803
94.90910285578215
97.32431120235844
96.18144243534647
96.39634133969972
97.67040232294373
100.6500814441709
102.0260618234518
106.31113910868648
109.36784588411294
120.03145448869327
129.76378369181347
140.3840390696533
149.15612576282794
159.5657282017257
174.90187590627949
185.16424678337643
193.59217064017014
195.20772589831435
195.27670411441275
190.72587871973545
182.58885918322366
170.95348558288484
163.53365703328018
153.99668634440826
141.94651129968875
132.52839758313527
124.40912616994268
125.80198835028246
127.25467343741259
127.18130702448329
128.6468255957835
127.86960612946355
129.50752336521123
127.74643010175554
128.4308008452598
128.4476941366716
127.52724593335435
126.76923243739542
125.35008797940266
122.8811108350843
121.77593032858294
121.42201984297773
121.9508793730164
125.16813377557952
130.17061622686523
136.33181644068156
140.99533218072492
146.215665055793
150.76707599496137
155.287427617444
158.94807928826154
164.25515997587945
167.5918043863187
169.11478660957226
170.28010446261976
173.51751544515417
175.56312239915545
178.1269599568038
180.86415415226284
183.15654722343928
188.46824744863338
193.51520322433527
201.88067977372995
207.50901647115268
213.84692794930848
214.04957114463923
214.50490830091942
208.25229204466726
200.18804508543724
187.3526086979015
177.82389952431114
167.72882573277298
157.8998689551339
150.37776114687864
141.87002919557128
134.2266718260571
130.82546122779164
128.52714307413345
126.66255559225601
123.33900103313896
120.57041768800148
117.8541424666774
115.44356433313754
112.88359165179975
107.69732295845968
102.02044395270292
93.40769127519111
87.84999770460088
82.58596341188854
82.97518582679663
83.21179341973196
84.60402728464872
86.22155635048895
88.46991613069764
90.25442754074658
92.6539574879016
92.79844309325195
94.11937489879182
95.5566598879693
96.06072064259004
97.72862139003256
97.3415923395403
97.12319569952666
95.73349532832823
92.8329345830856
90.356360136744
88.19033802392937
85.60561028960318
82.06978254151471
78.97639115514356
76.3524823646102
74.8022766244241
73.61426797569062
72.35655156599145
72.84656537028255
72.25977502763166
71.71983032835315
71.13539979148912
69.59441174111343
68.97120481859818
66.86954728937188
66.56011279872065
62.007586640357395
61.72455311008262
59.48554359515631
58.932469131184284
59.10883860696099
60.9364763637909
63.516536881304745
66.61510820073268
70.12647882458266
73.92753817939035
76.30287352965688
77.64708278785422
80.92118613028603
83.83285780253414
84.95964472594288
85.49057580573
85.87807124565602
85.9173815977861
85.93096860068063
85.68412205360313
86.14599997891173
