0
1
a
147.18593811932132
149.11889838984922
147.77073742596718
148.6634423241834
148.1396028221749
148.88692552894435
147.9538628003108
146.83881145549861
142.61212459299793
136.23626162798513
123.97951568581041
119.11531237392488
109.65720498911817
99.35105503253746
91.30556864659901
79.8157979842616
69.66618567443481
62.43267341522059
62.462032988478164
61.648576331362385
64.20672324395458
67.3011916067031
70.0235102927307
73.55468788895531
76.32388129834843
77.55115597783362
77.578950640833
78.37031460662845
78.79916010816838
78.91236915055376
78.47219042254915
79.45819666702928
80.57712396742129
81.37353841760837
81.26963543079357
83.1696410330016
84.77910232521381
85.91937819661207
86.65384342163851
88.14900471379377
89.63924444281142
91.47974385025371
91.73440469987872
92.27966397076979
90.32730912873694
89.78162394934544
88.425311630818
88.27380249613442
86.7487807995775
85.89978628385218
85.54557014387387
84.49559303161715
83.83243362479455
84.19015149523942
84.83041134203755
83.38059703655799
83.48920362155394
82.69576202423133
82.551234069333
82.80147257178731
81.19973598488369
79.97812308801744
79.87570495501143
77.34638732592427
75.22771316099316
73.98897639331244
73.26327095395229
73.3878467746677
77.54759618375898
83.48175689193316
90.71811118254305
96.56607126836278
104.36582327867528
109.30567868414757
113.45572170242829
119.11240015951469
123.54037459115912
127.96777166273982
129.93293401283486
132.64361180535582
138.60005874513803
144.44210854181222
150.4429893365252
156.7469603245785
164.08324167544313
171.3062973134848
179.87868526196277
192.59265946688015
202.07859161156648
209.57089321124505
210.77430887659423
210.4132236942285
209.34488095628103
206.4301432563774
202.86529051529436
198.48293663873437
195.44341000223017
195.41315260417542
196.18450000823213
195.546262469365
195.34330649076756
194.73692502885459
194.95356862263768
193.98395544848194
192.17800455105805
190.84801695673914
182.60420545349788
175.84099192730457
166.36829645468143
158.89136453655692
152.95406660634336
142.17860249673524
135.59471922562003
129.2097928960387
127.92716145964829
128.08037915504795
130.1703100614014
133.26078976194546
137.02510821467934
140.66154740621374
143.57519256276365
145.7057386069969
146.71796477693005
146.74296565705288
149.82476085623185
149.0246256680373
149.01896787610139
149.04186259541905
150.2176776880539
150.33595553042028
150.1483191816068
151.05299226756264
150.37259302549052
151.51516795127782
151.86505764675442
151.71091945720406
152.1441566465923
152.6131110477685
152.24996118125307
153.49005898511456
154.01805701882714
154.66165711565
160.63667459838297
163.7057269253975
168.11994526452054
171.72066372643826
174.86799455986056
180.81518387089062
184.65408654098772
186.38567664876243
187.70068385713552
188.68197436529258
187.88683627502235
186.65495241795227
185.76175951319195
183.9486002090913
182.78111185220408
182.3769393216541
181.7435210997552
181.55617789325714
180.8506763414583
179.15412164233214
178.72035764102745
178.0764270958974
181.65181111112346
186.43521529460722
193.9008050805701
200.08592741834775
205.01802136941217
210.98913468557504
216.3343303033535
224.54384869203028
230.68497992289312
234.38987114724836
236.0306845067529
235.58973654004868
235.050337544884
233.05138779027178
229.16078977745687
227.06993890288936
224.19056757693573
225.260572267699
225.32312527264446
224.3104575895139
223.71428326602668
222.9870742895878
222.64953439109627
222.90301379157847
221.57463205520102
221.237511158512
219.902806317901
219.20616150527889
218.1023853452444
216.86998306176858
215.30899522630773
215.75243107024005
214.95839667311822
213.7647136796487
213.4051169674705
212.5447156468704
210.7691925363986
209.0266796050471
205.5002542329176
203.2328376217697
200.35165428716684
196.30027555222668
193.2919132802832
188.08790047024146
184.01376526311412
179.86343498139962
179.11166652535977
180.0210327553077
183.45497013236758
189.3256310623213
198.57771737971595
203.89463934575187
210.79048169459
215.53246009676067
221.38484036317934
230.78051743305102
237.24509274770756
241.82964386291385
243.71092592954082
244.1365065706002
240.4700955803736
235.37994467407535
228.2669298644762
222.95631635317955
217.92020271243516
214.77157568801397
210.69228173858914
207.29361901858624
203.87079576201367
201.75004160576592
201.0896290605805
199.14369066931232
197.24752539271142
195.9053365208555
193.66252909703675
191.75195975486378
190.1054443827365
187.88461287584312
183.91171991667176
180.78915963771806
178.71798957149147
176.64869578167776
176.09276459873598
175.13751037280335
174.5935070957831
173.48565850033336
172.95057189205568
171.84118581435513
170.65131613722642
169.1137298126177
165.9717385151435
163.46192257840812
161.04232151141167
159.71285128581232
156.61491228280522
157.18482788601344
159.8553237276085
163.98016673803434
169.2866989102873
173.88555700174436
177.90291854459377
182.31570241560394
186.46796362407548
192.2701267434618
197.18923270601985
200.9474597732304
201.85155495170193
201.82108304441454
197.84138110401355
192.6606425784349
186.2322341792204
180.66196441653514
172.62601449567737
167.28719648357333
163.5579565874988
157.67688164647234
153.30130578619338
150.46358368898845
148.44430087677873
148.54977617574477
148.6108390774178
148.89605586790668
148.0339336771118
148.37562754216043
