2
9
e
116.17557037219284
115.36367870316766
115.89317606520737
115.22180571512955
115.62312786761946
115.7291891603301
115.60514881187083
115.67172552591217
112.94082341906179
111.79393821569651
106.78861034549999
103.76447198949323
100.1074729904777
96.42318789328951
92.4899158628375
88.57198065112779
85.80610045398134
84.71619826830218
84.28738292477675
84.10992579640582
83.01333263186334
82.68057180829436
82.59916009694273
80.96483821887726
80.97033276445968
79.10747285053229
79.50349219633594
76.28265047152958
76.1103965619474
74.2924214126293
74.94513283236664
73.62074603905235
73.17166943568428
71.39076955602954
71.08369581599315
70.64345304394003
68.22836319892727
67.31614204573168
66.24257483354735
64.11396764625644
62.57836300548859
60.80601753656904
61.068611849873044
60.763824063541755
61.244555523876194
62.185233335034994
63.69232174997182
64.23406456904962
64.46744472569985
65.14701825572227
65.02880575736371
65.60170812219368
65.54193215799576
66.83758147293447
65.78564188940048
65.35079755172883
67.51091649806098
67.28635718455308
67.45506777419513
69.60906811902089
68.32272827496445
69.78519613970732
69.92067213522162
70.16078919435026
71.31525458005267
72.44604535022341
71.93503781085309
72.22955365813863
72.9691996444176
74.29510993015312
75.42484833416667
76.95627062116753
78.73329847612462
78.46362719800842
80.74980007229257
80.0031176029563
82.65183962687024
83.83802100650277
84.94748432621687
84.79236275921096
85.02314047588996
88.20187053342411
90.35319097836334
92.2410087678911
95.02799905679136
96.81825017213943
99.24375098341359
101.36075652567581
102.46647222659395
105.3635765457388
106.69540057407156
106.45870089469783
108.70230493457737
110.44712601607809
113.6275967094636
114.7042299069468
117.26852902362961
119.68390404460774
122.87563378666151
125.85782927821498
127.72096596098383
129.82821258509807
130.94589591675128
131.51544904075388
133.20202735479424
134.47695921689402
135.6441088978936
136.4516283848157
138.02441201589724
140.48667187293427
143.25832981660344
147.1088887799337
147.7087570073178
148.5931072651348
149.92673592760798
149.13139675303458
149.61539421105846
149.07075288359871
149.53021478883284
150.10764932338512
150.51826022796917
151.07989531059243
151.73552156868425
152.61584874362813
154.1163017370296
154.2488338407418
154.8238312398933
154.27479595983303
153.97087966678907
152.91849520946772
153.08868824993394
151.58689878401498
151.78257688685355
151.27954098990446
150.62857285863768
150.15848933087958
149.91724784266094
148.45551132935276
148.4328978724754
148.72892747991082
149.07746646366107
150.5702770480231
152.25652718018597
153.5169785673877
154.93260257472267
155.8988915954681
156.69117279101025
158.27559930476636
159.94819031975408
160.3553770904569
159.2208337063753
159.89973845345787
159.4351389451128
161.59389828091076
159.4329368252665
159.39404388278967
159.7536211930256
160.12365352976556
158.50294269188169
158.8157669567402
159.2308075340986
159.85254994892523
158.5581166033498
159.2933947719991
158.99349069307226
159.27362756901317
157.08449416428948
158.31128540703494
156.75434544971185
156.67918024281735
157.4821014017644
157.45105834237768
156.64851161342594
156.5185914939963
156.64791344455034
155.68477908257537
154.9463044162444
153.9341293353895
154.6797010812861
153.66937218331515
153.05591196664457
152.11390802111535
151.35637730967366
149.91329988883396
149.74117972548774
149.46433960082967
149.34777528708372
148.9374851167485
148.7420415373676
148.97273995586306
149.40323053933787
148.29448711069824
148.8033998430415
148.36290039165587
147.603167939199
147.1006993169695
148.07536471721986
146.52588654672653
147.43585953308747
147.5189415772772
146.40451786349718
145.9370657244011
146.01409153380004
145.67112848372963
145.10599370449572
145.28450351750988
144.6701435048799
144.21909879802243
143.8914472215432
143.21413538552358
143.69048104591243
142.9313064066633
142.83480632712545
144.55128122454477
145.7329664155272
144.95181662643384
145.89606307729065
146.19341299519462
146.0741726515546
146.74600356475702
147.1248546650473
146.88114444676262
147.5030194382868
148.1920432044622
147.01884000755462
146.89073276507912
147.44668850941045
147.1435595904093
146.3731725836808
146.29984460935142
146.8175176740555
146.6486189014124
147.0448833314124
145.66854219003127
145.7463747455562
146.1440875223423
146.13295943092476
148.21583423693977
150.09231713900837
151.56787834842527
153.57861775745943
155.90970911983555
156.75383458477802
159.17038473992704
159.49275733474602
160.7333866919288
159.8571199474055
160.11134418307026
160.5710133276554
160.23793115583757
160.29840504104766
161.09397460379506
159.91547804047562
160.90342019212824
161.18569612001133
161.79285330871687
161.96795251660222
162.68815944953926
163.42695975356955
163.02159508703556
161.5057036922088
161.67612019289587
160.48331635007185
158.41372367602
158.90157080276316
158.6100025212983
158.18246542815777
157.58683858668698
157.12869573511514
157.91312008510164
156.84510925158511
155.59267720541345
154.99470905249956
154.0021702064937
151.58636628555308
148.33363373787014
146.35330418154768
144.9347086816699
142.81687653616973
140.21009643557448
138.63331465013633
136.57489519273076
135.38987083543958
136.61264503641266
135.25621334081023
135.63095093775334
134.56844348285938
135.89249034719506
