8
4
b
117.58760736292605
116.36925257640826
116.74297049042346
116.66435314520253
117.38027193959846
117.34339738465016
116.50032445231781
117.05517087118199
113.64314186040941
108.41657260306316
100.811508763426
96.44542679613296
89.7124053974468
81.90036535837932
77.01585243672213
68.68650233584552
61.329403721722755
55.321926933261516
54.850240465230605
56.13082308774351
57.205381553101866
59.3821073351968
62.94163130523925
65.13664726212254
68.89877122655498
68.80060423387458
69.83217191407967
72.06689702508542
72.82322981666509
73.01992032616296
72.6543760949795
73.36893158969268
73.50453844875634
72.5360852251721
74.70210791718885
74.07198968553737
74.912341203024
74.75243536102856
75.09842014236133
74.97265612126299
76.27394134671239
76.74401609281172
76.45044099475383
76.59010387490875
76.0465063588819
77.09390175519755
76.02126886235637
76.30607952635492
75.97106079769269
75.66731389147736
76.87042091822748
76.75646280697886
76.16826290958826
75.5157066773532
76.80531956139247
75.51920741338552
75.55129504451685
76.53108118673704
76.34280989495743
75.41873014580206
76.44443257965729
75.23079072793635
75.72270817798656
74.53283521361807
75.22689108383882
74.87144339563221
73.64500493306562
74.84377248411779
76.09964066280988
78.12871669756714
80.49772880401589
82.26347147598945
85.4553954032806
89.70779712741563
92.60684672387605
95.51919196655454
96.83518393369134
96.10415395311387
95.88897602802487
96.47889859171852
96.85366539848492
96.69132829354922
97.09287100103616
96.30895594092661
97.02427801382602
98.15606379599824
97.34643632654661
96.39077813472132
97.52513323730265
96.2751652863551
97.574553369306
97.51573020709456
98.93232512167164
99.67282008853398
106.14576674077469
113.08476324293436
121.48717938255912
127.05793347223316
133.0379936703297
141.04875011160937
148.09791675909278
149.92182071456685
152.462091828966
152.57168746245975
152.26539070420395
149.75672422799977
147.75092381524576
146.3596110095816
143.62902003726904
143.71745996783002
144.00142207377488
144.94476242328116
145.74463776328832
145.85833246054872
145.8700787893574
145.9807312827365
144.76787241932195
142.79505723463893
139.78384645210127
138.74669242331106
137.4206795178085
135.03416611459545
132.88138446382553
130.34482943199018
128.38064029278704
125.65227901461006
126.48402510541717
125.80102913350338
126.31912405758274
126.16755149425857
128.47489032573782
129.2220568537745
128.7905895881337
130.04237021081025
128.363630447107
128.0332132478556
127.48409654562442
127.76598183505007
127.40806005347793
127.2710664666351
128.69807140060945
130.90534620621276
134.54267111810665
137.7290964756222
141.27965842433832
144.23804733899865
146.28141316283788
150.59502899082574
154.08553102827796
157.15183327628407
157.7820136379685
157.2321484772624
155.42921827142948
153.76733930594952
149.33875030040844
146.53201352679002
142.71715261629285
139.47673152633055
137.5698576751396
134.00338538640094
130.1220051028043
127.52978572845011
126.799729389802
127.80983683867272
129.2389593489978
133.16377087611602
136.15103374094352
139.9250995424299
143.96019324487582
146.89735486818262
150.0095776450225
152.81853372863637
154.36036689128923
156.9563331287379
156.25932517966007
158.1746999740721
161.37471965654913
161.73184460760402
164.83676625432318
165.66231250773848
168.23194104181042
172.57553146689384
176.02932098304606
180.63153909168597
183.82957571066916
186.84924656992695
188.71874622902303
187.54364119505487
187.1341417813227
184.60455495898438
182.68040073112124
181.21726802872377
178.56059715269865
177.40008563593688
175.9398244291646
174.99433874041927
173.00686375446014
172.53088991396984
171.3833514436394
172.42286086929556
173.0298730761399
175.3736671663115
177.6937957225875
181.79480893527895
185.04992755822664
185.85871732026837
189.37147755145787
193.26528838108402
194.99687940035224
197.42244183419294
197.52193342700508
197.2566536569343
197.0633651868668
196.00674261466284
194.00729116207347
192.199139894376
191.16803499817897
192.49406634417394
192.17281474374226
190.7665884787993
191.29402950697383
191.29865026336532
190.79949721099493
190.289053725989
189.6868833073654
188.732203277153
184.36390109468772
181.70106192470294
178.61514370853885
174.88200212936925
172.24503828436505
167.864393298616
166.8145088474586
165.4833718132395
164.73606791315424
163.51686008438142
165.3150199921014
163.07312083852858
164.12926696609054
163.34738410105908
162.51253102702248
162.15319923896965
162.49875278565278
161.25227928797324
160.87710732129182
159.23561614842046
158.67882785197793
157.62662595455026
157.27051408495106
157.25483745134403
157.2066745272373
156.43017221145428
155.45964312370697
154.79454393476954
153.39541514122695
152.6502242396697
151.65976990994105
150.0572190771332
150.21026579481503
150.0363860848582
151.5619928204689
150.98164809528726
152.18398730447728
151.89196782150697
152.5794090522778
152.43048899746915
151.2273806313772
153.158575008056
153.27516668578073
154.50233099882632
154.2732794282275
154.91693360992178
152.3468201535585
150.3119953830542
146.2121096369992
144.5295829194121
140.83846516372626
138.15836809197847
135.32437493955337
131.65141425209356
128.9804532974318
126.87868343855973
127.00640063642432
126.4652733891911
126.89069022630983
126.5796470560164
126.09328591825584
127.47487452180242
