0
10
d
25.39907813689954
25.348896722310144
25.347699826755765
25.918455745828403
24.62897234183557
25.473690413951918
24.484991912404205
25.187748342226122
24.20832884089801
24.769405682595114
24.00477281387686
24.74718923096584
24.08288885368829
23.674084476298834
22.32427858929874
22.296814096176288
22.15677474294873
21.95461772277445
22.664585391794066
22.451534145587853
21.07088881192414
21.847688165732674
22.98473407926683
23.563070090564363
24.32539237374063
24.2853952768659
25.090753893249023
25.55360209615836
25.398046336345033
27.318171556935603
27.736875700542416
27.23002992944017
25.632772609800767
24.343883746032166
21.901783303870697
19.81141857587098
17.45150641097795
16.700865263061555
15.16302051877849
11.394677223643013
9.650951720631362
8.007630082926468
7.621276270385872
8.562643522757622
9.212853657282803
10.307303067289808
11.620035545135512
12.90112873937348
14.251642917788548
14.856851406137004
13.961637254788075
15.652576027618247
14.40293645654335
14.60974980136824
16.600320316352835
14.816313634555675
17.74886262496644
19.353216179796764
23.62323467094866
27.68155158192996
32.94847912816081
37.60599022741178
42.150392119671295
48.256665432884084
52.371129206647375
55.66056603694057
56.00595876970541
55.89004539168862
56.19477545098306
53.91180580486674
54.02408596422252
51.18076844269949
49.846294171452314
50.53632604219717
49.82967795284334
49.523948469287205
48.68128182172604
48.95865056556667
48.96498361272503
48.6902947698681
50.1878177039963
52.63441593880697
56.0108903971501
58.848489640975636
61.44553450817545
64.66391991282337
65.56396169974754
69.56364533714832
72.08228128654963
73.10790199636989
74.71898260894359
75.45000751921297
75.84581915707945
78.25126999009989
79.43454973163244
81.49423271635837
82.86049570926032
85.38813265236847
87.82017054686162
91.89906842248334
94.78312738238276
98.11881799958881
98.64708456064216
98.62111907805131
96.64701281168207
92.42139818817844
87.09465542616013
81.56710164062206
79.14277561638714
75.44116118671968
70.22630245265911
66.18624940216179
62.30368312750784
57.161649311874115
57.523162675800194
57.494369728895
59.47353598622167
63.432755899130356
67.38242497288957
72.68189272940803
76.94047232520676
80.270967261984
83.14735037845878
87.53746740606218
90.60042637179102
92.95930029607922
93.95814305346127
94.13810966481674
93.35486438866468
92.81556044257219
92.13573100431913
89.73832050122108
89.62423474543232
89.22902219944793
91.17151541678736
89.78407861098711
89.43873965203835
90.2982982319493
90.67734714366283
90.16110907355674
90.24544603023702
88.91693567941554
87.50264566588179
87.00817150984541
86.98774783510417
86.06288269458021
85.44051957485051
83.35499307381868
81.32382236565732
79.86149257066596
79.20097360940962
79.34511058515008
82.56602104643264
86.25570288477739
92.12607686458638
95.95506269471385
100.72047848921964
103.99219105316875
110.1296102330759
116.76864439490576
122.66469763517476
125.41022906656828
127.60176095194585
126.98665949535766
123.22544249616024
119.05144655167061
110.89837887855126
105.61537581726674
99.63865345368397
93.6257958302964
90.4215473305014
83.2540238108894
78.59391888802524
75.62866803763941
74.61763788114713
73.63560813571108
75.85946983426311
77.30586030521897
80.5029029937997
83.58410994133797
85.66999944582476
86.85551863217813
88.09902807355961
90.44457612341802
91.14210883668049
91.75740768841534
92.0243202840584
91.17193139301004
91.23407375783343
90.12521484818808
88.08828012338495
87.24725923786028
84.88376396723393
83.25303084241719
81.43717596163499
79.65739170637856
76.7247487023329
74.9935057655377
74.0316031467471
73.85459134210252
79.74439145054522
85.01397743879933
95.18300841753211
102.85983509791214
112.07718741006039
120.4568157125165
128.37961926722684
141.0445068436658
150.54682640957273
158.1886839586547
160.34988226923642
159.11216535043044
153.60099638124848
145.3570216684079
130.25283511602362
122.21622214923867
111.2859297176329
102.0587903543502
93.40132597555468
80.6478871796927
70.33399652263641
62.44703104040697
60.867592355911
61.06501463486302
66.36686569057134
75.64012397908738
87.52735505172811
95.9744476418336
107.95149510207712
114.04957270108036
124.08178026752284
134.56531388858576
143.5941550772676
150.48624591287418
152.44108811640385
153.42101809273538
147.41914063981002
139.52298670477097
130.15520366622957
122.82989032081666
113.5023010853129
107.59865753799203
102.18931504006697
95.32653419406688
90.97586928589732
86.81803122544166
84.94926064916092
83.41057626776853
81.63466959209188
80.60875538611381
77.20545997372213
75.38442280357603
72.37922860097987
67.6298735465533
64.26405050307899
56.64576525754187
51.78476064078929
48.00371683213197
48.17646143400701
48.105342312221
49.75545528817023
53.41456061579823
57.684724741516256
62.016601423639585
66.23393573097738
68.08839853576264
70.84144049520098
74.35767661262126
77.94710945997436
80.71118377051752
81.3334551047329
80.73683546000387
78.83978647451345
76.2156905797294
72.55719462867562
70.20691604215935
66.85582024131456
65.13866834962235
63.41127866553275
60.23210246263504
57.69886903964788
57.643242016748914
56.70186054574988
56.75554611488817
56.439611964051736
56.28916172625507
56.619497546950214
56.74203634706956
