2
9
e
92.29810916089691
91.9432541271
92.64928669916668
92.97610781554071
92.2542001690743
92.32001399785608
92.77120205085099
91.36292709287636
88.19520492197553
83.71003440099722
74.26617489835634
69.89617747924048
62.848145821936114
52.22388206901979
44.52480942944174
32.76976719276314
32.23677873338491
31.585880071132333
30.682765920577882
30.3814826087447
31.156361064571854
30.12341723663154
30.95175397093214
29.746103927273
29.95412311704557
28.22110233873825
26.91530415602305
24.666006537222884
23.345411357022236
21.164660351259755
21.539449594604598
21.29822333702346
22.15137296377383
22.88505588263839
25.341560631393026
26.40928392862368
26.76324395167252
26.976108614295626
27.142289495727184
27.93012029884219
28.59350136042212
28.30622409593318
29.188947072290137
30.094411512812652
30.946929035586592
31.314283456613047
34.94090699260743
36.51242915284204
39.176952365868054
40.29194454286324
41.018677757846255
41.77140152018235
43.44280526042384
45.248924420272935
46.09870535607508
47.4997542319522
50.74683537962823
55.24396285908471
61.05081330951086
65.81163438278324
70.63822276403695
78.31913014626294
85.69615010528365
93.57744803178016
96.71401507426506
100.25418736285258
99.46083468292724
100.31540805316146
100.89373795829569
101.6908775500505
101.3089871053769
103.90719186580243
103.91665980903963
105.96991743214897
106.99332897477375
107.85119855992684
109.01126471625142
110.27444269155805
112.34264871478433
112.78762739138875
117.20155962572075
119.93202395455674
125.81698388814414
130.82496683910296
136.09455421330344
147.86684699238015
156.57435736435647
165.32489520420117
164.79337517536146
164.3270509181135
163.74829363883333
163.81496014749743
163.89460045702322
163.78400998446682
163.97428471625275
163.52697228627625
163.26651194796594
163.59358741350593
165.35788842404912
164.85845755561058
165.02005070202796
164.60329842360008
166.47989745318367
166.44692607958123
168.5205503699244
169.56212726733537
172.877576655735
175.85727716936714
178.82310341888044
181.49122168326195
184.4700678651844
189.2856609810399
192.2051993270291
194.3098484363251
195.64476084788018
195.8161900029398
194.88611746484784
192.86409484003804
190.60357266967432
189.69790396107328
187.75447525415063
186.29263839653717
186.0918964561385
185.5752032230035
185.59128560638672
185.0246801400549
184.2068316459544
184.27998015448242
184.54545079343166
182.00141029491138
180.87849529401583
179.52417349866215
177.88116334859586
177.46021380449884
175.60830283871775
172.2673059832326
169.55607690432547
167.39408541310624
166.89414083198974
167.21855850290254
169.33279259588716
174.24726573858783
179.248443692469
182.85917812277316
187.32098275798282
190.5854795640685
192.5426557418479
194.48150808851523
197.58646924292535
199.04932232959067
202.60520559092853
203.64965742284028
207.93532131628825
212.42970283829834
218.82102709866984
222.9360259064075
228.38101526910435
235.9365974864003
241.8164571043545
251.74860260206296
258.30743935645705
264.5638498129397
265.78268237933287
266.16990189410325
264.22673099126524
262.0634141180562
258.58398565494633
256.15550716675165
252.46930885886624
251.63514960498514
250.6314990691674
250.37261343355448
249.29177452711164
248.6708103210028
248.2852681018351
248.74262860715697
249.1152292428533
250.46206767170057
250.60695843843408
251.67446244282448
253.14926851111778
252.99759112594464
254.23332909193553
256.2868173285204
256.61400824862693
257.7392514686898
257.1085202424449
258.02042278432964
257.071194477533
256.0947849613162
255.0910549291783
254.27945991943295
252.85024555568867
252.6693718043444
249.72538696234923
248.3589534024741
245.83142427777705
244.8570311933717
244.5878407692863
244.3779290476437
247.78283177573513
253.51929428015686
261.8434315633485
267.66356936321125
274.24943446746585
280.6121509422014
287.612686261299
299.03635782438903
308.3735301711122
314.6673944099148
316.8679292768151
316.2645749665349
307.5571306157909
294.025132612228
274.0648276364176
259.78398343002164
243.56471982299666
216.2282458614556
193.8951979881613
177.67289323751967
181.1099793294302
184.5600189844539
185.02050205135475
186.38369557098764
185.15713338287694
186.922921568094
186.01231393432533
186.51280810330314
186.15738495047984
187.50141634403062
186.03234770923618
186.77276287962354
186.076704678424
185.90294727660924
185.43234240592946
183.78272684342326
183.56671052948658
181.77675392768018
178.7277173359751
175.65588711748913
172.55757209461908
167.94313735104055
166.21891214397274
159.35740809697575
159.77002385539205
157.7785675857053
158.52199043297304
158.35479830586507
158.77224585181435
157.93018677728668
158.16722456050502
157.82219056340264
157.45396253580728
156.94377975261375
158.0154195493911
157.0585619289762
156.98712231543004
155.4980448609848
154.95802442020968
155.31424920655218
153.2962847444949
152.11934750692234
148.49396474625178
147.22210536404077
142.94873794464195
139.28586780997887
137.6245212030973
135.27986854284626
132.82651077207785
130.01598819978324
128.7052034922825
128.84773051828643
127.43839085028537
124.94668549056233
122.54183212642332
121.38848373291968
118.46819063763752
116.30002711115397
112.8714678390763
108.85296178943179
107.20829818024025
105.54419907159384
104.04162604922594
103.14083514632077
103.83624991586379
104.33007050930975
103.82645175960266
103.66432813637027
