0
10
e
159.764614630092
160.84114525456837
160.56468362119946
159.86683677358815
161.1593142764235
160.22913942445987
161.39462189008188
160.45079531449952
153.9384653382195
146.17503336001286
132.82193403495438
124.73843933274435
113.35202569601161
94.9368918829228
79.81908547985
65.21336258709488
64.15964652719155
63.78276078179951
63.46045482824435
64.19533128269907
63.41471786064986
63.144506758606276
64.52837519077974
63.337391854913115
63.256579799149044
61.362634969345805
59.9820390493674
57.22299431383312
56.120452767545274
53.09388495617977
54.77093321169771
53.462964591836794
54.4068334506093
54.85202569727171
55.849570518582404
56.61825250232052
56.565014434221354
56.3500014131293
58.087147688398986
58.50787247857888
58.73328926527912
59.57786696892217
59.68391197571369
59.72549732145427
57.11362291538834
52.773772133801906
47.71465016409772
44.398387067390416
39.314341238472416
33.194965197903
29.529963654118678
22.358474385229506
16.129543106355595
11.813306800196463
10.119712515760268
10.763528605638717
14.393990883061242
20.662300589917976
29.001794517961212
36.13964768720555
42.65237030232847
47.25690241392231
51.95545808228676
60.05433266794242
66.22545156146558
70.93814650774178
71.83895006077134
71.29475397904785
69.99226799578575
67.67571027858827
65.1561364328658
61.08326061877493
59.65400260692176
58.345879986311324
56.996005831245995
56.55885610217079
54.729625401593765
53.979111007127806
53.995783448611
54.478520307599545
54.26991331480354
56.43490850693357
58.99840429452967
62.37303754481158
63.07694958406354
64.72787959018554
65.07638051491357
66.05189007998466
68.09714759830304
69.35317982572747
69.52319894280954
71.11633672927634
74.13797768498873
77.04701327667442
80.78512967687362
83.23670191960545
88.32612094115174
93.25946214687283
96.93010569423973
104.09768716521849
108.06542561949963
112.27488304787651
114.0098674271364
114.07291626376762
111.95027779191486
107.56847613866005
103.74736726308296
101.9532129367282
97.95173619724692
96.08724891746068
94.927080883995
91.77843613026857
90.29955909810178
89.74689040200049
87.83885743852156
88.82780364229501
89.12575965205012
91.23353250020345
91.82036215585275
93.82155701143081
94.956711646163
96.19409338623656
95.5165555628858
95.39611606161864
95.04828184370392
96.50169102740696
96.16360931869997
97.28300416923582
99.57970389546993
101.5878307683088
110.2156261652382
117.66593151502028
127.41946529751237
135.2698662340599
141.36464412836645
150.82014633649624
157.77308321345063
159.6867080165665
161.98663619679047
161.77398254252435
163.13816382819928
164.469700356785
165.2215368378989
168.1004669758911
168.27433036691053
170.91223117045965
172.6251274791804
173.3974341940457
174.5046025207446
176.59602430223322
178.72465376613715
181.08608832075356
188.14230496851766
195.30403771923753
216.0405630718966
230.23897663657607
250.19186309883952
267.7810018043432
285.509250140483
310.35889199367625
330.7555409869423
346.03883281548264
349.41759127185435
349.63016073532964
339.3167761629313
326.2845726873065
307.035307143424
291.8733526682042
274.82934920308116
253.42150478194833
236.0706928775033
222.68233017994328
225.6079858316064
226.6809048801144
228.66579744162868
228.28027550883124
229.39778426279443
228.9700418721401
229.11749134638433
229.47571983839862
228.5216424588976
227.17126612108322
226.1332611862065
223.70895462640937
220.1781857277105
218.28069920487022
217.85862960457786
216.31088090147205
223.18239930619842
230.47770524518467
242.47944666683003
250.79228716842053
260.65694586801277
270.15219275139754
276.098855306078
285.1274703270106
291.4398359976102
299.4698257701044
301.63480228525236
304.6712517781112
309.42097759520493
313.5780434207323
318.4292151168602
322.74413157659154
327.6256052331479
336.13371820838313
346.08205882881924
359.48315752645726
371.1177176337604
380.62723455796055
382.2161479624073
382.6699333636215
372.74219498734004
357.0523968749743
333.90635303690834
317.9757435976268
300.19054409679865
282.7627168966019
270.4753298706282
253.65169466084348
240.9275921202589
232.44264683780364
228.60879409998208
226.4504945983715
219.74215852373382
215.6590922325218
210.44752207316898
207.02059842845065
201.2043390735752
190.37879790995893
182.61335205795686
168.54554938903033
157.19133166642308
149.1949893843086
148.18509656130942
148.19657952409224
149.79268664683048
153.66705934776363
157.66691150352412
162.07570984520183
165.31339188726218
166.9271180877243
168.9586337041175
170.3976882205696
172.14490553403766
174.1660343497538
174.05055776150195
173.82351628792105
170.05339887702553
166.24814647738847
160.7977476595049
157.03621063575417
151.3378204192987
146.52909749900672
142.01578341212453
137.92647016912844
133.51987125741854
130.8200899291748
130.52416692149544
129.64645304068674
127.71056874180987
128.2430151706502
125.69245042499853
125.50993915670978
122.26527231809608
120.55744931052753
117.9432903070064
113.11845613221062
109.2304644098615
106.19114061114458
105.53367258391559
105.29820071771248
108.00660032733585
113.41752133441675
119.8600840636957
125.12612084884647
130.1847351504057
134.3886340278161
138.93651866799203
144.34307451517088
148.57680233350044
150.67408448312207
152.8634051014067
151.24272890844617
153.30026901106206
152.04344839852655
151.9527500210832
152.44278386890187
