0
11
a
171.73639900976764
171.9927001795932
171.7753404955371
171.37058169983553
171.3226324322694
171.74506417820348
171.25292290583786
171.66444908390523
168.39784782543595
164.59740270218936
158.77983757275467
154.25471835557863
149.54177886319846
142.29319802665023
138.22034289116178
131.66814606960136
127.29131744285856
125.57330154649303
125.82822504195506
124.5819840901825
122.46238475209408
123.47723234316395
122.3811138623226
120.5013313915041
120.42765305268684
117.95935763126936
116.51389270017985
114.8706014524526
112.4604980611305
111.29359115912976
111.0078103538059
109.28006529547115
107.95799519949313
106.77725348952012
104.91655647195552
103.52051752817356
102.04546622495924
98.78721437642987
98.01351476912835
94.51846726752991
90.84449714552498
90.08646624854812
89.99232218725727
89.85899647582872
90.93506964778226
91.91946218456683
93.20119126028274
95.22579470254007
95.49180106605402
96.23684188828781
96.71178026363836
96.93001684266859
96.92777731320515
97.30237509582958
97.36412027476932
98.07846704850223
99.22626082005627
99.7270710869146
101.01135393068732
101.00436238210685
101.46546186092193
103.38787545465873
104.48264950972505
103.99166653889533
105.58136133656473
105.83261863203876
107.44258451790007
107.48605667010737
108.03276923789856
110.58146121418639
111.92097863158828
114.1128826342046
115.30592259562107
117.24668251260775
118.85306157043779
120.57566382807302
121.7215063799375
123.71503189487346
124.48964664771343
125.77460758299749
128.32581101302952
131.0592796866318
134.34170088111077
136.80569616994086
140.2534931767825
143.62833610335977
147.16069143070197
150.02797587554315
152.5599613395382
156.52671931353865
157.9324401799797
159.52511424131046
162.01046675605494
164.71446076217856
166.47968768050347
169.75794840733553
173.5020640535474
177.87445712808028
181.0228826180083
187.08798493846498
190.4970567200924
192.74568691912518
194.56481371179652
194.64492166155898
197.4654859497257
198.62005550754353
200.31737704534623
202.08030235140922
203.91740215024112
209.96899705251082
212.65963267454262
217.69068868789216
219.1600712045221
219.99970789017638
221.52474846539465
221.3797104075947
221.55157401527055
221.79893385925803
220.97752014032898
222.13418522885007
221.91148103670238
224.2118031527327
224.39783791487727
226.30762219956472
228.78704970314405
228.75803125908996
229.16415822373776
228.96883988795625
228.5236591667743
227.09811642599485
226.4962303291639
225.56755516953194
224.3893592441632
224.1102792191748
223.22256075321732
223.2203675079494
220.7864202722925
220.7349609400391
220.14871249391183
220.30405689003808
221.09313504094814
223.11225036242035
225.1996286389691
227.0438716759448
228.91936400532126
230.55119773314527
231.69763832559897
235.03351932664125
236.20942960537806
237.54420394124986
238.90631004292118
238.31367827330678
237.96960677554924
237.3359696203806
237.6948626952787
235.54687580969275
236.04002039546307
235.41977117249803
236.46921098593165
235.34203024304975
236.68487909896368
236.29112768137904
236.67851206352725
237.00045558421516
235.6054579341454
235.6286837146226
235.32143069801396
233.96728253068912
232.99961777580225
232.8842507959829
232.93563658237636
232.65180405081574
232.21131121165723
231.23484212528655
231.44054528279582
231.12732789764374
230.27105221296662
228.73756032723372
228.99832613302644
227.8737431146196
226.77489734071588
226.3026909421888
224.850045310346
224.03487337398133
222.8089718217446
223.16806749079257
222.92845335489528
220.8435641206402
221.07121666339603
221.48902763767296
220.659731243956
221.38526829180847
219.80437721265196
219.96384386939644
219.54205594289297
219.2518450410678
218.18522666099707
218.02443476257935
217.30664167347047
217.34868705498454
217.65554173332302
216.51115783462237
216.2975980422556
216.99814445124423
215.07706726108864
215.9879914439963
214.89910294413016
212.7976658499363
214.0465061236402
212.25910958679475
211.91340587903827
212.67201401265697
212.19924582855754
213.74352517188174
215.33934196865425
215.29963881953248
214.98402412896598
216.8311108602587
217.5115018439759
217.80805760801397
218.83093378716433
218.4756442516753
219.0833232388561
218.3876898686982
218.49220583432225
218.42284587490963
217.84306948825423
218.20440041397077
218.35148189328999
217.81834035285308
217.74794015469752
217.21630584849706
216.77056823372905
217.1364442750028
216.25926311485648
215.83567810001432
216.74168306554026
219.19925707648005
222.27515279717576
224.8030714463845
226.68008078005914
230.12406495545432
233.50317204796875
235.79193244913162
236.3859995898364
237.70497818101578
236.63786547201886
237.59589623308736
237.130842383623
238.25070241947932
237.68901813144365
237.41798230033586
237.88910802200223
238.61310629486618
238.78466697548532
240.4251298617388
241.93549981562853
242.3540030963783
242.28433407784325
242.1597843775825
241.6687888095269
239.55822694172042
238.09987589473195
236.88672984524027
235.67011098028837
235.73532523101625
234.39548699391796
233.605007797327
233.65954930598303
232.7471339803489
231.4800758367533
231.27938704490998
229.7633029313287
227.01488958058462
223.18795531987254
220.8654973863532
218.00402745028597
215.1151391299012
211.65208731821585
206.96666104264185
203.92158317569113
203.0257010217663
201.4433539554275
201.08383597001696
201.77137964212096
200.43258985063665
201.22062605920962
201.2488639934623
