8
10
b
59.33944208142631
59.986056095486646
59.75017424994399
60.12973379872132
59.20425975117442
59.910934626331645
59.66950101354498
59.2705096432637
56.5869913980336
52.47844617473619
46.0764012972174
41.14858712902735
36.89329613552764
30.59720972664054
25.888253934757778
17.555543643805475
12.982135400454835
8.403604554017658
8.085701732714753
7.183172962583263
8.966676506457254
10.39963365779786
11.500200693647747
13.373043610897152
14.554195193426157
14.943234561119677
15.322673710766095
15.651660444322205
13.848928042909552
15.379440170627069
13.220380076890876
13.950944824965447
14.576646799521559
16.317268700484743
18.61940294746113
18.895131476726476
20.712830755834556
22.829053948328568
23.964312122850394
25.95012545026134
27.73470196351825
28.352287642684438
29.3835921834649
29.336742523208112
27.379447963222884
27.632141897588035
26.564714816083598
26.085445883237025
25.418184335328917
24.583939398993174
22.266891438236293
20.368470982112584
18.923559461814456
17.66775747307367
17.53456285317217
16.010426164888905
21.469399303086032
26.186312234609293
36.065211361988055
41.9474408762296
49.192026785969354
59.61024385977261
68.32272334555176
78.04910970025819
79.3423958949658
79.82565873702805
81.52499637253061
80.96647928368743
80.97904263244168
81.47943973398517
81.15153694987355
80.85398067807579
81.24707779339398
83.26214134635774
83.75958543842358
84.41267211994872
85.22748142406624
86.66997733956383
86.78176801661043
88.26500529172726
88.73106454975216
92.2586120916293
95.1628657255309
97.60269745334078
100.49187934515618
103.43307269310222
107.68442815165876
111.73438408840248
115.10006219892149
118.39681725457683
118.39177512165584
118.47679299637359
118.18746976884665
116.50052521054984
115.65695343615417
115.80663815675936
113.90381217827041
114.12548115300717
113.14480839433826
113.6844766202571
114.07158615570462
112.41534529485041
112.7619551273293
112.9565147548195
113.23387340569795
115.24812981658164
116.74806488818386
118.86720593162491
121.3130162928173
123.64143385635147
125.58320998639097
128.9885642934496
131.24579782430325
133.2273756435666
134.13871364543317
133.61918353793152
131.83039842726996
130.00569957039207
126.5273149307308
124.12320066493774
122.05536079803937
119.38308875727478
118.03320782010131
113.74885939779423
111.2378839361229
109.41188262025473
109.21359903176618
109.76425112153593
111.11473640964101
114.47122803534661
118.45331615494766
121.8345310754256
125.45686450924542
130.64539016918016
134.2069015829089
138.2006652244898
138.1437397241557
138.5125175444038
138.92410890537255
138.33085542742154
137.75950051533016
138.2300528390175
138.75823421343563
138.23566126124578
137.9456227412504
139.0844038856325
139.30175494767556
138.7474100458178
140.1224027565401
139.37269324436534
139.9224030542883
140.23462134153516
141.6652644846977
141.98117643022914
145.48053776278934
149.41263744144698
153.5315499062385
158.33925918457126
161.57531683855953
165.25531723296126
168.48629976059013
168.73102033831216
169.5303014461595
170.36134412304537
171.08630704743828
171.76760976318596
171.32164676739268
173.41795298058238
172.90835050735433
174.19978592066096
175.24787843788138
175.9256171114149
176.23547144107087
177.65516153838038
178.58204523948635
178.7879722685871
181.21439461546876
182.84574378384826
185.7051035648164
187.7023417845411
189.86494289785185
193.10442954524052
195.8548411852447
200.03396722946226
202.64289182621116
205.0892645878961
205.57858851975578
205.51684597877124
205.11067743468797
204.05713570385777
202.04495231233525
200.89419182913812
199.57933774291598
199.7881471461633
199.73836244664224
198.91480213308057
196.76000437501995
197.38058628536447
196.18791941578968
196.54219298610514
197.19168607029977
197.27689793758705
197.43864163006202
197.1117529506293
197.1762769905442
197.2320751931434
198.0939845123284
198.06299347248918
199.01122003173057
199.0264285239653
199.51465236343233
199.62053948663737
198.337829688991
196.4428870592464
194.2925274419453
191.5960183450079
190.2085523854193
188.6707216586572
187.8558449586708
187.53825853018077
185.69298839382725
184.5792540712916
184.85934804181565
182.5294964716486
179.8900168083891
175.91580996721535
168.40086755749496
162.86922083336077
155.9643328963775
146.1903880668887
139.60409606797074
129.21126404955214
126.54515688726173
124.55283012948911
124.49825188835756
123.76362931751238
123.91164039999752
123.43359321013028
122.14465852290584
121.86169724450866
121.68702010539717
119.68080721620258
118.05795511542676
115.86617341179793
112.6906401797819
111.02088704286975
111.1485542334538
111.61741817638023
111.28212557171399
113.33646263562987
113.78439315300282
116.12705907316514
117.34764796581211
118.80157565960067
119.93033389726112
121.04487742545018
122.74227220583855
123.64443066646432
125.30552063077018
124.30567676183105
123.2404346493216
121.10688085259932
117.65030360875731
116.56486961065158
114.75340954235635
111.9577716176011
110.10923232958741
108.15025117682777
106.15100657872186
104.90781880027555
105.25476468633812
104.43561433944093
104.13162740364722
103.11813105286824
102.49191698357919
103.00937461712965
102.62356104612664
101.18640142587009
100.98644306299546
99.02199493395878
98.97938345477124
97.55592332960228
96.86402787961924
97.74588818411046
97.42082533029617
98.03319652234578
97.77919726043304
96.86630167173409
