10
3
a
40.60211111840156
41.13709420948015
40.363370970550655
40.66460821970598
39.862258802030546
40.2069485471624
40.3963980862816
40.61010283137177
40.60104097205415
40.017614793146144
39.97931055887829
39.16817978046638
38.36745007868022
37.55624637275465
36.992688963884014
35.72918525588206
35.95506751394021
34.309543449094164
33.933266637893254
35.610256193899616
36.01345378021406
36.50783268095618
36.607004807249965
37.06114746227592
38.26164123798404
38.12723447535354
39.16687685109395
40.98744391276589
41.48027401895547
42.40953193767514
43.12927429278043
43.87341075421196
42.056316192599574
40.24190551163246
35.21975683288132
32.4683530192749
29.053439210542727
26.612084514401758
23.418675875714637
19.335602932759393
15.56567117352466
13.971377114609167
12.79083004556258
13.023803003298921
14.820265196089249
16.134345501910587
19.1442030629399
21.149569871297345
22.448634400294072
24.187719354151287
22.693027134610553
22.727643449882667
23.633784658298275
23.745452677783412
25.7057197431059
26.149125885450207
28.557355514943563
30.61873169442668
38.84314251320451
44.79764358749861
53.31977790398322
60.93846784162527
66.5494858480492
76.51383569136607
84.4154424163388
89.15613605634951
90.29626210716535
89.98310634875955
90.55166750399168
87.43888923213464
85.93413228949932
82.5506177365728
80.9093079167434
80.89636032408866
81.12218037711186
79.37352213897198
77.8385208645331
78.14404310537847
77.25270181770865
77.78156578328023
80.65848572468643
83.44054015719283
91.22643517471852
93.66466902452412
98.68946894740449
103.0349316450489
106.97436885042481
111.4839888321975
115.38863489064772
117.46832513804966
120.73885682573773
120.30231830527906
123.76315801268946
125.13150436542665
128.52717214378194
130.11169178461523
132.92880961225006
137.24141451324056
141.38146899384253
148.09272039524592
153.67857177908778
157.89702224649812
159.45633728808548
159.77647821110688
154.58995092963795
148.73707300243282
139.7301569551889
133.47425076978274
126.39302018779537
119.84421416185707
114.43157670767366
104.80413733206683
99.14276404877626
92.83607182412449
92.40703002079496
92.2444553846905
95.20518658406971
101.02251790179666
110.13273337092991
116.76873809477145
123.96780596986312
128.65878944667122
133.55611653377795
140.87720368244652
147.01620250105643
149.92372296484172
151.05247051814462
151.0360898739962
150.2762546706171
149.1373877656374
147.8431114876922
145.67429383765807
142.96546401821269
144.00849882306485
144.04624787759187
144.65285752635268
144.2490259885064
144.2071580937638
145.3677792123845
144.63005335606903
142.9651210256019
144.12011674488988
142.06543788218136
140.60798821623737
139.09826993788673
137.6042468186803
135.87759991950318
133.30146644387614
131.15040082188634
128.25338689997082
127.74235816702081
128.77437171966
132.3877029671062
138.59059441869985
147.644824229279
153.61655538167986
161.99718340534392
168.5321831561378
176.57050161494107
187.79215089929485
195.0616900660521
202.17551075062173
203.88690707943636
204.5801101479242
198.92824988085212
191.32644306320972
177.80624615359994
170.8368472852156
159.8540298641511
151.85188383996746
144.1697266622499
135.0966102263251
126.7362079182281
119.69226512309858
118.7700304645777
119.44550333310946
120.85123697960913
124.65017039969678
129.27947015880963
133.73355049367248
137.0249938464126
138.7593405499226
141.07231126790347
143.6069506043369
145.33998200761837
147.89602768417953
147.6245297976742
147.55296785981503
145.8579086964417
144.51880061652864
141.91619547626402
139.487657528271
137.6078559287265
135.29614381528594
131.23259049254798
126.80008126849363
122.80900873784746
119.46816316821732
117.27822153291599
117.78393197813209
126.33470198675427
136.6597959770244
153.63219553136759
165.77099040751747
179.87758302694934
192.55381549756464
205.9022872519862
226.8707614792341
242.62891030853123
253.96018738284397
258.0228124120143
256.5573731080756
247.12721258578318
232.60847996667982
211.20815692560626
195.83318331021874
177.756879047194
164.30616735449826
150.20851592274005
129.53357724886177
114.39896077120034
101.29271485402658
99.44431212123067
98.02494312215784
106.66460372862383
122.39937054891209
142.4814215805736
156.1183305210572
173.30730469772197
185.53432406432805
198.0793262406947
216.60483641024965
230.22468533151368
241.6251355896406
244.95696977197738
244.28282241530962
236.40952640118732
224.416689770118
208.31837668158659
196.2949003913901
182.04519301745543
171.88468688437268
164.32945412995647
154.05744978447132
145.69894978233418
139.5160385147549
136.9723760465243
134.51723767653007
131.75181393274548
127.99200281949608
124.20642398867275
121.16381850706294
117.38830058521562
109.60536152588058
103.0594904338524
93.48997459374539
84.55895783490057
79.02120491936512
77.36752312314665
77.1885692593473
80.4954897564726
85.66168882620426
94.15255316239599
99.35572689652352
105.54505782324294
108.29558164820037
113.3080326566242
120.59202675906423
125.37324449139584
127.768895349597
130.58161753344916
129.25689238375656
125.8526081223175
122.92031510553504
117.29640303365771
112.62273968138685
108.61449444180784
104.6259970386781
101.93410385929367
96.51766455656733
94.24523688809674
91.65668288444859
91.01615976325365
91.63629982948646
91.04462629773482
91.13510666552477
90.4700441993837
91.02969357958253
