3
2
c
120.93284064916203
122.39998871828978
121.70712150781935
121.44836559438453
121.7039933215921
121.21128616888647
121.38649524044818
121.18525475624058
118.08009645287257
117.37664630752052
112.24741218211909
109.26430964580028
105.4636540509793
101.0898737508619
96.9101478096435
92.11638912405742
90.59822129930662
88.90024805877071
88.87474310234052
88.24003706763172
87.91573694015234
87.23645093803398
86.37546233751446
85.72911668686957
84.92487512025569
82.67506552932461
82.45598784894707
80.58026213801703
80.1604901951113
78.76772456464077
78.35543714260923
76.92458744961307
76.25516956806565
76.8960229905116
73.7316302897184
73.21480383230579
72.29701516729952
70.76348763425169
68.98418441266477
67.20663058565493
65.47257624301572
64.3457047771434
63.81055805363329
63.31041949798292
64.43526689595048
65.21437329860369
65.83551310564057
67.18736675667539
67.53585505610296
67.97332730388645
68.53430823978526
68.02539055121576
68.98187207010407
68.54577001754775
69.39866084315778
69.8973675287124
70.91766907099598
69.98356904226695
70.68548623162238
71.33689425132009
72.07807455859887
73.1710317277013
73.24347279726715
73.96805842934185
75.62200933622536
75.07615771298427
75.25872483674554
75.82077221167118
77.71214097043877
76.6051755877513
78.78700169757649
81.00330675274299
81.94125622800408
83.03635438491594
83.90297910787967
85.92267775216955
86.44116596135378
86.79240099620614
88.10763106482439
88.96087273010563
91.39899934169844
92.6185729651402
95.82658546357986
96.47256810800572
98.76963637142346
102.10069483402718
104.24748186225617
106.40926832128153
107.92822445403866
109.87346914176179
112.00954043342844
113.06232261525841
114.32129128078304
116.98191673810915
118.62546485117751
120.56602461142955
122.59295266122076
126.53165229049117
128.56575063631897
131.55396295407436
135.159936630303
136.70991242345886
136.8876014072006
139.78135497518014
140.34571771076324
140.44875435238154
142.53160748796714
142.40824773430546
145.2910174398724
147.34362000927996
150.05679398584508
153.76725741507266
155.349103868315
155.26250125069276
155.12643533041916
156.4778012208636
157.38548290571586
156.33522406379342
156.36895389538907
157.30031258780826
157.34056744674527
156.87132031110414
159.00489003742496
160.35600931050098
161.0170934047442
162.28612020703852
161.89216801072823
161.5309032145065
161.74911584720505
161.10677386505404
160.44542768564665
159.55704206158407
159.5750638408172
159.60780075981825
158.04989973892705
158.00485549407398
155.57863405936504
157.12485410577165
156.18972060243473
155.2794220779519
156.83524836897385
157.78680278069507
160.06598281980737
161.10597240962323
162.0836369274147
163.34012726163002
164.98104472390744
165.8519330029524
167.6786884781583
168.48984834041272
169.5961657595737
168.9414746057177
168.56326697868442
168.35321714920505
167.370775202183
167.83785015714204
167.06974635798076
166.87077731621275
167.11309870724043
166.42357187535308
166.77575454959876
167.40094596375076
166.53535347096124
166.72779288334192
166.8705141544607
166.76190022069724
165.60018458494028
165.7912753428095
164.45259724892816
164.92409642079465
164.14795864379118
164.97899264279417
164.88851486839792
163.50764950684612
164.54544102929464
164.07941304051948
163.098436585554
162.32750633342386
162.28874777428723
161.1249139608018
161.00246158620348
159.28975179808072
159.36041570214806
158.70001389699803
157.95052432915534
156.68443347991482
157.01238099646545
156.05116776088622
156.52145577469707
155.50478353764004
157.21200421707061
156.8194316233529
155.20614470432395
154.74181660676197
154.61462910303118
154.71602931952833
154.4397557960969
153.83651535485268
153.85534112675384
154.49771448029497
153.2676195620228
153.373931150961
153.24271100000962
153.7080964984585
152.49531398931217
152.29025820234372
152.28822993734252
151.92674124983776
150.8423154480051
150.37885687724173
151.0949273222048
149.5377768849305
150.7302829542502
151.15578697227957
151.89250718022785
152.12759974814873
152.9498939313769
152.67278058611546
153.874990203622
154.6908309256797
154.5142508686224
154.52354846912743
154.84738686298724
154.27448019649313
154.33261516850217
154.77588001109103
154.76768514413186
153.95404648253236
155.3656729738364
154.58010239679487
154.45939487501033
153.5108819634365
153.78017174642946
151.7117797764007
152.90781400783823
152.70157310849666
153.74677452629115
155.60165769261766
157.32613241554762
158.4105532657117
160.7234817909678
163.50856187357283
163.81188604550778
167.60365840386535
167.41300051476676
168.40299162720535
168.2932727185575
167.85016993609912
168.05596051710322
168.67233493016144
167.940683663087
168.2236320484307
167.8243836504624
168.47522380557973
169.58983021138897
169.69981614741653
170.68936787648158
171.44901383913188
171.5037453124324
170.7489896697486
170.24347168268176
170.6418745892293
168.72457190697477
167.94122832511695
167.0382054511485
166.55525504316535
165.9537476453801
165.68449277050394
164.90974171194728
164.21536541644798
164.7296209652973
164.05353760483098
163.11419034915997
160.45665737580984
159.0518813650999
155.71140347677735
154.6671128223857
151.98773660371265
149.76869108517184
146.39795936916516
144.5618362933527
142.24407028489387
142.48483073088582
142.94822733697336
143.23491246355533
142.3860111678096
142.26420043946004
143.10838184089513
