1
0
a
155.09109599739594
155.07979447592618
154.57773537780167
155.12335846452802
154.5547260898191
154.85969959462926
155.36955693665482
154.98699659745878
148.4540415803023
139.79501536072033
129.09452180629518
118.3590471137841
109.93096922275299
90.8410875265117
77.07636749966441
63.085619198487215
62.64517858905028
61.84762010345969
61.50981737382753
62.052944329267554
62.13802523530485
61.059270986802716
61.20776846289031
60.497047649065316
61.500853428079964
58.85634240412911
57.53909794729486
55.866002898966215
53.7716847592792
52.249596506221216
51.59948041646982
51.1740473073981
53.143030268151925
52.38122289992536
53.25029718421975
53.27234490926954
54.105490039327954
54.906934753423336
55.54575124445981
55.705555385509825
56.5287578809466
56.99203550767262
57.696174321185076
57.166228121021945
54.576629581308005
51.938334604279355
45.94359831482501
41.36772098137366
38.358798790620774
31.74864119731992
27.80735355776954
21.436743667830964
15.847076529791789
11.785544638698513
10.741443803783042
9.738057084977697
13.308852319515296
20.120502065296904
28.691534981786603
34.459124876074156
40.83386217066235
45.77999882691293
50.03665399076587
58.46437351482855
63.792259029212424
67.5555787464573
68.47133752743268
69.15745158360674
67.76492808336238
66.26038374186957
62.78559176517196
61.38868748793084
57.78838147856896
56.456368729963934
54.7760722477147
54.17370415407258
52.949723740500076
52.15943889150476
51.19339282266236
51.650629404380595
53.26283356509047
54.53204360072754
57.53434316485207
58.481972631206965
60.533158831973495
62.43532779876317
63.435750880478096
64.85331440800948
64.95851311539718
66.75817785298848
66.86964795040026
67.70988324667984
69.97714669073538
72.84203649010922
77.88692761152303
81.0221365441124
85.43978001813882
89.43428344419924
93.92450544266704
99.68858593571107
104.98833623035517
109.47507512923396
108.03280457493611
108.47818704944852
107.66117384212633
103.95878006714089
101.24095023352777
97.63578264615177
94.59209418589072
94.21793659660945
91.26023789017998
88.56911667251632
87.2686164084309
85.51531968235524
86.41412677950957
85.71644030010536
85.17134172292967
87.96076772430847
87.9837639483061
90.80210048625392
91.71506068367103
91.64513206269866
92.45796625089581
92.7704328880874
93.0072538664194
91.72556472483569
93.26260232462023
93.84280448592392
95.53210237624282
98.70463989039432
106.25080158831574
113.1852362502744
122.13868288050325
131.86685371428754
136.57232152179193
145.25969291255342
151.7072785830082
153.39515074146365
154.70987683264693
156.00847433154075
157.1426184508686
159.6251542237901
159.20779296395952
161.43992749151244
163.22681047761867
164.47623043004592
166.64347690851025
167.44614661142137
168.11033813973228
169.72107415093214
172.67267847585634
173.9611358272861
181.53151419442966
188.6402438083236
208.80320444113798
222.8904925695052
241.7459857203393
257.3538193240629
274.39448227652554
299.6709327294674
317.8539472838825
333.7119129056893
336.40351468606985
337.46538482279533
328.01494164702325
314.95895118789076
295.1590039194044
281.3296857311596
264.5182119701836
243.99845423976814
228.63624671186503
215.11615662628247
217.01897910986236
218.56321731098095
220.42360710839847
221.5641631884212
220.416958367256
220.90934978199317
220.6126771768242
220.17788239764383
220.61811822738963
220.30487480940954
218.79332620098958
215.1306826853542
212.1403275116567
209.17844251301406
209.376527197771
209.43862481815935
215.2176374368878
222.8965988759762
234.84534044282674
242.28766153207783
251.76369551091403
259.2209394164678
266.04176746372167
274.826807388014
282.11129257895544
287.8842294200394
290.032324937194
293.34305293517815
296.9914841816581
301.12440799329454
307.26202508632196
311.1300715332185
316.53854210002277
325.07331833937377
334.55276170751176
346.3031129853336
357.61436483344465
365.9953058909226
369.0774672678189
369.35426279468993
358.851052833924
343.391476779583
323.0784936666836
306.82202161192515
289.5708179322109
273.59770358945957
261.55930494023727
244.48967838277335
231.84585031608077
222.72218123541677
220.30291143724284
217.20459839686222
212.33364836148556
208.21898756780823
203.85482852332547
198.9930835037939
193.9498989872678
184.34336756903411
175.12587028618455
161.99774659364203
151.13937037637947
143.82287944398345
142.27944956077332
143.48076905810115
144.92217881057053
148.67251263087834
152.5891208285677
156.42260620828586
159.69575387864677
161.33756217960277
162.17826787780146
163.46353965637476
166.72716384551768
167.4311695511589
168.28518858817407
167.7564812040694
164.98225471467083
161.14178991815072
155.3153779550455
151.85890778616007
146.1252969833276
141.44013809226007
137.6793792168838
133.01622750941186
127.71634467584477
126.85919419991848
125.49061818504671
125.8639235915433
124.03003439584771
122.09242835402313
122.2337001464885
119.98074104835936
118.95873870673925
116.18236657604079
113.39837579772663
108.98751820020367
104.78581504137192
102.39132510545451
102.13559236407279
101.38001638958553
104.79997906332213
108.98028544893218
115.18686362909659
119.85507656118236
126.18438089467969
130.82780878064082
134.38760366273283
138.71294228067475
143.33093122176223
146.00788982364028
147.11267218607077
147.27156826943678
147.14567421848363
147.35335999543062
146.8659058859081
147.82612414927692
