1
5
a
82.69680101575008
82.28082538260178
82.50542863426504
82.8393748599586
81.84754295662249
82.94424446779375
82.63992466438008
82.45762871667202
78.004548327815
74.21757106407772
66.84246727805072
61.90795429567379
55.4472394386262
46.31107263162549
38.98948270401876
31.058591425527766
28.951102845127153
28.697492590897006
27.669843469290605
26.960158802426424
26.95061628534888
26.16623090065202
26.83312829512103
26.65421303593297
27.010425919148293
24.919797712850325
24.11868210008005
21.51104657673169
21.72479566502674
18.83269797119022
18.91277816634924
18.730503678625837
19.77169545304861
20.13091307912034
21.7622328350259
22.25774576414772
24.057322236395322
24.836938749944164
25.74633652255313
24.942414461060277
25.782010328294295
26.974972566073667
26.77050186927146
26.3590365460805
27.654899032506503
28.98583810885451
30.46530322572996
32.405738716735684
34.7503433249579
35.91463472172788
36.75863774558024
38.123775435852664
38.726993292750024
40.88128207386147
41.96616329274562
42.100237272379495
45.04234103485804
48.80373599111859
54.45737892416782
58.221420042194424
63.06222159166876
69.99581742185168
74.89545744387846
82.95664424256553
87.2348440426365
88.62776883544895
88.9848878168646
89.66617566447482
89.87134661155251
91.22017847475476
91.10691939743678
92.37513726113447
92.79094091273221
93.97965390645754
94.00994368546883
95.77493694682738
97.4381615834249
99.96532430601889
99.13092330178179
100.75917081781434
104.30057815707796
107.90492183032818
112.41731953915745
116.47466578000905
122.6631395181724
131.45754662418628
139.97212077564322
147.29890480512316
146.35995566004996
145.5783052725691
146.0964674028072
145.4891342792643
145.61220263489128
145.55648264174144
146.29919796836273
144.87702567773783
146.10131508252638
145.766054151561
145.4568087487022
146.42515246575746
147.62916371850054
147.0530609861215
147.43728091260758
147.97652000806264
149.05240323955854
150.77400482464557
153.68302124339934
155.31473546325788
158.82717425102484
161.77483379939196
164.18600035833018
167.708843781249
171.22239318232937
172.74218319882428
174.93896270592268
174.2450372766282
172.6449835996979
171.3300575623211
169.3230056379725
168.83310934469904
166.86174656118192
165.80115205834272
165.52629587025618
165.2767644937785
165.43500648659574
164.01891623974467
164.49307280785163
163.4290628727138
162.99595642322078
161.70178975063337
162.18383478343907
160.3992156515466
159.04614675963523
157.951679380329
155.2177228286554
154.13607955538728
150.95025998948842
150.2964924326772
149.4948758137979
150.14932970311892
151.07269127032438
155.08609034232427
160.2990510956366
163.85513057563685
166.57764845466136
169.14620184049892
172.43454485583902
174.11018697162808
177.20139549221642
178.3846563736135
179.81633592057324
182.63362250699623
185.3410154404649
188.7558462631905
194.67971453563467
199.43282424290047
203.08229180366902
209.07724998139597
215.34109620078178
225.4550288262545
230.96127125444954
236.5889402683426
236.30371108424504
236.3834668406114
235.25617449900503
233.69808145927578
230.42390222558183
228.51270279467025
225.58934729831543
224.3790229252358
224.58483925928502
222.83649186305803
221.8209514198789
221.8714988600134
221.70719737103326
220.71637389424555
221.62451508129095
222.7038901327797
223.12443982783608
224.18480669587217
226.1081703856717
225.3334515586701
227.4246243551545
228.09793336449206
228.87293416750845
231.46224154497278
229.05226603291698
229.17509160601017
228.51806397578878
228.4293300635053
227.22767687693127
226.3565106387585
225.48965838436544
224.05579406300177
223.69387721104593
220.60970775095936
219.24297478833543
218.74385531755038
217.09878483584836
217.408434448309
220.4599151360654
225.77250021630158
232.4310539545756
237.85981967050503
243.79213384503228
249.97135076902427
255.2157805808593
265.3146799371378
273.67604433558756
278.7092419648714
281.70746044724604
282.4100474718745
274.28914896027123
262.214872946873
244.3336920221495
232.57515305786478
217.17117238137303
192.25368638227272
173.38778929957908
157.04161024961937
160.4725885227273
163.86148531263407
164.22542536100735
164.85020257420626
166.2195490976162
166.21426126579115
165.0510960452325
166.38841931904423
166.08050609200134
167.10193884482436
166.4996575123521
166.26748504910998
166.19403262763342
166.6147944085834
165.52573733573797
164.47038383402702
164.17055226512636
162.25736835604346
159.5436333912496
157.13874365387483
154.04629823219042
150.57304364204896
146.62956225610972
142.34374332123951
141.71767871789737
142.72449397789998
141.7651569825236
141.66969212444084
140.8421800057605
141.65415678322162
141.59416951109304
139.97279052317208
141.47704006623047
140.1184196409293
140.1030615387271
139.1855986056052
139.34335397513797
139.16024770911548
138.55685468609047
138.14803626826065
136.6587068401633
135.9432407405499
132.459824974229
130.41133111068697
126.9852561377799
124.32348081003173
123.05612267364384
119.41433660150955
118.58303828145678
116.31227600464395
114.37483811006706
113.4936521915452
112.49283763502264
110.35493867871108
109.50629070800039
108.25014846286369
105.84244092880947
103.13017696930777
101.08716607838834
96.76890000449728
95.41867999837562
93.319390028167
92.87580907691773
93.58173595639991
93.19481381203971
92.21866456387134
92.6191749642472
92.0784543730812
