6
10
d
161.33921447923353
161.99078038620564
161.88887435193627
161.85858765062426
161.80369267038006
162.50277653616374
162.83008622506367
160.79603847492132
157.1865816307704
149.78536457661778
139.25433798095378
131.43017783931725
123.6334150149711
115.3335903895079
107.13940520938215
95.36438077221283
84.44935946053837
77.34191164763234
75.86967214967578
77.02216572899859
78.5400135177564
81.57824345936767
86.74071244965258
90.56399546040906
94.03763790900248
95.60396279991262
97.34395779487829
98.802825767624
99.93944232507124
100.88345319842512
100.48815055834574
100.91289507025391
101.86657410134916
102.44063025646864
101.13687453579433
102.09849010379706
102.08195142781376
103.34495570981998
104.09161501055485
104.98008396771853
104.64117622493798
106.04790286572724
106.22981714916305
105.32991989958715
105.54389458951954
106.13982582558248
105.4562959029943
104.69774977211945
104.83289031359023
104.48955488490597
103.71997954720544
105.71297688934477
104.69166652045206
104.8733183756589
104.58296153022074
104.8341381733285
105.43297436279974
105.37098804992277
104.30549384228992
104.50009214998467
104.41387154167042
105.54089520948841
104.29422828754974
103.86403087737638
103.27407450126333
102.84312393281859
102.17293427286864
101.80466251447072
104.08136655178103
106.81825268778807
110.76488892150847
113.85289887795916
117.90392693488933
123.37486062613489
127.5226711887109
132.19273344995656
133.1433598032045
132.9895407760428
133.0428507520737
133.9305207752752
134.44121957305788
133.86439328828493
134.53921487914678
133.24350562970167
134.44739874644304
133.01520353373542
134.13452752329098
133.5707082174765
135.23193183846826
134.5744011629108
134.6516222481612
135.00335493666657
137.16763376733778
139.56840794937966
146.91436433547017
156.44406343361698
168.46350527949232
175.7930703006053
182.63444969736642
194.96921715567004
202.601825363542
208.67795885904292
210.7572106656837
210.30888538491527
208.35602553869217
206.01925133183053
204.0564848660231
202.0457469159107
199.4640782158082
199.44346426295095
199.18584434861873
199.35089929554252
200.84183850954923
201.57487639942408
201.45146798893438
202.43733401996707
200.01641711659704
197.40847046533867
194.41485477856568
191.83849629564125
188.919818776735
187.11791631668115
183.83857633243494
179.86913139466446
177.40333013119195
175.03792222425704
174.43589053433053
175.89786952251993
175.07445864729982
175.2406274571732
177.19168160707895
177.76224359645977
177.82463500250094
178.3345279885179
178.6915156347336
177.4607066221507
175.69977073956602
175.58465963932724
174.84025919387943
174.48462827315626
177.2891122070397
181.03406898028945
186.1886950655511
189.89867124912266
193.38033922809979
198.32170638945803
202.0485140343192
208.98750068263766
212.81527639862097
217.3747591622289
217.2969938529159
217.94187479522535
215.50969727118382
211.5460567480869
205.3181918234543
201.4596954019163
196.79222544445867
193.65981897135165
190.43009003428503
184.92086071880868
180.34858652937785
176.35922303544257
176.25121805471676
175.32053525824125
178.83580708776043
182.06932078709067
188.46721015842735
194.36782489234912
199.5611904161248
203.04362312665404
206.30253004907638
210.1815968104388
212.54672654818683
214.93523701308132
216.84483188808716
219.0260397905231
221.6071716346042
224.41855432412552
227.8209654651651
231.13069696445024
232.85633867528907
239.58729377644033
243.11543936534838
250.30071846063188
254.55304944709607
258.60028205740053
259.6043531226424
259.69227106569434
258.1138608512962
256.2793937809703
252.4237309929796
249.4767993856182
246.8956580025937
246.6365956167855
244.44301469069478
239.79481554427542
239.02739919088754
237.63643730925946
237.27413036261166
237.08294382329555
239.16103050455573
242.0611558669553
247.35781017842478
250.7136773327153
255.23106275267847
258.10469858035833
260.1097485088889
265.8045539281811
269.1745087361977
272.9516908176175
273.1139958494568
273.12838136708694
271.9422136898828
270.70905843318087
268.78734240810536
267.18402136713394
264.761392851175
264.66730140113015
264.5850015999017
264.8766169998955
264.5242480384332
264.5602910893249
263.54165317854364
263.75520073161294
261.5681671184002
260.0037661077309
255.97742893628686
251.45392475244066
246.613739492945
241.2707563839471
237.0429572365601
232.24118053935445
229.1511501527016
227.62521135772124
227.51429328794129
228.2741684715542
225.97090984818126
227.15282242959717
226.45887952018006
227.03070152598096
225.4048586285862
224.7026016039988
222.68680119462135
222.9234579352088
220.8419465630908
219.66343671250434
219.05404943261195
218.5015784629004
218.52365385115425
218.12680586826644
215.7488766711308
216.8339940313546
215.30665336149048
213.32818525309892
213.05848333022243
210.66764289418086
209.5607100294979
208.44541204395097
208.7155581936605
207.24117477946683
208.41585496809168
208.782424875092
209.55339610903386
209.56823157190553
209.39378881790535
209.85600981078105
210.55210856203047
211.7769688674059
211.93973672822955
212.56282488260493
213.07732671930916
213.8244032473184
210.2106538993382
207.2245626508816
201.74115214138317
199.23574247457023
193.91450386542357
189.92419242026273
186.64712515498167
181.12009678914865
178.36078664665195
174.59083698055545
174.90349567868324
174.56557220756875
174.9681398374483
175.00518624102938
174.22019815849885
174.83321443274536
