1
11
a
65.52571895080041
65.11391337769146
65.0363759495726
65.82291882743529
64.69846493268291
64.75767891388536
65.64091716928957
65.51533917674183
62.25459003332593
59.902695033074636
52.596957038470684
48.90290416150341
44.65505317422628
36.3729675857269
31.283729985994444
23.759159678131496
22.837942695807723
22.281570770138536
21.470825775948956
22.022697937383416
21.537658425012882
21.737420929197867
21.901307836782237
20.951662345486728
20.962141450761038
20.2052326947863
18.584730491794375
16.857158774797583
16.568853013743205
14.53005858662357
15.592999746535934
14.832716701647431
15.203855409500065
16.649807304765563
16.99415209092341
17.95320489201267
18.35688253309002
19.35639000351932
18.765926798550783
20.31163798005176
21.360281226920517
20.455829096945685
19.755260446848485
20.994184324085477
21.806508631716497
21.200927615789695
24.868427972358866
25.94364627952581
27.832936237756257
29.085851709496186
29.513198964319542
30.19161595180904
30.833755171392916
31.643266220332052
32.989614356172254
33.065621099857466
36.07395223051015
38.85439535695899
42.77122461378229
46.46113935234988
50.76409961814551
56.43825061701621
61.22587891202838
65.52848738142143
68.42977197383317
70.66114290800863
70.88255994992838
71.01337688865333
70.21257898707218
71.81167850872242
73.37414175471787
71.93637557841105
72.74898607495638
74.89598634854981
75.01943588518024
76.6168900306835
77.42821478858932
77.86013847831822
79.3428009462746
79.79119143578778
83.05820927960244
83.7263321689817
88.69399001701818
91.8572802357025
97.17040685610459
104.64606509897838
111.00940069339502
116.09432095373326
116.07957879370726
116.10494191551524
115.11859829704485
115.62258483782587
115.22223718238256
116.03270154615478
115.64375092453488
116.07521296598392
115.52896157651516
116.3639559214736
116.2208537142348
115.0789469157294
115.89822353900543
117.05959170308535
117.2282343392547
117.33686706812509
117.86463597343005
119.3488516819482
121.88819828128155
124.54915059523206
125.79004926580718
127.82958214627656
129.1440719452184
132.4811821033008
134.94894114892148
137.30782931604762
138.82467610539925
137.77919412834638
136.82068348497182
136.57735152827578
134.42282476939542
133.40984021260203
131.74810887035318
132.9508581176476
131.42371085250068
131.55654738363972
130.84709776960042
130.21247523374333
130.5788088825963
129.50450872175443
129.56836995833967
128.6692516794206
128.1182133481463
126.32208709234064
126.9282241615727
124.2958006745941
122.28618460797858
121.52205851188721
119.23448447991673
118.89491903396215
118.42703601568347
117.59592729576698
120.49851323138407
122.921726447783
127.4200161508815
130.48060588905935
132.43211771745462
134.73535795794965
135.87914735283562
137.27539967208637
139.84896682783835
141.0551154407642
143.59075776538984
143.687791712049
146.11318679327238
150.32125613645158
154.6686432923503
157.47177411213195
161.21261219494988
166.4496712666324
170.8950271325811
177.99544437864853
182.328548605029
187.30736002095486
187.68750065396645
187.22265960855503
187.08895432857804
185.36439584878343
181.77760109607718
180.5538991753044
178.46219111195146
178.1978129332898
177.18627620439125
177.01076528383214
175.83223574178268
175.27287449485277
174.7671216192796
175.7331109678453
174.9430980126959
175.5929561732112
177.03081656726587
178.38836760489804
178.1365018008211
178.31993730430926
179.96514913609784
180.68546704447195
180.57381290881992
181.4474239239449
181.13667744818233
181.9599682612861
181.06515496469362
180.8872599395737
179.9474224594526
179.17249013272178
177.87380088001393
177.36121379323808
176.56565297050253
174.36946201667877
173.69479941794037
172.73638135849293
171.8351146629039
172.3462562951807
174.95677163325985
179.5555529555219
184.27756849913902
188.15212908325074
193.6839751190922
198.07825380468606
203.4585733859486
211.0602922817944
216.44020341671103
222.58675477840302
222.99397487602863
222.5849135029668
216.80257719849163
207.9409165656062
193.10815576202862
183.38462722049655
172.05937840240065
153.1393318256252
136.5933201323299
126.50814962237624
128.048007528803
129.78163758969504
130.7341239226825
131.02983338447532
131.87434903471942
131.8386419555284
130.8131311371727
131.82689470583085
131.50197686109166
131.97184133695976
132.23626050807664
131.70380882113858
131.4524395720097
131.34288444760116
129.8494339689555
130.82351418332428
128.68276221364923
129.02022410993678
126.73852168660092
123.7092995387891
122.10520785692508
119.0595107830699
116.21249718277716
113.30819177421034
113.07043468502737
110.72654443435128
111.86219645989284
111.55087568739734
111.24107251445861
111.60008970655639
111.91184562639282
111.14907584022721
112.4223125376428
110.48826184379969
111.23686409913519
110.80208786580144
111.15028790372568
110.42245844202128
109.0190241075908
109.26974557401904
108.52670868873872
107.77615939708069
104.66206667973316
103.63630825350542
101.64487896065813
98.84239124402842
97.32364277573053
95.53844605679468
93.50159645170812
92.57095812560273
91.73057045721522
90.52032817335613
88.92934741365148
88.65244516127015
86.68480355421974
85.07218062338391
84.05368800690316
81.64881631436543
80.31428286988715
77.33739968562693
75.39537657350232
73.87994520300288
73.02618853883172
73.80417461523209
73.93727696083074
74.14456041593193
72.53468135976804
73.32473978244826
