0
9
b
10.316215560051994
10.010651437038323
9.305965774857544
9.906682817923283
10.755797681697835
10.886445102593608
10.495797912473302
10.28439529829759
9.67525438073817
8.82486248166271
8.163378053765253
7.173075727843283
5.7934804027234446
3.2001303562973957
3.044982991308331
0.9028509185520491
0.0
0.0
0.0
0.0
0.0
2.5868061489867125
7.651903795484683
10.980828506416342
15.487748302182796
18.88563885800436
23.30616952600393
28.3839367559075
32.200416240976885
37.296851014264846
37.655865629237795
37.10823516123925
34.23053456259237
30.736698622038205
24.634716299939594
20.88310316130465
12.602451340467281
9.920142330532101
6.455414222872631
1.5472556650680374
1.0264027778273142
0.07305027957514627
0.4748239553174805
0.04273184901076358
0.5234574258200626
0.0
0.0
0.1765191545180659
0.0
3.0994477575941604
4.0133420207927175
3.570912951962051
2.625212490600242
3.149763720513331
3.4613246821518286
4.360485809166953
5.754043756592687
7.179604645070408
12.264972136722916
14.533056867911911
18.692033401721122
22.348242198459495
24.66023378948899
25.706606235837228
27.57253262098906
29.994799137433247
31.55097928498397
34.26638515001226
39.99524314937501
46.274222122802115
58.579262356860916
66.92453460127179
78.39079978663804
89.88212514280006
101.58912221676215
119.5355967324568
133.91117962909118
143.85799671207286
147.05523055280577
147.85116207000715
137.25727325012673
125.38591284211722
105.73780736518864
91.59508975651997
75.39122410273382
63.581143358534185
52.65677429123849
35.27877486167227
22.033752705028732
13.090640658599161
10.586855980705643
11.259888932903715
15.512431726848796
20.790063237663386
27.91622201931932
34.45304372454125
41.939012029755744
45.73892148632913
47.57652839890397
52.6330910679286
55.395491374506946
58.09363478567414
57.64446144201133
56.9804423172099
58.15022079581026
56.59364336853462
56.06619613132508
55.093920512692215
54.16015112850345
52.5373799016958
51.000497795405074
47.703549403269925
44.57078889266452
41.049964137441215
39.6437814553214
39.86711805807781
50.59847239073376
66.61085682228591
90.53081193054798
107.72284209355047
127.62740318485422
151.62050229814758
170.34582977067447
195.90023575160288
207.70847049910677
212.710677199242
215.2063117846483
216.58856941786252
219.27015094974345
221.49235470345022
223.83371235000357
225.93992967773798
227.65872729512333
234.6432528590932
242.2892826470557
255.29045681935318
263.9521602256787
270.5499454740686
273.14897866286555
272.3978709093644
264.6451113243619
254.17621791250653
237.13578498063367
225.44267120572653
210.83820750928126
198.44473603365373
186.88407567552247
173.91693026264835
163.9665076096308
159.70017711846663
158.67599021607288
156.7102821802232
152.99176733899327
152.11605479480997
149.48643689958104
147.07775011175258
145.13034302934688
138.19231955963954
132.66248943728766
127.21379018957084
122.95641961626602
118.9111952923579
118.42406225417562
117.0637840867067
115.73375698027854
113.95515044976221
111.53732543905087
110.1119903881584
107.91153802361349
103.21851664277916
99.35291815324862
91.63857288789431
86.58931422287567
82.48237804342534
80.80595177693377
80.29192683585988
86.83193163085284
95.77265901114163
109.06535780128031
117.76179735093486
129.25078107785035
139.9717376065993
149.80369130937675
166.9403919393759
178.3633323698631
188.08491666208764
191.3561123647788
191.80178103571328
181.12600976961306
165.3718975635388
143.4852831931914
126.65732626783185
108.09690227147007
92.4688074662947
77.49196300896931
55.649971907332144
38.85437909276477
25.65211242787059
23.537265399215098
22.54637043001523
29.008084694267293
39.52262879290231
53.12775458475054
63.906072558524876
75.50124795736787
82.29355444503128
90.38058779229547
100.70698264059907
109.02840006396906
115.65894695151842
116.39161503722713
116.77776142992192
112.71746295061358
105.92796539109929
96.5126645149037
89.14208486237057
81.69633110083376
74.81575954733978
66.4521510784634
54.89155923330917
46.30848431974434
39.70950745575875
37.5031591899999
35.92499309110331
48.587444591327774
65.7622877147535
92.39180541619481
109.44056387227418
132.25824860356988
151.00099417286185
169.3306911341577
197.19895980429033
217.27229278581166
233.61873315380888
236.34201186396015
236.7025320224463
229.57739872146203
220.16931280172872
204.77086200702135
193.69665415771087
180.81178411539568
176.74247136863272
173.65458226962014
171.337524196473
168.58959104402808
163.63828132448322
159.93826304167223
157.0792409354542
147.33269781673062
136.00953386238754
118.88322695244311
106.45156265524199
91.45645238407505
73.11423759972521
58.40965208396415
35.37238831532658
16.33341727650217
4.250061719243062
0.5444470648076514
0.9292829930997901
4.196379072497626
8.799293781367785
13.805730601960793
18.94842366097066
24.417507181688453
24.94101454308901
24.37739215363816
24.865497720956935
23.64881783966462
24.127546820938008
24.839220948635802
24.163794805354094
23.759864784340554
24.70129123436021
25.223684481366302
26.032339143168404
27.086825839873818
27.26098465006844
28.160599613778324
29.18259188290247
29.057593167041382
29.4610097133799
29.945388748153594
30.899191767966734
29.338113825715205
30.35259165875983
30.552184309890364
29.17153515317072
