1
2
d
40.60669853070792
40.858128869989905
40.07911608190975
40.957309777585024
41.666891989124295
41.13491896491253
40.20865777182645
41.162971846181584
38.35426310493746
36.098974496479265
32.27206609989212
28.138226700789026
24.9515223025057
20.494995998012286
18.33996246044238
12.40623412681489
9.350947698295116
6.65521994325882
5.990596066374398
5.386692291990285
5.474948025903181
6.75739475403806
7.9087940697050625
8.893128409444333
10.455320480951043
10.014120501574846
10.696909968758703
9.482340490183134
10.050458831103827
10.000189530436952
9.470495205761074
9.904943377028797
10.302460248101422
11.134184058974002
12.337498778182193
13.848034674223152
14.082994525853517
14.954686567517559
15.382034766961276
17.322079760533196
17.93941995680178
20.243862634519218
19.298536454458926
19.881166951206257
18.96141701488967
19.310804667604003
18.15795505574467
17.500983856719483
16.050267481405584
16.07645622189753
15.937550432249912
14.253220430108541
12.829471552388123
12.163907461863221
11.718323301236587
11.575798973537813
14.49907777430983
19.43174746729626
24.571510623456906
27.964418301455925
33.682556424271745
41.62100352489095
46.57301213366595
53.399970462559786
54.174098128898656
54.94116111699783
54.58322719144606
54.67690316144632
55.87979758624718
55.840780392753885
54.810486306162126
55.78612456056086
55.230453690733576
56.775951585877216
57.344463157556696
56.94459217712256
58.76798655706996
58.70639390386195
59.97663540717213
60.72115550304769
61.09004516913419
63.09176196382529
65.07658708654353
66.58853596504959
68.68235515862156
70.89529940922887
73.82895219042037
77.09051639343623
79.7887788110754
80.93201597097313
79.88702921430792
80.84743246551223
80.67212368810544
79.30879566134077
79.22166666209553
78.33173570924681
77.47517979317058
78.88925593339178
77.81673510825678
78.67298503805716
77.90634966007534
77.6561947137081
77.79861391392866
76.55068072256408
77.86664484308898
79.05632781743496
80.32923275727389
82.50633723684807
84.19160755117588
85.71026582117948
85.88134566962663
88.90696411456256
89.33094482771861
91.12352692641198
91.41501615707446
91.08722249394414
91.46352936044504
89.16396268801994
87.9102013149264
85.48608513352187
84.18035429994333
81.71370401927697
81.32602063314548
77.90001477118895
76.6995654917231
74.89384835974985
73.79432802823752
75.0822958416666
76.19918242595462
77.99171950049059
80.57230129558394
82.65611953734307
85.92584521351985
89.28153710735992
91.68588990826824
94.73788714726496
94.36402160618019
94.17555882168378
94.08158412713185
94.83943197248018
94.38742158118252
95.51534411136569
94.94889078936406
95.13070201411546
95.01706195965563
94.51514445451475
95.83303406451331
95.6019048242117
95.43765790769305
94.1333520988225
95.67234119661939
95.14069810932033
96.40998320463767
97.91510787283414
100.00991868171323
101.77660481267438
104.4400561653392
107.92344778955881
110.07273787642164
112.2979426487454
115.26176189302576
116.03636860634205
116.15853754418349
116.22666118596577
116.57492921127074
117.67336522072367
117.61067210700459
118.1832596932729
117.75032000079396
118.7203313605206
119.85527822314017
120.53775629424686
120.7556052154257
121.68086811730271
122.68904232976232
122.43392413497106
122.63830134468489
123.72164126901555
127.35367637622727
129.43323396575437
129.05344025532392
132.95904895838973
133.34766554133435
137.4661186781335
138.69515655508835
140.227922213345
140.66949984335272
140.8351380842528
140.68271167003664
139.48493791521585
138.14426205825512
137.96049601421947
136.25183480750172
135.6476245427698
136.4692032698457
135.2831373355983
135.26618398923284
134.4027195101362
134.20746984818538
134.5627518342239
134.58508209982585
134.83287823548864
135.57210791316427
134.19721127595216
135.70302499676046
134.7730184024667
135.25682023882248
135.22768243894944
135.72818924558567
135.93664320639255
135.58376946845098
135.8748526174199
136.33752230399514
133.48837940895282
132.8404138893989
131.685442033763
129.57124649381012
129.8088571166363
128.66601903524224
129.07533573693175
127.3698490937961
126.63840404429703
126.02225331531166
124.46311349059314
123.20214067204256
118.99271149735833
115.01118112664857
111.21080621149937
106.8124965373026
100.13808391471278
96.06970656090647
88.72556309061159
86.30525216267307
84.8457848315258
85.07098646310622
84.82740906172734
82.70212361619492
84.511577976522
83.79473639537244
84.14354990412316
83.18820299253161
82.5385972689163
79.80094347451902
78.13002142773952
77.0452449970822
76.22338553718097
75.14123256149854
75.16765072101467
75.47600848021442
77.58594304875552
78.41674366813685
79.48253900101788
80.51724883091529
82.3787267633138
82.51269414435025
83.2671772510461
83.8527623351054
85.8879600567902
84.73060508681853
85.63805332172677
83.34399910652326
82.69864469733939
81.08610766655586
79.31581095515858
76.82112819874784
76.61690346360662
74.5800409491098
73.27619133383963
72.86001732319485
72.38062984111417
71.98570540520728
71.47961589297111
71.87353325521589
70.75819193334114
70.72743985710675
69.60676252958581
70.67664671904213
69.44248454460578
69.5897533443714
67.83359522412302
67.5834801644133
68.209540579391
66.49291210099902
66.13798202295467
66.51304967723463
66.2977370336017
66.09419958623943
66.8440850271965
