0
4
a
76.83803452871953
75.86824583277487
76.32045953549546
77.0307416760373
76.56419228827843
77.17859941534543
76.42867692586653
75.92844659995538
72.18974181350282
67.7014679317488
58.68660832331919
54.588497224595834
46.883734730372694
39.928231251394095
32.69553258022902
23.216547614306332
16.20770857900179
11.177186220449098
9.891595874468432
9.476410507523218
10.515113925546089
13.843429373323046
15.7032446552602
18.37935957218098
18.834743406791688
19.80518506371447
19.361521048178385
18.766183009834545
17.845822992300338
18.48930075149075
19.920381833227307
17.93722042941033
19.360870936757635
21.55703565222866
23.036301626190163
25.179231279620016
26.77912412753392
28.234687076820425
31.25366190841519
33.811436482334955
35.505674320613984
36.77980870926695
37.7735618857238
38.50439614606208
37.55075116932142
36.01721380961013
34.20257731220089
33.32709603496364
31.534886301446548
30.44057727883136
28.447583396618093
25.84408257213321
25.014846672409174
23.15831091405214
22.558823777862
21.11901338111396
27.033962371083227
35.24452364744087
45.86467401116085
54.70114962552081
63.4955107206514
76.73542417351972
87.81725461342722
101.27458784621223
102.03418760030327
103.92898637898135
103.70537419845512
103.77349343857414
103.74999158696778
104.7457117542998
104.95250627345806
106.03376611662708
105.10013228799677
106.87369051386301
107.95683359284249
107.28372628307092
110.63216487567747
111.61211662522865
111.6377040059377
112.8334229809079
114.81308725208207
118.859365339757
123.01803162566172
126.09595932208714
130.31102454025427
134.5118136791038
138.49515359403208
144.69383689018719
148.86039477103856
152.09923391315562
152.84310075095254
152.8560627437143
152.26436085037753
151.78718696896283
150.17782347165328
148.4016209557262
147.9224181786584
147.5585151504729
146.55405593775188
146.0201930049387
145.61204658763646
144.69599398629873
145.46299594082356
146.1753726089778
146.25421930632967
148.6485597468908
151.44292077741667
155.4205697071311
157.26484404071826
159.2917520244966
162.72673351628163
165.9059451570623
169.6035126825999
172.08496329459928
171.7549260830835
171.83033585447785
170.3967317024092
167.1878083946323
163.3799812763835
160.31202551291972
156.77466804050846
152.99250535850797
151.70829643632095
147.75275752324006
143.71105286003547
141.16116175352445
141.0991968792836
140.00397280536504
143.72896284964207
147.0471403004611
153.6117646504984
156.75603355822508
162.07498789743698
168.39132050432994
173.85564832359577
178.03052046552708
178.5166720751704
179.7527309854357
178.419817181714
179.00245782686085
179.15850719032153
179.38667709144914
179.54208103969572
178.97218408009294
178.76845024181
179.29694970340873
179.25708066164688
178.09113598685215
179.56552159530142
180.5466756401845
179.5950318476061
180.90346817167108
181.65531542991067
182.5953929192045
189.38953859285868
193.28858860222323
198.61391751729042
203.6521849282559
208.31093031778343
213.49880307430524
216.66191202300132
218.3981586210981
218.7161339488713
218.91604763214517
220.97543157791472
220.21589783624773
221.61151974983665
222.68137008109474
223.3870387578287
224.5733276300624
224.81329633468997
226.3912902815801
228.30560708089192
229.06832987294823
229.56017048768823
230.58424216221084
233.72498398316247
234.66310824020732
237.781492443329
242.1762131969276
245.0272356668682
248.9660489614423
252.7480415508498
257.93884656496846
261.098184741981
265.56083342939706
265.555271388775
264.8169220507775
263.87565528204163
263.15164800101286
261.07869881416616
258.80329362827234
256.60686188930003
256.0580165742108
255.70385002674726
255.46934137442994
253.55703693279185
254.24120273673873
254.08146071737272
253.84624638811547
254.4734758094938
253.57308293718523
254.68295962074006
254.15909696596486
254.94514269912793
255.12467822595076
254.34637814816534
255.66897386623847
256.5501440477973
256.34816481208156
256.360275521254
256.67745509270765
255.24372654867608
252.69423585940515
250.30639450129246
247.3400655707372
244.91690139008352
244.17053493665486
241.81795944455789
241.96209690194166
240.70020771881468
239.25059915491937
236.0744778334498
236.00680335470216
231.7487908510733
226.43446509710262
216.2842678332058
210.05468874244676
200.94921872756447
188.65706337938823
178.459544706204
165.95153351028935
163.08654151663006
161.64445937980256
161.38907047116822
160.35639332949742
158.99451994240573
158.17282964920653
158.19568298830106
157.95729993142658
156.8241232225907
155.06739621500458
151.489391711547
148.1055689724801
145.2770580032904
142.6457097976458
142.14478568177046
142.00977875333544
144.20783263282473
146.6483217817148
148.43166067622082
150.46785527154168
151.84808565570452
153.84189787557224
155.37104631730693
156.85181267694793
158.95044942555157
160.04875842823756
159.35205355896963
160.78113703359776
158.71388856681227
156.56178837870124
153.00766559138432
150.28366240567442
146.886365885594
144.06355349162664
141.4449034423673
138.35003583876795
136.21890686418206
135.84435952006666
135.54295103296334
135.22212183677516
134.35239873635666
133.75006319133502
133.50820485535354
132.67709363789996
133.07822480128743
130.69857152660236
129.6992630113447
129.23056045521713
127.5282446638478
127.15450285552299
126.31479424978906
126.63240504967507
126.45847015115656
126.06611817201913
126.80716356056784
126.35294524612296
