8
2
a
115.4849101612577
116.15743650748561
115.59179890206782
115.84106678059604
116.14135228724979
115.34681098517648
115.85378839644112
115.41897048320185
110.73147270133501
104.70879296593466
93.806640253209
87.01145637441635
78.81797403966652
65.6618147006243
54.50713189409384
42.91563379607485
39.90084196080931
39.40166328026779
39.67365499678967
38.78295910316502
37.883871955683375
37.34648533594077
37.80242255420115
38.09867338457127
37.46660674885049
35.429735440977986
33.60908634387706
31.014354505512912
27.906177619171448
27.05985461159804
25.857544173660465
26.111131831686773
26.99123755608263
28.873496026371754
30.15047100301528
32.34202739633003
32.88473163347622
33.57202915317335
35.244401378243154
35.23269382330486
35.09292305517081
36.28210003629345
37.06547602781672
36.19064127043607
37.97696068005921
40.38024061000477
44.04714412009383
45.73906730625031
48.73830085967793
50.42323476685531
51.93672877443763
53.01199249426596
54.7581206408835
56.88429455260852
57.978715327651116
58.813782955739654
63.11651001808865
69.14880505440888
76.13355666389006
82.08810787272124
88.83261599638335
98.84300449975947
106.61609144417665
116.83853059532
122.01113602892761
123.30255969525912
124.64744347547462
125.44467900886255
127.56580020626056
128.21803815528526
128.2409621023414
128.87461880434526
130.57071696903333
132.41558791063076
134.29835388487882
135.55762502308542
136.86197207446224
138.22419028049552
141.1788462474464
141.09815734700214
145.70047754877197
150.59919433304657
158.7024758091603
164.19790638380016
170.98271698895448
185.05747676043055
196.38163143064614
207.4156717863144
206.0705110187917
205.27275717487552
205.25531621963606
204.8400558379169
204.29840391352823
205.9510324223473
205.1614917841955
204.98586542548733
205.43553188496304
205.14383341015076
205.5370112628934
207.08318860824423
206.44580429098195
206.95299945288915
207.1427885166957
208.06370887659926
209.65792911173853
211.39724931365876
216.73320131300576
219.19524668497226
223.3482583852471
227.4278190804364
230.4388363735295
237.19174129667408
240.99408540664186
244.0177262785687
244.23510660874558
243.66211748082705
243.09367355482846
241.05950124671372
239.14104675753435
236.5056068064066
234.4851933527747
233.60817576338962
233.20327533487213
232.2735142807293
231.91702964116936
230.53390190158373
231.65401117224897
231.51587200365378
229.53960504881215
227.97726316856955
227.13716396390953
223.6418195992594
223.44260874799178
221.44060282347598
218.18474060865725
214.81197153420374
213.22316919335293
211.49301312226373
210.04714018226056
210.01918095793033
212.9843951581369
217.44181550572665
223.22427511824876
229.55628020864302
234.956107234161
238.37978048382612
241.38140974713727
244.5364245695215
248.50619241452588
251.10585754154428
253.49027260597575
255.25267537062436
259.4932289241361
266.53033841661914
274.0242602223906
279.7065335762712
287.3528459878131
295.71829890099406
303.1511543644474
315.9711300608768
324.49633953941554
331.8928707542804
332.2909977575161
332.5621842923709
331.71868928737075
326.58766067947766
323.5036897781759
319.8975213788144
315.94050092888597
316.1672479979708
314.58423442976425
312.96803901861927
312.399204832476
310.3053615857934
310.68274642336564
310.63445345092276
311.87018007106775
312.75009889034817
313.8137395655359
315.3859951975325
316.6510398946946
317.31527674449785
317.44706301897224
319.3080271961078
321.5816253882366
322.38309166056916
322.2380931931452
322.02511360546504
320.6162165713261
321.84726843202304
318.7683217692453
318.13771452682204
316.4588559350397
314.6665789088808
312.66215990708065
311.1154862593464
308.6820051865603
306.6178067074554
306.0941441170383
304.9811877194984
310.22381090822887
317.0772999743564
326.89513626519357
334.22926246184466
342.24598464979897
350.9880485058151
360.615939748072
374.5105118200009
384.77894540263554
393.86987208572293
396.1702231780308
396.2011191492455
384.40880781389654
367.46584660093606
343.47299680086667
326.3508628408194
305.7783238886159
270.4749698019
242.82088804873078
222.9332860177079
226.89364184073506
230.10564832441688
230.06674362712513
232.06025058005255
233.74072594352458
233.46968791801493
232.7173853827602
232.82765869610415
233.3029974750642
233.79064889358094
233.3563953067091
233.50025560989027
232.0693174776928
232.21079818680056
232.27284209252562
231.25621491153709
230.88017864865674
228.5750496706774
223.5451780043662
220.20676374989483
215.91980073932118
210.71882653869687
205.47310513327886
200.3520281632271
199.00921786188323
199.30621150404355
198.5921308739354
198.65688251127767
198.12817631352442
197.54017145343093
197.98355961765444
197.9667962831382
196.92552132083404
196.1171108935204
196.43937764132997
194.9782541496245
196.21576532813114
194.2564207150293
193.8762090200897
194.32009512234558
191.32530382633624
190.81226843187716
186.07061555832044
183.3054091234639
178.10300674192996
175.05265923749704
172.0329035636596
168.35954570805194
164.3885575864034
162.72199849728176
161.72260819272492
160.78946772477548
158.05120573546483
156.05262712824063
153.42895724813374
151.37915268201164
149.37096983253738
144.2573349883554
140.67242883859936
137.25888837992616
133.23997247918928
131.41526574161
130.36052622777484
130.89375380844706
130.36243156403592
130.9715665241634
131.11397995052027
129.99171359299325
