1
0
c
66.30500532057188
67.83769718252094
66.8537286883008
66.95985690329246
67.16258193255555
65.90145087432816
67.70315792126345
66.8410405299275
65.69455622259626
66.67161744991061
64.88850864504525
64.25166446637598
62.47058979698643
61.24481398038814
61.817399925085915
59.608006905771525
58.993779937949036
56.83762685353133
57.6124585463079
56.94195760856495
57.889723322837526
58.888866672181685
60.11208867201642
61.46496052586976
62.61837852964674
63.88110239364921
65.70919620427404
67.69066345355638
69.04807828907343
71.16422682401871
71.47628302496915
72.17814919855903
68.67380970614299
64.03100929095814
58.674187968682695
53.38346149826825
48.706947371936764
43.25859403767768
38.250721904231
31.3082870210331
27.076665772001455
22.806066393911166
21.44154722437182
21.593782560472047
23.416126464023584
25.981188819634507
31.125288663721108
33.74604187833723
37.67165861219886
38.39891972879982
37.95638933209356
38.95800707030497
39.08989557416784
41.621178056128095
41.73456284254632
43.248649400101556
47.62707492229287
50.62399083493305
64.14499251504198
75.29983346711249
87.73274852741957
99.23630739937478
111.29417324636843
126.36084306518856
138.42549986934733
146.00785427345008
148.47403971948026
148.94666781196938
146.59486168826302
144.27952123490874
140.49641061399353
137.3056678936394
133.6120248428013
133.53408313328296
131.99733864496767
130.06961490550944
128.62026339136108
128.05448519744485
128.21586443684316
127.64842006411124
132.22559618956555
138.1018895632703
148.3236168826819
154.80316121344697
162.3255694896074
169.9715688381167
175.6849338227163
182.39345327103842
189.55234676425917
195.3440342671441
196.84868080781294
199.3532492164371
202.7180648653147
206.83208549739373
209.75947862688517
213.29232138401508
218.69831206059737
224.2392030544664
233.1293319102366
243.26780095168115
252.13644048448504
258.2362510596567
260.72128508973066
261.4928961679004
253.33516472264395
244.30197700071366
230.72101973887192
218.4243366860123
207.37254957352422
197.52145009068155
188.02679755900655
172.8188040251521
161.74368333546062
153.61614281119876
151.10676418940713
150.86742311131985
155.87815608497394
167.78077645848626
181.02674252341177
192.05740006344357
203.6227809475474
211.81434362284088
219.61037390294618
231.68934734707142
240.43055887613136
248.07300434705004
248.56573316104144
248.31156178345205
247.07783434257212
245.27398852161528
242.52553376349675
238.7997461718886
237.16598816564837
236.54615075974795
236.32985526409806
236.39594649983584
237.31396548086911
238.08742596301803
238.2059578874929
237.88567238852946
236.86908146889104
234.59677485046672
233.27744185852598
231.6551013888688
230.35692447547268
225.96461636619532
224.06537853433377
219.9770814482256
215.55210061931672
211.91475975065865
210.56680763679944
210.93143271715496
217.65522518411882
227.81310553638036
242.70753421935194
253.08218854964682
266.7261647799129
277.9926062978844
289.98105892702364
309.2798274039964
323.0167428026684
333.3903562527523
336.27818200684715
336.5484464879252
327.5350709954759
313.2885870161733
293.3275122654081
279.82790236290293
261.4294036655799
250.32824072279308
238.2960084521526
220.6927899438695
207.8246330290234
196.8653079485416
195.91051563461008
195.95389371954133
199.42450229931944
204.76944433901042
212.75585398568506
218.74818547140006
225.62576859258408
229.31854134711517
231.44685429881747
235.8550577179699
237.9472564143246
242.5171157649993
242.40886492520318
242.56811384168319
240.41140620214352
237.55003385006654
232.2113234630518
229.67155437939763
225.8166936954017
222.3016823282988
216.8365650269041
209.2096998551774
202.85876757085765
196.85382659050617
194.2698292369724
194.88801970521027
207.4004445260162
226.3626645713179
252.88140276565716
273.4011837156484
295.89927845946613
316.60998656450806
338.80486958316243
373.1391525843588
398.6903036849561
418.37015636139773
422.1106803709085
421.8001201744792
406.71562617534846
382.19557722770287
347.6089171028134
321.5988673291674
292.4047201514622
269.50631034746704
247.46049755617003
213.0787629881797
186.71023394695047
168.1343410369303
161.81164526635328
162.35869033896705
177.24384222969118
199.89083504004864
232.14612861742262
256.9242013713186
284.7809415806754
304.7795722075709
325.6953818144789
356.55718734044973
379.8781211546069
397.3233572542113
402.58400803363537
401.91336298043615
389.62270233624264
370.6116397487952
343.0166139297484
321.71963741331797
299.2136603292917
281.97570816018236
269.68416123580795
252.56757409371178
239.1999124443374
229.36230943151494
225.85373415775254
222.27838961411996
214.96514892028523
209.87200736483283
204.22951463693428
199.86570661019775
192.6335657149164
180.8331652508162
169.48940486365208
152.3720426440495
138.8058588260768
129.20281228902311
127.4927958319514
126.86060553331538
132.7322720271877
142.3692094617614
153.8021170637577
163.18311568113845
173.30549210959467
179.98836484900838
187.4570833486968
197.98252176148387
205.25698057691451
211.98566254862087
212.84035525096144
213.45122438041497
208.50725812994418
202.20466282056944
193.36020462116454
185.75437529854293
177.68457851772
171.16263009123412
166.55300575466032
160.04097982847227
155.39789267281594
151.31679594477797
150.13566546324867
150.68776260774968
149.9175560610106
149.6942000740369
149.91019308382818
149.82131783248485
