4
0
a
162.38420459489362
162.05847395065408
160.82923562272114
161.57242160568302
161.52209167462442
161.50876732184102
161.81766366304973
160.95718607728435
155.72067816882995
145.89450841139234
133.58828451042933
125.01071528833393
115.2470015649102
94.63822987302001
80.81463832531271
66.26312662640912
65.60048782494654
64.0692633840335
64.28645685942466
64.55202899119261
64.71683781395673
64.29440711111162
64.38404253479567
63.22662192418077
63.74840333833885
62.52163484739629
59.530922203611325
57.32247851272176
56.070493693299916
54.13493042413098
54.4469299703907
54.18974612584001
54.77571347897618
55.74922430142428
55.79021001333733
56.90155075181794
57.03897725672283
56.81513188658819
56.62011684926066
58.11461838897709
59.42987137076533
59.76512290673683
59.62153418251437
60.458650258774696
56.95458849583827
54.54357698890856
47.77595950598824
43.75125905593866
38.3673943363687
33.33359563614295
29.258941994039894
21.744965819264277
16.5597486825671
12.300892959237375
10.11333282533104
10.17301454574477
13.997145196780178
20.55024694022359
29.09376623063533
36.13596481927432
42.13457037488221
47.7295821940492
53.091636134686055
60.78968022227701
66.28744457825086
71.68581208554323
72.13324353744417
71.08856716469414
71.03347260358699
68.01889777031133
65.91781946932015
62.67796297688343
60.36321620159429
58.432595841865265
58.27892432766945
56.70925338649162
55.15371114250083
54.20416637412718
53.336045894055395
54.299108901668234
55.82171430607383
57.73184146110471
59.803001916217156
61.986587970518016
63.982232831250265
66.3792291557887
67.26575691792469
66.65949986732245
68.78438870404149
69.75902947137098
69.92951734594705
71.93822483702405
73.35492308314505
76.79698647296622
80.57932430819795
83.49793415910602
88.70269263678398
94.52293404515824
97.8556826805085
104.61837787167354
108.80021576566668
112.55716687977923
114.26144241057807
114.61624392842235
111.58193043313592
109.08533355776868
105.91366414132924
103.202663786089
99.7922169038731
97.47586368909545
96.11356315209375
94.06192094571823
91.0329409829142
89.83793884866071
89.01120703847303
89.78241494752174
90.87593970014541
91.10119260354153
93.43406749618653
94.48338063142062
95.67436542350156
95.40156372363747
96.37674454853705
95.58983287855126
97.20439016723473
97.1139694949468
98.1048785936902
97.984470338815
100.16753499810635
102.65392035850944
110.8511437627037
118.72265043971635
127.64632158798491
135.64751758875582
142.95247919915167
151.94059387061728
157.30921098169128
160.56822697469576
161.69797793383972
162.59942508437365
165.0889198224869
166.1349092481032
166.7630431736032
168.91947185352586
170.3150852764598
171.412606609685
173.16886188043577
173.42410227254678
175.39902406007857
177.71617673817605
179.46395325125872
182.36449962300202
189.3455199980125
196.89075226785215
217.59598804417075
232.05969489914327
252.07077962990866
269.6150808567012
285.50940451533637
313.46747010536575
333.7666000120853
348.0187181994412
351.89772198656016
351.2170321177311
341.52166152618946
327.62244815598575
308.93658494490353
294.0505768229758
277.27223600141326
254.61336595201615
238.00992298291115
224.3187186542104
225.9903131025161
229.20835369054174
228.91903302957482
230.88711177944418
230.60453483561562
230.73517205235405
231.55710447654212
229.5776293721365
229.97107107942557
229.24599488485282
227.49431316777813
225.28349528538078
221.78094230962404
218.28752177254424
218.00213499266638
218.82012985091225
224.62457416755615
232.5250303263873
244.28511402633757
252.62211998641476
262.7221125607539
271.8959281411728
278.3517598230181
287.384912784429
294.6059851053564
301.0600185640553
304.53058344582644
305.9880039263812
310.7819076885824
315.43115490396684
320.20895833858526
324.3394757889003
329.78656054691703
339.06764988249904
347.51092421564783
363.1086865041973
374.34023197626146
382.24180750631473
386.0186255010747
384.20886552442335
375.08326544166465
358.9581068350888
337.1038989395965
321.23781782290496
301.5898090553132
284.3841928667856
271.994841439069
255.76474505043603
241.27314668530724
232.59633604381025
230.51195273356308
226.42041605652716
221.44764371349805
217.1008754822805
211.87870812753337
208.38143219193748
202.4194759438511
193.31743399789934
183.39176419648223
168.84785226010294
158.67373512783794
150.00218823698128
148.16502506580707
149.13293238041578
151.43902719906376
153.4394871161001
158.42764174149394
163.1729783518726
165.94771621618546
168.83033855332263
170.2077931779308
171.4672223883939
173.04401386361138
174.90787049790976
175.0847438258514
175.54646087463678
172.26730238752404
168.1688602348214
162.4711246360213
158.1075571030251
152.94021946493515
148.03962543842437
142.8802331152243
139.36300791810086
134.81620120098103
131.7295201470043
131.1501524463399
130.94889812674538
129.6923162016799
128.7297880449275
127.83922211871341
125.62075849132535
124.57434138259605
120.78584240738692
117.59793129115376
113.77686125580023
109.8262993719906
106.90109416323764
106.526623095205
105.6819485970768
109.15433402381886
114.39865946266346
120.70131520425025
125.74276800659554
131.33869064686277
135.40018153904907
140.1665277330735
146.08380560563796
149.1418810722285
152.70641240353672
154.2979265313749
153.43724534967393
152.4216418839284
153.32745725228776
154.28215631911266
153.5487515101647
