11
4
d
54.96278853464416
54.09906972077945
54.60335128413167
55.19557105317725
54.45416229237855
55.597080304475185
54.58482236851653
55.08120462407323
52.55101422400271
47.8170528894978
42.37269998337994
38.54108350698385
33.59809012943236
28.439363988543267
23.646464861526788
17.45311450575575
12.95512426201693
7.839351084116258
7.955578413892749
6.199829816393428
8.152017019937153
9.61436745900508
11.117841390060686
13.163183678691531
13.156222635764973
14.176844933765123
14.540637380939307
13.148403640237133
13.912902926925822
13.293863685576527
13.460258490019303
12.598823712162037
13.142891403631312
14.879686894205602
16.47169657482317
17.490265757532132
18.924269573312287
20.199489878178145
22.53347989199027
23.637735982110858
25.048013224463507
25.656121791777746
26.824418112812012
27.168923294779816
26.566093400901252
25.733690026443593
23.95352311232909
23.34286338632099
23.782035551651813
21.879908275300195
20.417320793721984
19.58040206247759
16.95973185746321
16.019318595975495
16.17118549942305
15.021238471658139
18.66106311527842
25.19816872991079
32.65462934153782
38.139920846218
44.91331749821928
55.46088754893393
62.44747476172751
72.94617882875447
73.33168154962084
72.96236718006074
74.87811541970706
74.75086099548983
74.37060457328778
73.95312628097673
75.41084976706658
75.44187581370815
74.63164857791351
74.8514161418882
77.1797894131402
77.80961014349313
77.7301188377356
79.02224082326391
79.75448249379224
81.34829437855495
82.22984948635532
83.99142250217145
87.65828847667309
90.39404881793759
92.43782735910536
96.225621377443
98.66474694116806
103.41613567512597
106.20182153570761
109.01364218643033
109.55338328609508
110.19276102936522
109.35208640524397
108.17623136279627
107.43842297294896
105.84297449012104
106.44044223050332
104.68713778455316
104.6509374921425
104.7872525790007
103.92015696961785
103.95698065268257
103.91256741051072
103.74769559263358
105.20264722730963
106.32251182624876
108.26587339047352
110.57478732797992
111.61189668102871
113.8792804310473
114.89372557360491
119.07935765190314
120.17358440514955
122.58890824515062
122.43583381545095
122.34110915527737
120.99038438999763
119.06503813177667
116.42441656652892
114.2965204021497
112.51580414083173
109.8541401168119
107.85263317734551
104.89027091362095
103.14300894456721
100.70320973088958
101.00382872336696
101.09600448935318
102.89843393867693
105.17298199126371
108.24009768641041
112.40646315856075
115.53512468753416
119.73811907960705
122.87010164751153
127.30809401068035
126.88819376758563
127.59754207822824
127.2392099030899
127.77984742830049
127.39150824327061
127.5447946810021
126.7971248767651
128.4287172464175
127.94084461402902
127.85449964659456
127.74127652796051
128.03592502654743
128.2330397704575
128.00868889997298
127.99781432467562
128.64147660250578
129.92868708545205
131.38333521195028
135.17814057117016
137.70557620455796
141.61995789746425
146.1728281679225
148.32535381752206
152.13691343312422
153.84598701919833
155.44747701264592
156.75834594591151
156.4766526943432
157.5174849790296
158.25842123261876
158.32790326654825
159.01842447654445
158.78798041198664
159.9528556586092
160.985226375961
161.45027373176245
162.6608239422837
163.9595080517353
164.49031528854363
164.75954552222947
166.66699340148364
168.71886030069334
170.5269158121577
172.3682904595503
174.8193219355724
177.81536285774175
179.68109770537305
183.24464909118197
185.98911353979003
188.90379840897856
189.8084819555137
188.68814737246163
189.32440872271843
188.64578423262827
186.30319624554724
184.80208867214336
183.34936962779366
184.19377774176743
183.02704268922156
183.25494990529236
181.5898707898999
181.92942581054044
181.71014290421994
181.45867727040007
181.15965790622866
181.93349259656958
181.08161312590497
181.71524557465176
182.59870354131468
181.99788370289036
182.4567749617084
182.31748416483487
183.42299285492675
183.8601955509397
183.38847295174725
184.0216318961994
182.45042640801665
180.82510994648146
178.60367428585943
176.8324783386939
175.17689210749037
174.1240174889855
172.9135664407229
171.94894571686632
171.0251602402181
171.1100926660536
169.44744342703692
168.38987127900685
165.92906220647092
162.6294033238677
154.86187204670944
150.43122850937988
143.66359185026366
134.80197277633533
126.56235858934984
118.29241898749791
116.24912096297986
115.37202744425534
114.70697271894547
114.42084299251478
113.49097907825711
113.58693682424197
112.65496629967495
113.04328480547777
112.42391892807764
109.93195794915272
108.8813898677424
105.28522912647148
102.963971034708
101.893108138802
101.58907859281568
101.3940738264901
102.7815078934667
103.96201564175459
105.30303328305881
106.66753693330236
108.37258557723001
108.41792210059025
109.69072705409482
112.41318842216377
113.95981064826518
113.83073290853903
115.05552052700081
114.53816875856253
113.97475536515277
111.78258616812977
109.49250935590824
107.45342537812726
105.27058444173888
102.97712230163688
101.55466321352591
98.35953761441118
97.60372514681677
96.99588732946306
96.00245397557842
95.95468949515124
95.62711483308176
96.01681483410572
96.36040310845331
95.46056963246359
94.24867105664894
93.52535589218824
93.0071072895318
91.46600431290642
91.11430357415668
90.09211421978108
90.30750036203584
90.26109116157842
90.72477924410327
90.59741339679391
90.70204340657136
90.06524222555858
