7
1
d
38.24245935947152
38.50188447432047
39.2755032947267
38.51046262767453
38.77614081183899
38.5541236725018
39.18717015165686
38.23025126626874
38.23428323385232
36.74561386766307
37.27626878607082
37.03965278750993
37.02399331773257
35.3322298615442
35.056915945692644
33.96687407192201
33.466936929443044
33.79844488973856
32.60971698575751
32.408760247113655
33.921165970701246
35.4601869939139
34.97660084500102
35.512550861874914
35.617790155545094
36.46875118934484
37.66561110565441
37.83698543262641
39.34008483479041
41.6398517071942
40.597347870503036
41.01991816386502
38.47350170557965
36.33509916115689
33.300266203068446
30.400471517013433
28.158567354631842
24.126877835031816
22.25457110478044
18.97587347069405
15.432777372890099
12.9547113630573
12.572217829447748
11.75004945794692
13.034997141786532
15.169876040179185
17.198611342817376
18.605328594815752
20.645724065253457
21.130523686875367
21.067725403804175
21.730065915601937
22.806019395975706
23.364765885803195
23.530644649582257
24.46952642666547
27.176680476252255
29.42037501319979
35.62922620822415
43.38577200676064
50.075005719684775
57.65182940462941
64.0085111790704
72.68058514684428
79.86370296474553
84.26062935262819
85.22421782300343
84.63581056723237
84.92195232174369
83.85339136106067
80.14693384972541
78.68857756030253
76.98329483262046
75.86480942607102
75.37094047204212
74.84696040075794
73.7576580617223
73.04324215637119
73.4076337120199
73.15607410249737
76.19615711859518
79.98635840290015
85.13040738975641
89.42766260109593
93.96234044201529
98.61782905568754
101.62837573742237
105.5228071701431
108.99427685239382
112.20839522819976
113.2218712879353
114.51694748565653
116.54899289250376
119.35061164386562
120.4318647092012
123.5158625542669
124.97057215739441
129.260842156404
133.59177714477272
139.4976022310041
144.82071292704916
148.82044160211998
150.33317366149345
149.7555504425151
146.79735767106973
140.40399472924582
132.56728793714882
126.31551724063551
118.89421346022354
113.26778652506985
107.8880358115591
98.9087408607843
92.83294445114008
87.37612378135579
87.08366267942141
86.74440262415311
89.66573689194676
95.77589209314031
103.65834003081683
109.20586197124153
117.47987572343234
121.26508225182782
125.73792856338059
133.1117387600241
138.05287300406007
141.57168762693846
142.77277654592538
142.7607946187396
142.04573121577175
140.56877342350273
138.69321913421535
136.9309921678043
136.3806323469816
135.60332953233828
136.19118181195697
136.70005039279908
136.1045582212968
136.41752598224178
136.8234496391708
137.5257612381395
136.34429007567715
135.53427960351542
133.26802616569648
132.1758520117477
131.26030738555917
130.11093160290986
129.38645263545675
126.51505360694522
124.44533419778237
122.42087612984301
121.81420931386366
121.24717531099704
125.20938971298246
130.92208381352174
138.7639944751694
145.1771770743383
152.40399757584984
160.263397681345
166.77939900230206
177.03388308965563
185.08434438506046
191.04780707757777
192.4046885755392
193.07276511759713
187.64888094336413
180.51116744457352
166.8637467846975
160.69516098980134
150.76273211949757
144.77813502220366
137.2037226510911
127.07772935315731
119.51383318224796
113.63617769327854
111.7820166467488
111.96956878714596
114.63886644228235
117.85964156965977
122.02274207809772
124.62737483695696
129.76576766444805
131.08285755147824
132.76787218300643
136.30798232906864
137.92298683663472
138.89766773695072
139.6523523395908
139.80535349314525
137.95879433696547
136.50930296558687
134.2570552881231
131.60341710298218
129.64731987006348
128.1479254523051
124.15488478209438
120.51360866584133
115.74584440267778
113.56314984917245
111.55368579258851
112.67280922979008
119.27739246394748
128.76775220016032
144.93060013012203
157.2074538759442
169.6304524745539
181.92527866148578
194.28857311213585
213.1036688035177
229.094999630958
239.73144629368534
242.7337136950456
243.34428752452365
232.9009622082148
219.34670696566187
198.78675302170714
184.9894005011488
168.01761037898106
154.4646820793685
141.96475228472417
123.1704275651827
107.39041095225679
96.2341128503966
93.34498187247182
94.00927845888914
101.99346486828269
114.90324556225177
133.17490679310205
146.98809118487208
164.1558560078518
175.0365419933812
186.47382775712407
204.00604938212487
218.44162867986745
228.47367885360106
230.69249235669972
232.20424147213885
223.57402276441633
212.6626873840259
196.47986097541238
185.30216270312948
172.40615143691747
162.55731589118778
155.8886893037307
145.07447918423637
137.09559319216058
131.57290734659358
129.11187459028528
126.77098040512426
123.35647190123244
120.73983168102822
117.51321307759612
113.80503775850869
111.2411618786352
104.20965481106937
97.76102745978231
87.58741334162457
80.2556627132681
74.76387163151676
73.44061989094556
72.43598056967569
76.04343081219884
81.74305411698401
87.61934630944856
93.89057703467486
99.25607326836072
103.26202080242493
108.24515046245851
113.8828256821269
117.90299361065766
122.10481501461778
122.3036839239548
123.24932196778974
119.5408062566571
115.53086236404505
110.83825077740525
107.10978798842463
101.6951185949572
98.73167672032967
96.6981363240026
92.21004711340406
88.81763766173847
87.0906067345605
86.05628641619023
86.04119666931062
86.57122519285048
86.40279798269407
85.59192669673368
86.08881589638801
