4
8
a
6.999063189422469
7.5573786428039655
8.005127326058993
7.056076577129869
7.7175693170432
8.389111561250841
8.046165925352023
8.202680538738734
7.624162119924569
7.137829625628932
5.534234212301497
5.696570162508872
3.998553061002834
3.5838488398924486
1.8005596424851682
0.0
0.0
0.0
0.3438278646851094
0.2761471481871763
0.2525716583810384
2.098916829718954
5.968126323173776
8.369799428285843
11.478968631150924
14.591042093729087
17.977365468507603
21.69663299646743
24.44331131768381
27.226273048133034
28.341078386365727
28.128405022465106
26.980411434713712
23.351146381171926
18.982347430181058
15.146780458640995
10.275617234081643
7.4102015178035385
5.37927253666085
1.3639154752349596
0.5443793081196355
0.0
0.0
0.0
0.0
0.0
0.0
0.39776122742588327
1.3347096952256579
2.717481008858101
2.5720995086847376
1.203107611608893
2.356545715188416
2.1337300675140245
2.090565180436711
2.231791665069218
4.561940752685982
5.892921030068865
8.415417004033106
12.515533145436326
15.902500076100793
15.91146548220183
18.00156342123278
19.74276558453346
20.73831038821834
22.453626113627763
24.578368143387806
26.28531689860321
30.50971542008115
35.19865321347026
44.51915043023097
51.68584911656724
59.99203443234825
68.66541596634652
78.52119003777565
91.365757582343
102.6182481160479
110.44496074724672
112.49967261356916
113.06882188264618
105.90451326173212
95.99642377705669
82.35650181956179
70.87821707147194
58.64982505027629
49.299950189975604
40.74334346260733
26.814798055370968
17.871000706209443
9.762641834314856
8.576719727966855
7.9095438525713435
12.039117957876226
15.081069131004865
21.870549311110533
26.734667018268926
32.36166273269456
33.72483672073425
36.319002382170524
39.79714104560287
42.428119294503645
43.86945505713253
44.80044692123686
43.79332818645183
44.022455356013644
43.5285924156235
42.79862463142055
40.975078561159144
40.9517214838622
40.72039340186226
39.34761787684854
36.02872847006004
33.774931517891645
31.602348166008067
29.940584426961642
29.417969689987743
38.64385498693059
50.4740021308098
69.06248973006309
81.9660775815967
96.8305645563293
117.05651611446226
130.12694028087836
150.03145431492288
158.57129537250736
162.71344508428407
163.75580223076452
165.8738998099789
167.43409994089455
169.96836670777674
170.96864395027998
172.71982936203517
174.40418098069574
180.10096151318555
185.94545924887865
194.738466561008
202.22797595845938
207.19671889467563
208.71144785227557
209.45135551659612
203.14976216105947
195.084300176228
181.59601078990283
171.52147325799214
162.13918480032515
151.44802482868909
143.17974609678274
132.87275638244034
126.36992098836548
122.66413278363765
120.91715179578796
119.26373943244843
117.26757345419234
116.44420594720893
114.33919012828996
112.40250942040683
111.14175594336434
105.94077733393314
101.91805050588022
98.31295024737113
93.72483124583721
91.86732505758069
90.60541045692575
90.09303743045328
88.63953180769964
85.80463944556895
84.94394941050972
84.39346341192241
81.87909840252678
78.8988181997196
76.17547188215627
70.51516822701825
66.0498222961708
63.57744485093588
62.182375519101605
62.417977747994065
66.67854995612338
72.95767544358614
84.20845694923781
89.93536462910478
99.77692104903232
107.42185839333891
114.78454092212583
126.75330082162
136.94059334263545
143.89207032441058
145.9069873415307
146.22433691882696
137.89385288792923
126.51239493791216
108.51205990751296
96.30091344551434
83.01856782231911
71.14951657993002
59.83372757506858
42.918169039238855
29.433981728861788
19.793498573975373
17.28086284039514
17.83987156176578
22.668474728396685
30.190616020659863
40.924052199821645
48.084455243697064
57.690038144319246
63.36430699311381
68.43202631861273
77.88984569545248
83.54566462338441
88.3687452576757
89.70215729657559
89.43723322254536
85.03747559013581
80.859038086267
73.04908022262586
68.62220956563615
61.887149641675165
57.434058983158685
51.431743526791294
43.24596643507603
36.492252845731485
29.52314552283136
27.86612961649288
27.37753819788263
37.89254706272829
50.04152157405575
71.000822753133
85.33076370013825
100.76730494858788
115.46477739968698
129.8266386765142
151.55074792641298
165.68328871347117
178.0289404517049
180.5823257209012
181.47855703310276
176.28748977939424
167.55024934883983
157.32772907895935
147.87326318492651
138.59906206647508
135.67716632561715
133.15087434454563
130.6520122003038
128.2412062574529
124.43376323291528
122.52000239774716
119.257550226842
113.33740948826916
104.40855535093978
92.0450870185123
80.81223839259407
69.22154560257258
56.1150905921179
44.51751528045733
25.787388430894662
12.928845542909961
2.8150036865435135
0.5871855394208164
1.841300688527172
1.5710518934503945
5.966944795567619
10.978981543369217
14.38166324341525
19.191379280838365
18.662052872165635
19.5997824395887
18.272540115116623
19.238293816487413
18.033172219556057
18.790410037751794
18.143497597727194
19.071667363910073
19.253046291463388
19.259135909283433
19.99997867051456
20.356440264489056
21.210998295758984
21.46342346757017
22.661635959364016
22.435126590266403
22.219109201697652
22.905262305000438
22.594787734868813
22.079810890878647
23.994248503521362
23.82672083942693
22.665552243387104
