0
9
a
111.93141522698731
111.86223796871855
111.7781809122509
112.33726959737012
112.89633129015816
111.90332814351062
112.73603674102988
112.07068470329645
106.06072761065012
98.8277873754183
86.03990792175912
78.47875276614283
68.74180623878972
57.978893351874866
48.789237653669275
34.681677819315766
24.69534421793814
15.660173426905518
14.612512515627605
14.743528955496368
16.531501720938742
18.990285312680555
23.336117403807904
25.308269968883547
28.15055680322182
27.98864811560814
27.470882854193945
27.602148236017136
26.292236100254296
26.437329725229517
27.055090972086216
26.987578968407693
27.71690502136968
30.84993587279643
34.23874504223843
37.64536793536327
39.10707988522797
42.00535413559879
44.66718150183016
49.10620057743248
51.873234550766
53.86151618041074
54.605581911917106
55.17192126661006
53.0294799073786
52.1067315363052
51.65912958338392
47.7536289395205
46.75922097057804
45.324697664696416
43.12730262966734
39.29723210250531
34.61928862934307
32.45793136278647
31.887456192888397
32.4997958803271
39.071717423084465
50.81191266423977
67.34904933103218
78.7233759887634
91.83140375955469
112.83471519372252
127.85803528312374
147.8135941680545
149.3623181731492
151.1748865736246
151.56042192246704
151.97906677267054
153.53911425361613
152.14323356932368
152.80096761852388
153.04213485137112
153.46046185394422
155.9826489744663
157.39274086758564
159.11930545540537
160.0595363725367
162.06236269213377
164.17627644194465
166.01638817865307
168.11109004416292
172.98940394308735
179.0623141897687
183.349307403591
189.8417480656969
195.0946903634848
201.5330048279389
210.56822527342464
217.11410620891834
222.7473010390098
223.5993297949992
222.87778936490525
223.30245099576695
219.47194808376156
218.13834336799516
216.16828164559595
214.48090400166288
214.76498577337313
213.66529226817312
213.0118233580817
212.22506641170526
212.65240050683178
211.8043982057452
211.21794398660634
213.64575579409558
216.00788492301356
221.8693544933615
224.42825087056474
229.03506097751574
232.4885216679062
235.63841120892397
241.90720216921866
246.96341532187412
250.28318300098144
250.7874637974175
250.46336951043145
248.91565145301936
244.38932769824697
238.08206912770143
234.36458421849878
228.64257305711885
225.83887702712877
221.28962242776413
215.9526186968005
209.65944362501352
206.75730468608816
204.16221894099465
205.1624253394824
209.14328801426348
214.94151174574543
223.33784452794825
229.3981787264363
236.5940467128268
245.01491839199875
252.2690185376722
260.74955330351736
260.93713246036765
260.4532994467559
260.5867615100404
260.35467261162523
260.9047936781328
260.53093113999495
261.7274377790916
261.35658135709457
260.3146781820904
261.4569937550468
260.9640045685717
261.42195678467596
260.31866044547724
262.05552199412915
263.03539384255237
263.4945499607677
265.9156602251117
267.22201319812365
274.6963222816487
282.6130481366063
289.4235227123729
297.9638546762974
304.4787731345202
311.4999498339087
315.63681584275133
319.2827452248388
318.77136298106194
320.40720752363706
321.1919376059616
323.2347302681681
323.5468718979488
324.29495488537475
325.44333686813656
326.84544107246376
329.161755353918
330.4752877913485
332.0207808093883
335.12808529343323
335.66827947896326
337.2657788829358
340.49520940222163
343.6887962214732
348.5649335525051
352.4803861462994
358.2400252049581
362.6287625327197
368.71718082608993
375.74058025750935
381.06229682112627
386.68103828355567
386.47787402473324
386.8283838711862
385.8165988459012
383.502427962159
381.09916612561136
377.97415312480376
375.80208333282314
375.21679978625957
373.6107829510624
371.9941836087978
372.5217471168103
370.5713426706263
370.8168382533003
371.01760171745843
370.64664111366903
370.7167080734489
371.8622652943968
371.00345365384965
371.2818738637324
372.20638652030595
372.19936015599876
372.73822763385175
373.170281648175
374.1243280586109
374.6175572144919
373.50090159214955
373.22206751132234
370.02294067726285
364.08041647797666
361.22428221695907
357.66778247512553
355.11467037568156
354.43108015257934
352.4925417815879
351.0460003196939
348.8454026821986
345.67215418336747
344.68915378443614
337.4787802007207
331.0952676039974
315.9372501826089
306.5072982073582
293.3510163730915
275.1875411029963
261.1129861854729
242.30546402568478
237.55240568661284
234.93126891518517
235.01679386120597
233.44531391592417
231.0012394085156
231.39361521227372
230.10979666933704
228.35303417317135
227.8311048743202
225.2473848070432
221.71733815473968
216.09965300435664
211.49872113777423
209.07849693166023
207.6208619440135
207.1612929129371
209.63619952475378
211.63776088036352
216.3910156843423
219.65796357734212
221.25144771469692
223.57944048650089
226.33569529366304
228.76723933384923
231.8000369685977
233.41809355769703
232.70786146684824
234.87143489920643
231.90687907076025
228.16786304494443
222.88153174419216
219.50031942924923
215.24955737739032
210.44375971819375
206.68521823636812
202.75435219640386
198.4336928946488
198.38728645298136
197.58029206166543
197.51881082965915
196.63772906715062
195.49435463484377
193.82518346230043
193.3363895704487
192.62987797192497
190.27210614829232
188.74404821850183
187.7960616335813
185.18163646299024
183.44882055871824
183.82465607657073
183.7757764210221
184.13392183010987
184.79048578575686
184.01086772013628
184.58899893688536
