8
6
a
15.884193508414388
16.064330191897376
15.505718239462482
15.69021874343581
16.077420452072708
15.818729740481377
16.02202020397399
15.2185830954806
15.407143003021678
13.612373794010114
10.656731972389661
10.059544455587634
7.727743225541431
6.554995322237678
4.9285410348081236
0.0
0.0
0.0
0.7909963148259224
0.0
0.05995928818752927
4.076590189510426
11.18086749924291
16.360267288042866
22.887773394645333
29.695071126799
34.83520947246734
43.198776512574895
49.83898280270442
54.24328724177829
56.44059340981462
55.962934281155746
51.8149076729603
45.540427769714974
37.21449618751351
30.394626143577387
21.755667991956848
15.451195650097503
10.507717646674175
2.7629664821808784
0.27113675447140506
0.0
0.009905240856211573
0.3184507339088842
0.90460155499486
0.0
0.012969531197310324
0.18977965922192963
2.70238599386202
3.499795592716743
5.37523355587642
4.174844780293768
4.0771453820835974
5.650465053882369
6.973658001953007
6.486131687526259
8.823280505186428
10.222449757101831
18.806702698849552
23.72729348209717
30.45967089239956
33.047920532666076
36.8410741305193
38.55142870830688
42.054611169876694
44.87852721630339
48.19382440507579
51.5499382765597
60.8331723494881
71.4092094666539
89.10387006495134
102.43409402680233
119.34502513683923
136.21979171386593
154.53088157031365
182.56795701604594
204.25883841928362
218.86160509820812
224.30153544363444
223.72488674446888
210.0006523588389
190.30739258423029
161.30930584253744
139.7340920702713
116.57042451993479
96.81557588916556
80.12863065233097
54.45275121097401
33.0397858157432
18.58892379623601
15.41397758979473
16.39209764368708
21.851932785723026
31.03817764949498
42.9913724237878
52.23597801486819
62.7845839776545
68.09518542248175
72.74876791872327
78.92466900845133
84.12790115664286
87.9582705766879
87.98043476700796
88.55679900372773
87.70070824479427
86.63576497860292
85.20243946844677
83.31250047122484
81.90459122970897
82.02416722185588
76.65836892980816
71.86595030973719
66.65788776547319
61.679295109260515
58.60746211759654
59.08183317690652
75.87397179729352
101.5365146273609
137.85656981442438
162.9265762281163
193.2388032784828
231.3294607885413
258.50745788017605
297.7230198860518
314.3768156511442
322.7384839070547
326.6861828023588
329.216808201611
334.6937499952689
337.2751744226143
340.48882102766186
343.15678337760085
346.2749454960957
358.00976916381865
369.30657016479915
386.7443363586783
400.56505511317647
411.5373825977554
415.8237980231514
415.51961211289546
403.3024711730066
385.7737871369623
360.5599616552722
342.9014892793265
320.47419695363726
301.11425404888104
285.55371022359833
264.5209630612621
249.44864600739123
243.51001761716256
240.5956066738689
237.82611916183475
233.47113524228556
230.8654701091146
227.72519224476136
223.98090286551886
219.23871962240472
210.54747931933
203.53885550847468
193.61844977841352
186.7805648003727
181.88152620421727
181.36952464509426
177.75728559575236
174.8567945207708
172.63324470071018
169.83901317751815
167.8865838735058
163.34491799847387
157.57796820348904
150.17139292380568
140.4352512453991
131.96210687009295
125.12269974732
123.852213964625
121.92469685192586
132.72704832378406
145.89907281553687
165.8896433785935
180.8573415710267
197.7606452191682
212.7928776882913
227.74988704121262
253.3888468567969
272.0055281087283
286.38138967025
290.62383993513987
291.27669335156133
275.0732232291535
251.6048474205572
217.28431103290674
192.90383959726066
163.4882224352662
142.04669003495937
118.40037634774279
85.25040708879338
58.28537726670434
39.55584832726888
35.354771578517976
34.905747681940184
44.830548130477666
59.01020260003219
81.24764047902626
97.57873831253401
116.14316589700444
125.72295364199539
136.39172319809333
153.4705806731711
164.7163171445339
174.54315457682094
178.0921749351975
177.75632391300826
171.41405087971776
161.04292354920716
145.85945648946694
134.9171181111477
123.48127419782362
113.31340370463165
101.17171992856814
85.21721813281997
70.2878733173471
59.37320385580074
54.87167866678935
55.00689457114776
73.29331094907718
100.16659044223678
140.00478817537459
168.62295715910724
201.38135905191712
230.5104195938298
257.6921599151719
300.45873093900576
331.09530109912635
353.1758785483793
358.6001681556352
360.03727773086104
350.170701145304
333.85205235245485
312.3808989817895
294.62345284048524
275.0073809608041
269.74390077316826
265.1234512345074
259.821692079272
255.0669987084706
248.47046228864545
244.21710023906743
238.08145266119436
224.54258179894794
207.01882387633515
182.14231851880476
161.88890746351004
138.16215914594997
112.38735437357433
88.67740561529567
52.36071023877277
25.035849161859232
6.346410197194025
2.5016307667784283
2.0686551961859885
6.219701846997444
14.194470032115632
21.541184555192544
29.247907474037383
37.254236724583244
37.24179748912582
37.62091603749287
36.670517538358844
36.93508671975998
35.9828996560108
36.28610819536625
36.259282294452156
36.79177036734257
37.84427084826377
38.833551311849476
40.17871237671816
40.37571231511323
42.10322224746525
42.73583108908415
43.647873605171526
44.49973732017711
45.15351470417755
45.94993511486671
45.512641384348996
45.87018615300251
45.08262646261949
45.07968521119847
44.71057918915192
