4
1
b
173.72016804325528
173.43366807918017
172.7899244033653
173.38133620652084
174.05093980212246
174.2327091973485
174.31639640097157
173.82971947661053
170.8001558230573
166.9724780434808
159.73804647604808
156.59053376237927
151.5282206822061
144.30412469901358
139.82595104297604
133.11736554203313
129.46574528748684
127.09579716127013
127.12915708785411
126.1233720428747
124.86012199679261
124.69134487399025
122.88097563129726
122.27164095481504
122.24649077961178
118.70564746314061
117.69069168284044
115.4633210167818
114.46975357787353
111.92435996298192
110.86019890743393
110.72505564080518
109.0373033446344
107.80962337946383
107.1189200239442
104.82425576327711
103.18478105842176
100.64120646351127
100.13150841861277
95.83985893447549
93.33200150106742
91.69939040454395
90.62311520955674
90.29326974876203
91.89793005056897
93.16032957338572
93.64187512709464
94.95220541108874
96.91969666681341
96.69179970425238
98.13143869118427
97.10003877867042
97.53267929481989
97.38928099652549
98.69807623774454
99.47538893705244
100.29555213513805
101.1846871632265
101.59731091745925
102.44326515666366
103.8094639074202
104.19098182163489
104.51679881222533
106.09089467878792
105.59067451977717
107.60037780161468
106.81551620117136
107.74041219405632
109.70395937158719
111.05439801933136
113.44543446445356
115.37696571028378
117.5463222206195
118.77981073613245
120.67735894543115
121.83452782941556
123.19324092590492
125.84454303479313
126.35015346560984
127.15357386241278
129.96371511824427
132.2612300594779
136.365175945237
137.34109625535564
141.95461415092421
145.775659661718
148.31474862345706
152.79298479969177
154.86461889304138
158.4695648403371
158.98720083171227
161.0045613709072
163.26298340956512
165.87892885566123
169.52425821309643
171.89199101152818
175.68849091709237
179.72184483260344
183.60779114384152
188.27690191512417
191.3917231901826
196.1109721163575
196.91345468308128
197.2359112938998
198.85555283954577
200.45853348156126
203.90775916090112
205.3671471903256
208.16692311171198
211.43928088393974
215.26908094814831
220.59776113108956
220.86292909606757
223.8069864414498
223.1474719704052
222.96794337598863
223.61875577236478
223.92411671004413
224.38930931363436
224.02745100939268
225.27510541970176
226.23556993326497
227.56834545510935
228.5233426731444
230.42734360767943
231.02561020186783
232.01730864840985
231.16335316489767
231.47355439612195
231.18907071713602
229.17295446230426
228.8807615404381
227.04437051796097
226.2655599096648
225.42506682074503
225.05462382165186
224.19271446854395
222.94894861774597
223.1792781584668
222.877089405368
223.96159226776555
226.15725007573062
227.5029295496414
229.58987622310943
232.09103773390638
233.02349993027056
235.24359706751983
237.5526271969048
238.9782776420442
240.04130888562108
240.56584487166128
240.1543511277962
240.79603950092422
239.3892000143417
239.7604665864245
239.07051316051843
238.50140609623466
239.08463628660704
238.350713925599
237.92236259934518
238.82830001496214
238.8088266349948
238.64253713683354
239.49187877082753
238.05574371116782
237.19458868499538
236.66945396538944
236.9961809195291
237.0633578207076
235.8609194557312
235.18642452355525
234.25455866777813
234.66829552613342
234.88975491226338
233.6007624732304
233.29047426085654
233.02439194779745
232.56896948932803
231.33184649505978
230.5350285245875
230.2303068333915
227.637238994477
227.28022777188963
226.28283569396768
224.99201553881818
224.65078149740356
222.99625787692105
223.56619222720477
223.72922149350427
223.43077850472784
223.4712380479004
222.68885168829442
223.6049436164692
222.51636485041914
222.36015701771507
221.1781149174347
220.63899814298233
219.7644966842881
220.54478006028506
221.31330317078584
218.92245005026533
219.38793770669685
219.73542562865654
218.26140703792385
217.63258747466452
217.77880360793938
217.33530571379313
216.3394557051911
216.14369262001097
214.51820568260288
214.87132729933793
215.01619726379298
215.19932812506454
214.8837437006383
216.6961422150838
217.56080541570944
218.36323488932715
218.73290477250842
219.76917809474554
219.8181709999684
219.78721926149748
221.39758349387
221.03341421619794
221.69794557556406
221.066979584664
221.52965999791346
220.31487549319192
220.4028572250177
221.19229125618145
220.42381384714713
218.89162583553878
218.2735399882989
219.70237269892507
220.29885005488765
218.84750284371628
217.77971129768042
219.77517445898272
222.16602305545274
225.44607891011867
226.269711019259
230.3027209931995
233.28538227189694
234.55642469598223
239.21620609620368
239.4643121384172
239.83793085063908
239.76385876056662
239.88057874981715
241.12026847659266
240.62335214597908
239.7845290630569
241.07866972586024
239.98933378482926
241.70102587400336
242.39877600484058
242.32513337414682
244.09250040698336
245.03377779495932
244.265184442306
244.73190810137393
244.3441036485769
243.3464788834081
240.86931418484915
239.32340880301604
238.92650622060668
237.19296455632394
236.43176745704756
236.30579174302804
236.70835081334218
235.343666307142
233.8981908775019
233.60431388046237
232.29369206638262
229.51069260134307
226.98373448954152
224.06520355577757
220.19659353251387
217.2149266480147
212.40481604762073
210.02763845794144
207.18189184604836
204.13174023335637
203.20481280033124
204.51244629954954
204.1959731125256
203.83394170366807
201.78141523299738
204.1607415741248
