6
0
a
108.02088756715281
108.41774615422318
108.26151428966263
107.92113166643233
107.930949347375
108.0410449564422
108.52517178210783
107.51682945830163
104.39385935359195
99.98900999851232
92.21369071319609
88.1149940487247
82.0449435563555
76.24275658333721
71.52466688114411
62.63565677547274
55.67705439190112
51.42438738543748
49.24231229446272
51.59906949412964
52.088178198964044
55.62687171033946
57.82926055892396
60.31882895436579
64.28578965922978
63.76096987116834
64.49068607502714
66.02126921664288
67.16284932432761
66.79834920995728
67.81369606922121
67.24370669909956
67.79564154243057
67.93677971137062
68.57637130038526
68.2199665437899
68.53133714430388
69.24555970742995
69.58408264785433
70.70905177444456
69.93761673355257
70.51775883428411
70.77209635813746
69.89983897362504
70.00700744799038
70.02644845408965
70.43680343811693
69.78354531766242
70.471876570933
70.27069700565293
69.58114148876314
72.08471201571273
69.56849329383552
69.69143895058504
70.74033678918319
70.41168690037867
70.70647581235174
70.17444890041322
70.6200411441322
69.8986449926454
69.52666574703889
69.38770290261206
69.99400714041674
69.4088442436954
68.97284820597453
68.65440277438495
68.05585664890366
67.96124865666644
68.71617712045854
71.75419262891506
74.97420668767586
75.74522365920727
78.9343424735345
82.39329547104337
85.70703940058844
88.75707619107959
88.42913757937306
88.44859109156202
89.21167158345231
88.37611569844225
88.52002256488555
89.63726388214766
88.42609770430138
89.69542247859091
88.77230975544308
89.65906111804244
89.20794360411809
90.01591288996266
88.6905023834543
89.57707949909408
89.82854385837364
89.87719951454586
90.33464957023472
92.49523976938556
97.96356757102802
103.40308495138163
112.54730133937662
117.1572580117488
122.23652377440301
130.7504743301922
135.37527906204758
139.89847920850457
140.69585467380594
140.3742192810845
140.33141986914998
137.59710122110684
136.3219531949829
134.1488063481736
132.71342311134822
133.62244081191733
132.67429095330817
132.680454517336
133.6246871996058
133.6288498263213
134.4117106545238
134.15300194983055
133.08041408968788
131.709708489876
129.7921866371516
128.91197248304186
126.04077469139867
124.31328087585568
122.7289428831973
120.88592320684415
117.8269043504241
116.55650871660634
115.70103387657026
116.36610534840639
116.44704839789115
117.91012686694086
116.92252319267156
118.64548184642008
118.99876903623515
119.25012485024726
118.37303434792474
117.39997991802636
117.80232176937773
116.3482222501024
116.37805026452227
116.699503692207
117.8120070401181
121.32414197009052
123.87708441258016
126.92056829954609
128.77388737427606
132.31962963710538
134.90110755679862
138.60526036496503
142.89139356000257
144.6986323457693
146.06596132474368
144.9993682769392
142.87354065123628
141.61557013629283
137.03820121673695
134.34092708959173
131.43172769894213
128.7052636347037
125.93603915621622
123.39154013261023
120.8714013053315
117.64371502855725
117.05793896252322
117.2003095490163
118.75156434574838
122.4566063550027
125.68611958158189
129.8246830919721
133.05519512323824
135.56203026722247
137.94179630864596
139.6806418013659
140.6109253351816
144.176712567478
145.6977045420311
144.92803971737416
147.14294711641693
149.06515554490815
151.42593529043074
154.277447637592
156.16235445543148
159.94139263076556
161.96454863374106
167.21530546024167
170.0714630263185
172.4116536328119
172.757411256269
173.27749770435378
172.362288794219
169.8743827516852
167.071046178672
167.5911984124547
164.10367125000647
164.0058642660202
161.98183504443097
160.8761064722448
158.95602473072876
158.27583881664464
158.02014886587997
158.08890090327327
158.90187771594796
161.6593726829573
165.03872274139118
166.95789338468913
170.0636164300432
171.12134690557755
173.9632724840194
176.88366298215047
179.89606988951724
181.48024002048598
182.19764525320866
182.21752570807908
182.22600750885266
179.75859949324962
179.75583380875236
178.0821218275248
176.44050778309568
176.3778861899958
175.6858178463819
176.9172658259698
176.50697259959242
175.41913150109914
175.2024237919909
175.1514057698004
174.298851068831
174.2691659676057
171.20230614973096
168.44765558824946
164.05749327622803
160.79789382258213
157.9167914086041
154.59932492767862
152.56654972200806
151.48489741302828
152.18959761767334
152.39206462855066
150.60314355027532
151.53341853047007
151.36082951572715
150.57444616498066
150.66251254350857
149.86013385701392
148.75139537659788
148.01454280906432
147.8428517764705
146.19682941743346
147.3424778250455
146.74202259213297
145.04900154402245
144.6348088746457
145.1657779565809
144.76603246282494
144.31376450798092
141.7969095842889
141.54301479150166
140.26911060938056
139.64873014804812
138.45055950573962
139.3817740583518
139.0949655019629
138.723504459692
139.92060303741744
139.05208638008654
139.4330089535609
140.44100426213484
140.99242122309488
141.1752840364581
142.0231780564398
141.28736141007843
141.618620898957
142.2978248358345
142.5982990552966
140.57226136127997
138.82669391705477
134.767019108615
132.6845135751374
127.96680382400116
126.19865396623896
123.92769757353338
120.53642042858911
119.05197372076823
116.02314975920987
115.27332894008481
116.8171235554255
116.70407853161375
116.77701504409816
116.22473174544147
116.5844916709508
