10
11
e
152.19030835276797
150.6768269967158
151.54905418411286
151.96527819152297
151.68191943906768
151.37204369178838
152.1869928966401
151.17930491914845
145.1984673390495
137.80394020741994
125.1695777356979
116.04630648094351
107.55570849687082
88.37534814837223
76.12973770836372
61.17349976456831
60.867707573111815
59.53275759900889
60.26929181153577
60.4346023810128
60.08214343443236
60.497292202781615
59.43997938075779
60.05639485665223
58.99776490735442
58.300022549297864
56.03455397337967
54.48632959306027
52.548827163035526
51.13060063633242
50.634074786201296
50.98998708853683
50.88288795727949
51.27969863496541
51.537438549389194
52.48124072692231
53.33735656941276
53.242394254415714
52.697993667068985
55.46392036280014
54.973522809519686
56.32680452960701
56.840444596824724
55.34585781035247
53.48716824717497
51.05116806717934
44.68792092602546
40.761066936971055
35.64971684902304
32.28653263489045
27.011999085994614
20.81552364130158
15.312322745348984
11.202099503309976
10.266915479426906
10.941713015193425
13.947087040531809
19.31676905029589
27.041197324814338
33.458274047347906
39.8083359659441
45.212694340073575
50.11394891008215
57.63209496431758
61.7328358666666
67.31740607894531
67.54972602817332
66.76827388303373
65.42956414860187
63.9634165290579
61.57872505684029
58.848520815607
55.85497051775335
56.038052824959074
55.0298473080074
53.70206302566483
52.29107296801257
51.212243573774714
51.20216475100076
50.12196243461648
51.76903334007904
53.14638278701415
55.87243284108765
58.27891025988919
59.45959919616322
60.94855662810352
61.79401511911681
62.37432906185179
63.10574573102664
64.13548720627472
66.15145326289701
66.1631387590753
68.92240082286567
71.34594242840375
76.42199115142904
79.02630463159193
82.81264505058064
87.80300240897586
90.96673071644543
97.4125233816547
102.81664131032699
105.68924957111038
106.96138850338117
107.29778393094288
105.65498984014914
102.55820639078281
99.08069230743693
96.53148859086235
93.1260195879396
91.53406049347234
89.71655176363713
86.98817234052336
84.69243221716312
83.42361649500285
83.76035614686586
83.3077918926812
83.89840486470143
85.71325040664162
87.24943095651817
87.85607369654996
90.03411215283847
89.80286227507663
90.05498058037625
90.59987975622606
90.8653732467552
91.20280547195647
90.83629254207001
91.88003155130879
93.45020645820946
96.39385487833576
104.36530808423822
111.0521473662113
118.79602581303531
127.69774623493765
134.8507427520814
141.5412522554222
148.80322221252152
150.2997909051168
151.13500303541485
152.1318220939975
153.95641526337596
155.58422195588324
157.0857581320187
158.40167916714432
159.97453050450952
160.9043820867597
162.58820977406623
162.1255831509848
163.80199072057036
166.3818261929925
168.62295427962735
170.78005318020965
177.4907330158943
185.48371341003144
203.23017804822322
217.22764441305958
236.48364692396032
251.96358782706238
269.0085642581407
292.6838219597238
312.0537252535198
325.9343714566377
328.59641044556537
329.2506704768178
318.9921622294454
307.93918405314247
289.39527047042964
274.88945815719245
258.72040014062435
238.27296316118176
222.78020780241047
210.4296528448405
212.30170578272472
214.41561705696455
214.5826978244564
215.7210423879384
215.7600387344735
216.6051623590823
215.3810884665354
215.83132952806292
215.32367807758357
214.29841143347818
212.43637022826087
210.7119908796875
207.74930244690086
205.6013742042335
203.81027886104508
204.3883812094869
210.41679385859777
217.3142674437704
229.5621181052462
236.2292146213771
246.09806348216426
254.79255587279573
260.6144240393211
269.71049093137646
275.03313843050006
282.9287484783454
284.31067481719845
287.3160637477527
291.5369256027968
295.02040818884495
300.36172853562294
303.6590720781656
309.8750312065448
317.02735765205296
325.99905683655226
340.22819774469815
350.6479088827282
357.9480769828078
360.8251009821436
360.0166205323705
351.673002442938
337.48279328916004
314.9388177581533
300.28757090832846
282.5111360019149
266.01496515811294
255.07641247687735
238.93516380069806
226.93886835446304
218.27969202008939
215.81937260902583
212.5329846830418
207.98767046918354
203.41295253542347
199.39291209527494
194.46199739536164
189.79540036715514
179.9730790714314
171.41901094017777
158.70160242303643
148.15206263647016
141.26379238990867
139.36575487697513
138.96062700768917
141.1117691522126
145.49438868593546
148.74352939835148
152.40463827168733
156.68154422776288
156.66881435247643
158.72312684786087
160.29862805142287
161.80457713105406
162.9632903419463
164.16717132033514
164.5101820524029
161.42810724224128
157.52662690168017
151.82863657456545
146.91376888386364
142.62450641693957
138.1044251360496
133.63744667456967
129.42906740187203
125.98531703477579
124.73664301536112
122.93838266937964
122.11754475174983
120.47799843684022
120.86921373950297
119.07039243811461
118.69745891616431
115.43432713581191
112.96544992292326
110.28509992415316
106.55877722963953
103.57642377722617
100.07044043350686
98.79815594438531
99.59350436102795
102.53095153614031
107.19437876750273
113.7134278567343
117.07279930328981
123.39613728916306
127.54245636853192
130.94369837094976
136.40517566104032
139.56240599500768
143.3117265183043
143.94522354146073
142.98067172460642
143.71786774539203
143.50141388930555
144.19024130064165
144.1703316038721
