6
4
e
78.27735945230445
78.63195043320864
78.86387127107348
79.37423599166856
79.11981077689329
78.6555542582823
79.39064717649187
77.98069579743712
76.47681223994563
72.8219678363825
66.75391300610289
64.60646909139534
60.01652316171407
55.30989081606956
50.347490031830674
45.36986410704884
40.37510802866295
37.40476854842748
37.36041162249764
36.92598038016175
38.50006617918203
39.62387581251353
42.07060300791041
44.832183206324906
46.41098157141727
47.26335439922995
47.52096788787444
47.206401100364445
48.497265314319264
48.72040126286706
49.57118279475602
49.75727020855977
48.74987273565591
50.17922510321554
49.82153626419713
49.2988347161963
49.62727791723836
49.92877342565791
50.16931316487605
51.35419630212617
50.38602005668728
51.35000439815046
52.10528401095365
50.514084928431664
51.10544518281883
50.89197940233131
51.08489425525113
51.155853967550115
51.531047113630024
52.10583194705217
51.83051706678599
49.94873089172985
50.14459529433402
50.49247125512476
50.86606698430578
50.88168549706296
50.77008365986992
50.56024060868554
51.25998311140257
51.22782286242504
50.73878129753539
50.97749626793385
50.58478884152209
49.83029719330113
49.98703602791686
49.03055117468055
49.893270666181
50.65664535676224
50.726371376303
52.97387410144666
54.39545806083376
55.47926744737253
56.98827655172002
59.83893527173072
61.72021598902876
64.918376892296
64.43855440268412
65.00354634821821
64.91872119172002
64.42082482817334
65.63197545091123
64.57849506215737
65.55976046560663
64.71516446069899
65.34438257255383
65.19290157803054
66.0522538125861
64.742630333038
64.60347655327602
65.51956009717694
65.57627557206166
65.33244077120412
65.15716156434812
67.2581832632685
70.88020032710179
76.05509221842001
81.5119056592346
85.55935690272388
89.13439671206768
94.64895642986484
97.34696443305592
101.4347633409237
102.4966089016222
102.33077610880376
101.49095220566959
101.08979555092742
99.62427711643197
98.61014246727554
96.28254750128178
97.63018140481387
97.02202163729994
97.08572014639279
98.4181025760554
98.00020555397195
97.74673494067382
97.657678446739
97.19745435447899
95.84816568107392
94.36532674994689
93.22011066200088
91.63091713754334
91.0519599285531
89.20474411309993
87.5701574277202
86.33526517887908
85.38064541592757
84.24312871347165
84.36989052963968
85.89281864398988
86.35650624227642
86.72687092681038
87.15188974254396
87.70580300855359
86.77546359725488
87.21704059589118
86.4929904388466
85.71986342101097
84.20205328731083
85.43893526008794
84.68684360678203
86.65859231472166
87.96452183589841
90.7635581043664
91.84580103708193
94.39427562025425
96.37025232183322
97.69687271391723
101.93791751864383
103.87451215147122
105.32506270613486
106.37914859007034
106.17858003217339
105.29794998789019
102.74944563936704
100.48485777371091
98.29091864052977
95.75523073505224
94.3810650029967
92.40444218574974
89.00395270778344
88.3034597428207
86.41827886335678
85.8656875341733
86.28115255687693
86.3306556479588
88.39449186816962
91.73200349094888
94.54188604387647
96.47130874042915
97.88218283561956
100.0837568702242
101.76337353153048
103.16368834214059
105.11168833108083
105.63621075032228
106.42160790685178
106.8064458974903
109.62709440322699
110.2430721342241
111.90836647008616
114.10590457460265
115.8744597135462
117.97147151918223
121.66932272686924
124.20228753857133
124.1972739024584
125.68012505488014
125.61357811710464
124.31214578339821
123.70529323167133
123.13294072446996
120.907369794495
120.64419899301406
119.23986131010602
118.55488413583488
117.65033600582358
116.84346275158862
116.15215826274397
115.64106800748772
116.5104741899522
117.08094156103151
117.56416141188585
119.8990332941049
121.71089948987597
123.88191434659636
125.26409411619302
126.87294045470574
129.47344384819837
130.79508092611428
130.99777330018864
132.25053708982898
131.87392040854866
132.23294336832382
131.07968771967114
130.60970098459285
129.73113999669755
128.04343434776385
128.88379009422235
129.15638402088527
127.03973354019634
128.57353230118102
127.68610997765514
128.10767973036295
127.51882415381004
127.11057234319193
127.18812691433148
124.11764841051014
122.3458427718087
119.54825643623481
117.64923310190018
114.69488337382484
111.89241785171856
111.27074507580421
111.80002159371261
111.13128460210217
110.8346293959359
110.58708958576959
110.00634159291137
110.40885764066992
110.47626762616
109.39575572437954
110.85413381225788
108.04524816937878
108.36382168594368
106.90967576043111
107.83480153542956
106.30746531952089
106.08977936595029
106.3165248127272
105.2432333600985
104.95939302812894
104.85377899117455
104.68590643966147
104.25600880542542
103.24642609107126
102.17185484048375
101.82491864872526
101.96680254475811
100.54552332014316
100.9130417549714
102.30227224258095
101.47987463841181
102.51912823288839
102.13115521953483
101.76190630889653
102.20840560530497
102.05263548785477
103.55050725965411
103.60869048156003
103.21441749308502
103.0654370870486
103.49825683574458
102.32657651831839
101.56108340334889
97.56229060616037
96.77499662023621
95.3963310803666
91.2151764872129
90.42532500970967
88.59355426353854
86.424825629561
85.41372462412919
85.14597149964175
84.12718291651251
84.99190519530146
85.62505396299075
84.5697710491388
84.64332029653272
