11
0
b
168.8670039180232
170.07536755133415
169.04365697290694
169.52137530322975
170.31845418370995
170.60966385783405
169.20661659462337
169.34925139059155
165.41953131147278
163.26578763164886
157.27695810805497
153.18791556810794
147.95525208725977
141.35555470183886
136.4152325063723
129.95844911903927
127.01864800519635
125.5216148548138
123.61663629324882
123.8823544874609
121.91183132386841
122.76195646054008
120.4822483790366
120.44676024532045
119.07572989711521
116.61008775691975
114.84358757267479
112.96401399166136
111.90429611510636
108.84797681956795
109.34266599804462
107.97564975881174
106.47852192456611
106.47875857778844
103.90808371427856
103.53492413762723
101.84401660583514
99.9873297923223
95.82093049286588
93.854041546785
91.43253527792402
89.98941778706518
89.16755154253468
89.29423710663009
89.42951170266505
90.59406207441691
92.41072401270465
92.58730172019395
94.49882561855233
94.3555175039169
94.70576085877143
95.81650554040482
95.8698083658878
96.9577108700684
96.57729591093228
97.50997667156003
98.15255613727305
98.96782632782961
99.13640300688118
100.5480269116117
101.4304302862382
101.74539187464306
103.2805107858817
102.44772807180848
103.24487097322559
104.98429462811215
105.56070649313432
105.172606386299
106.66220797898741
108.61962560113007
110.75709655766357
112.50173456217442
114.40446974841458
115.60470328622863
117.90392630322398
118.36468720513052
120.23019820108458
122.41924853811105
123.71408541831072
124.37725235445075
127.2980878309848
130.37690320505175
132.49363000746922
135.80952703318997
138.11421012258882
142.3945095867462
144.63614042466088
149.22009648674825
150.76043118605432
154.09825751227336
155.7935778383019
157.5458598335023
159.51424202788542
162.23975016840845
165.63829608520393
167.38143652757145
171.201982464922
175.98077233150335
179.0807308424865
185.12531944032122
188.42237999941864
191.02876649938165
192.76135574835953
192.51580380920953
195.2232640367724
196.9680070648604
198.79964904306797
200.48408092393007
201.97094312860835
206.89145754268753
210.23262973714327
214.54370632028522
216.39864761042304
217.99544514161136
218.84006778376607
217.82046824826756
218.89153855605468
219.37198234653357
219.20139580636956
220.3672077594065
219.88685131008654
220.89081624016308
222.79959994684688
223.35593223045112
225.4592253236035
226.00691375622432
227.31311839577307
226.4013551266325
225.5611832053652
225.69183332988385
223.99843070632696
223.2644431231338
222.13454205387532
220.98275061938116
221.03013883798477
219.41424130649375
218.49405558715182
218.82698794737604
217.57814615404513
218.3835348908468
219.53364077046427
220.63410272647272
222.84549111963346
225.10095838243106
227.08259582802165
227.40822269727312
230.5836452979962
231.9739623773352
233.91189145730405
235.87180083278218
236.3574579970047
235.5336649026054
235.06594477163532
233.7872559237108
233.29767954787226
234.28702745313797
233.23387167222737
233.7368473564417
234.17288934628394
233.17416378665595
233.55268809533538
233.4086971513774
233.19265351136542
233.60920613534842
233.63546594721305
232.93342606363018
231.53517275851172
231.78046655680882
230.50082870624976
230.27599064539433
230.0459895686974
229.63736239691025
229.43590126468968
229.0973563258162
228.6921178691558
229.30280210323707
227.81382567361936
227.3571213482887
227.0738310561733
225.94370514384659
224.8507580349025
223.57141286657998
222.76972842137226
220.17034924937207
220.47447627288727
218.2378232556133
219.04047301057233
218.52055259386307
218.97935719588966
219.08475430566705
218.35980392635028
217.54918638441384
217.84644573910447
218.2579080334773
217.061418907984
216.72956009323084
216.02564942213175
215.5113631586387
215.61430121782675
215.7960466538833
214.46746578015404
214.28414094193008
214.03853071007808
214.28343351871519
213.24549499226697
212.55995058053546
213.00075100610644
211.10521156063135
211.2809663127403
209.97916463588464
210.44639748323573
209.89213222549063
210.83484408813632
210.87390934889405
210.90440086472188
212.70119559579356
214.73210624026646
213.76481004304455
214.74915369298395
215.08530261726327
215.27731882461865
216.49146782244395
215.40216123700557
217.1111951457089
216.1275493525109
216.5673454095497
216.0265170588191
215.2684353826575
215.2154047080865
215.67642691922455
215.2463208280517
214.35994662169253
213.84381001292462
214.1063287850973
213.8841028575578
213.85048424007846
214.8713256768168
217.30072631562075
220.38483361426975
221.97233669088445
224.85898969248407
228.01438247126026
230.69457292049833
233.5262002223848
234.32301702018043
234.6715328477323
234.77413778825516
235.60953981750612
235.29119504430744
234.70645409179428
235.59640393271914
235.53416273532653
235.8238074609305
235.49333333949428
236.78042359758425
237.1518560351956
237.8907011053519
238.38913500829923
239.57571310399612
239.90514386055193
238.73208660040927
237.3439045540002
235.47207226268324
233.78422736333923
233.09490854377495
232.62463180874295
232.13719480361343
231.92847963951462
229.95893134382877
230.20581603483598
229.02030744111022
228.7532807813262
226.89090291445805
224.88258460420477
221.42044239753903
218.94151803523536
215.21762736451112
212.43915146505796
208.78418874269462
204.71688044087392
201.8218395250307
200.34220437713952
198.93637249369078
199.60237295875166
199.72290087313763
199.5495904605465
200.12800194162784
199.52007598766596
