6
0
e
119.10821059587124
118.86991976736584
118.55481194972302
119.87944287872818
119.55649476812881
118.50960711519838
119.15793263264563
117.42396557559464
114.46715220048964
109.55903080736432
102.29695504848092
97.59765038783293
91.38161871389964
83.96310856803758
77.9783487132981
68.70223578734996
62.01016010583699
57.67168156009867
55.3189522229528
56.09099637204501
58.00869819254019
59.56996665613741
62.877073338766316
66.52987450928794
69.67487681668702
70.48563773630333
70.80419331576728
73.44961580734277
74.18025498291829
74.26601774217293
74.21373784713822
72.99805692007823
73.65060294637478
75.0509839902333
74.24042369252692
74.52702469491095
74.30106173408318
76.15885911589426
76.63809534882324
76.34718186544829
77.63475394496749
77.45490365506495
77.82999323629468
78.05595611511234
77.09203454752921
76.97268617451883
77.30972996228485
77.6183916366527
76.58951072902177
76.75587250406303
76.90568688768919
76.88080533898106
77.54797685967281
76.5699979210755
76.54527164584249
76.35036961925742
77.87183957240613
76.26836814520503
76.82698177582618
77.43657676409485
77.52408547413334
76.77308542933861
77.47666268278745
75.64691963958934
75.17456202092069
75.49607062595524
75.23680250304368
75.00071852385801
76.87154665038659
78.3215472108176
81.45157890181544
83.24740771710108
86.49090180519926
90.53633685333789
93.4481686895747
96.77193106995408
97.84858506917558
97.22600039531994
97.39415173186757
98.36182576526434
98.55531995933869
98.81388586054527
97.35280963976108
98.2685336987722
98.7802281584706
98.13870661629764
98.18834234280862
97.91096152117707
98.75921779389014
98.69576971629287
98.45356564393107
99.80088415273542
100.17238831082656
102.13818319970758
107.82300328479948
114.54516858429133
123.49803664593298
128.01766784101488
134.32545494444258
142.9664670421141
149.63823904144814
153.0367339588847
154.28881641210145
155.41490111561816
153.14654647756277
152.83644840596767
149.74853055107766
147.99394853797463
145.5155996276817
146.71719756568507
146.24855797062662
146.57144270407326
146.84561919416308
148.38608737934712
147.38971292816808
148.51367891496983
147.18335388885538
145.64047231017693
141.87650193814844
140.44738944870755
137.3074130395585
137.21562347418399
135.59757310958764
131.5935419522441
129.48440209082366
127.65296279690732
128.4326217341238
128.0386886562947
128.50318501346604
129.09829100006374
130.00784834506845
130.3182924154563
130.13919382967384
131.20296488649635
131.12591054704933
129.7589461045765
129.69835737218486
129.61453930329205
127.79909957943605
128.37737120994535
129.6269590771611
133.0313533893242
137.65077740891948
139.14159704729462
142.52679317452888
145.36933734281092
148.646224962276
152.50783804127246
157.31221890401864
158.19899094060472
159.71108907177333
159.73580708146974
157.5247674875604
155.08425662650933
150.40427329060788
146.85243773997408
144.13965246804895
142.46045876629086
138.66599778983792
136.3751262454506
132.08429587933705
129.15375755281138
128.61103624707766
129.11267888782058
131.25360113707453
133.89474858736568
139.71558861501887
141.95637779562972
146.15448867143738
149.64823223608641
151.44600736396825
154.77025336502285
154.98987265651817
157.99373119364836
158.77732217407703
160.56623952124104
161.79850163311738
164.1970870712449
167.0470308986711
168.69511478308493
171.24938830281147
174.621059091393
178.60380552903413
183.66344575362507
187.67859750851542
189.50170371631717
190.30685307246247
189.5724432411826
190.18241617036944
186.4784558375351
184.65106271913888
182.20596360307843
181.14104560062546
180.203731036266
179.33221665097787
176.4428242676971
175.5286955206325
173.7299834871063
173.55589734650965
173.53335162648682
176.2432525619906
177.92444064071293
181.75757644761035
183.81209374002458
187.1491685256783
189.1414221716666
191.69867451515756
195.30398318569024
197.16633366152902
199.23065215587232
200.0241833079081
201.449307176508
199.36947699062156
198.19811137308957
196.41053842745674
196.3776678038994
194.08554539288517
194.37960764123625
195.2800868336745
193.91494047026973
193.7878007866266
193.95427567264574
193.2108966109778
192.2777162841079
191.71294477733088
190.84615314700093
187.37131421411044
185.19668219621184
180.9265723991904
176.41022698064458
173.83509406168213
169.6415777700371
168.5827687070221
166.64187749784526
167.3075103216693
167.24126490114259
167.14999835060962
166.62829825513455
166.10126994004725
164.9281202286556
165.11116629789103
165.1675162161843
162.9236561418548
162.95968446498523
162.57713638460018
161.00163632048972
160.8581898049858
160.60238929958734
160.5683715028279
160.67460835004542
158.2954301468667
158.5288818587054
157.3159260123739
156.92978233747687
156.50353232504364
155.36528929664487
153.8229447983922
152.3589895206882
153.24134063348436
152.61257234288362
153.27176968681243
153.64564014838527
152.73653911682166
153.67372615721482
153.89701250834085
153.64055822669403
154.58759471594638
154.90786028573837
155.37456272195593
156.24648449836002
156.2670152337674
156.88334090172347
154.6799675453242
152.62333326766407
147.04664837676563
145.81965340286175
142.8054866996979
139.6725621793213
137.5805565490107
133.96369281044446
130.9085963871291
128.60248122123517
127.16921415990043
128.1262206052299
127.96515593995797
128.72424616485898
128.05822090782516
127.69071881872647
