0
1
e
93.39661328692276
94.09417774354993
94.14684514701868
93.41924911079346
94.16174279498901
93.1906305283894
93.57103301430004
92.94629855505221
89.14250469626744
83.55213327349934
75.69796882009203
70.56812348928219
63.14043251317198
51.97183657047187
43.932217120736304
33.306886887737065
32.8029566686438
32.49605408850638
32.125175992793
30.647835716015916
30.45866027286622
29.757258889363285
30.542289257294367
30.897993313242665
29.718749778485485
27.930158156830682
27.187665783027818
24.338379489155518
23.692207495666615
22.322974550260117
21.326311301445454
22.15373907969223
22.465657888073704
22.585903501902155
24.483007876967996
26.02383500188549
27.292642628382332
27.39200121034585
27.693967752588247
28.283197072716796
28.66890713054631
28.617372780568623
30.19566081071127
30.15286223114389
31.000278171818273
32.52731981797037
35.4559656055285
37.28485844809743
39.626941469075106
40.942472841098756
41.87776152553246
42.38170856380036
43.924850450331704
45.42517062652437
47.2210972829382
48.294195186524156
50.624393512292414
55.8331513040618
62.17396885256022
65.95479360528319
72.20768962950024
80.35482946845238
85.79785645267415
94.36830627239188
98.29090433662083
100.50430281972702
100.32702121165252
100.96330323437111
102.06572572903434
102.68626344357591
104.04485497391698
104.05913827794016
105.01702534667473
106.92539652094105
107.58053860444988
109.48349922037072
109.7540147845793
112.00719058423012
112.95723210659355
114.6305050448753
117.56924499339063
121.097645087348
127.87762867330073
131.6226308325072
137.10561333082416
148.411812729256
157.8373458077482
166.4293384895753
166.12119679946312
165.7183809810942
165.36179142130302
164.85066118265877
165.22251688196596
164.98140119919898
165.53721576765778
165.16629515216744
164.2365972298778
164.871519764774
166.28153669036118
166.07551642653837
166.93036801072174
167.1045274677655
167.16119859082565
167.70622708113268
168.33127646860268
171.0342993927784
174.7837927116494
176.2065737113775
180.3779555700542
182.1919897213761
185.8651507886907
190.43761172652674
194.0700210089673
195.68613681511917
196.18544264163222
196.95270803807335
195.67197691520292
193.7042036859478
192.20367259174094
190.45013531446457
187.92804315814362
188.84842857703632
188.30185727603072
187.3907349247366
186.25382085904772
186.30084111129574
185.1221862444928
185.8799149262324
185.3318294451301
183.37531993703632
182.4537090746372
181.19227256666156
180.5225185058765
177.6679190942388
175.96801360608887
173.93437896945804
171.92415164537772
168.84379154030927
168.99213657624225
169.05990968642925
171.95510867529228
175.6439522513947
180.66862901822654
183.9733554314905
189.13145597926788
191.709422562244
194.3414480349061
198.1059968529612
199.3944643946819
202.14749847946652
204.18477255245315
205.29595045458225
210.76709472578966
215.54052269803745
220.8602269412827
225.04807948697643
231.00501626029927
237.80585644529972
243.40677923404056
253.45183467779026
261.0638586568532
267.05122332472996
268.2012855532
268.8936340257458
267.7412792111603
263.83086072295384
260.29927971112994
257.73752072253507
255.10988291483764
254.7162757311997
253.903367263932
252.4270319975113
251.05534233717322
250.3639479878501
250.66150909437027
250.45927211645164
250.06595987472747
251.54861098186723
253.3470253564138
253.95656257616523
254.7193070217599
255.9968596620517
256.2756811067511
258.0571662938263
259.0438035588668
258.7223847442163
259.7818624006103
260.38209491553044
258.4399168041765
257.2278672008453
258.0412703848118
255.36571443790237
255.35866462728058
253.5565935104993
251.54126057040887
250.962752717034
248.4434254046821
247.0728058989307
245.53012862231668
245.33535410918623
250.01367724530795
255.74180468641265
263.3669320011531
268.6911629238743
276.6527644032709
282.84036339893976
290.47510984746594
301.42739330119065
310.12277231475565
316.247090059504
319.4636074662822
319.1444626376577
309.89122287863734
296.36427390024613
275.6982261690372
262.62604832107615
246.16162512444546
217.70892517758466
196.2115603975004
178.9977482138613
182.01623284226145
185.47401519693204
186.05662889335292
187.50172196148552
186.75221800396562
187.94333864984367
187.72631726515965
186.62336190954187
187.8896266018679
187.98841111159544
188.45039867811766
187.2039587312703
187.01796718303095
186.83202018827154
186.48631554924256
186.40836428746854
185.44222928749832
185.23240629192924
180.83609507025812
178.02001898318113
174.36046590216964
169.46766173080644
165.7961537788596
162.00760314801957
160.98911596391213
159.6410206260965
159.72634026957647
159.37820070804656
159.97530958093287
158.93683668265416
159.58050178009978
159.7263495413966
158.78713313437808
159.02775574012603
158.0962000041693
157.80849130903863
156.9865538570637
156.8796837312605
156.9912458011056
156.04031201766648
154.5467277362041
152.68181231622606
149.36476277502115
147.44039876612942
144.68663939543342
140.64108996697868
138.88084515092024
136.42748442429607
134.01257175392652
131.5046954026081
130.20310009878344
128.75908338159374
127.16237314973284
126.20104016648519
124.3017906842844
121.85526779379617
120.55916683553343
116.93503560735437
114.65334689710232
110.2063432511033
107.51543958513645
106.00763483017535
105.02154525001987
104.88480758856647
104.91487722827999
105.20904908040515
105.56472636241679
105.07200447541665
