7
8
d
113.34431508043144
113.77109718503733
113.15578033359904
112.7223238410184
113.97736930889091
113.7948538365247
114.0100148751932
114.05997735926313
109.83542041435962
102.2679906732708
91.15741011428717
85.40834201197923
76.46718231311353
62.656106323672
53.51906568650428
41.53854932125752
40.09580457740064
39.560084430166015
39.07230657802001
37.084000596407506
36.99865973623641
36.58312535926603
37.05698878964629
37.06622846072149
37.24410592059753
34.36801327407904
33.00728535484
29.944215944669054
28.52986790279344
26.215317757317326
26.196687730854254
25.724226633689224
26.660941555930428
28.44511009909039
30.06865188759251
30.886499653120236
32.49224041455766
33.57083697790055
34.11908976333543
33.96043508345252
34.48837036679735
34.46323192782975
36.24137785984148
35.88796225156556
37.14105640336227
39.20321611867609
42.383917626409314
44.2794088583432
47.381490328459016
49.1990573764921
50.559603035482596
52.270758217510824
53.24851127775014
54.51747029697189
57.546198811252964
58.77301921955578
62.73140347367473
66.8255550842205
74.73452788942315
79.8468241254584
86.93965280449032
96.73660089604647
103.70860422945886
115.04982725688218
118.4546164735753
122.10668887380467
122.93187681500736
123.10896722193537
124.81127608277527
125.57275819045822
125.47670090568232
126.94223839479784
127.38656415208929
129.97879488707562
130.91848481044212
131.63248823668044
134.44133726895063
135.69800966630865
137.8513055843149
138.76635433949488
143.87543990532004
147.4916184063697
155.93410451855857
160.63566753643946
168.07601478341368
181.54724729672415
192.05401478627576
202.4017186942202
201.00924694190874
201.84403347288125
200.97819685115275
200.02633748872378
200.9581109919478
201.4928240642624
201.63388677594628
199.9237400306212
200.27120546759772
201.4691415900174
201.21513343310406
202.15808966905553
201.8684512832751
203.14187473356984
203.06513832463878
203.28649976919058
206.04008051641475
207.2074764837566
212.07199216197688
214.61931978595032
219.74432594613157
221.8316336757793
225.71483270014318
231.6186223805864
235.39958040272145
238.8864571217363
239.26606450738242
240.25403169189852
238.6127593403257
236.6735606192803
233.5905873143218
231.5796335452785
229.91080143173903
229.0270170499809
228.79549405210625
228.388283676537
227.06821196563303
227.70043614541703
226.8286255637645
225.4354130472642
224.62713736515616
223.3884701641711
221.51644919144496
222.0505378480331
219.40089912028918
216.2312139449033
214.39024067820642
210.80410163253924
208.8803568694301
207.67585838739495
205.68713573300187
205.79301310313684
208.24957801289838
213.62244686409858
219.95737624896913
224.47548968829145
229.19677141118135
233.52636278128463
236.468973223972
239.73198450165455
242.47280357586934
245.9340015566563
247.151410765746
250.44153208842687
255.64126742377
261.25997851077227
268.8547542553681
273.62019595941445
280.9977993404087
289.20626017142996
297.52060557551266
309.21865486702904
318.250939216365
324.8565392938707
326.1566372217772
327.60606199856164
324.905125424198
320.57563230498346
317.115000894469
313.9539840968668
310.6623055502663
309.1980752545954
309.08289782351164
306.069298936102
306.0791723965777
304.20757642223737
304.0799820618412
304.7323405955628
305.0719730062654
306.6618009670325
308.8715615639249
309.29420036950165
310.1100243444533
311.06329493401824
312.1931553016291
313.1718771336426
314.8497392072616
315.79953018677065
316.1735138442386
315.27540126399265
314.9880623552815
314.23879182868376
312.56247170354203
311.4751247265546
309.66667714583855
309.57176727685567
306.70206071960047
305.63066817646586
301.6110809630764
300.56432078056383
299.6685587004898
299.1163417202856
303.7555696501005
310.25496584487513
320.94650914858903
328.0264391001362
336.2174777360904
342.7496378766548
353.1263116161114
366.27770230618245
377.6795622942765
386.015138503038
388.20248045563346
388.55541780738145
377.47371152828384
361.16149434356
336.6917143937339
320.09900179033895
299.28311182841526
264.6528599220931
238.89200011047365
217.94647310734578
221.7616290192814
226.13470136176758
226.1136507767406
228.17301926584446
228.8996656423692
228.516431995835
227.95364904824797
228.82887942348856
228.4940580887598
228.92865542626916
229.21567003803324
229.71200506366867
229.41006935150338
226.83738060901618
227.09957124174392
227.21229312069394
223.16460294475078
223.17339097850243
219.64925309943487
216.23696241532303
211.69117383946863
206.39475298968162
201.83231572419118
196.19249890683753
194.8448470472586
194.31072798773604
194.24277232714707
194.74732255546283
193.6414557242447
193.84979339948302
194.33168578198067
194.19147699630565
193.8534202718279
192.41146828120003
192.73174721262964
192.77809278320217
192.14630592699552
191.6653178422669
190.55446061249884
189.46360543784024
188.91014931393673
185.6831688639832
181.82200382627133
179.20735270731902
175.24966245821855
171.57385855023634
168.4077901781829
165.50853153652713
163.12327817090878
159.7384425334654
159.12207877237037
157.41535365698593
155.6926798303355
153.21095607955027
150.42505386045255
148.1250097750135
147.02247136639195
142.48398908670202
139.22570342926653
133.81331294972824
131.1748308759957
129.08074402218915
126.91158038404672
127.54388601031631
127.51658472149636
127.47815819441279
128.0192510691679
127.70044916585499
