6
0
b
32.23345427090131
32.21820884259875
32.565185107410585
31.771764722650623
31.87355155574735
32.74229790751495
32.67792632848
32.274552927871554
31.504051720932125
32.07460184816976
30.370070272837438
31.273591199537453
30.610356322525988
30.542292658246307
29.319003349684447
29.106194428639306
27.157829504682375
26.856132995754752
28.198516414761343
27.450703678959137
28.253058246882947
27.67909542925368
29.183158749756544
29.283897978667714
30.572758558432884
29.919781824106934
32.065204538751274
32.410379172441885
32.74237445846292
33.71520233895262
35.02136608225104
34.61280962323506
33.21800556542147
31.38942179044346
27.802355277548934
25.754703758597035
23.323637895964765
21.01536045486935
18.189824086790605
15.857688170470098
13.092088909714299
10.752254996253269
10.032901038335957
9.642317319967617
11.61723814296772
12.958255815970048
13.777918001205837
16.309361041443065
17.531740628822078
17.64879996303089
18.512169407640997
18.309683832373842
18.797879198013504
19.276214294746307
21.395963321950948
20.244784890484386
23.27677025592648
23.982088408241722
30.65672805527956
35.89876393512756
43.08170632044464
48.21745531935412
53.02067304559153
60.0130375322642
65.36574954955313
70.70485653520568
72.01752763824757
71.08607876391329
70.41261358830056
68.38601533665654
67.26807678983313
65.94005540357169
64.29886448118327
64.40482070805226
63.49829933505093
63.360677421464594
61.9129520850968
61.911356605303354
61.12121757651057
61.08077773115352
63.39547802638235
66.49244972823877
71.30465041346315
73.52786030162704
77.81748285598842
81.61640824485491
84.71960846951231
88.21651603429584
90.4240012345853
93.7874152882479
93.77323870554635
94.75036239558004
97.51651330015447
99.13672845086138
101.03222779533402
103.18391829963169
104.76710465287469
107.61059964060968
111.80466961247053
116.58141189541134
120.70219465380019
124.21265665835901
125.02091776665735
125.24274324490455
121.62421826715212
117.30045540984524
109.65705021909805
105.77037809482151
99.84231710475696
94.77085180323178
89.95184685451976
82.02583633150464
76.6909212316371
72.02848002114169
72.8019735107699
72.00678184163078
75.97774673790803
80.16129475271782
87.69750547969302
91.4931856821277
97.22198900270476
101.62468244240371
104.89301713770668
110.33874690165099
116.4414785203126
118.83487234928083
118.33265053536134
118.95472052844609
118.78405124362591
117.53756783236666
115.07466616666755
115.14120392069007
114.43379384403984
114.31115428454068
112.8091196006986
114.99763515671975
114.30729953597614
114.05546322894062
114.61403028836082
113.32704208549725
114.6986949817162
113.09526422801443
111.88666071481639
111.08183412795533
110.15231051462412
109.68570184769956
107.01946863249971
105.20186831821535
102.76019521333647
102.8106921932214
100.63606187425603
100.42661393504116
103.77027134382597
109.10608486730352
115.14192487441733
120.93553162268978
126.86992196183675
133.29011208820404
139.44757301210777
147.88543184206804
154.6419680970835
160.53512964106864
161.3621260704841
161.18146268391826
156.44523917991222
149.12367269580326
141.1197093278733
133.5700054065663
126.41130505005414
120.69078639111031
114.85905887189398
106.58636843681496
99.78551389063855
95.08258853330408
94.28226866267246
93.21235320312636
95.65572718009928
98.75500586780235
102.25323894382048
104.87917551847666
108.36210414409165
109.5769187133329
110.46880639666979
113.2585731889376
114.73319297634644
115.69400612451224
116.74156435471309
116.72201439174476
115.5840029052247
113.9916099881834
110.85342378700821
108.90822765354957
108.26783228159236
106.70308275612562
104.48929713061533
100.42991148575493
96.56476283057785
94.18964146651605
93.5727531483565
93.6373320108185
100.21315689592213
108.88537598753315
121.68699448725725
130.02372572533892
142.07776779757057
152.30526567984418
163.14202337710768
179.29143345775609
191.40223093891692
200.65337806567868
201.75256560209706
202.50847910102837
195.6772002870874
184.34663253543368
167.0185712208268
153.69078347452952
140.76148813118837
128.92200280020523
118.92965590201959
102.02348912071622
90.05863963993676
80.33088419336543
77.33440549643697
77.50825352964499
84.70313565365981
95.98315715379779
111.51469447704312
122.84723794909026
136.68388665984997
146.44694533828758
157.01348293556373
171.31197891895988
182.85888331201218
190.85455993233023
192.87460772492796
192.63858558990614
187.08813881536727
176.6790363961204
165.21012576888873
153.98244444200517
143.18074599433737
135.93206991701766
129.87545365906345
121.58418562968082
115.40383379285045
109.68480515720562
107.67455060851721
106.29317804369774
103.32159042735198
101.69689059781875
98.1515854621842
96.09197397635157
92.65503443964346
87.07357880099079
81.62847223994065
73.50252474640992
67.4952435669344
61.78867668829466
61.47244223144274
60.85329710821951
63.8643338254982
67.57681234529579
74.45097800105857
78.24784581738292
84.64452961946836
85.9968333930973
90.51678830523295
95.4492507593335
98.32246478312055
101.34727578356573
102.60713148446713
102.37961566903776
100.58124927505958
96.55229246945844
91.69998287045411
89.08841133076567
85.37961880349947
82.74486254682922
79.54574382889547
77.14663988271145
74.35591057240406
72.55881890097939
71.6740389167804
71.56958286140883
71.44008814693446
71.2540539353023
72.31430237759145
71.98116295702812
