10
2
a
198.82614941411944
198.53120755503977
197.6637394070295
198.70570887988944
198.24721251265595
199.41812113476462
198.7421093187858
197.77175501569326
194.5453931838898
190.133918763974
182.73248291345237
178.06913045124216
173.3018712159172
165.65403192769196
160.30978349633833
153.09945049893386
147.45770746619024
144.69848381449597
146.03248221674897
143.37666509934368
143.22056495848884
142.51302498769724
141.14703924311115
140.52283999564864
139.87785251677434
136.7712657428893
134.7615179637306
132.8074764801901
129.89323543725013
127.97165384948276
127.58828927111696
127.03044263903037
124.86910768815929
123.87642200892007
121.59673909741585
120.40727624123701
118.17621898185432
115.8487165548153
113.44207693411786
109.59975912236227
106.81930590120022
104.65523357315911
103.88411783737459
104.12535293558999
104.21253336616205
106.21347100519912
108.16924432337292
108.81648134864399
111.05068185587801
110.03052485135494
111.6371942316314
111.2932526783239
111.53051239136934
111.83448823194044
113.60753772420655
113.54017375895816
114.13955087123827
115.41723485395295
117.2828140827269
117.19059760952466
119.04578242499424
119.0626230647635
119.58430005911043
120.87254922453599
122.60895289178413
123.30401929261852
123.6914203827113
124.61081102030775
126.06161250319825
127.31496448640999
128.91373215557542
131.24009568548453
133.44048363483662
135.13984740587762
137.29180191676988
139.125066294445
141.2465432940248
143.34700195146903
143.828062138731
146.05453553392317
148.5446974858868
152.11953142105813
155.54681188409245
158.01187433730635
162.21345826232366
166.34485614010808
169.78832128997087
173.80622407186553
176.28776848539073
182.0834830276034
182.80894469870884
182.94525743291007
187.12087643412536
190.20951986111362
193.75920497860346
196.55353326219145
201.26106555645316
205.74037120399132
209.974230123784
215.5064670386637
219.59476538666172
223.25455799951814
224.0829696848478
226.69806002571494
228.1344233616622
230.1779616390383
231.7485849255573
233.1736890989078
236.682937174857
242.6848283262428
246.4037466505361
252.74629615925846
254.1273740426803
255.7609842645613
255.70377816860386
256.1402390780001
256.8432246578789
256.2660480205973
257.1556189463789
256.68583296816
257.7252623126693
258.95636593196247
259.52868928920685
261.3476726453169
263.0398344202441
264.7168811006942
265.82067535496
264.63160606180077
264.5219703334963
262.9988995133716
262.23510541943637
261.4720732795519
259.8354913263549
258.8437339715506
258.1978332910143
257.96492801706563
256.28673333547965
255.59919662174224
253.54799286031457
254.25787745900692
255.75299611912374
257.3298362529697
260.60829709006896
263.00731021770883
265.85236041170873
266.80934198093024
269.39094265367805
271.7405025013506
273.39811600532
275.2275192567682
275.3157498952617
275.97660515251044
275.54602950783413
275.5867243034176
274.7065505045042
273.87788410234174
273.0108460885666
273.0006109244274
272.91817850333075
272.0789243332749
272.6601983423142
272.64914826525666
273.60676333619193
273.1597490271391
271.62374640844916
272.56374545178153
271.3743166585435
270.9136082523395
270.83353987353644
270.1777185277273
269.13073167875706
268.98076944443426
269.5194853656594
268.4533632705628
268.17134528369394
267.9773214547906
266.2264625180355
265.57339796357905
264.3347381025592
263.96512969228525
262.42761404182863
261.3377488328671
259.4633847308701
257.7801263129451
256.9528262042604
256.595482449326
256.6315797242759
256.8430789330259
255.4285212374199
255.39240401098917
256.35526854796467
255.82568351177085
254.9979536904623
254.47262111351674
254.45975232580614
253.342911963297
253.01015006745806
251.74480168250855
253.59635808307942
251.25892420701837
251.36545907440458
251.6162873320102
251.0009202982679
250.18153943962886
249.06263871413427
249.5457182543311
247.91369758844925
247.5078375916831
245.78574812685582
246.86420334599183
246.36860322758722
245.15129294235678
246.32542441834065
246.28756440089055
248.23907374347152
248.6593667532636
249.61527481459487
250.9501765063586
250.7766564959583
252.26833437687253
253.22731064206613
252.55289184868832
252.46807248632817
253.43395816864987
253.09327577884585
251.91047339503777
253.42733592578531
252.35418071687346
252.8302225712516
252.52834834773043
251.89753508055932
251.44064583355322
250.31303510225518
250.96595748005166
250.62572506908305
250.05518132012148
252.1277115867522
254.62282426015727
257.614253091991
259.19415670361604
262.2963666449974
266.3785492965036
269.49770957591636
274.10929525104626
273.9867250115557
273.826227796631
275.00714868700436
274.88725360289743
274.9414203676262
274.86212406658433
275.07293382020373
274.81111239636886
275.4466177403673
275.2197856155265
277.23224068701126
279.4007400881801
278.72019510849435
279.6514689862143
279.98264472756495
279.9050259275522
279.7149387292787
277.22453618539805
276.2739557975543
273.4650259785952
273.23330438570025
272.26610655644185
271.04390188160204
271.9339515818725
269.934133660439
271.25611273345044
267.857243062427
267.8331558800225
265.8739350401304
264.20610897163414
259.336849326636
256.7353098778048
252.91769601403652
247.10846713874457
245.39980000260186
240.7473923195764
236.25253477576356
233.82271538940554
233.0450485832237
232.61443199085883
232.89777479079504
234.13174262126856
232.57058723796146
233.71946104527092
