5
11
e
84.03856909329537
85.64564891061138
84.00799828288021
85.19036831948874
84.34183724438536
84.49994786725853
84.85489186968867
84.76190611046091
80.74309492685315
73.59157564462552
65.02520471840673
59.094672615851316
51.38576400339651
44.251134710125406
36.93692273688121
25.576858540092797
18.119295733032455
12.017385601629396
11.842430724731349
11.480560566447824
12.623561216444234
14.676144905648082
16.868604700249914
18.007426464073063
21.6087380184854
21.671245080825827
20.572925729068682
20.679496799635768
22.450097988072155
20.125055035298466
19.27903018993471
20.677068878805475
21.24394506957299
22.43036171261337
25.617105904473906
27.951580626728514
30.179124836516365
31.27032005873826
33.95982859781277
37.39478010045224
38.972906708713275
40.30958642617287
42.22262590406903
41.215961259700855
39.611585208640825
39.69184550758598
38.070933598350905
36.61936350154278
34.829209192086815
34.22784955442456
31.84392603291859
29.426236669400417
27.352335617679426
24.756072577929793
24.60660575681143
23.70447730806439
28.819621519076815
37.992304476316946
51.772628621837015
60.65383382653108
70.07227371429167
84.97920598245837
96.38451480164088
110.97397142288355
112.73334452715596
114.9001130888272
114.52208200254618
113.8254135410325
115.10918271893179
115.45371913467551
115.81117408544311
116.2688224899677
115.99766607144672
118.19022985145057
118.79790781923559
119.81290373646128
120.49035199452244
122.60808569129401
123.08350508322279
123.64890949484507
127.7062355105167
130.5741159788529
134.78372785117057
137.3615344431382
142.4612856378499
147.51785291662682
151.82502183681245
159.66211489535758
163.46541875097253
168.8557922666671
168.885186063468
168.22583655346395
167.39475269930412
166.43284346578332
165.41411761142416
164.35079342400445
160.82717509106678
161.6817069242686
161.46244034274207
160.58945651286996
159.8188195357106
160.4980532803757
159.9536084701417
159.93359815194836
161.38045063387057
163.9577002397584
166.83355791446354
170.7783871169118
173.4862179057206
175.6857101815798
178.88262096624618
182.5003564128594
187.39392550476543
189.26737457608223
189.68763964322432
190.80314693628185
186.8595187750537
184.36204538411664
179.30965940571744
176.03949296475278
173.55290031733998
170.4933970955946
166.9050779050797
162.2711718082746
158.43633353266551
155.58368673964114
154.61113621623625
155.21468136272003
157.78918605788257
162.05608000821928
168.51697944260255
172.39156313247645
179.38498585509907
185.75028977232262
190.34077194348353
196.4325917764034
196.4153912645927
196.64241524163702
196.47720967055068
197.41717781083858
197.60153280168225
197.51225042849867
196.87120916257504
196.69820239614577
196.47399925704772
197.68925226065798
198.37459070481148
197.84290209250813
196.8771711480909
198.0042136602221
198.41715858581006
199.36634198303403
200.46352018199454
202.60007593545103
208.08207869789777
212.428120136253
218.83477450345327
224.0018262729513
229.3542269833529
235.70324610548002
238.96911453681466
240.99681713981857
241.35635797816275
241.42442117923505
241.88039051929036
243.33358068955008
243.84124425279185
245.27883557369807
245.51843778977175
246.70138467205362
248.5327279256523
249.15267340883304
250.7389526310898
252.61436004555364
253.09850455489564
254.22353585485115
256.50238366342165
259.64338518007395
262.85101332832005
266.7348236416374
269.7078709818588
273.89712277709543
277.23027693225754
283.4662148814996
288.56119146433156
291.2043325084545
293.30772074904263
292.69038238081146
292.58698205109675
289.1947791435258
287.026548458635
285.70465411288046
282.7506452461958
282.56731632743026
282.2057035221224
281.5276570986341
279.9446774317918
279.0821836336288
279.6107763044843
280.18600198286805
279.7073127449419
279.74590633879177
281.39872546084933
280.40741647179027
281.83796159438856
280.79007455500357
281.64526731162806
281.3780818012568
282.50303362907124
282.63687881267003
282.9204988083788
283.28056536852694
281.43808412317
279.4542796251991
275.49275768175636
273.0277682334048
269.87919679121393
269.9052834598063
266.5878038647828
266.0558912857398
264.3303570159015
263.8606640538044
261.97325418843224
259.7960455652806
255.02599756133176
251.1035687036896
239.7698520774085
231.555416996996
221.456443406395
206.9948777164741
197.6341947987444
182.89030928345719
179.62706016172507
177.5493007296897
176.48437839337112
176.12520589951896
175.78333833978365
175.06421458858713
173.93485249620295
173.04456813438142
172.9345985247958
169.60397380984406
167.88853296894612
162.7984115971226
160.61060856852765
157.57336390031483
156.80958027025332
156.20425974270944
158.7786877059079
160.70490478770282
163.25362141781272
165.36991807815767
167.51162092595746
168.7914906159309
169.8756705299049
173.30375575516985
175.69358019529292
177.3563962610223
176.3148209316612
177.75428546776547
175.97174072593617
172.8509737652709
168.0726963141655
165.51175322276217
163.1222356029413
159.38539895887942
156.09765080468284
152.46645521681418
150.41456450823839
148.98882107799952
148.95962908233503
148.9190357319673
147.29216500723774
146.88291816827237
146.4682665589179
146.8339611149297
146.43179443299485
143.81195262682883
143.05118884819416
141.784453796079
141.30728862206792
139.68005039935773
138.33049718405567
138.6666582834598
139.36682133940377
138.8319465790246
139.09179391370049
139.36894993659322
