5
8
a
45.38095004125
46.538583749199695
45.822186203639205
45.969717155971885
45.910607021642306
46.21088249479042
46.457476581521746
45.49949585566595
42.600982819513604
39.13478025972392
33.93816888451975
32.480716727700276
27.123437548200982
23.891576365744804
20.320053713695472
13.446728535957421
9.693820781773129
7.376003926753704
6.331714830413384
5.5733316942903866
6.526084731695853
8.64429098469513
9.335412306744129
10.841929996390258
10.497895398587909
11.744227373003351
11.528208682543948
10.839317934006322
11.552917230505386
10.021403341942323
10.59483809307943
10.708337907570995
11.541591749371282
11.122776199951334
13.930143979054723
14.739974910066428
15.933947675717809
18.06474350293895
17.761685545022665
19.319048429151582
20.96443354417888
22.718687007063235
22.2521720357156
21.556209604367908
21.774839743875628
20.788476582345524
20.354922482150478
19.35266567585806
18.97144312477461
18.549328132326416
17.85298187683703
15.38822877245571
13.94598618881325
13.409731159725435
12.011937605100387
13.366002958630212
15.679141430676818
20.29824000436742
28.04350698067204
32.54088162089999
37.87049171126374
45.38534747878251
51.54683842309661
59.83372767948141
60.631096226871506
61.23251101314899
62.67892331899789
61.90667517502419
61.26153158254293
61.71270482096026
60.70526798692719
62.680446232991265
62.392817350122655
64.29112805343085
63.641879139254435
64.79071423381093
64.34152885862932
65.91906712344529
65.65371617771788
66.74120358236493
68.16781066629183
69.78088775008162
71.76898568606119
73.87675849075094
76.20427269312025
78.76855476630007
81.84726890270373
85.61253896114322
88.1886429576419
90.35357672112866
90.52015083046692
91.25503501985442
89.47602844381814
91.00216146765484
88.1344249528271
88.12072564382494
87.6487424668565
87.04082869639518
86.73013878907304
86.18426325189793
86.13059735348318
85.50011772306311
85.47345265792677
85.71764757519385
86.78833624161307
87.8676807461759
88.95309645355299
91.67117465699846
92.51246708939422
94.34013501308856
96.54819148687038
98.32474827158977
99.79516270129977
101.43842764010711
102.85989729141087
102.21164390728633
100.47749878552965
99.51819843873466
96.4773624586347
94.09532357011362
92.32141931355272
90.15975594478172
89.8862080323886
87.45979294374935
85.14592611940807
82.33349155276105
82.96330181123865
83.38950246139929
85.49068338603324
86.5624493859731
89.7977364799197
92.65460390673465
96.10585188379603
99.4808204488584
102.57086716895793
104.67914579243109
106.0987629818548
105.63454433766353
105.14081569281248
105.68070121318716
105.6262388831981
106.55402918976239
105.33361545872242
106.61097906984769
106.62446789060786
105.76544548720412
106.20456699876216
105.90482445772919
106.69204699080385
106.42471958934556
106.71259325578903
106.1467039355579
108.38698901147337
108.74397536418813
111.86128478692693
114.31975904240134
117.34605315280939
121.1207952589647
122.82230092970664
125.70708004275947
128.36020134569867
129.52555565068252
129.30914091280692
129.564972228421
130.36368979678318
129.97722289428907
131.167838103149
131.43987816471054
131.41196898749595
132.83681608073857
133.39415985099035
134.43782174962297
134.66836170027372
135.886941678793
136.5349521531124
136.5504816580943
137.967131508897
139.6719198329669
141.1266883782816
143.0581872464858
144.59315529351323
146.8720314319008
148.94536124936042
153.66697603334038
154.1868563189685
156.42217782212572
157.86450567559308
156.5959610161641
156.56590101957272
156.49923471901616
154.52568359693967
153.9587895635607
152.45588363009446
151.42789422418588
151.2983712722581
150.87159033950027
150.26269969558197
151.3458084991062
150.32356531499957
150.82987433073518
150.95192415416867
151.22954513304953
150.5999857058294
150.02332010973302
150.6736377392654
151.1680597099018
151.25786032100922
151.98945590685187
152.22522958199517
152.60078430865713
151.06350293010223
151.65144019617628
150.3686291823548
149.14525855310293
147.63786245322663
146.78941648297032
145.59074176237561
144.408245632252
142.9793316638859
143.2048287065424
142.99949792961496
140.86718288189718
140.8512490516376
139.68870344713307
137.8145580308304
133.77477499171405
129.2438971686065
124.85379180858747
119.28615012219474
111.75700577120631
106.43237929004053
97.8295661006946
96.18799958401353
95.92744592956808
94.94107894377453
94.74419370588019
93.71707555498494
94.13250173659513
93.97071433500207
93.77652575803388
93.11099698122656
90.95615324761326
88.93904063516347
87.82312984109771
86.57429345883325
84.02097725406
84.68917242358785
84.74636122860382
85.7741722376151
86.21414035751188
88.11347039759434
89.09559380896057
89.7749221461343
91.26338247678638
90.97276392357158
93.09195700539314
94.15976056383025
95.51610602319359
95.41409027946253
94.9759347173114
94.28737071607246
92.50321411046433
90.3090334701525
88.34231206126141
86.69609658855993
84.59973177676129
84.25303980609637
82.68239181446367
81.39669149748048
80.9875688256054
80.27553130673138
80.05332556143712
79.08676241268894
79.50488570268945
78.46934745056663
78.48904479364934
77.74554326611013
77.31860938727054
76.12322804035199
75.98602769795222
75.10080585834916
75.61247077822006
75.0384840373567
74.26997914781303
74.14170218745458
75.46806677072875
74.62496585097617
74.8127063597835
