8
0
a
94.26065774341389
94.23898089498432
94.0290577812187
94.70837957554184
94.11596018334016
93.81273124533615
95.05544716111675
93.1323238297149
89.61022170774132
85.00259562477397
75.91998267031263
71.16116130085315
63.490176184461994
52.42730559383844
45.366300403925806
34.3393449317428
33.686188988243565
32.24541779140636
31.465065006796266
32.223422307742105
31.122919070646102
31.22848338338311
29.446123647970484
30.915141549356157
30.45619618491872
28.590282051905582
26.769542309771555
24.383090060197173
24.07365634203927
21.813980772299306
21.73423951019305
20.766553041782924
22.025275778140262
24.005553453970244
24.474669702020215
26.09442760186937
26.82596062312593
28.41679526532775
28.397574418019296
27.7533100551864
28.609150239303517
28.51901110627452
30.052685911710228
29.324374257705323
30.936084102161228
32.560718071915446
34.78734427566599
37.1229708991546
38.663859191686164
40.43079733295149
42.58932093573221
43.4847766319814
44.84994086582925
45.819294612833346
46.20713635878935
48.78664003482234
51.47485764469694
55.41456791419312
62.30060283424743
67.01468543906857
72.44194901690251
80.24353718291168
87.11108279687775
94.73100169797878
98.58589720009996
100.92078256691659
101.11732745308964
102.05379269336093
102.47398400859034
104.1047697796121
103.82388267401996
105.58851022508755
106.02575625591972
107.24928627363005
109.08268257250901
109.86046247775582
111.01566596025118
111.94956200005933
113.41072642287253
114.77436234888019
118.34979019162265
122.89632604730089
128.76912302785337
132.21189453660432
139.03117361634247
149.42906969890595
159.64098878205562
167.94407058363842
167.66660475050568
167.16763748294883
167.04229407177306
167.19996472372216
166.3024797407547
166.22941769151424
165.85993506707393
166.32811568979318
166.61011701228276
166.77112338515008
166.35043205869883
167.63176063271248
168.4230515045893
167.84168052251982
168.70220031924373
168.94253609549648
171.16974561563444
172.17714939601817
175.63181184188852
178.08831763539976
181.43662864318435
184.19493959666713
188.0004307564598
192.3064623819124
196.04673798190043
198.1402972566517
197.48727459559746
198.56890991277064
197.62063276491295
195.13647073092469
194.69360116442613
192.70144109077305
190.4569655897781
189.7200664365729
189.19619467738858
189.41377982667717
188.5248676591799
188.81535670967853
186.8638298220158
187.20531077775553
186.268319679001
184.94413649787654
183.37850807881813
182.30784957610135
180.98797574772976
179.4118308694665
176.97121282059683
175.50852282574203
172.27619142688408
170.51216826329735
170.3574393917094
170.76749269197623
172.8371649322542
176.23339939092034
182.19375880850268
185.1567740746008
191.132989636965
193.41387373393306
196.0161858788128
198.96095340821375
200.57575209037196
203.42070401755265
205.42499458379854
207.32991638964126
212.21314833472056
216.30926967526625
222.2150268287705
227.4458371558596
233.38551528130503
239.18988208007417
247.57662710405245
256.38348470258387
264.04428249589387
269.6875509459262
270.09120389198597
269.70456396492136
268.232087903239
266.09014392702113
262.8773615798638
261.14625428282295
257.0255420180277
255.82925958211354
255.86667524837802
254.54097962780514
252.82522259809159
252.5445464868498
252.52811324202773
252.29253533591236
254.38267882306343
253.85041885068637
254.57976159932306
256.63071955951244
257.6348948195606
258.25523398285407
258.55231144872386
258.8701477682295
260.3413948204969
261.67629690236055
261.0383733041895
262.17294131138283
261.34774611088176
261.28662069115256
258.5754966843061
258.7992924726533
256.36064283483984
255.47811945581643
254.19150680428004
252.49890365671695
250.83203542520684
248.48194985415077
247.47157296595043
248.5421132949239
252.01234405863752
257.8311248105132
264.93230930839593
271.19631521015344
278.2493753634257
284.54389849556645
292.8463830429364
304.1711338536004
311.79154467004474
320.0792050888659
321.5647359280083
322.5740439491195
312.85650270236704
298.7685671847254
279.4021619318482
264.99676685714894
249.06426834800067
219.64147847648678
197.55527187921837
180.74621725840555
183.91421364864635
187.40331824257598
187.5969978022476
188.86205806092647
188.9054306676792
189.68600774712345
189.12723366192918
189.53792073892797
188.84703796762503
190.63013635331737
189.8394283833215
189.38428898688548
189.77173687489898
189.29180386934738
188.07854530059547
188.0211362127744
186.64278312722718
185.38860091245965
181.78519980381068
178.298419726603
176.82590335720587
171.15232871203492
168.22833696347965
162.93484055030603
161.7200201670822
160.53197639132344
162.46684683497858
160.7389678053816
160.46181455268203
161.20251985486297
161.17577116766782
159.59414408041405
159.84074371318442
159.98131520471298
159.38013389561823
159.02493253601378
159.25938349080118
158.4758016866185
157.8662620154833
157.78574057400968
156.6426634288981
154.3441961698047
151.82666026395722
148.73613473620418
144.6651856737036
142.66635901914177
140.30210740356887
136.44146114891626
134.00098633624071
131.93186299704658
131.51225763062908
130.63571676826948
127.78294205364122
126.59085460659693
124.56892871017862
123.19346301450429
121.84084793120137
117.79241476032186
115.24845822110765
111.26856424830223
108.63833064819325
106.0241856074282
106.48404669770404
105.57420512703567
105.48445136182187
106.42331561165234
106.0690074716129
106.19694878277136
