11
7
b
55.551267443545164
56.307894276870734
55.198554772845945
55.793901954674524
56.0077410917285
54.707740460325105
54.856293591516575
54.959919285776195
52.66004137922656
49.063915312309526
42.42730647148146
38.70130593582867
34.43627072913411
27.928351464139936
24.234352230132448
16.593505366183205
12.243321139230558
7.9277053880472295
5.965211579391219
7.704933374791584
8.892314075443451
9.147438173635416
10.905910036931095
12.86107483404158
13.535029096930408
14.03773482551419
13.572528973294297
13.756264907617966
13.47990925445245
14.020975490319637
13.619114851745154
13.398279647019573
13.849513583617654
14.916653483322053
16.686857656675596
17.355915920910196
19.071376223248016
21.225455100726734
21.73053207144512
23.841016567689707
25.12300022643632
26.414876604225675
26.835042896611515
27.310177208350837
26.664285425021138
26.587332388999805
24.682170911874874
24.047643391951816
23.42497065940067
21.224441977052287
21.17565193050916
19.221662646578807
17.019290304631557
15.64496667595387
15.13821212025246
15.839372982300171
18.57911817167991
24.516911254520082
33.55162966803443
39.05940579117666
46.588666030122596
55.70538326629205
63.926868727009996
73.28422149546563
74.40865418755644
74.70847710654861
75.37082004712565
75.60508280533467
76.24039708005762
75.28807463506013
76.40062769886192
76.62987975930422
76.01011583405258
77.76317002904612
77.68758601693226
78.9291753848197
79.79317130624362
79.89839718945879
81.45751379789854
81.46626794287336
83.63624449664151
85.57665265691762
89.43995022192577
91.91015160331874
94.43016301407462
97.47723444816769
99.85238825450138
105.09722520934838
108.03309629683501
110.85220582494364
110.87683829541267
111.18136626568837
110.08829709136583
109.11612327532356
108.76280526965797
107.9211551391389
105.78760703773541
107.39183459024545
106.23243907900654
105.31970016089244
104.99637818374603
104.73603179902742
104.413442393085
104.36494451283576
107.16032085062781
108.00251566160179
110.22242856666742
111.71171650536361
113.66071413986752
115.66929398875702
116.56700992873138
120.36272020755501
123.04284932095379
124.66235565975788
124.47193972832704
125.26934481283202
123.3444398075806
121.4928773624273
119.4666629039503
115.57516304246825
113.92848311953858
111.50011379372575
109.11521496176556
107.06841350464475
104.0834503712587
101.25607417024963
103.01827848487272
102.19462561820843
103.55833181881675
107.26037539619406
110.79780545668955
113.8279942139927
116.37182725595127
121.77534414012574
125.58334281982023
129.01152652726364
129.1631192267587
129.20572465955013
129.33562242809055
129.99116590482922
128.40556115933006
129.13430696751672
129.9001233613945
128.91734987641303
129.32633688390698
130.59454575871567
129.9164876653163
130.967099892832
129.2463705115398
129.89454425470896
130.45319792232084
131.36542896480069
130.52751309422223
134.17568395172157
136.18099949709722
139.22359785886636
143.59214274236166
147.5795041614595
150.44365084241622
154.40330529299112
157.19425044864866
158.1088069917697
158.62685906277974
157.89455408940717
160.56560967975517
159.86374131409778
160.0467023547511
160.8366493813902
161.874273347757
163.28939467549776
162.90765227416
164.389103327762
165.6542504449309
166.70198397611352
167.10029659069562
168.24981196894956
169.97975527202908
170.71909056952495
172.35207295367152
175.8443037108282
177.5144372408968
180.1015765283313
182.1861065525167
186.7464406940048
189.30881856746333
192.33401134336387
191.8263200474284
192.75385373689312
191.7660712541368
190.50677616472612
188.9443620948138
188.05310879149891
187.34123132894842
185.67645980116896
184.56185900246277
184.6990897992381
184.46904325766758
183.6002205018915
184.24661585702472
184.17562670333248
184.03862410928258
184.72831577755016
183.81548443226382
185.39000272301575
184.25337316016666
183.57339889966264
184.29510150917898
185.54015190684737
185.5274919058998
186.09200540447085
186.0213031079574
185.20079045859433
185.53251300834157
182.8045459606822
181.9511562528564
178.4182888493917
177.95097190128965
176.9038137631003
174.88561338694984
176.18483580845728
173.5086967906711
173.450993999718
171.45986266961526
170.5833380834744
166.58797248168884
164.47470835971987
156.5787410453405
152.02907293537203
144.72785309300153
137.07179596059365
128.79645246571476
120.51513193039115
118.494767841441
117.21367994507155
116.00630997052163
115.47173460447088
114.59859038978874
114.43729601247975
114.75626983911997
113.85138624238863
114.15794821060167
112.0480338411025
109.49944996811324
107.94563717802625
105.83257005323435
103.16850115358365
104.12299676182928
103.4685207648426
104.50641725781811
105.81571505622588
107.34786239057205
107.87902821547512
110.48513551505067
111.72021559110925
112.37934091751943
114.25069344918492
114.96789967186272
116.7140822225273
116.91751219938223
115.79528800231952
114.04775614969512
113.15945188481109
110.5374573256321
109.01532279643125
106.44751833784515
103.4737903473769
102.25385395892158
100.3086645453928
98.78783126313786
98.76938664029231
98.31027957116382
97.27932973352
97.48429203188297
97.19351813350696
97.13963302832072
96.39081310104928
95.71523351009986
94.75655859440046
93.66182813895792
92.57264245749673
92.26990710062668
90.76826279934733
92.36765732355558
91.97030893772303
92.40163440861166
92.39068828455518
91.53271273035422
91.90791209805288
