2
4
c
85.22317924464599
85.60735736498793
84.31083688423766
84.83509159107693
84.93644782489477
83.77351482936704
84.93462854750535
84.60654083919499
81.98943866904933
80.1351146410668
73.22863827930769
69.43498077099873
64.47051643742232
60.69577185953687
56.374672541706026
49.012669518045776
44.74167395535646
41.37242715000992
39.94184717651876
39.18781769726568
40.998538286737585
42.412189646090134
44.374274256428166
47.22157030941547
49.8304403524728
50.58511884067841
50.555337899900344
51.33500013798959
52.50147617016671
53.20276001659777
52.3934233091113
52.89165899437513
53.443098221694804
53.33210826930691
53.6339746727065
53.45269233578865
53.409473129381865
54.33825985804845
53.970042753348764
54.359508906089594
54.62402444014571
54.89637576921722
56.01674929036446
56.09622676885987
55.032526638792525
54.9744799362913
55.589853515381726
54.27105963979131
54.137411673824694
55.62352141359267
54.41504992951211
55.90381123853573
54.86852551197473
54.920658314789925
54.997564283343024
55.186924747972505
54.9958841425259
55.029898855951366
55.38316816212552
55.39119057689725
54.499206692120325
55.02268879146268
54.61474283200999
54.215217410985375
53.92374363561632
53.63600532493981
53.504483337103025
53.27825920502637
55.000246176271425
56.254077711616276
58.480992946936986
60.452502404372865
61.46883048101952
64.4296243797251
66.79430791670613
69.13292711026278
69.0170669738955
69.94171586339982
69.50098153299744
68.9661765304177
69.52977866270139
69.74548340421543
71.08424759660677
70.38340708267316
68.67837034528368
71.27158627433072
70.353808618197
70.0352595856114
69.61387704827231
69.58701398416669
70.70766628253507
71.61445778380465
70.71514974239206
72.81341490202372
77.67867730244942
81.69500086055892
88.27878371811055
91.5279161907816
95.26415769998678
101.76987565652631
107.23106755392652
109.6906542943636
109.90171254791028
109.62054960126704
109.49498736154895
107.34511763293598
107.00300993358462
105.39624805772729
103.81656372058558
104.80682492282526
104.8591528799668
105.26827480734163
105.25917998057366
106.4434986768962
105.75886130807723
106.26395327630136
103.90289084495058
103.9228918812146
102.48910240747777
100.93485451562753
98.27863720325281
97.50681854008555
96.54781220890987
94.03010226364863
92.91694411308497
91.7097938005086
90.91119275612091
91.33166962421578
91.17421144714372
91.95815499532382
92.54243833961951
93.75796858122818
93.04070149545001
92.67317075763249
93.0473672782333
92.60513655531786
91.75496185341818
90.67382972324941
91.94014027904502
92.3719132158896
93.1677670018018
94.70915758608567
97.65301030064016
99.1125595012268
101.67065173746434
104.02879328226292
106.65243460718537
109.20788187909305
110.9872070474407
113.17312879835234
114.05387885805776
114.05164488400315
112.67437847101509
111.10968338116022
108.31684459512434
105.98656033774408
102.390676510546
101.12513345621272
99.06364662485647
96.94086267380482
94.25929983429548
93.14335386003268
91.70558259015365
91.91999552712781
93.60479940268918
96.83330495142425
99.48405523100305
101.7646550377405
104.5099636522635
105.60650658564462
107.43313269967359
110.3343736895248
111.40124089437708
112.86088095975518
114.22611802313786
114.79711432767304
115.70978023895918
117.45956046737012
119.70741523726758
120.8123497899784
122.4274048015114
124.58901063852423
127.29663764246268
130.84899084752595
133.54564547368193
135.57252775719675
134.8682402734974
136.11657142919165
135.18167877009046
133.82515800009895
132.41464618550097
131.0084717911407
129.2792521814375
128.18280601820388
127.38180584481864
126.12597974311146
124.8332920422971
124.7009763275221
125.54210836118479
123.96301055755679
125.54862332935402
126.92789635777002
128.71711905789755
131.47588375780617
133.0778451130526
134.13529810994933
137.05726699259543
139.57850581608037
141.54272192062177
141.93772864068418
143.7648350124808
143.03354039090507
142.91931309259635
141.88482424348226
140.5351819004694
139.73482179392994
138.62957721623238
138.61707120405484
138.3406339841049
138.61382126942172
138.43714585358907
138.46612851504034
138.09789964335386
138.72116261466024
136.40817609994951
136.73510919178742
133.67048077079397
130.8150701107112
128.8232986464565
126.43096144961773
124.4653549586679
121.62362743546404
119.81905391011442
118.5368179160339
119.05178657157668
119.95325299800322
118.61912334031791
118.11539550489633
118.81590213171586
118.49892636876841
118.60759877578772
117.77257148915034
116.81418611703113
115.83011494975939
115.89865963133518
116.12193267127518
114.83689924830777
115.58417653693027
114.30847862335858
114.50502375524506
113.8398928058509
113.52817721993613
112.9634069249334
110.93847060382468
111.1706701032475
110.4173951703904
109.37968741415618
108.89912417105818
108.30235333769316
109.37440760826702
109.88472031956526
108.9510955806849
109.91227305944646
109.8986665817062
109.73823062155247
109.73475234295488
110.42465067361339
111.1500999184192
111.15900475496393
111.9670190239147
111.50491233436556
110.97745561213216
110.44702211678198
109.36574110836548
105.75376239446933
103.40884017239838
102.06586360108047
99.93772079782596
97.42631665354187
95.11183151356532
92.56691430558413
91.06071296237924
91.0372753855373
92.32652486373331
90.77329884641908
92.42278340365866
91.67424185866923
90.78118577899144
