4
8
e
40.269409896413016
39.91610596495666
40.37996223025541
40.11304830345455
40.74816749387557
40.32704465856266
39.93221428885258
39.16617189297535
39.34362309494336
39.334872576595096
37.650202203234095
38.197349245560865
37.73563518347303
36.61604109345629
35.91620630723536
35.671792119947675
35.02687140427265
33.3903827522075
34.47509307627155
33.44481374056772
34.517190939647314
34.68495876262999
36.362635264466405
36.90913362675864
37.49211357128918
38.76988710580654
39.12757038665702
40.47160473464533
40.89840246990474
42.20523465468906
42.47151908011281
42.35946405735535
40.20097207019542
38.10127059323656
33.296666826149774
31.403691066529973
28.605113273686385
25.87898975625274
22.967289216571587
19.22146327067856
15.342831910129277
13.99256547982161
12.75861016925615
12.508816993331001
13.212892519808989
16.06375238168172
18.22382341897489
20.058360794905205
22.093882735226355
21.043184232686198
23.41474594782809
21.989557795755978
22.78053115339589
24.69911779871863
24.377549440198027
25.612215747073297
27.406338143629316
30.476924005029407
38.18851946798299
44.927653372972195
52.67113012817586
59.1924179696249
65.4220168066305
75.38878006144425
82.11195453283945
87.94111822192224
88.64967289706651
89.07229234995116
87.15815224706701
84.70834962524401
82.6875062305541
81.21134900942776
80.64605267934246
79.02538556410555
78.50898328449
77.10177977506241
76.7812520676147
75.71285714235316
75.15061741196651
75.22837428876632
77.51535952944167
80.97310308447115
88.67386936991402
92.72929918255929
97.72201957173029
101.80931285254181
104.86381572091854
109.78151250166428
111.9561532041458
115.49767498903303
116.81425250117559
118.86435588858403
120.54053772290925
122.33705677341233
125.45634958418339
127.9632319478061
129.78777110532428
133.28353186692027
138.9443152979422
145.02196893284787
150.31860307614764
155.35042513945353
155.14376869510636
155.18187476213987
150.06136191785492
145.1646053942537
136.83451029606275
130.46750270799933
123.6858989783231
117.0691716900329
110.46759799024302
103.14650624420757
95.45754484921369
92.22013413905768
89.6083200701581
89.52617736303436
92.92150978281764
98.77488295233
107.10736760858377
113.86085377713574
120.04160216292821
126.14211319955616
131.3880414132452
138.14019867118034
143.4979396562814
146.32363871999866
147.9202520641019
148.19155942451133
146.00744801781673
144.17402542827259
143.48567212653236
142.12912592581108
140.06721486704828
141.47905009618046
140.43282154750605
141.1043380413872
141.17399326287912
141.1539202677235
141.3922055563249
141.3641303180111
140.5814238805957
140.634455418151
138.19088363653833
136.55780392855556
136.61144942225636
134.80723993444116
133.9995035163645
129.4778817255937
129.00516827463713
125.77837008170587
125.37839034530427
124.67238189682026
129.59833890407893
134.90597108927383
143.629718640162
150.49055577977234
158.6284841444296
165.43898506798143
172.08616428072213
183.42685910011286
191.7790194559512
197.9397319332687
199.04227627030636
200.1215918016132
194.55267480718325
186.81730198561144
174.71422194846465
166.08363573305496
155.62542213430208
149.13007680379354
141.37505788201653
131.23474665771624
124.2655616233146
116.86410140703266
115.67959360458731
116.57221424673651
118.4329078144164
122.25077573931857
126.16437457846726
130.8853773286181
134.519565410126
135.64485430496424
138.11734956694482
141.14474059530605
143.10960564019396
144.64564171943556
144.90946909768456
144.9522715569701
143.19756900641502
140.62750250462258
137.88616592374052
136.9692739681662
133.74734848708493
131.97342284375364
129.01816488443728
124.50080294968573
120.70246515433047
116.14969343290247
115.35355299756499
115.80033475709693
123.97743640755179
134.75210557848905
151.04646547357316
162.33498154629174
175.7261122887002
190.1457217190212
202.1494174836478
221.64476081172216
236.3011254521235
249.04331402654697
252.7923566444654
251.305335278408
241.98753968070653
227.0756722568173
207.0540889878679
190.63767561893192
173.8515386500619
160.4645338895106
147.697323654342
126.00476617931328
111.69769067060219
99.41732550793985
95.53766505751364
96.14538006538855
106.1671986117673
119.11319997982852
137.8733742676413
152.13880702515553
169.39416377180225
180.84921215931837
193.51478767208556
210.91954074839003
225.64740132778192
236.45939635970643
238.30032088007
239.09343308244775
231.2126422580663
220.2472104879969
203.14556873803
191.78982467632235
178.69093414582383
168.33481787527526
159.854577608384
150.60217533165257
142.0990675235599
136.66803978370882
133.77341414155543
131.85200621982202
128.47904471276837
124.89691944907115
120.8568832016243
118.92443830806283
114.44668426448841
107.6444238209669
100.01073652295108
90.57944859661839
83.41865289549887
77.40681753774572
75.74935745346934
75.91569820113003
79.52218535292705
84.30152512707599
91.50767152928051
96.71642473478757
103.57211213866604
106.24723669038167
111.18272563131893
117.60891466778047
121.59501268317126
125.87102690334365
126.36973055168087
126.2112819267715
124.46145737693965
120.67627237253176
114.46667573708436
110.74003030389132
105.69776987366707
102.28357457862538
100.09538979686577
95.42352337074061
92.20680602577477
89.22346185968719
89.02000409037647
88.5617435437915
89.3365652860084
89.6229193370913
89.69703575281109
88.71928814501595
