9
11
d
77.13852733402679
77.01008554460041
76.87895939096111
76.64670582977256
76.48093692890231
77.61549745275407
76.78359842557771
77.78683269397901
73.3757478770071
69.55619120867742
62.17254733472567
57.35388622221147
52.475069241506574
43.0463237763727
36.16005736569864
27.400980856066813
26.75494202453181
26.75009892362303
24.801558055104284
24.9098467272706
25.453796933446515
25.622547712375518
25.501000565725995
25.080543911742776
25.33515015747234
23.525297408294083
21.526264055876027
20.578591441628173
19.02594156267667
17.32802868122339
18.10322156786106
17.932036255281602
18.487637079577695
20.202518360273075
21.117227937618924
21.498231158510393
22.356981793965677
22.23218136449717
22.57212586525373
23.568954423773473
23.404687491061193
23.8861581768925
24.674309792612597
24.542748906920455
25.549968314698276
27.375924359297425
29.00220497108113
31.286540909360205
31.726827542871604
33.51774937931879
33.7636920536522
35.33276783728783
36.50620192374203
37.662229809995644
38.717998613477704
39.886865445559295
42.24332916853911
45.96906600915962
50.037924589712844
54.752124136031675
58.4010500154859
65.30079625789219
71.45284601250569
78.33638326650645
80.38647747533659
82.76787434906531
82.07265350779234
82.60579158387505
85.3135436212711
83.92954760098984
86.21295089680498
87.05203987002595
86.9296766767617
87.19308264079176
88.46936618931218
90.11098018515973
90.26662817983448
91.44234225555662
93.72023536487785
94.30702833167642
97.75195148663998
99.18504131479673
104.05167945560366
109.17091850271706
113.75886747875055
122.85825801144706
129.8147629290411
136.59315553757787
136.61471849688738
136.72407994451476
136.54147224086927
136.79401593727295
136.4570475111375
135.9194018973287
136.45602897369685
136.34233129821038
136.69598532428265
136.26366749537357
136.34568593091484
136.6852597089024
137.72622184822396
137.8922455107985
138.22361047889058
137.4210425467256
140.26035145063804
140.41370080041298
144.3962869793916
146.42493174428373
148.76162673314354
151.2214749004439
153.978313033392
157.29447204301016
159.87041611549344
161.33374935499626
162.7389628250197
162.22412264365556
162.2864423702932
160.21405305667759
158.17301980015873
157.79416723904643
156.71039287516885
155.2430364772814
155.25381003124073
154.89138999634167
154.09941419987248
153.77658059995906
153.5323004302064
152.9467604503116
152.02336374817023
150.98008906231996
149.55079951982725
149.16209686132936
149.11585658659703
146.79894697429933
145.93941599422547
142.9435838826871
141.3989358209077
139.30971971876963
139.53094736367572
138.67196158633288
142.00921733081472
145.3074976598405
148.65566275819714
151.9969601829291
156.01894030296393
158.63194994368652
160.53610572905646
162.47201251251255
164.0962357229876
166.98287600469607
168.38547503494547
169.48274363407833
173.11744770337418
177.29088243559303
182.0363254002671
186.70071285592513
189.17976055158633
195.48139237828244
201.31846737642374
209.5582339330294
215.61630609202138
220.39604904273304
220.22018783567106
220.70871379606578
220.20850634852493
218.64400459551703
214.63116765034792
212.6808421958297
210.70563794117422
210.39627927207832
208.67639641531318
208.79131343620435
208.31343623502764
206.5908507859733
206.76008834501874
206.26762110853974
207.27743050443007
207.63737509535784
208.89075396421467
209.91694988105885
210.61266669381584
211.38228842093952
211.63704588843206
213.54520456938937
214.4611145347528
213.938691367548
215.17809659497095
214.07979724690563
214.20973583908065
212.9844214337611
212.35841679359208
210.58455176875123
209.13884711030684
209.68656570746245
208.852741505043
206.93674619475
205.25874003298384
203.84656928404348
202.78668710923301
203.14940999050748
206.23554371368118
209.91717149184106
217.14124274245387
222.53070283020622
227.6352029248955
233.27562587425396
239.36500836354557
248.09299394325845
255.35894911401337
261.8573143336262
263.35765740736093
264.176589024372
255.7621388044602
243.9604288993838
228.07278639951087
216.13635450085397
202.8082452450833
179.34820022930919
161.41846173813704
147.9158743110378
150.71105053457185
153.31901067233846
153.75892647552212
154.51362254563827
154.8280137637463
155.72979323835057
155.14347886007852
154.7731792648583
154.5838017094897
156.08985231868095
154.77548584125594
154.46853579587787
155.35213225084013
153.84504283844808
153.75968307980568
153.6935985904027
152.27224846276832
152.19054502231225
148.39942000096823
145.4301354788072
142.75564690519184
140.02202895554174
137.41952021023974
133.12119894160978
132.28498239967945
131.6620305997453
132.60691438090106
131.40636146450734
131.63936428037468
131.5358373593403
131.2306336431275
130.6354123016358
130.44885227528547
130.85792231854214
130.49753805005997
129.6390112538054
129.75797428799643
129.23734019144158
129.79008751249293
128.88751576395336
127.50215370480825
126.690641014169
123.5388297464073
121.92286172393173
119.21799766357552
116.67245537085279
114.2876125336764
112.19346550847125
110.47076438933894
107.56892126913435
107.20353940035449
106.84984556220698
105.42073280888425
104.02916294737727
102.17574131505512
101.17512074993013
99.57359939781021
96.33020108336824
94.57332443620724
90.98061914661925
88.32536200017636
87.24385638419984
86.55553630917747
86.66759707994228
87.10352127262185
87.02101203471489
86.3883375490058
85.42519310713658
