8
5
e
202.79823921846193
204.28819606350342
203.44153741429292
204.03763537894642
204.22018741176046
203.72644879012714
203.5627164041905
202.7650294751027
196.59843284696
188.0880063638224
174.62214612188845
166.54116716253066
157.1329922387253
144.83411008605177
133.6304605835584
117.84950845607784
106.72716435033348
97.33278267705766
96.2675240708696
96.28377387272988
98.54135697558986
102.95854301134644
108.60180386219125
114.04294398237353
118.80069622350713
120.00621840905293
122.83086729585715
124.41584951505233
125.54687675721877
126.83646369389861
127.42600968210354
126.99604806544707
127.04433498966314
128.01541807867758
127.84353072794431
128.00142944561128
128.80347621926273
129.08955663474347
130.85276771911595
132.3465158308409
133.07792383612878
132.38524491075088
133.20519378169794
132.30454225355288
133.0966994790848
132.43351715530704
132.97690693289576
132.19700380484468
132.19223529698598
131.74554615889608
131.4642335226912
131.54175523694934
131.34015871180142
131.58555897249664
131.80237790598264
132.45848017647322
132.34214586691684
132.58622428204347
131.31565933413785
131.42354574005455
132.5948149212291
131.2095087750293
130.73266482493548
129.28076171163372
130.35765426422245
130.08950071307882
129.31213018268406
128.28955757473307
131.00667838892102
134.29220558049542
140.8913488584995
144.21731781780522
148.14305472980752
155.16147011244126
160.44163719804007
166.9036450995053
166.45005855188265
167.52135672997895
167.64503749130552
168.2957999813816
168.41102652364543
167.45237318714376
168.1176566427652
167.91116497662784
167.22849207248777
168.8287528449333
168.32814106579664
168.20939648231797
168.6867177722566
168.43546793322648
168.72991734810037
170.71415587873037
172.42232286459418
173.718116431653
184.97756481901285
197.21871917708205
211.99784045651072
221.57370355664816
230.65183821867979
244.9885454278337
255.32565087909296
263.60975385948717
264.6148111825155
264.31236231015885
262.5536372815705
260.03379407009027
257.5329013395795
253.5614922195538
251.1986951566398
249.0861840912932
251.2286374845684
252.4194797105345
253.37493187011643
253.2916837977342
253.9589612195556
252.19808804435678
250.33807556334165
248.34772708224276
244.67331536090953
241.96508705584117
236.40961548640806
233.87587854155706
230.8162988297748
226.65645230807155
223.6861767359464
219.9227634057932
220.3677294073979
219.2611917270772
220.31712121481064
221.20611537975418
222.16591655177547
223.13804877449934
224.31886096908892
223.1424572479881
223.72085013769555
221.7890366722167
222.60217976064112
221.6329373615407
220.63108167679778
220.4494514726483
223.9323943336025
228.32827061313137
233.7819403755666
239.0190296809742
243.8598808896416
250.1183001571297
254.66507834309533
262.75704652489713
268.74434263862156
273.8765545390135
273.4518092105298
274.281446141679
270.45418134046696
265.88370617265235
257.6972682885989
253.17195958839199
246.83823846187002
242.15653143759894
239.25256615267986
230.9413853906772
225.6234934665201
221.61199613244446
220.74494359918646
220.89378648482992
224.13031488670399
230.73199754667618
238.86362141648368
243.77340125453372
250.23236507612916
255.47995757360948
258.40341425665247
263.27252170200205
266.6132684115858
270.72879973767857
272.543566858667
274.3440393452196
278.1445048390829
281.2811091360987
286.5278525437104
288.78983477753894
294.640697987497
299.6466979186227
304.8087656401837
313.17062216959664
319.52631091650153
325.0778843555406
326.80083594959217
325.6338434294269
324.0584194253882
321.16908201103547
316.73990761482094
314.12351545703183
310.317505019555
307.3402151826783
305.93345225971484
302.97392723835225
301.30496823038
299.00545924563943
297.62279435468713
297.35455794580565
299.8907411475588
305.06488228040894
311.5343228493652
314.84768444525696
320.4451582835957
325.1510732047437
328.5457104608054
335.1621829239178
339.6699189505813
342.08292787448596
343.43767290435153
343.0691180822023
341.99578229527896
340.2129805166866
337.2841017435699
336.25448817466884
333.4368349712759
332.8882499702268
332.607917014844
332.75418356437103
332.3964675728603
331.4237812657033
331.2037804698195
330.34080849396236
329.11858153342286
327.24393874617334
321.69139383351336
315.9270931749232
310.1101579558521
303.4534180184069
299.18395617728896
290.75436651725664
288.0279467171811
286.7276393740743
286.53983143660685
286.0402349200795
285.7464969418211
285.34565733660764
284.22624885096087
284.11877978471836
284.1475004005958
282.25475916981037
281.13252601734126
279.84185716361844
277.8674485702014
276.9468252522703
276.0263436804642
275.30907922454287
273.336678532974
273.5789765941417
272.4532191777332
272.4730489233152
270.0790146634427
268.8751660476775
266.7415973156574
264.49445745857935
263.38676633394374
261.5038658439084
261.62376464914297
261.42211621632407
261.81748408572923
262.32017022140946
263.81629579853364
263.109611510307
263.5657028693847
264.3792213299383
265.20340249690764
265.80875525912745
266.58177479764186
267.5133687953097
267.12720415833627
267.1568884103886
264.55884093742657
260.41438595554035
254.8762581796141
249.00355049966694
244.11845403910743
239.3071417017799
234.3145845802004
228.65452932842308
224.33537362163554
220.7049320530788
219.35912853192863
219.7476116214344
219.7703291716997
218.75182461822345
219.07976821408235
219.52167160201185
