7
4
d
13.8138183034772
14.080863453513496
13.369937520350122
13.834523625377452
15.292405936319446
14.373861562843668
13.822946467581648
14.552505977488124
12.917605933891899
12.323264713576597
10.863978448804238
9.384691645244272
7.609594469782851
4.905586161877952
3.7982461364775544
0.03401615544146652
0.0
0.6329568028641641
0.0
0.2695990955334455
0.0
2.66424666710921
9.180214608043617
14.92387724141061
19.307869724024954
25.906806929680144
30.080574189598313
37.900084724777116
43.864579967773246
48.63092470484665
48.758321624095984
49.28622506653149
46.181381244802324
40.761253937349906
33.010521531864306
26.820690049891596
18.836567090402216
13.716332683437708
9.694696666807392
1.915823141579122
0.24152480825813633
0.0
0.0
0.0
0.6289277504633309
0.0
0.33147346165643743
0.49813414436741477
2.393689291503793
4.151781037209976
4.1630958415217805
3.7912291447392343
4.268455141538946
3.6380578578369156
5.0130278614582995
5.92650470861588
7.311389715065659
7.909554164486634
15.494605791675255
21.448917066787146
25.667751266920323
29.38147936148
32.077330466318166
34.30192788679063
35.60023229571818
39.42587068369682
42.4374947029072
45.08767953020969
54.00999692081379
63.24985353154644
78.80168777270774
89.68465393366411
104.73384211440745
119.9448093000022
135.98711111668155
159.98438748866445
179.05346443528612
193.66046415011368
196.7124341474104
196.16855229662355
184.73393534352596
167.23552898232646
141.70346106723014
122.57488192747842
102.03552915781499
86.1953965770351
71.11329003180349
47.020807993423894
29.06894651392492
17.572944241608557
14.51900011777454
14.520888259201149
18.83240179620223
27.443945113485437
36.7142577873583
45.877648329325616
55.888324453623596
59.893207466570175
62.9340883165517
69.44479927766244
74.39710270327346
77.51300480257912
78.41963377495007
77.8344299277931
77.73478240799123
76.07862892661524
74.23511536973655
74.18296474244238
71.06101765693403
70.4119646635487
68.34832423968292
62.71259646653122
58.482932799503374
54.479948073628144
51.98143273075847
52.095551316565114
67.82757227229345
88.90610407860667
121.1148716498405
143.21998186332277
170.88471518657033
202.39463718413592
227.80096538560787
262.4480012252304
278.7117727052194
284.8260512189421
287.8520442717005
289.86088899147626
293.52982563748424
296.6794489435425
298.58428083194775
301.1785170068508
304.67688788093153
313.49563865567205
324.114113162596
340.6217138528147
352.1864656863967
362.0469409872747
364.90758778725836
364.99470516458547
355.3518359028076
339.69051023353217
316.7958213822026
299.87674885656133
281.3877565671524
264.38416423934694
249.94097439056932
231.93936790240974
219.41367024855649
213.3162461409405
211.89098769360837
208.9329510673788
205.4299401494922
202.32092096641637
199.97113542999492
197.19155563784975
192.50056287954953
184.1796855922929
178.64495555364556
170.93763802111917
164.29439731694472
159.75386870504093
158.39175721751016
157.24662170824007
154.27491533778928
152.89577765570684
149.60847040122601
146.6424108866546
144.60609821681
138.524798474869
132.4101612480135
123.31328638390292
114.70430294638037
109.4872829104076
107.99215142915942
107.60462373219886
115.63920660324561
127.70307354088273
147.26660798329922
158.56599020891224
173.94246378589756
187.423934613612
201.65680802363423
221.65890823398402
239.3695193025393
250.75822333383653
255.7917769907216
256.5812366800492
241.67336075553558
221.4380455059898
190.35359678710742
169.42335439130193
143.59039279432443
124.0312205767934
104.35993761482585
74.03378008987295
51.59064304064764
34.80654955481644
30.73773763106468
30.078985663535416
38.56531408317165
53.55617622921034
70.94922476712208
86.45495986880381
102.30892951413325
110.80518195872361
120.13249683816484
134.11229682897076
145.70428138327767
153.36707648666336
156.4627950802933
155.39290737986084
150.5607192268295
140.76204112591404
128.2877943772626
118.811489128897
107.32336459861627
100.04309273709792
89.74273929394387
73.6984452006936
62.32203346831591
51.31625977221185
48.49749769755585
48.56450773782409
64.29209475999903
88.36271092561475
123.43127549911634
147.4495742276194
177.26052746803614
202.4683814330549
226.0070397371732
263.42373441274674
289.8963773483077
312.0162401539883
315.62615288262276
316.1257439791625
307.8195564910018
293.559082906659
273.8623636642445
258.41055998124216
242.31316518854825
237.0509644973528
232.70879994998094
228.3839995655755
224.8492970561389
218.32528521391467
213.42676592350347
209.8194463328734
196.29660025272992
182.4806310584763
159.65580266238047
143.79752507945088
120.79503277772874
98.98345948586302
77.63845175266566
46.12599977853229
22.13615313896244
5.461598550978087
2.1885049504926397
2.4791143452705247
4.748465831446187
11.964215910550518
19.43353308966864
25.7206799587556
33.70651899446133
32.929754042248966
32.946452872374
31.952293404164667
32.874040664721164
32.666008591671954
32.873699178332195
32.4747581404971
31.632561986903063
31.963720667191286
33.86906620872407
34.61070347938407
35.40699928367776
36.68129175046957
38.28002751128457
38.638288076338974
39.421749738132945
40.45358350233118
40.26077124824396
40.023952533038454
38.92653813991055
39.34932495339743
40.211687188216715
40.48897945071095
