4
7
b
198.5679018748677
198.32114831294507
198.73271802105782
198.55634162100623
198.24745030009092
199.23052554279357
198.95885175666825
197.97438567133952
195.03198803569617
189.6835050865732
183.19869746350324
178.82697512926418
171.86043931083933
164.8247548175058
159.35607747570006
151.40473531386365
148.96360512618617
145.27296085910695
144.22360232672835
144.35114333506715
143.43011953362918
141.72090686245025
140.48446057949187
140.21987061039187
138.5043208488801
137.08246160166058
134.76432050295188
132.41054874087894
130.1242518314421
127.78790247615252
126.94750692790895
125.10739131950852
125.06623856171005
123.57857163797271
122.56741982088832
120.00282265771743
118.2193756186657
115.45621361181632
113.02167969457847
109.49256939892726
106.73129556084832
105.22536434291733
103.14346508234523
102.97071762483306
105.45725411061213
106.24719243328015
107.19207762401426
109.20126401245977
111.74910879628408
110.59343714879928
111.52473859628915
112.18338499782291
112.39507635586307
113.98333819077676
113.70071615292795
112.74764758231156
113.49082721613456
115.51533391761208
116.10952019304611
117.68032717467352
118.14746757007383
118.89259903494728
120.61288555084279
121.1598570038476
121.01288341429577
122.95352598081033
123.00841721627759
123.8548316536011
125.97870957782897
127.89091502777512
130.7742606968655
131.58652401967836
133.1757411770629
136.6540342551751
137.81302739081283
139.52284351453415
140.44260575457696
142.71690372744712
144.6128617705004
145.45990988437597
148.86858465779198
152.1458529034568
155.29980807755513
158.5248920268767
162.565400780129
166.4729886475716
170.29634850354995
173.976077645127
176.37323768758418
180.1981073791765
182.40527517090678
184.62340196276483
186.6460528619243
190.54320592237667
194.3102153699994
196.92060208830026
200.1080000684042
206.28106186432117
210.9656508859273
216.5297127392302
220.74107252172422
223.79179022451072
225.33016128533205
226.00610000583492
228.64360772869932
230.70933240944635
232.12153349467636
234.04617722775606
237.02275548348973
242.10754034606117
246.4928552678577
252.45056048780833
253.62532994838813
254.8781144445908
254.9802543163415
255.26674483499113
255.84967194565812
255.85068743424063
257.50469014849483
257.0246448908021
257.5041483606542
259.0199266365496
260.4576433311903
262.17247248519186
263.4861656702701
264.9893866029842
265.72875875846984
265.03190121876645
263.9948379652456
263.617621095043
261.91228580037483
261.1146350586934
259.9396733698546
258.93796887661193
258.53517778223636
257.7732380132417
256.4556197816611
256.1009257386583
255.15358321855433
255.19185175476278
255.6371298426505
257.8748698955473
260.9385830208327
262.88022195155804
265.87087815517555
267.45587366047556
268.89677457358306
271.52397918499423
272.997815560906
274.6576739681832
276.0901401905586
275.28092447628944
274.6654194783476
274.7983504736238
273.7653021018618
273.2492254212202
272.9672066871176
273.6651592604704
273.1540445165587
272.3585903424112
273.8328098712026
272.9337895699747
273.35185538995387
273.1059565130833
273.3728857830764
272.8912675018116
271.06380436302385
270.56298762341686
269.93348784010783
269.7694177750366
269.23734281733715
268.4094342592256
268.6005840006699
268.53789602892584
268.39832474831496
267.0284687993158
266.49305200529886
265.230471207556
265.05174478468047
263.1852500792146
261.88040393939485
262.21541936824184
259.52747439641195
257.6449712584941
257.38994797981996
256.56677074423715
255.2393126707737
256.4744873259454
256.2183393570499
256.97766159479056
255.6477043004949
255.1905342068161
254.2712281966728
254.53903693338933
253.1296768034146
252.282518429157
251.98371089560797
252.25536270628558
252.33449608615734
251.70812441285244
251.83591409687742
251.61310250121883
250.791627341673
250.0705647863349
249.53805605993588
248.6242125705844
247.1275851027909
247.68028840055223
246.4822334547203
246.22711694336095
245.05824605924417
245.78711549490305
247.11774841331464
247.18975471708646
248.66007282621595
249.36981258850196
249.3111853209185
250.47757716029614
251.74646694894855
251.31325767062788
253.0716749770796
253.5743485599571
253.4022551394554
253.22420673086418
253.74498514845928
252.35920699889957
253.00770577658193
253.22729770975127
252.36009963242967
252.48348278507365
251.76349962292912
251.63937684760808
251.081351613939
250.26393159548599
249.94027505097222
250.70082013972885
251.23359727579512
254.98298687629102
257.9401296314687
259.41414298395324
262.9124215772385
267.20457335095057
269.8250994652072
272.36298336003904
274.2569242252881
273.54629407233585
274.8400202792961
274.95032509751354
275.62225933949037
275.70756818617343
275.32872542000024
274.55406100396834
276.2151911751578
276.67233631790833
277.33594628741724
278.1543699939678
278.60621132911734
279.6082725236274
279.97726366187806
280.47261517746495
279.3506298584969
277.6859753740132
275.7088794760584
273.9999122071121
272.4099523496602
271.8624299014396
271.6124620681205
272.24328338253355
271.23482912129214
268.9433807493588
268.77478404755016
268.3958742268488
265.05586585380337
263.23135103912415
258.8877693542086
257.17184090961763
251.9888179549911
248.35538182754385
245.20669741251797
239.78343076968946
236.68247200636134
233.9692286559741
233.07570609686414
233.09131530890085
233.02780229433793
232.76393679672196
233.1806775053838
233.65375094788888
