10
4
d
137.115408725732
137.62008268935145
137.94803749512866
137.44572777077582
138.01309602609905
137.49497283715257
137.37113235674445
137.82685888169823
132.86008708945283
124.00198144197884
113.56508722060295
106.97861937936162
98.37406987272466
81.51905249864271
68.85951500184363
56.4535125407119
55.95235385247369
55.78716321247742
55.706830778618595
55.38273208385163
53.792845535912704
53.93065207893394
55.44048381467806
55.10399301506526
53.74100188463199
52.66250100283401
52.059219077879746
49.27094788743599
47.860515289612025
46.2601776202391
45.98234663028079
46.94830305739294
46.42771041552935
47.30433744154357
47.127712030559806
47.6252466676387
47.989460998877284
47.55387378174274
49.375651063863316
49.39375426137653
50.59182564923476
50.81625229199039
51.727245842525804
51.23678065102469
49.280080478411584
45.836119605546195
41.05382636944547
37.18401812401633
33.17138484982124
30.51049897716058
25.485890623403296
18.83453588571256
13.896943685769358
11.483902109594805
9.235688137201684
9.102554757278464
13.026473982481887
16.895273186518203
24.784207437949284
30.245857315825038
36.68360772841944
40.30043805711626
45.57270813851113
51.93194005794709
56.646152092601774
60.99981458195087
61.72511970018075
61.94900724089112
59.84087154867272
58.95006411842881
56.06811682707333
52.9849994594596
51.923544605438806
50.301567362115804
49.20380810478345
49.42237629812143
46.91813871543528
46.418393947360066
46.68785477623753
45.77772831029211
47.197457595443616
49.29779289740629
50.58173264517921
53.086712247222415
54.1254034171394
55.780258133169035
56.89048287101427
57.22209210026783
59.37583706240623
59.12639080296786
60.004392615202356
60.184271228349246
63.28457940233514
66.60726546158227
69.11743732683875
72.62736156583514
74.98746769965102
79.8098090860376
82.72082376630468
88.5946539777329
93.49301006699878
96.70677003540408
97.64402624609932
97.77413673131124
95.9337030842591
92.83875375059694
90.28103273565216
87.33273043448777
84.88218753289559
82.55310362489293
81.82344798462297
79.55324517566753
77.15027698565814
74.31769166027507
76.32804229223825
76.13785445186672
76.4145389518617
77.31674420765471
78.76224050518995
80.85866921598748
81.74155727001732
81.02428360814444
82.20627663182306
82.00355891647087
82.09838532302324
83.2113340594327
83.46409679342678
83.71732671613239
84.63271960753586
88.06184093197032
94.6821405764742
100.10976287842308
108.56374913879155
116.61478711454392
121.96506357172349
129.41021650044036
134.4159851722847
138.40752692194923
138.46349810914046
138.437544976713
139.49182304891607
141.64480508827234
142.0067491289763
143.62570388759738
145.41338195227848
145.8160309587164
148.21312013118293
148.43649065914306
148.45812709769532
152.72523663707162
153.50688341371963
155.58775019720133
160.98920461386433
167.9826094465703
185.9435534715152
199.2541702513518
214.25819915394663
229.02657076926695
243.90887175655558
267.15229134642624
283.81691550767613
297.11965016908323
299.08618101479203
299.8872848354438
292.5945964473732
280.46762938422575
263.6429453645028
250.21756481484425
235.58792340524568
216.46661019718215
202.75967440557272
191.27369507373643
193.4354757740635
195.38170692457038
194.27382958570786
196.00556294753272
196.91548351566408
196.93656516349955
196.40832382284913
196.5006980254619
196.112174880347
195.57578273950006
193.57252584442912
190.68045562725285
189.26012400135082
188.03208655424072
186.77197668092927
186.25656199102727
190.4836845183803
197.83192053584838
208.25186136196984
215.19565880929548
224.30550045079502
231.24827260709748
237.34712729011358
244.6173784640635
250.66970852557526
256.11364683903344
259.442518707518
260.7265738281777
265.30113136899354
268.57627059178026
272.9528567269674
276.4091317225396
282.29734125482906
288.4831368969375
297.53898479650877
308.2704546981705
318.8785123371573
325.2317487440542
328.49492483568577
329.5139841828307
320.07293674539665
305.72338621032026
287.23005603462224
273.5134484543406
257.69498050033934
242.8787917510591
232.62478881004472
217.9252449808085
206.4216882449041
198.20401406654418
195.43483103858284
194.01663652107615
189.21099309150534
185.9313743569493
181.0555794551297
177.5892552274456
172.24768610697922
165.27992151097843
155.86850298901535
144.15752414721678
135.39598444095466
128.14678941018104
127.45583071239248
126.66415312541393
128.6797548054687
131.6381556560358
134.39050510267077
139.2558650732021
142.5318505915447
142.82367087610183
144.1897284477136
145.72467123236896
147.89462770472184
147.76033875762528
149.5223410977709
149.76324950115693
147.41430704486757
143.10885751518504
137.14305300347237
134.00287154844736
128.9907927839529
126.63342172988794
122.87161056478365
118.87801369177406
114.50383038970878
112.49699753857786
112.54221083935562
111.32549030953409
110.57522514998335
109.12115177556737
108.7084671148094
107.30730303192384
106.29702542924349
103.91552896985554
100.58222591603804
97.04952532120193
94.07183960666157
91.10311599006735
89.94218703685893
90.414464815669
92.09259890230743
97.24079901931171
103.15181953643572
107.17749915216191
112.36715729381908
117.04162353265471
120.16634695422114
124.397403860461
127.59236652474934
129.49728074266488
131.63635467953964
131.1809446595418
130.45677991775148
130.7769532792957
131.05281311173746
130.6377860687331
