1
6
c
55.416473767117246
54.45618368066172
54.86372945633865
55.61869527501122
55.26773855851
55.268015131865255
55.43167690733397
55.172370665690345
53.52589573742283
49.44873690678188
44.94770580240192
41.837241421650724
37.99192666967581
31.201813830051485
26.496679184470608
20.002917854958408
18.93186022453237
19.22906881379933
19.099342584636815
18.28981475316592
18.54467634960952
17.732900347562808
17.544602766567248
18.103892754874238
18.021960827606893
16.97275424580044
16.30215545178302
13.958477475493279
13.406326850559699
13.418116366604728
12.00475148949067
12.983405404281275
12.720703807658536
13.594136962639718
14.665003160743339
15.442742596954844
16.048796985367545
15.86071887776951
16.820419904270178
16.914008522400852
16.975336767356335
17.33962183852265
17.68400330546741
17.687973916377477
18.057233776768555
19.293505891386843
20.71965718001403
21.77073275526467
23.060552951721238
23.99230591182469
24.484438168205134
25.910044432039975
25.883461760222154
27.269864323592113
27.503962258931956
27.61195999976864
30.425052029190077
33.068237223858624
36.975453246241095
38.13284236442879
43.09479815791811
47.83706182919743
51.282800101248284
56.05426195702271
58.083317517032384
58.900935627707064
60.130422501107184
59.83479888350825
60.21361301795251
60.5482652834361
61.55002029132623
61.20649268594028
62.11363919320136
62.98798609640942
63.009943433476714
63.761179902865806
66.4507368550687
65.98224220298472
66.61573314111797
67.6842426838828
69.15990639420654
72.89928102914276
75.42076642955035
78.18106278572432
81.33917293077818
88.9724326941723
93.08690641016759
99.28353848213145
97.76600723734856
97.46377035982529
96.90438091225197
98.42367437034862
97.5584625339448
97.8858919455337
97.61779660067687
97.56117600109486
97.08999097086372
97.1615687081603
97.45982358876996
98.12728727243125
98.29980635731029
98.73748126499228
99.71650062216726
99.33862811236258
99.94780037457056
100.79843648636505
102.68442278003272
104.31393888029741
107.17805153213244
108.97992553654798
110.25395338873749
112.64690831230612
114.39848717736965
116.11638926954622
117.29642372727062
116.08083174496973
114.86519022755591
116.08945047494967
113.76887010505327
111.99074842698298
112.35254545431332
110.95092982470418
111.02154085999612
111.04178275159437
110.65372010746025
110.40003811467496
110.53289107022268
110.3121452310505
109.61387564946118
109.51030000748288
108.07387324479835
107.34689614602333
105.44984684905863
105.73531524215188
103.8205694948444
102.15313729022752
101.41589916703252
100.55303466512832
99.22893558033991
99.8249814228418
101.83986553485401
103.29898067972294
107.08464002872553
109.40988929029098
112.29291746991098
113.44634968814121
114.93225593497169
117.28814416529801
118.93569721893296
118.91022332106367
121.04180380422235
121.07666225389276
124.28426955811774
127.76476851477116
130.52385867607887
132.9520277380645
136.3319596103979
141.28339405348538
145.06891830758366
149.7718868351323
154.20288513802106
157.76314241249963
158.88717217654926
157.66659751600147
157.18673617017595
156.06516668013091
153.9298825386639
151.98403665265766
150.8608898912429
150.10854380511137
148.88978026592744
149.66996420529082
149.65262484713804
148.74889946028287
148.32107750496476
148.02936821638252
148.8623433052002
148.16175014137661
149.37925032639174
151.270037192664
150.98156184547625
152.24418997885996
150.9913539482196
151.7093147227311
152.94645473620093
153.86208872684395
154.33930126193462
152.78329940607782
153.4217414224528
152.45990387574423
151.79483371192433
151.6314691556296
150.51235374225934
149.9313347014192
148.68356291095037
147.4401882915695
146.72903939346335
145.0158200970918
145.25243736566975
145.0154317678813
147.8926872611396
150.36563383384512
156.85882668078227
159.2391807624179
162.98268012709602
166.38926079204265
171.9475358884153
178.71062650379625
182.35712874226726
186.1508289947898
187.50621487606037
189.4298830705195
182.79886931700509
175.5374100293405
163.34812563907974
155.211467537779
145.46541733923974
128.72069912337793
115.76907405767216
106.18707548350373
107.21123389392376
109.08168037700244
109.98804411072946
111.31262771976294
111.21354681007493
111.7490776262387
110.60691389504089
110.09807590746728
110.88849419799406
111.7840708563759
110.88139057356614
111.43642951465839
111.80483546337291
111.1847629437693
110.00805184712824
110.38101146146342
110.71289350934461
109.33845051916191
106.39811938758837
104.54095471335741
102.97449494918135
100.01225684474088
98.17694683609625
95.63641393800975
94.43974089981555
95.15214382369017
93.68395252716451
94.37053747983701
94.51930660008807
94.94831270838114
95.06410800409236
94.21360014238236
94.45092637475528
94.16358135930406
93.65261771786388
92.99641523286637
93.34184710340914
92.93922083800463
92.7501868529251
93.59832163003924
91.5848155319072
91.08353625666224
89.52463633178576
87.47256369558532
84.79915503081186
82.74996169661996
82.15868208463496
80.91518711693433
78.84863534240644
77.7617857542399
77.75552556646366
75.74520279038711
75.49675971508644
75.12170260738158
73.2493212925151
72.21551713832797
71.1151941679025
69.53020273191855
67.61580936019995
64.30303270537371
64.36033477535393
63.0993585019908
61.34437130284834
62.71761653089236
62.60500769199396
62.26757213086409
62.1223560715011
62.178648678455396
