4
3
e
195.57826390467025
195.43430484320473
195.8439708787548
195.92671243110988
195.86439199047214
195.96062088183592
195.93902135235524
195.79528689023473
188.7900511886551
179.47637772487747
165.7747199245342
157.27140612501333
144.20189849496697
131.4952702047925
121.59392186807851
104.85104308999503
91.9703933166244
84.35400799793206
80.66968423118618
82.06966627781813
83.32661399408575
87.56705339534219
93.3615372169668
96.77776878676754
101.30847584363615
101.9636510395756
101.99551718327425
103.12836050124338
103.03042233938501
104.54233116236372
105.0658993350342
104.68909757554303
106.1147131502784
106.93419500927101
108.51350944240548
109.97079748952001
111.74716356757527
112.66349918615215
114.8790852319888
117.23812405459537
118.72595092868283
119.81956126621319
121.17420075422751
120.38053061015863
119.91612910420376
118.17848513400922
117.84331027737694
115.33716693008147
114.69645287128085
113.54378639736414
113.81930014252211
112.21236155948937
112.09676586488663
110.40012775165567
109.81958913619745
110.91011771057494
109.80172937078655
109.46971634139959
108.83793916641943
108.31411980627378
107.93903967907993
105.94715387839916
104.90603083119292
102.76805786932819
100.99613029664776
98.69100898725753
96.99612417764935
97.01403057726158
102.68259734022325
110.0713787873881
121.04913547345662
128.7330509137928
137.2480258036411
144.26263788607085
151.00213719133006
157.12674806715316
162.6087512794657
169.65129869698083
172.74131275160647
175.96466644166114
182.71015338541167
190.55252381492053
199.09732112185992
207.35505702714403
216.66699467783826
227.63863900931506
239.12421911843265
254.90773868151595
268.3307019855431
277.4938297935738
278.5562872049954
278.84988904813434
277.2094317115081
272.8836250940157
266.97910436240346
263.1800006740062
259.1523110178861
259.2032449322929
258.66854039311033
259.1291626122203
258.45998195640357
258.73645130661276
258.117932550343
256.25083556761746
254.37818467971616
252.23829686537294
242.60024355319038
232.58276214175788
218.42556851892402
209.84092427514128
201.63191424603622
189.10849803598174
179.2105689057147
171.94827856338233
169.44438780055546
168.93006630430156
171.91619232881106
175.35851869941888
180.44857919506637
184.82646515726677
190.3304663062909
192.19314812085125
193.76232539859498
195.15479876673015
196.9762342853768
197.92694183675707
198.2022329994784
197.44584868965617
198.98352403403098
198.5026353220853
199.97925617095012
199.22743113167948
199.75554718736294
199.9639703057537
200.60590759655622
200.7096183876439
198.95441805842353
201.2965017430499
201.69603492307667
202.5546925585471
204.12911502589415
206.85474317032362
212.41081596387622
217.61324196625065
222.63445796045494
227.61174142102044
231.8955025425203
238.799275746828
244.72501439740523
248.71562149846113
249.31002482117373
249.2413917860021
248.0056784268735
246.50057034239185
245.93899904496763
243.5967892669068
243.01070962970218
242.0731999300248
241.88807825771852
239.25651267194857
237.54594656812168
236.7076862272472
236.86229226938983
236.73697533783854
241.01631683600598
246.955335473928
256.14738733829427
263.31047864408356
272.1461036857741
279.2938482765193
286.1669561069917
297.45933591391844
305.40822105935024
310.82243166274384
312.06457321310336
313.0048940145872
309.98649214945743
307.2794944848114
304.52942355251116
299.67377800723443
298.6158386009125
296.6680964729534
296.75941432803603
295.6717815494494
295.8499743619579
295.23735401409294
295.3531998406916
294.8155925445137
293.35875353546214
293.1094382231185
291.4813588328833
289.44705729930644
287.8862538548281
287.0490421755397
286.42510378780327
284.7024811737096
285.10095701595765
284.2919258093413
282.3614259007579
282.18262545213645
279.8441624573472
276.1084647318005
271.9140391393619
268.83243533119315
264.9084282513384
261.41303030461415
256.80457792255174
248.23048526868658
242.88218723086712
239.06187402928336
236.83862039922468
238.65997587043546
241.86687006414562
249.7312349978426
261.7779856642924
268.8531806024321
277.60400952849085
286.2855124311999
293.5511599054416
305.67360631742997
313.8778956733999
320.69206268154323
322.07419953403576
322.0876188484499
318.05235249250853
311.5405580051777
303.4388553479939
295.84101100123917
288.1790420124867
282.5705246866856
279.1623935870027
274.0675081132029
269.83515279426734
266.38125004922836
266.07601603688005
265.25067823988195
261.91814475875486
259.0512626719048
257.16540169203597
254.4715629700576
251.3849563576554
247.33965508612602
244.4063693749795
239.09942257088306
236.179811818309
233.27138111347503
233.4944209683953
232.52997570631328
230.7719322366363
229.41881289382727
228.69750150632376
227.73658911666013
227.07953906355428
223.76718348264313
221.07171471078493
216.56789142547692
212.05052162947027
209.5151118880127
210.23635362218903
208.7859932722819
212.153108250793
217.1604746169357
224.2646004998759
229.8742678135006
236.34574538875518
239.7998053320812
247.13455375944463
255.7049550751491
260.90810949863453
266.61021475388037
268.294603310206
267.8819293943937
262.71814719752973
255.38204611707528
245.63051844097458
237.82178539427667
229.68181015253248
221.46156237376755
216.19926040987582
208.36641528519888
202.3200765269194
197.81391803675206
196.85727385243723
196.88730143366595
196.50844490260437
197.12479187084557
195.73626366554888
196.64306380053327
