6
11
e
166.71377915421252
165.5845423938833
165.62464151636982
165.1707257011033
165.4641649167015
165.36552439035188
166.37705684411503
166.51260785059225
158.59762199653576
148.85632719483945
138.07646937076555
128.77452321527707
118.1365256973845
96.75221330319152
82.29193606554512
67.16218249356793
66.9496246607462
66.46578853595965
65.7632359562433
66.91512164156482
65.39271398412836
65.28610214837305
66.37192649698036
67.21437676856848
66.33693230176166
63.868197375208
62.65919396899658
59.86655146222461
57.39627992179338
56.68620179477209
55.28941128770528
56.387165202868374
56.237911301089405
56.32340510687583
57.62745825331769
58.608377783554246
58.499601436196706
58.23311390174162
60.30361253526867
59.97663304111144
61.04281342857274
62.268621815990244
62.56756039288225
61.13424662837512
60.21478265922326
55.859753637619434
49.34747115240648
44.933000714222985
39.80134512119951
36.03054600771786
29.80799167664312
22.623814215887514
16.70481966601013
12.870644090895553
11.325013102139815
11.871892359511909
14.58422301406584
21.34468629113557
30.73728656892725
36.66948421012522
42.8806083261302
49.36192007399932
55.893590301791164
62.7355827113709
67.31458783825923
73.1191778835855
74.45395621922472
73.76220617904761
71.79301244216329
70.50851672067837
67.9787990593366
64.61222458922882
60.94835517116185
60.76460600318012
60.23551620708348
57.75507592464969
57.01556867759485
55.86975575165438
55.335866137867804
56.09146540286473
57.31352854847058
58.86459984369892
60.889737190503176
63.76581554181886
66.42816549581805
66.72842316007296
68.65830037002583
68.6933479029697
69.74585316500132
71.12491937924268
72.21167214038348
72.39963130564273
76.67367873911978
79.74531226233086
84.3853262044901
87.53341824432164
92.70014405951147
95.9461684287805
100.17415949873062
107.27134221639746
112.77511131330449
115.83939877491797
117.41852128044495
117.3906528468913
115.22573140846241
113.37826191798233
109.20947895653336
105.62132748859773
101.9834610096622
99.98878170815973
98.89220096929009
96.25883515135322
93.96195990784474
92.41629958838294
91.98067626479359
91.62255212947964
92.57465920939603
94.0562227056776
95.90874658505821
96.40034501061115
98.01987546502514
98.8485940082377
98.92850451462938
99.51949579553681
99.40045536329002
98.99296770112018
100.04462799137
100.92215018218745
103.31569258692443
105.28597634164117
113.98297363286792
122.04623249997302
131.1698430733938
139.4004737447135
146.82347470019675
155.98346374923423
162.84121007805877
164.77450916824432
166.57631701652355
167.67492462862475
168.85455336173806
170.08322754446488
172.78455348764422
173.72328387167275
174.77758743233147
177.63107382924207
178.65222461047892
178.85994816243826
180.05692734717093
182.94598943737913
184.20272488632514
187.8356162227897
194.26910805923077
202.52281995666326
222.00697055469502
238.75933898218798
259.8233254415087
277.2454116766849
294.84120149929606
321.4789951835769
342.19474456901753
357.05682579865925
361.7116123672443
360.813273628905
352.01578511816007
338.32915305692177
316.94791394662064
301.76953168433306
285.3364294158513
261.7777319713383
245.49786904848932
231.60158929782583
232.42606177092884
236.03753796983423
236.72507302271833
236.9698647923644
237.45828526153204
238.30948934161813
235.8209824799227
236.7056389466157
237.48082178709174
236.40844082571354
233.30197153744177
231.41665050831764
227.39048782641365
226.6668547729655
224.64654900453138
225.78557770839123
230.37879450656047
239.45288748006246
251.56531640405876
259.9251474404385
270.73356697844594
279.9626030150854
287.0095887271884
295.28479575717625
302.17732429050756
309.35580381374274
312.4830492284964
314.9000785951113
319.8568701640956
324.7190690324735
329.10006235249307
333.37029039766315
338.426296572311
348.7498602389555
358.57181267436795
372.47621349785084
384.301525850916
394.90528023583823
397.1458633682894
395.9798645506082
385.58985409959655
369.6026211040677
347.2067741361104
329.4447510938794
310.68799184377895
293.43667160212215
279.23581880847485
262.291234589668
248.87494562339504
239.46447592985658
235.75340829786586
234.01944061956308
227.93148261163918
224.52749830138532
218.30205612627154
213.82111963450998
208.74057529809926
198.26898826120586
188.58115223865764
173.33198630295445
163.2618388470994
155.26951044899207
153.08121304092384
153.55716660907754
154.4441801729409
158.77661511517198
163.85229987926138
167.14572798896853
171.3756176565935
172.3694242617282
173.8216158669488
176.26758474135494
178.41110861630645
179.31348852568365
180.02319467959808
180.116061685207
177.69966567803422
172.10007537633368
166.01470304952474
162.54460145603815
156.3384988152514
152.1142786997066
148.03488931042835
142.43076982228695
138.8751455601197
136.1013935963266
135.8513900386017
134.94186366741093
133.01853931469307
131.59334023627233
131.2858542048668
128.92082290820116
127.84281479645668
125.31998522276378
122.13805049381938
117.43873498767807
113.7889892884209
109.74758135877691
109.32953645416737
110.2987598554809
111.78830783282002
116.38767616165377
124.34136760565455
128.9343252933263
135.24518066067063
139.6423423190607
144.63374322852502
149.44419070416293
153.7102096243187
157.31164477282252
157.8023822445299
158.56109383411902
158.60749423283679
158.18977683525236
158.24012287699756
157.6500088554275
