7
9
e
108.49895499111607
108.9002983155744
108.8336296925345
109.66469060014954
108.80724056135807
109.23889398130957
108.46193002666162
108.69616960248298
104.50654551179468
100.6563067864617
91.84600656069884
87.89375971428493
81.09647980044416
73.95183097322663
67.50913629176345
57.931449931191054
51.9174638401693
45.54970595537307
45.963025961030155
45.22997005694759
46.41414868027423
48.393604199980174
52.13744606149154
54.094624092337085
56.8639498013148
57.54767315463764
56.937394218329565
57.93210505732683
58.43012558713712
58.51831634335073
58.896966083257674
58.51076329328597
59.12828756363593
58.95087682700574
60.42491419540077
60.87708138282613
61.90802795180348
62.62581340498732
64.31974793060695
65.24627188133695
66.12592463921602
66.92226593424631
66.76369481476868
68.1067559330721
66.24157525077665
66.38907894270882
65.25700526759422
65.47039494884947
62.95706959586735
63.60292548730739
62.63343677636965
63.01351406752251
62.14728116500741
62.28052913173826
61.79515990115656
61.84814046019719
61.05153703698178
61.0371421841467
59.935805336416514
61.81197242151324
59.97919230885331
58.6810933906002
57.795210174514466
57.62762648783366
56.038960487394
54.826837143551444
53.845813177703924
53.39812644721425
57.73304917468448
60.61828176113258
67.57446713023099
71.66257150464965
76.95300409355914
81.67925593886328
83.88623690785714
87.12106136748677
91.19843994899635
94.55750342763119
95.64098140744329
97.79072421039797
100.99541749842254
105.5853356366797
111.51009354920687
116.35439808155573
120.57177391616139
127.60934594645457
132.84309984812222
142.17635401935118
148.71710653134787
155.01675539257704
155.46840813122304
155.09344197073332
153.98693642885425
151.96793134889705
149.75701107112994
147.48552112753063
143.8859471901829
144.876140279538
143.8556254867759
144.373066259847
143.73196182626359
142.6865586352765
143.51391121425368
143.16632286420923
141.76723356249826
140.53979186935794
135.61501227164317
129.39032951822028
122.9163846692326
117.02790431710258
112.53332667018506
105.32216938386051
99.54177982586863
95.38027194003902
95.03088912201653
93.88725611961118
95.8879757754481
98.24854759684608
100.34903977287627
103.34629398558813
105.34243193718065
106.48393014125195
107.75229509148149
108.34696741359292
109.36756350051567
109.9370028430555
110.0930634815851
110.26839092701333
110.65875932736813
111.19199850231807
111.55769572454629
110.70580121347876
110.76894370042741
111.80548325858821
111.51867253496165
111.75564508108681
111.32249507372231
112.59894842478106
112.2390888242553
113.02662564626347
114.47974442884389
114.90739032309217
117.20762857653017
120.93218586819701
123.90626333965554
126.7503814567439
129.1969854479557
132.58384496592717
135.68364494842226
138.58766877135844
138.85000003877593
138.08944617822883
138.48117473099927
138.00005360918297
137.0429608470431
136.4422423636479
135.66855962145422
135.19981738704814
134.81545630710767
133.8527257472624
132.79810788286747
133.29614442076866
132.14182364347525
132.44137134476165
134.9329202421527
138.58949103073425
143.44568565991534
146.57340417705728
150.42573200832925
155.4955293093785
160.3810910053819
165.8930768344339
170.1418786876003
173.36567280814631
174.03686769113622
173.06589343757037
172.7677582693645
171.30381402656874
169.6266248569654
168.21160997228597
165.83290496695608
165.23268236271764
165.14478030256086
165.00198515955188
164.80707198441232
164.48302429642956
164.3251352051416
163.306270237933
163.21940213500574
162.16487687488882
161.7284347286515
161.86558908737385
161.13471960323608
159.7527153952068
158.53741553305582
158.4703418101405
158.38324195628275
157.00432310532383
157.27445554465052
156.77128115995646
154.9159374541168
153.44565780941036
151.2398732017491
150.62058549408448
147.85595246932414
144.7838263923054
142.85013445759606
138.82984533437693
135.5687362073054
133.72786807706828
131.97141159247843
132.17789657278544
134.79081060702896
140.12687440634758
145.89110038572844
149.21772584024578
154.65811975050872
159.51492792329117
163.33379365239617
169.77439739484265
175.2455679651628
178.2067404462702
179.68613658573338
179.2462952603631
175.9509909435577
174.3533396056222
169.3858266885471
164.56822687667628
159.95025088581377
157.60441093210034
155.52723156019516
152.4104263954842
150.7806781162706
148.97782632540685
147.80621826819925
148.3306811716786
145.52949794442085
144.29920310708425
143.41985899097864
141.58803935901133
141.14698338774755
137.616094040535
135.57673326705662
133.46037947675393
131.56104424797667
130.2523121602335
130.4988361366734
129.71551770916392
128.9589116959142
127.81967084524274
126.32041661823
126.03161282993014
126.37161099279064
124.21524505403103
121.99562399648501
119.49254967985297
118.73915495567678
116.7825208447215
117.09661646494392
116.31064154844961
117.6112238561457
120.92676452529348
124.24155829599952
128.4480334044611
130.59735293306133
134.1214318710957
138.24191962549412
142.16674812875902
146.2160772755458
148.1210036113213
148.9163086432272
149.14866575939254
145.87037323509384
142.27699526897308
137.1784084158514
132.79426782832795
127.98326453243564
123.50646080276603
120.68024941852639
116.37263429859097
112.70620258683142
110.55604306262192
110.37828658682469
110.61294044200766
109.35438799056044
110.38185595799506
109.14771977601691
109.56421960240294
