1
3
d
14.881818726510543
14.2046859140053
15.023484340876323
14.821439413787711
14.566740278393091
14.970428530672743
15.133033744153142
15.328400462603616
13.084979294940586
12.885788484309398
10.366707993029554
9.371692718642821
7.366845345192359
5.4175483526583
3.3341629062854423
0.7315894262648875
0.0
0.0
0.0
0.45356622291178295
0.5936904126900189
3.7112900868360112
10.209521939473106
15.704049380837649
21.64824538188041
28.493960677901413
33.20622136928724
40.93399760847677
48.14704042442175
51.817094934747495
53.11863322790888
52.92348573559707
49.83199679959728
43.809021981284126
35.61366530208843
29.46804836943197
19.777037774853284
14.792059948807292
10.319110978835289
2.5459897502671525
0.3314527093270788
0.0
0.08834368699158451
0.0
0.45498505310442433
0.0
0.44539803951612367
0.4609128348524482
2.135740569059313
4.838916464763331
4.846745416174118
3.0830895030428502
3.916099923470434
5.073603115490017
5.682178564493294
6.217752336423742
7.658923309650331
11.214243097342692
17.22728875046025
21.25237872613991
27.857569874824293
31.792761485472905
35.18911396551544
36.28244196146203
39.36373187450147
43.19016680272213
46.6458805473611
48.91775964440049
59.0086233722994
67.66836593164166
84.83165741927193
97.51546262867528
114.12911118413139
129.28739342411583
147.56733840345748
173.96874050543374
194.64175973044956
208.91643383232224
213.8858829456475
213.31802314731573
200.37979194918316
180.86120485669394
153.69330051711367
133.19131899258582
110.00209919248823
92.52075349467887
77.38829237503263
50.26993241984722
32.221965605499214
18.7399159858787
14.957489487817535
15.212900780426759
19.92764155210521
29.068660825631188
40.66234805841511
50.36634404595496
59.6818347225594
64.49041216888533
69.10132736571113
75.37685847556484
80.47942619488167
83.07200898025248
84.38521108791551
85.22060886241394
84.37540023177776
82.52676179350745
80.98665778199465
79.8650749959541
77.77689000714486
77.35900509346015
73.54902760444665
69.28496496614872
63.678739540248486
59.888694799863856
57.881389154722875
57.098802777493056
73.64200777572255
96.97353007489251
131.8009569027751
155.37967052881854
183.72721003498646
219.57633884001729
246.61554713589013
283.5691429502998
300.72055259042423
309.0617992615826
311.10686287161775
314.86825563711363
318.94720689774624
321.48840249477837
323.274776222189
326.5487885843467
330.43443488296674
341.0732563253657
353.15596769363077
369.03076259231096
382.12072305884396
393.04350668397944
396.3317757833655
395.63380745340044
383.70010064118986
367.92245092263664
343.53100323258457
325.8007735234221
305.38621085542843
287.21462013359627
270.7332530551988
251.63975498874007
237.9376209683187
231.69898118694033
229.64289139793883
226.58108639124225
222.64585981234126
219.72704952091897
216.0670328215744
213.61536534620765
209.56301106225658
201.40576006808126
193.83596195648195
184.29286462724795
177.98686461883236
172.78218436733675
172.0303928085459
169.9614882252137
167.63491372726503
164.9055867642689
161.313976202924
159.78700874476036
156.87693798217654
150.41397328253043
143.81489120798864
133.9356864099019
125.30215412561067
118.50039276685466
116.86129780490214
117.1297472232002
124.9898770782515
138.88721036517225
158.6018331153256
171.96330101690134
188.0535476884963
202.56725723995103
216.73353437525213
240.96210737535876
258.3059087589732
274.07131904393754
276.74136906933114
276.7029620097737
262.7006956327839
240.27747581178298
206.84391824992326
184.07558291606844
156.90530414447497
134.75040973471556
112.54468430712524
80.68968335264292
55.12702217920039
37.26420412746108
33.61710299081892
33.57446862043948
42.621321792054765
57.10054749031328
76.74249002481773
93.18730946971347
110.20384094091793
119.52139037094769
130.9345635066719
146.3664588553169
158.07535715227803
167.1376689465759
169.08790445701564
168.62059308574408
162.97614650955558
153.36519250404692
139.0221864102404
128.8444160751526
117.18382937287141
108.46716092703545
96.78122681778024
81.21289109217892
66.73933614432539
56.66735841662552
53.11576833216107
53.55744674694787
70.47254643602716
95.12912683965553
133.4226493209574
160.2948999348035
192.1359193066975
219.36977171756763
245.46046275137144
284.58002972074434
315.2882254030484
337.3737384288852
342.6534294335223
343.08197490294845
334.16163562848834
317.9700577184431
297.0158633572701
281.0065631576689
262.32406461583247
256.3324338160569
251.5699808476822
248.0088445195657
243.5055130361649
236.22010604149688
230.82746711282914
226.91457304923338
212.98163466778536
198.2140229064966
173.50458850153933
154.0907879479828
130.56090044334002
107.5600387044379
84.51150719793434
50.733795121935614
24.064879692969686
5.122768593792325
2.7816899122737837
2.0832015359417957
4.590259335685587
11.585116373675246
20.562333962280412
28.97535776452351
35.55889041987932
35.39643131194795
34.956123798657686
35.03439494308539
35.24594480049528
35.189583813475295
34.96619631852821
34.765580467442476
34.96239653767289
36.2937956629781
37.157145980253254
37.67423700089913
39.7125328284616
40.09399500982369
40.408179862041784
41.59199890925402
43.253608907992195
42.865056580406154
42.71946112194868
43.84398057371689
43.84447096588032
43.57100036253109
43.96084156386658
43.52785340365208
